Date,Open,High,Low,Close,Volume,OpenInt
20131227,141.4,141.4,139.2,139.2,6,6
20131230,137.6,137.6,133.4,133.4,7,13
20140102,139.4,144.8,139.4,144.8,2,15
20140107,109.6,112.6,109.6,112.6,4,19
20140108,105.2,109,105.2,109,4,23
20140109,114,114,114,114,1,24
20140110,96.4,96.4,96,96,11,35
20140113,100.6,115.05,100.6,111.2,15,40
20140114,118.4,120,118.4,120,3,43
20140115,126,126,126,126,1,44
20140121,131,131,131,131,1,45
20140127,92.4,92.4,92.4,92.4,1,46
20140205,109.4,109.4,107.2,107.6,5,51
20140224,152.8,153.7,152.8,153.7,4,47
20140226,169,169,157,157,31,18
20140317,107.9,107.9,107.9,107.9,1,19
20140321,104,104,104,104,1,20
20140324,95.25,95.25,95.25,95.25,1,21
20140326,118.5,118.5,118.5,118.5,5,26
20140327,115.1,121.9,115.1,121.9,3,26
20140410,119.5,119.5,119.5,119.5,1,27
20140411,110.5,113,108.5,113,4,31
20140414,102,102,102,102,5,36
20140415,100,101,97.25,97.5,7,43
20140416,99,99,86.25,86.25,6,43
20140417,94.9,94.9,94.9,94.9,1,44
20140424,109,110.5,98.3,98.3,7,50
20140506,74,78,74,78,3,53
20140507,72,79,72,79,3,55
20140508,80.1,80.1,80.1,80.1,1,55
20140512,75.5,79,75.5,79,7,50
20140513,85,88,80.85,80.85,4,50
20140515,80.25,80.25,68.4,68.4,14,57
20140516,65.75,65.75,65.75,65.75,1,58
20140519,69.75,70.95,67.75,70.95,5,63
20140523,94.75,99.45,94.75,96.5,3,63
20140602,78.6,79,75.65,75.65,4,66
20140603,84.95,84.95,76.95,81.5,3,69
20140609,96.8,96.8,96.8,96.8,1,69
20140610,100.5,100.5,94.25,94.25,3,68
20140611,90,100,89,89.9,14,81
20140612,93,93,85.4,85.4,2,82
20140617,87.05,87.05,87.05,87.05,1,83
20140623,85,85,83,83,3,83
20140624,85.8,85.8,80.95,80.95,12,95
20140625,69.1,69.1,63.4,63.85,5,99
20140626,60.05,60.05,53.1,53.1,4,102
20140627,54.3,57.35,53.35,53.35,13,114
20140630,55.55,55.55,55.55,55.55,2,116
20140701,51.55,56.4,51.55,56.4,6,122
20140702,48.1,52.9,43.7,43.7,11,132
20140703,46,46,37.6,37.9,14,145
20140704,41,41,39.9,39.9,3,146
20140707,42.5,42.5,42.5,42.5,1,147
20140708,42,42,36,36,4,148
20140709,34.6,34.6,29.7,29.7,4,151
20140710,27,27,24.8,24.8,2,153
20140711,38.7,38.7,38.7,38.7,1,154
20140714,42,42,42,42,1,155
20140716,42,43,42,43,9,164
20140717,38.17,38.17,38.17,38.17,1,165
20140718,41.2,41.2,41.2,41.2,1,166
20140721,45.53,45.53,39.9,39.9,3,165
20140722,46.38,46.38,46.38,46.38,1,165
20140723,42.74,42.74,42.74,42.74,1,166
20140725,43.24,43.24,43.24,43.24,10,176
20140728,42.7,42.7,42.7,42.7,1,177
20140729,39.6,39.6,39.6,39.6,1,177
20140730,34.42,34.42,27.07,27.07,8,181
20140731,28.3,28.3,21.82,21.82,30,180
20140801,21.5,27.04,20,26,16,188
20140804,27.12,29.5,26.8,27.37,4,188
20140805,30,33.2,27.12,29.11,6,190
20140806,29,29,24.97,29,3,192
20140807,25.6,25.82,22.01,22.46,8,194
20140808,21.22,22,17.5,19.7,17,200
20140811,22,24,21.99,24,6,205
20140812,23.01,23.01,23.01,23.01,1,206
20140813,28.62,28.62,28.62,28.62,1,207
20140814,30.2,40.4,30.2,39.01,16,217
20140818,46,54,46,54,10,223
20140819,53.95,55,52.5,52.5,9,215
20140820,52.4,52.4,52.4,52.4,1,216
20140821,52.8,52.8,52.8,52.8,1,217
20140822,54,54,48.31,48.31,13,218
20140825,52,52,52,52,2,220
20140826,61.2,61.7,61.2,61.7,13,223
20140827,62.3,64.6,61.7,61.7,39,237
20140828,57,57,39.63,41.5,13,238
20140829,44,44,42.5,42.5,3,236
20140901,45,45,45,45,1,236
20140902,51,54.3,50,53,15,233
20140903,59.65,84.5,59.65,83,49,258
20140904,77.9,93.55,77.9,92,27,267
20140905,92,99.9,90.8,94,31,246
20140908,93,102.45,93,102.45,10,236
20140909,97,102.35,92.5,92.5,4,237
20140910,93.8,93.8,86,86,4,238
20140911,90.5,92.7,72.45,74.3,12,239
20140912,70,70,70,70,1,239
20140915,66.2,68.25,64.55,67,60,299
20140916,65,72.75,65,72.75,9,297
20140917,80,84.35,80,84.35,2,298
20140918,79,79.3,79,79,10,300
20140919,83.75,97.65,81.9,97,84,372
20140922,91.45,93.05,89.95,91.7,46,416
20140923,79.05,79.05,66.9,66.9,64,421
20140924,67.85,67.85,67.85,67.85,1,422
20140925,74,75.8,55,55,17,435
20140926,51.25,58,48.8,58,31,462
20140929,61.8,66.15,52.5,54.55,42,448
20140930,61,71,61,71,83,521
20141001,66.85,66.85,49,51.15,120,425
20141002,47.7,47.7,43,43.44,77,371
20141003,45.49,46.49,43,43,52,414
20141006,49.9,49.9,49,49,4,411
20141007,38.09,43.3,38.09,43.1,806,979
20141008,42,42,30.08,31,59,1007
20141009,37.66,37.92,33,33,28,1028
20141010,27,30.71,26.5,27.23,135,1114
20141013,24.21,28.64,24.21,25.11,65,1118
20141014,24,27,22,27,62,1134
20141015,29.95,31.47,21.07,23.12,88,1158
20141016,23.25,26,19,26,88,1186
20141017,26,29.5,25,27.79,30,1185
20141020,28,29.57,23.95,25.41,93,1179
20141021,23,34.05,22,33.99,74,1153
20141022,35,36.7,33,33,189,1053
20141023,32.55,37,30,32.51,52,1030
20141024,34.05,37,30,31,61,1013
20141027,36,36.4,29,31,39,999
20141028,35.5,38.9,32.3,38.9,71,985
20141029,39,40,33,33,52,996
20141030,34.5,35.27,27,32,75,1008
20141031,41,42.61,38.52,38.52,111,1023
20141103,34,36.35,32.97,34,18,1031
20141104,33,41.91,33,33.42,33,1014
20141105,36.22,39.13,26,26,61,1025
20141106,29.8,29.8,21.55,21.55,55,1033
20141107,24.04,24.04,19,19.01,151,1144
20141110,18.8,18.9,17,17,37,1170
20141112,15,17,15,17,103,1250
20141113,16.45,18.21,13.58,13.75,58,1270
20141114,13.2,18.5,13.2,18.5,164,1332
20141117,18.9,22,18,21.85,143,1412
20141118,19.46,20.56,19,19,74,1416
20141119,18.5,19,15.51,16.23,47,1444
20141120,15.4,15.4,12.5,12.52,230,1480
20141121,13.99,18.4,13.3,16.79,50,1483
20141124,16,17.5,9.05,9.05,195,1522
20141125,12,13.24,9.27,9.75,57,1541
20141126,12,13.24,11.21,13.24,31,1551
20141127,13.95,14.76,12.7,14.07,50,1561
20141128,12.5,12.5,10.3,11.61,32,1565
20141201,9,9,7,8.41,134,1571
20141202,9.36,15.9,9.36,14.7,115,1564
20141203,15,15.2,11.3,13.25,68,1577
20141204,14.02,15.7,7,7,209,1599
20141205,6.99,10.09,6.5,8,135,1592
20141208,8.55,8.55,4.99,5.18,116,1567
20141209,5,5,2,2,166,1597
20141210,2,2.55,1.01,1.01,386,1488
20141211,1.45,1.7,1,1.7,174,1512
20141212,1.2,1.2,1.09,1.09,37,1519
20141215,0.87,0.87,0.5,0.82,9,1520
20141216,0.54,0.54,0.21,0.49,113,1483
20141217,0.11,0.29,0.1,0.29,11,1479
20141218,0.04,0.5,0.02,0.02,92,1481
20141219,0.05,0.05,0.01,0.01,37,1480
