Date,Open,High,Low,Close,Volume,OpenInt
20070823,1.808,1.808,1.808,1.808,0,0
20070824,1.8,1.8,1.8,1.8,0,0
20070827,1.808,1.808,1.808,1.808,0,0
20070828,1.833,1.833,1.833,1.833,0,0
20070829,1.833,1.833,1.833,1.833,0,0
20070830,1.833,1.833,1.833,1.833,0,0
20070831,1.792,1.792,1.792,1.792,0,0
20070903,1.775,1.775,1.775,1.775,0,0
20070904,1.758,1.758,1.758,1.758,0,0
20070905,1.783,1.783,1.783,1.783,0,0
20070906,1.817,1.817,1.817,1.817,0,0
20070907,1.825,1.825,1.825,1.825,0,0
20070910,1.875,1.875,1.875,1.875,0,0
20070911,1.858,1.858,1.858,1.858,0,0
20070912,1.833,1.833,1.833,1.833,0,0
20070913,1.808,1.808,1.808,1.808,0,0
20070914,1.825,1.825,1.825,1.825,0,0
20070917,1.817,1.817,1.817,1.817,0,0
20070918,1.783,1.783,1.783,1.783,0,0
20070919,1.733,1.733,1.733,1.733,0,0
20070920,1.725,1.725,1.725,1.725,0,0
20070921,1.733,1.733,1.733,1.733,0,0
20070924,1.767,1.767,1.767,1.767,0,0
20070925,1.783,1.783,1.783,1.783,0,0
20070926,1.783,1.783,1.783,1.783,0,0
20070927,1.783,1.783,1.783,1.783,0,0
20070928,1.8,1.8,1.8,1.8,0,0
20071001,1.8,1.8,1.8,1.8,0,0
20071002,1.767,1.767,1.767,1.767,0,0
20071003,1.767,1.767,1.767,1.767,0,0
20071004,1.758,1.758,1.758,1.758,0,0
20071005,1.767,1.767,1.767,1.767,0,0
20071008,1.733,1.733,1.733,1.733,0,0
20071009,1.708,1.708,1.708,1.708,0,0
20071010,1.692,1.692,1.692,1.692,0,0
20071011,1.675,1.675,1.675,1.675,0,0
20071012,1.683,1.683,1.683,1.683,0,0
20071015,1.675,1.675,1.675,1.675,0,0
20071016,1.717,1.717,1.717,1.717,0,0
20071017,1.717,1.717,1.717,1.717,0,0
20071018,1.742,1.742,1.742,1.742,0,0
20071019,1.733,1.733,1.733,1.733,0,0
20071022,1.767,1.767,1.767,1.767,0,0
20071023,1.708,1.708,1.708,1.708,0,0
20071024,1.717,1.717,1.717,1.717,0,0
20071025,1.7,1.7,1.7,1.7,0,0
20071026,1.733,1.733,1.733,1.733,0,0
20071029,1.717,1.717,1.717,1.717,0,0
20071030,1.708,1.708,1.708,1.708,0,0
20071031,1.725,1.725,1.725,1.725,0,0
20071102,1.733,1.733,1.733,1.733,0,0
20071105,1.75,1.75,1.75,1.75,0,0
20071106,1.725,1.725,1.725,1.725,0,0
20071107,1.742,1.742,1.742,1.742,0,0
20071108,1.783,1.783,1.783,1.783,0,0
20071109,1.78,1.8,1.78,1.8,0,0
20071112,1.8,1.85,1.8,1.85,0,0
20071113,1.85,1.85,1.83,1.83,0,0
20071114,1.83,1.86,1.83,1.86,0,0
20071115,1.86,1.92,1.86,1.92,0,0
20071116,1.92,1.92,1.91,1.91,0,0
20071119,1.91,1.92,1.91,1.92,0,0
20071121,1.95,1.95,1.95,1.95,0,0
20071122,1.95,1.95,1.89,1.89,0,0
20071123,1.89,1.89,1.88,1.88,0,0
20071126,1.88,1.89,1.88,1.89,0,0
20071127,1.89,1.91,1.89,1.91,0,0
20071128,1.91,1.91,1.87,1.87,0,0
20071129,1.87,1.87,1.86,1.86,0,0
20071130,1.86,1.88,1.86,1.88,0,0
20071203,1.88,1.88,1.85,1.85,0,0
20071204,1.85,1.85,1.75,1.75,0,0
20071205,1.75,3.93,1.75,3.93,0,0
20071206,3.93,4.04,3.93,4.04,0,0
20071207,4.04,4.13,4.04,4.13,0,0
20071210,4.13,4.13,4.08,4.08,0,0
20071211,4.08,4.08,4,4,0,0
20071212,4,4.08,4,4.08,0,0
20071213,4.08,4.11,4.08,4.11,0,0
20071214,4.11,4.12,4.11,4.12,0,0
20071217,4.12,4.23,4.12,4.23,0,0
20071218,4.23,4.28,4.23,4.28,0,0
20071219,4.28,4.28,4.28,4.28,0,0
20071220,4.28,4.37,4.28,4.37,0,0
20071221,4.37,4.37,4.37,4.37,0,0
20071227,4.37,4.37,4.32,4.32,0,0
20071228,3.99,4.05,3.99,4.05,0,0
20080102,4.05,4.05,4.05,4.05,0,0
20080103,4.05,4.06,4.05,4.06,0,0
20080104,4.06,4.11,4.06,4.11,0,0
20080107,4.11,4.15,4.11,4.15,0,0
20080108,4.15,4.23,4.15,4.23,0,0
20080109,4.23,4.23,4.23,4.23,0,0
20080110,4.23,4.23,4.23,4.23,0,0
20080111,4.231,4.577,4.231,4.577,0,0
20080114,4.67,4.67,4.67,4.67,0,0
20080115,4.67,4.83,4.67,4.83,0,0
20080116,4.83,5.2,4.83,5.2,0,0
20080117,5.2,5.2,4.98,4.98,0,0
20080118,4.98,4.98,4.96,4.96,0,0
20080121,4.96,5.15,4.96,5.15,0,0
20080122,5.15,5.15,5.07,5.07,0,0
20080123,5.07,5.07,4.86,4.86,0,0
20080124,4.86,4.86,4.74,4.74,0,0
20080125,4.74,4.74,4.74,4.74,0,0
20080128,4.74,4.74,4.66,4.66,0,0
20080129,4.66,4.66,4.55,4.55,0,0
20080130,4.55,4.55,4.55,4.55,0,0
20080131,4.55,4.62,4.55,4.62,0,0
20080201,4.62,4.62,4.55,4.55,0,0
20080204,4.55,4.55,4.54,4.54,0,0
20080205,4.54,4.65,4.54,4.65,0,0
20080206,4.65,4.69,4.65,4.69,0,0
20080207,4.69,4.75,4.69,4.75,0,0
20080208,4.75,4.82,4.75,4.82,0,0
20080211,4.82,4.82,4.81,4.81,0,0
20080212,4.81,4.81,4.7,4.7,0,0
20080213,4.7,4.7,4.63,4.63,0,0
20080214,4.63,4.63,4.63,4.63,0,0
20080215,4.63,4.67,4.63,4.67,0,0
20080218,4.67,4.67,4.56,4.56,0,0
20080219,4.56,4.56,4.56,4.56,0,0
20080220,4.56,4.66,4.56,4.66,0,0
20080221,4.66,4.81,4.66,4.81,0,0
20080222,4.81,4.81,4.81,4.81,0,0
20080225,4.81,4.82,4.81,4.82,0,0
20080226,4.82,4.93,4.82,4.93,0,0
20080227,4.93,4.95,4.93,4.95,0,0
20080228,4.95,4.95,4.93,4.93,0,0
20080229,4.93,5.05,4.93,5.05,0,0
20080303,5.05,5.05,4.99,4.99,0,0
20080304,4.99,5.1,4.99,5.1,0,0
20080305,5.1,5.1,4.98,4.98,0,0
20080306,4.98,4.98,4.92,4.92,0,0
20080307,4.92,5.07,4.92,5.07,0,0
20080310,5.07,5.07,4.91,4.91,0,0
20080311,4.91,4.91,4.89,4.89,0,0
20080312,4.89,4.92,4.89,4.92,0,0
20080313,4.92,4.99,4.92,4.99,0,0
20080314,4.99,5.05,4.99,5.05,0,0
20080317,5.05,5.16,5.05,5.16,0,0
20080318,5.16,5.16,4.94,4.94,0,0
20080319,4.94,4.99,4.94,4.99,0,0
20080320,4.99,5.14,4.99,5.14,0,0
20080325,5.14,5.14,4.95,4.95,0,0
20080326,4.95,4.95,4.79,4.79,0,0
20080327,4.79,4.79,4.74,4.74,0,0
20080328,4.74,4.77,4.74,4.77,0,0
20080331,4.8,4.8,4.8,4.8,0,0
20080401,4.8,4.82,4.8,4.82,0,0
20080402,4.82,4.82,4.8,4.8,0,0
20080403,4.8,4.8,4.74,4.74,0,0
20080404,4.74,4.74,4.68,4.68,0,0
20080407,4.68,4.68,4.65,4.65,0,0
20080408,4.65,4.69,4.65,4.69,0,0
20080409,4.69,4.69,4.68,4.68,0,0
20080410,4.68,4.69,4.68,4.69,0,0
20080411,4.69,4.75,4.69,4.75,0,0
20080414,4.75,4.79,4.75,4.79,0,0
20080415,4.79,4.79,4.79,4.79,0,0
20080416,4.79,4.85,4.79,4.85,0,0
20080417,4.85,4.86,4.85,4.86,0,0
20080418,4.86,4.86,4.85,4.85,0,0
20080421,4.85,4.89,4.85,4.89,0,0
20080422,4.89,4.92,4.89,4.92,0,0
20080423,4.92,4.99,4.92,4.99,0,0
20080424,4.99,5.01,4.99,5.01,0,0
20080425,5.01,5.01,4.96,4.96,0,0
20080428,4.96,4.96,4.92,4.92,0,0
20080429,4.92,4.93,4.92,4.93,0,0
20080430,4.93,4.93,4.92,4.92,0,0
20080505,4.92,4.92,4.69,4.69,0,0
20080506,4.69,4.69,4.69,4.69,0,0
20080507,4.69,4.69,4.56,4.56,0,0
20080508,4.56,4.56,4.56,4.56,0,0
20080509,4.56,4.61,4.56,4.61,0,0
20080512,4.61,4.64,4.61,4.64,0,0
20080513,4.64,4.67,4.64,4.67,0,0
20080514,4.67,4.67,4.44,4.44,0,0
20080515,4.44,4.72,4.44,4.72,0,0
20080516,4.72,4.73,4.72,4.73,0,0
20080519,4.73,4.75,4.73,4.75,0,0
20080520,4.75,4.75,4.72,4.72,0,0
20080521,4.72,4.79,4.72,4.79,0,0
20080523,4.79,4.83,4.79,4.83,0,0
20080526,4.83,4.88,4.83,4.88,0,0
20080527,4.88,4.9,4.88,4.9,0,0
20080528,4.9,4.9,4.88,4.88,0,0
20080529,4.88,4.9,4.88,4.9,0,0
20080530,4.9,5.03,4.9,5.03,0,0
20080602,5.03,5.15,5.03,5.15,0,0
20080603,5.15,5.22,5.15,5.22,0,0
20080604,5.22,5.32,5.22,5.32,0,0
20080605,5.32,5.33,5.32,5.33,0,0
20080606,5.33,5.33,5.16,5.16,0,0
20080609,5.16,5.16,5.15,5.15,0,0
20080610,5.15,5.32,5.15,5.32,0,0
20080611,5.32,5.37,5.32,5.37,0,0
20080612,5.37,5.37,5.35,5.35,0,0
20080613,5.35,5.35,5.31,5.31,0,0
20080616,5.31,5.38,5.31,5.38,0,0
20080617,5.38,5.38,5.24,5.24,0,0
20080618,5.24,5.44,5.24,5.44,0,0
20080619,5.44,5.44,5.4,5.4,0,0
20080620,5.4,5.4,5.39,5.39,0,0
20080623,5.39,5.43,5.39,5.43,0,0
20080624,5.43,5.5,5.43,5.5,0,0
20080625,5.5,5.5,1.73,1.73,0,0
20080626,1.73,1.74,1.73,1.74,0,0
20080627,1.74,1.79,1.74,1.79,0,0
20080630,1.79,1.79,1.77,1.77,0,0
20080701,1.77,1.81,1.77,1.81,0,0
20080702,1.81,1.84,1.81,1.84,0,0
20080703,1.84,1.92,1.84,1.92,0,0
20080704,1.92,2.03,1.92,2.03,0,0
20080707,2.03,2.04,2.03,2.04,0,0
20080708,2.04,2.05,2.04,2.05,0,0
20080709,2.05,2.05,2.01,2.01,0,0
20080710,2.01,2.01,2,2,0,0
20080711,2,2.02,2,2.02,0,0
20080714,2.02,2.03,2.02,2.03,0,0
20080715,2.03,2.1,2.03,2.1,0,0
20080716,2.1,2.1,2.1,2.1,0,0
20080717,2.1,2.54,2.1,2.54,0,0
20080718,2.54,2.54,2.48,2.48,0,0
20080721,2.48,2.48,2.44,2.44,0,0
20080722,2.44,2.44,2.44,2.44,0,0
20080723,2.44,2.44,2.38,2.38,0,0
20080724,2.38,2.38,2.36,2.36,0,0
20080725,2.36,2.36,2.35,2.35,0,0
20080728,2.35,2.35,2.35,2.35,0,0
20080729,2.35,2.38,2.35,2.38,0,0
20080730,2.38,2.38,2.28,2.28,0,0
20080731,2.28,2.29,2.28,2.29,0,0
20080801,2.29,2.31,2.29,2.31,0,0
20080804,2.31,2.35,2.31,2.35,0,0
20080805,2.35,2.35,2.3,2.3,0,0
20080806,2.3,2.32,2.3,2.32,0,0
20080807,2.32,2.35,2.32,2.35,0,0
20080808,2.35,2.39,2.35,2.39,0,0
20080811,2.39,2.39,2.35,2.35,0,0
20080812,2.35,2.35,2.35,2.35,0,0
20080813,2.35,2.41,2.35,2.41,0,0
20080814,2.41,2.43,2.41,2.43,0,0
20080818,2.43,2.44,2.43,2.44,0,0
20080819,2.44,2.5,2.44,2.5,0,0
20080820,2.5,2.54,2.5,2.54,0,0
20080821,2.54,2.57,2.54,2.57,0,0
20080822,2.57,2.57,2.53,2.53,0,0
20080825,2.53,2.56,2.53,2.56,0,0
20080826,2.56,2.61,2.56,2.61,0,0
20080827,2.61,2.65,2.61,2.65,0,0
20080828,2.65,2.65,2.56,2.56,0,0
20080829,2.56,2.56,2.53,2.53,0,0
20080901,2.53,2.54,2.53,2.54,0,0
20080902,2.54,2.54,2.47,2.47,0,0
20080903,2.47,2.47,2.45,2.45,0,0
20080904,2.45,2.46,2.45,2.46,0,0
20080905,2.46,2.55,2.46,2.55,0,0
20080908,2.55,2.55,2.45,2.45,0,0
20080909,2.45,2.47,2.45,2.47,0,0
20080910,2.47,2.52,2.47,2.52,0,0
20080911,2.52,2.57,2.52,2.57,0,0
20080912,2.57,2.57,2.56,2.56,0,0
20080915,2.56,2.66,2.56,2.66,0,0
20080916,2.66,2.72,2.66,2.72,0,0
20080917,2.72,2.75,2.72,2.75,0,0
20080918,2.75,2.75,2.75,2.75,0,0
20080919,2.75,2.75,2.55,2.55,0,0
20080922,2.55,2.57,2.55,2.57,0,0
20080923,2.57,2.65,2.57,2.65,0,0
20080924,2.65,2.65,2.65,2.65,0,0
20080925,2.65,2.65,2.6,2.6,0,0
20080926,2.6,2.6,2.55,2.55,0,0
20080929,2.55,2.75,2.55,2.75,0,0
20080930,2.75,2.77,2.75,2.77,0,0
20081001,2.77,2.77,2.73,2.73,0,0
20081002,2.73,2.79,2.73,2.79,0,0
20081003,2.79,2.82,2.79,2.82,0,0
20081006,2.82,2.95,2.82,2.95,0,0
20081007,2.95,3,2.95,3,0,0
20081008,3,3.11,3,3.11,0,0
20081009,3.11,3.12,3.11,3.12,0,0
20081010,3.12,3.37,3.12,3.37,0,0
20081013,3.37,3.37,3.29,3.29,0,0
20081014,3.29,3.29,3.09,3.09,0,0
20081015,3.09,3.29,3.09,3.29,0,0
20081016,3.29,3.45,3.29,3.45,0,0
20081017,3.45,3.71,3.45,3.71,0,0
20081020,3.71,3.71,3.69,3.69,0,0
20081021,3.69,3.69,3.67,3.67,0,0
20081022,3.67,3.97,3.67,3.97,0,0
20081023,3.97,4.29,3.97,4.29,0,0
20081024,4.29,4.5,4.29,4.5,0,0
20081027,4.5,4.5,4.49,4.49,0,0
20081028,4.49,4.49,4.48,4.48,0,0
20081029,4.48,4.48,4.15,4.15,0,0
20081030,4.15,4.15,3.98,3.98,0,0
20081031,3.98,4.03,3.98,4.03,0,0
20081103,4.03,4.03,4,4,0,0
20081104,4,4,3.78,3.78,0,0
20081105,3.78,3.78,3.75,3.75,0,0
20081106,3.75,3.91,3.75,3.91,0,0
20081107,3.91,3.92,3.91,3.92,0,0
20081110,3.92,3.92,3.75,3.75,0,0
20081112,3.75,4.05,3.75,4.05,0,0
20081113,4.05,4.08,4.05,4.08,0,0
20081114,4.08,4.08,3.96,3.96,0,0
20081117,3.96,4.09,3.96,4.09,0,0
20081118,4.09,4.25,4.09,4.25,0,0
20081119,4.25,4.25,4.22,4.22,0,0
20081120,4.22,4.49,4.22,4.49,0,0
20081121,4.49,4.49,4.33,4.33,0,0
20081124,4.33,4.33,4.14,4.14,0,0
20081125,4.14,4.14,3.99,3.99,0,0
20081126,3.99,4.1,3.99,4.1,0,0
20081127,4.1,4.1,4.05,4.05,0,0
20081128,4.05,4.15,4.05,4.15,0,0
20081201,4.15,4.25,4.15,4.25,0,0
20081202,4.25,4.25,4.22,4.22,0,0
20081203,4.22,4.29,4.22,4.29,0,0
20081204,4.29,4.29,4.25,4.25,0,0
20081205,4.25,4.38,4.25,4.38,0,0
20081208,4.38,4.38,4.09,4.09,0,0
20081209,4.09,4.09,4.03,4.03,0,0
20081210,4.03,4.03,4,4,0,0
20081211,4,4.07,4,4.07,0,0
20081212,4.07,4.19,4.07,4.19,0,0
20081215,4.19,4.19,4.16,4.16,0,0
20081216,4.16,4.16,4.08,4.08,0,0
20081217,4.08,4.15,4.08,4.15,0,0
20081218,4.15,4.23,4.15,4.23,0,0
20081219,4.23,4.25,4.23,4.25,0,0
20081222,4.25,4.25,4.25,4.25,0,0
20081223,4.19,4.19,4.15,4.15,0,0
20081229,4.15,4.15,4.09,4.09,0,0
20081230,4.09,4.09,4.02,4.02,0,0
20081231,4.02,4.05,4.02,4.05,0,0
20090105,4.05,4.05,3.88,3.88,0,0
20090106,3.88,3.88,3.75,3.75,0,0
20090107,3.75,3.8,3.75,3.8,0,0
20090108,3.8,3.91,3.8,3.91,0,0
20090109,3.91,4.03,3.91,4.03,0,0
20090112,4.03,4.12,4.03,4.12,0,0
20090113,4.12,4.2,4.12,4.2,0,0
20090114,4.2,4.41,4.2,4.41,0,0
20090115,4.41,4.59,4.41,4.59,0,0
20090116,4.59,4.6,4.59,4.6,0,0
20090119,4.6,4.81,4.6,4.81,0,0
20090120,4.81,5.15,4.81,5.15,0,0
20090121,5.15,5.29,5.15,5.29,0,0
20090122,5.29,5.48,5.29,5.48,0,0
20090123,5.48,5.52,5.48,5.52,0,0
20090126,5.52,5.52,5.45,5.45,0,0
20090127,5.45,5.52,5.45,5.52,0,0
20090128,5.52,5.52,5.41,5.41,0,0
20090129,5.41,5.46,5.41,5.46,0,0
20090130,5.46,5.46,5.39,5.39,0,0
20090202,5.39,5.66,5.39,5.66,0,0
20090203,5.66,5.92,5.66,5.92,0,0
20090204,5.92,6.02,5.92,6.02,0,0
20090205,6.02,6.03,6.02,6.03,0,0
20090206,6.03,6.03,5.8,5.8,0,0
20090209,5.8,5.8,5.65,5.65,0,0
20090210,5.65,5.65,5.5,5.5,0,0
20090211,5.5,5.75,5.5,5.75,0,0
20090212,5.75,5.94,5.75,5.94,0,0
20090213,5.94,6.02,5.94,6.02,0,0
20090216,6.02,6.36,6.02,6.36,0,0
20090217,6.36,7.06,6.36,7.06,0,0
20090218,7.06,7.33,7.06,7.33,0,0
20090219,7.33,7.33,7.04,7.04,0,0
20090220,7.04,7.38,7.04,7.38,0,0
20090223,7.38,7.39,7.38,7.39,0,0
20090224,7.39,7.48,7.39,7.48,0,0
20090225,7.48,7.48,7.41,7.41,0,0
20090226,7.41,7.41,7.24,7.24,0,0
20090227,7.24,7.25,7.24,7.25,0,0
20090302,7.25,7.32,7.25,7.32,0,0
20090303,7.32,7.35,7.32,7.35,0,0
20090304,7.35,7.35,7.29,7.29,0,0
20090305,7.29,7.38,7.29,7.38,0,0
20090306,7.38,7.44,7.38,7.44,0,0
20090309,7.44,7.49,7.44,7.49,0,0
20090310,7.49,7.49,7.17,7.17,0,0
20090311,7.17,7.17,6.92,6.92,0,0
20090312,6.92,6.92,6.87,6.87,0,0
20090313,6.87,6.87,6.69,6.69,0,0
20090316,6.69,6.69,6.55,6.55,0,0
20090317,6.55,6.55,6.53,6.53,0,0
20090318,6.53,6.53,6.37,6.37,0,0
20090319,6.37,6.37,6.15,6.15,0,0
20090320,6.15,6.15,6.12,6.12,0,0
20090323,6.12,6.12,5.73,5.73,0,0
20090324,5.73,5.73,5.71,5.71,0,0
20090325,5.71,5.71,5.59,5.59,0,0
20090326,5.59,5.62,5.59,5.62,0,0
20090327,5.62,5.75,5.62,5.75,0,0
20090330,5.75,5.75,5.29,5.29,0,0
20090331,5.29,5.29,5.25,5.25,0,0
20090401,5.25,5.25,0.85,0.85,0,0
20090402,0.85,4.85,0.85,4.85,0,0
20090403,4.85,4.85,4.69,4.69,0,0
20090406,4.69,4.69,4.15,4.15,0,0
20090407,4.15,4.21,4.15,4.21,0,0
20090408,4.21,4.21,3.95,3.95,0,0
20090409,3.95,3.95,3.87,3.87,0,0
20090414,3.87,4.3,3.87,4.3,0,0
20090415,4.3,4.3,4.29,4.29,0,0
20090416,4.29,4.29,4.25,4.25,0,0
20090417,4.25,4.36,4.25,4.36,0,0
20090420,4.36,4.45,4.36,4.45,0,0
20090421,4.45,4.58,4.45,4.58,0,0
20090422,4.58,4.58,4.12,4.12,0,0
20090423,4.12,4.12,3.99,3.99,0,0
20090424,3.99,3.99,3.97,3.97,0,0
20090427,3.97,4.02,3.97,4.02,0,0
20090428,4.02,4.1,4.02,4.1,0,0
20090429,4.1,4.1,3.92,3.92,0,0
20090430,3.92,3.92,3.73,3.73,0,0
20090504,3.73,3.73,3.62,3.62,0,0
20090505,3.62,3.62,3.61,3.61,0,0
20090506,3.61,3.61,3.57,3.57,0,0
20090507,3.57,3.57,2.99,2.99,0,0
20090508,2.99,2.99,2.95,2.95,0,0
20090511,2.95,2.95,2.94,2.94,0,0
20090512,2.94,2.94,2.91,2.91,0,0
20090513,2.91,3.03,2.91,3.03,0,0
20090514,3.03,3.14,3.03,3.14,0,0
20090515,3.14,3.14,3.12,3.12,0,0
20090518,3.12,3.19,3.12,3.19,0,0
20090519,3.19,3.19,3.1,3.1,0,0
20090520,3.1,3.1,2.1,2.1,0,0
20090521,2.1,2.13,2.1,2.13,0,0
20090522,2.13,2.15,2.13,2.15,0,0
20090525,2.15,2.15,2.15,2.15,0,0
20090526,2.15,2.18,2.15,2.18,0,0
20090527,2.18,2.18,2.15,2.15,0,0
20090528,2.15,2.15,1.45,1.45,0,0
20090529,1.45,1.48,1.45,1.48,0,0
20090601,1.42,1.42,1.42,1.42,0,0
20090602,1.42,1.42,1.41,1.41,0,0
20090603,1.41,1.42,1.41,1.42,0,0
20090604,1.42,1.42,1.41,1.41,0,0
20090605,1.41,1.41,1.41,1.41,0,0
20090608,1.41,1.43,1.41,1.43,0,0
20090609,1.43,1.43,1.43,1.43,0,0
20090610,1.43,1.43,1.42,1.42,0,0
20090612,1.42,1.42,1.42,1.42,0,0
20090615,1.42,1.42,1.4,1.4,0,0
20090616,1.4,1.4,1.4,1.4,0,0
20090617,1.4,1.42,1.4,1.42,0,0
20090618,1.42,1.44,1.42,1.44,0,0
20090619,1.44,1.44,0.75,0.75,0,0
20090622,0.75,0.79,0.75,0.79,0,0
20090623,0.79,0.82,0.79,0.82,0,0
20090624,0.82,0.82,0.79,0.79,0,0
20090625,0.79,0.8,0.79,0.8,0,0
20090626,0.8,0.8,0.76,0.76,0,0
20090629,0.76,0.76,0.74,0.74,0,0
20090630,0.74,0.75,0.74,0.75,0,0
20090701,0.75,0.75,0.75,0.75,0,0
20090702,0.75,0.77,0.75,0.77,0,0
20090703,0.77,0.77,0.77,0.77,0,0
20090706,0.77,0.78,0.77,0.78,0,0
20090707,0.78,0.78,0.77,0.77,0,0
20090708,0.77,0.77,0.77,0.77,0,0
20090709,0.77,0.77,0.77,0.77,0,0
20090710,0.77,0.77,0.76,0.76,0,0
20090713,0.76,0.77,0.76,0.77,0,0
20090714,0.77,0.77,0.73,0.73,0,0
20090715,0.73,0.73,0.71,0.71,0,0
20090716,0.71,0.71,0.7,0.7,0,0
20090717,0.7,0.7,0.7,0.7,0,0
20090720,0.7,0.7,0.68,0.68,0,0
20090721,0.68,0.68,0.68,0.68,0,0
20090722,0.68,0.7,0.68,0.7,0,0
20090723,0.7,0.7,0.69,0.69,0,0
20090724,0.69,0.69,0.65,0.65,0,0
20090727,0.65,0.65,0.65,0.65,0,0
20090728,0.65,0.67,0.65,0.67,0,0
20090729,0.67,0.67,0.66,0.66,0,0
20090730,0.66,0.66,0.64,0.64,0,0
20090731,0.64,0.64,0.63,0.63,0,0
20090803,0.63,0.63,0.62,0.62,0,0
20090804,0.62,0.62,0.61,0.61,0,0
20090805,0.61,0.61,0.6,0.6,0,0
20090806,0.6,0.6,0.59,0.59,0,0
20090807,0.59,0.59,0.58,0.58,0,0
20090810,0.58,0.58,0.56,0.56,0,0
20090811,0.56,0.57,0.56,0.57,0,0
20090812,0.57,0.57,0.57,0.57,0,0
20090813,0.57,0.57,0.55,0.55,0,0
20090814,0.55,0.55,0.55,0.55,0,0
20090817,0.55,0.58,0.55,0.58,0,0
20090818,0.58,0.58,0.58,0.58,0,0
20090819,0.58,0.59,0.58,0.59,0,0
20090820,0.59,0.59,0.57,0.57,0,0
20090821,0.57,0.57,0.55,0.55,0,0
20090824,0.55,0.55,0.52,0.52,0,0
20090825,0.52,0.52,0.51,0.51,0,0
20090826,0.51,0.52,0.51,0.52,0,0
20090827,0.52,0.52,0.52,0.52,0,0
20090828,0.52,0.52,0.52,0.52,0,0
20090831,0.52,0.52,0.52,0.52,0,0
20090901,0.52,0.53,0.52,0.53,0,0
20090902,0.53,0.58,0.53,0.58,0,0
20090903,0.58,0.58,0.58,0.58,0,0
20090904,0.58,0.59,0.58,0.59,0,0
20090907,0.59,0.59,0.56,0.56,0,0
20090908,0.56,0.57,0.56,0.57,0,0
20090909,0.57,0.57,0.57,0.57,0,0
20090910,0.57,0.59,0.57,0.59,0,0
20090911,0.59,0.59,0.59,0.59,0,0
20090914,0.59,0.61,0.59,0.61,0,0
20090915,0.61,0.61,0.6,0.6,0,0
20090916,0.6,0.6,0.59,0.59,0,0
20090917,0.59,0.59,0.58,0.58,0,0
20090918,0.58,0.59,0.58,0.59,0,0
20090921,0.59,0.59,0.58,0.58,0,0
20090922,0.58,0.58,0.56,0.56,0,0
20090923,0.56,0.56,0.54,0.54,0,0
20090924,0.54,0.54,0.52,0.52,0,0
20090925,0.52,0.52,0.52,0.52,0,0
20090928,0.52,0.52,0.52,0.52,0,0
20090929,0.52,0.53,0.52,0.53,0,0
20090930,0.53,0.53,0.53,0.53,0,0
20091001,0.53,0.54,0.53,0.54,0,0
20091002,0.54,0.56,0.54,0.56,0,0
20091005,0.56,0.56,0.56,0.56,0,0
20091006,0.56,0.56,0.55,0.55,0,0
20091007,0.55,0.55,0.55,0.55,0,0
20091008,0.55,0.55,0.55,0.55,0,0
20091009,0.55,0.55,0.55,0.55,0,0
20091012,0.55,0.55,0.55,0.55,0,0
20091013,0.55,0.55,0.55,0.55,0,0
20091014,0.55,0.55,0.53,0.53,0,0
20091015,0.53,0.53,0.53,0.53,0,0
20091016,0.53,0.53,0.53,0.53,0,0
20091019,0.53,0.53,0.53,0.53,0,0
20091020,0.53,0.54,0.53,0.54,0,0
20091021,0.54,0.54,0.53,0.53,0,0
20091022,0.53,0.53,0.52,0.52,0,0
20091023,0.52,0.52,0.52,0.52,0,0
20091026,0.52,0.53,0.52,0.53,0,0
20091027,0.53,0.54,0.53,0.54,0,0
20091028,0.54,0.55,0.54,0.55,0,0
20091029,0.55,0.55,0.54,0.54,0,0
20091030,0.54,0.55,0.54,0.55,0,0
20091102,0.55,0.55,0.55,0.55,0,0
20091103,0.55,0.55,0.55,0.55,0,0
20091104,0.55,0.55,0.54,0.54,0,0
20091105,0.54,0.54,0.54,0.54,0,0
20091106,0.54,0.56,0.54,0.56,0,0
20091109,0.56,0.56,0.55,0.55,0,0
20091110,0.55,0.55,0.54,0.54,0,0
20091112,0.54,0.54,0.54,0.54,0,0
20091113,0.54,0.55,0.54,0.55,0,0
20091116,0.55,0.55,0.53,0.53,0,0
20091117,0.53,0.54,0.53,0.54,0,0
20091118,0.54,0.55,0.54,0.55,0,0
20091119,0.55,0.55,0.55,0.55,0,0
20091120,0.55,0.55,0.55,0.55,0,0
20091123,0.55,0.55,0.55,0.55,0,0
20091124,0.55,0.55,0.55,0.55,0,0
20091125,0.55,0.55,0.55,0.55,0,0
20091126,0.55,0.56,0.55,0.56,0,0
20091127,0.56,0.58,0.56,0.58,0,0
20091130,0.58,0.58,0.58,0.58,0,0
20091201,0.58,0.58,0.56,0.56,0,0
20091202,0.56,0.56,0.56,0.56,0,0
20091203,0.56,0.56,0.55,0.55,0,0
20091204,0.55,0.55,0.53,0.53,0,0
20091207,0.53,0.53,0.53,0.53,0,0
20091208,0.53,0.54,0.53,0.54,0,0
20091209,0.54,0.55,0.54,0.55,0,0
20091210,0.55,0.55,0.55,0.55,0,0
20091211,0.55,0.55,0.54,0.54,0,0
20091214,0.54,0.54,0.54,0.54,0,0
20091215,0.54,0.54,0.54,0.54,0,0
20091216,0.54,0.54,0.53,0.53,0,0
20091217,0.53,0.53,0.52,0.52,0,0
20091218,0.52,0.52,0.47,0.47,0,0
20091221,0.47,0.48,0.47,0.48,0,0
20091222,0.48,0.48,0.48,0.48,0,0
20091223,0.48,0.48,0.48,0.48,0,0
20091228,0.48,0.48,0.48,0.48,0,0
20091229,0.48,0.48,0.47,0.47,0,0
20091230,0.47,0.48,0.47,0.48,0,0
20091231,0.48,0.48,0.48,0.48,0,0
20100104,0.48,0.48,0.23,0.23,0,0
20100105,0.23,0.23,0.23,0.23,0,0
20100106,0.23,0.23,0.23,0.23,0,0
20100107,0.23,0.23,0.23,0.23,0,0
20100108,0.23,0.23,0.23,0.23,0,0
20100111,0.23,0.23,0.23,0.23,0,0
20100112,0.23,0.23,0.23,0.23,0,0
20100113,0.23,0.23,0.23,0.23,0,0
20100114,0.23,0.23,0.23,0.23,0,0
20100115,0.23,0.23,0.23,0.23,0,0
20100118,0.23,0.23,0.23,0.23,0,0
20100119,0.23,0.23,0.22,0.22,0,0
20100120,0.22,0.22,0.22,0.22,0,0
20100121,0.22,0.22,0.22,0.22,0,0
20100122,0.22,0.22,0.22,0.22,0,0
20100125,0.22,0.22,0.22,0.22,0,0
20100126,0.22,0.22,0.22,0.22,0,0
20100127,0.22,0.22,0.22,0.22,0,0
20100128,0.22,0.22,0.22,0.22,0,0
20100129,0.22,0.22,0.22,0.22,0,0
20100201,0.15,0.23,0.15,0.23,0,0
20100202,0.23,0.23,0.23,0.23,0,0
20100203,0.23,0.23,0.22,0.22,0,0
20100204,0.22,0.23,0.22,0.23,0,0
20100205,0.23,0.25,0.23,0.25,0,0
20100208,0.19,0.19,0.19,0.19,0,0
20100209,0.19,0.19,0.18,0.18,0,0
20100210,0.18,0.18,0.18,0.18,0,0
20100211,0.18,0.19,0.18,0.19,0,0
20100212,0.19,0.19,0.18,0.18,0,0
20100215,0.18,0.18,0.18,0.18,0,0
20100216,0.18,0.18,0.18,0.18,0,0
20100217,0.18,0.18,0.18,0.18,0,0
20100218,0.18,0.18,0.18,0.18,0,0
20100219,0.18,0.18,0.18,0.18,0,0
20100222,0.18,0.18,0.18,0.18,0,0
20100223,0.18,0.18,0.18,0.18,0,0
20100224,0.18,0.18,0.18,0.18,0,0
20100225,0.18,0.19,0.18,0.19,0,0
20100226,0.19,0.19,0.18,0.18,0,0
20100301,0.18,0.18,0.18,0.18,0,0
20100302,0.18,0.18,0.18,0.18,0,0
20100303,0.18,0.18,0.18,0.18,0,0
20100304,0.18,0.18,0.18,0.18,0,0
20100305,0.18,0.18,0.18,0.18,0,0
20100308,0.18,0.18,0.18,0.18,0,0
20100309,0.18,0.18,0.18,0.18,0,0
20100310,0.18,0.18,0.18,0.18,0,0
20100311,0.18,0.18,0.18,0.18,0,0
20100312,0.18,0.18,0.18,0.18,0,0
20100315,0.18,0.18,0.18,0.18,0,0
20100316,0.18,0.18,0.17,0.17,0,0
20100317,0.17,0.17,0.17,0.17,0,0
20100318,0.17,0.17,0.17,0.17,0,0
20100319,0.17,0.17,0.17,0.17,0,0
20100322,0.17,0.18,0.17,0.18,0,0
20100323,0.19,0.19,0.18,0.18,0,0
20100324,0.18,0.19,0.18,0.19,0,0
20100325,0.19,0.19,0.18,0.18,0,0
20100326,0.18,0.18,0.18,0.18,0,0
20100329,0.18,0.18,0.18,0.18,0,0
20100330,0.18,0.18,0.18,0.18,0,0
20100331,0.18,0.18,0.18,0.18,0,0
20100401,0.18,0.18,0.17,0.17,0,0
20100406,0.17,0.17,0.17,0.17,0,0
20100407,0.17,0.17,0.17,0.17,0,0
20100408,0.17,0.17,0.17,0.17,0,0
20100409,0.17,0.17,0.17,0.17,0,0
20100412,0.17,0.17,0.17,0.17,0,0
20100413,0.17,0.17,0.17,0.17,0,0
20100414,0.17,0.17,0.16,0.16,0,0
20100415,0.16,0.16,0.16,0.16,0,0
20100416,0.16,0.16,0.16,0.16,0,0
20100419,0.16,0.17,0.16,0.17,0,0
20100420,0.17,0.17,0.16,0.16,0,0
20100421,0.16,0.17,0.16,0.17,0,0
20100422,0.17,0.18,0.17,0.18,0,0
20100423,0.18,0.18,0.18,0.18,0,0
20100426,0.18,0.18,0.17,0.17,0,0
20100427,0.17,0.17,0.17,0.17,0,0
20100428,0.17,0.18,0.17,0.18,0,0
20100429,0.18,0.18,0.17,0.17,0,0
20100430,0.17,0.17,0.17,0.17,0,0
20100504,0.17,0.18,0.17,0.18,0,0
20100505,0.18,0.18,0.18,0.18,0,0
20100506,0.18,0.18,0.18,0.18,0,0
20100507,0.18,0.38,0.18,0.38,0,0
20100510,0.38,0.38,0.36,0.36,0,0
20100511,0.36,0.36,0.36,0.36,0,0
20100512,0.36,0.36,0.36,0.36,0,0
20100513,0.36,0.37,0.36,0.37,0,0
20100514,0.37,0.37,0.37,0.37,0,0
20100517,0.37,0.54,0.37,0.54,0,0
20100518,0.54,0.54,0.51,0.51,0,0
20100519,0.51,0.54,0.51,0.54,0,0
20100520,0.54,0.56,0.54,0.56,0,0
20100521,0.56,0.56,0.56,0.56,0,0
20100524,0.56,0.56,0.55,0.55,0,0
20100525,0.55,0.56,0.55,0.56,0,0
20100526,0.56,0.56,0.54,0.54,0,0
20100527,0.54,0.54,0.53,0.53,0,0
20100528,0.53,0.53,0.52,0.52,0,0
20100531,0.52,0.52,0.5,0.5,0,0
20100601,0.5,0.53,0.5,0.53,0,0
20100602,0.53,0.53,0.53,0.53,0,0
20100604,0.53,0.54,0.53,0.54,0,0
20100607,0.54,0.55,0.54,0.55,0,0
20100608,0.55,0.55,0.55,0.55,0,0
20100609,0.55,0.55,0.54,0.54,0,0
20100610,0.54,0.54,0.54,0.54,0,0
20100611,0.54,0.55,0.54,0.55,0,0
20100614,0.55,0.55,0.53,0.53,0,0
20100615,0.53,0.53,0.53,0.53,0,0
20100616,0.53,0.53,0.53,0.53,0,0
20100617,0.53,0.53,0.53,0.53,0,0
20100618,0.53,0.56,0.53,0.56,0,0
20100621,0.56,0.56,0.53,0.53,0,0
20100622,0.53,0.53,0.53,0.53,0,0
20100623,0.53,0.54,0.53,0.54,0,0
20100624,0.54,0.55,0.54,0.55,0,0
20100625,0.55,0.55,0.55,0.55,0,0
20100628,0.55,0.55,0.54,0.54,0,0
20100629,0.54,0.56,0.54,0.56,0,0
20100630,0.56,0.56,0.56,0.56,0,0
20100701,0.56,0.56,0.56,0.56,0,0
20100702,0.56,0.56,0.56,0.56,0,0
20100705,0.56,1.05,0.56,1.05,0,0
20100706,1.05,1.05,1.03,1.03,0,0
20100707,1.03,1.03,1.03,1.03,0,0
20100708,1.03,1.03,1.03,1.03,0,0
20100709,1.03,1.03,1.02,1.02,0,0
20100712,1.02,1.03,1.02,1.03,0,0
20100713,1.03,1.03,1,1,0,0
20100714,1,1,0.99,0.99,0,0
20100715,0.99,0.99,0.99,0.99,0,0
20100716,0.99,1.01,0.99,1.01,0,0
20100719,1.01,1.01,1,1,0,0
20100720,1,1.01,1,1.01,0,0
20100721,1.01,1.01,1,1,0,0
20100722,1,1,1,1,0,0
20100723,1,1,0.99,0.99,0,0
20100726,0.99,0.99,0.97,0.97,0,0
20100727,0.97,0.97,0.97,0.97,0,0
20100728,0.97,0.97,0.97,0.97,0,0
20100729,0.97,0.98,0.97,0.98,0,0
20100730,0.98,0.99,0.98,0.99,0,0
20100802,0.99,0.99,0.99,0.99,0,0
20100803,0.99,0.99,0.96,0.96,0,0
20100804,0.96,0.96,0.96,0.96,0,0
20100805,0.96,0.97,0.96,0.97,0,0
20100806,0.97,0.97,0.96,0.96,0,0
20100809,0.96,0.97,0.96,0.97,0,0
20100810,0.97,0.98,0.97,0.98,0,0
20100811,0.98,0.98,0.98,0.98,0,0
20100812,0.98,0.98,0.98,0.98,0,0
20100813,0.98,0.99,0.98,0.99,0,0
20100816,0.99,0.99,0.98,0.98,0,0
20100817,0.98,0.98,0.97,0.97,0,0
20100818,0.97,0.98,0.97,0.98,0,0
20100819,0.98,0.98,0.98,0.98,0,0
20100820,0.98,0.99,0.98,0.99,0,0
20100823,0.99,0.99,0.97,0.97,0,0
20100824,0.97,1,0.97,1,0,0
20100825,1,1.01,1,1.01,0,0
20100826,1.01,1.01,1.01,1.01,0,0
20100827,1.01,1.01,0.99,0.99,0,0
20100830,0.99,1.01,0.99,1.01,0,0
20100831,1.01,1.01,0.99,0.99,0,0
20100901,0.99,1,0.99,1,0,0
20100902,1,1,0.99,0.99,0,0
20100903,0.99,0.99,0.97,0.97,0,0
20100906,0.97,0.97,0.97,0.97,0,0
20100907,0.97,0.97,0.96,0.96,0,0
20100908,0.96,0.97,0.96,0.97,0,0
20100909,0.97,0.97,0.96,0.96,0,0
20100910,0.96,0.97,0.96,0.97,0,0
20100913,0.97,0.97,0.95,0.95,0,0
20100914,0.95,0.95,0.95,0.95,0,0
20100915,0.95,0.95,0.95,0.95,0,0
20100916,0.95,0.95,0.94,0.94,0,0
20100917,0.94,0.94,0.93,0.93,0,0
20100920,0.93,0.93,0.92,0.92,0,0
20100921,0.92,0.92,0.9,0.9,0,0
20100922,0.9,0.9,0.89,0.89,0,0
20100923,0.89,0.89,0.89,0.89,0,0
20100924,0.89,0.89,0.87,0.87,0,0
20100927,0.87,0.88,0.87,0.88,0,0
20100928,0.88,0.88,0.87,0.87,0,0
20100929,0.87,0.87,0.87,0.87,0,0
20100930,0.87,0.88,0.87,0.88,0,0
20101001,0.88,0.88,0.88,0.88,0,0
20101004,0.88,0.88,0.87,0.87,0,0
20101005,0.87,0.87,0.86,0.86,0,0
20101006,0.86,0.87,0.86,0.87,0,0
20101007,0.87,0.87,0.87,0.87,0,0
20101008,0.87,0.87,0.87,0.87,0,0
20101011,0.87,0.87,0.87,0.87,0,0
20101012,0.87,0.87,0.87,0.87,0,0
20101013,0.87,0.87,0.86,0.86,0,0
20101014,0.86,0.86,0.86,0.86,0,0
20101015,0.86,0.86,0.86,0.86,0,0
20101018,0.86,0.86,0.86,0.86,0,0
20101019,0.86,0.86,0.86,0.86,0,0
20101020,0.86,0.87,0.86,0.87,0,0
20101021,0.87,0.87,0.86,0.86,0,0
20101022,0.86,0.87,0.86,0.87,0,0
20101025,0.87,1.09,0.87,1.09,0,0
20101026,1.09,1.1,1.09,1.1,0,0
20101027,1.1,1.1,1.08,1.08,0,0
20101028,1.08,1.09,1.08,1.09,0,0
20101029,1.09,1.09,1.08,1.08,0,0
20101102,1.08,1.08,1.06,1.06,0,0
20101103,1.06,1.06,1.06,1.06,0,0
20101104,1.06,1.06,1.06,1.06,0,0
20101105,1.06,1.06,1.06,1.06,0,0
20101108,1.06,1.06,1.05,1.05,0,0
20101109,1.05,1.06,1.05,1.06,0,0
20101110,1.06,1.06,1.05,1.05,0,0
20101112,1.05,1.05,1.04,1.04,0,0
20101115,1.04,1.05,1.04,1.05,0,0
20101116,1.05,1.06,1.05,1.06,0,0
20101117,1.06,1.08,1.06,1.08,0,0
20101118,1.08,1.08,1.08,1.08,0,0
20101119,1.08,1.09,1.08,1.09,0,0
20101122,1.09,1.12,1.09,1.12,0,0
20101123,1.12,1.12,1.11,1.11,0,0
20101124,1.11,1.11,1.11,1.11,0,0
20101125,1.11,1.11,1.1,1.1,0,0
20101126,1.1,1.1,1.1,1.1,0,0
20101129,1.1,1.12,1.1,1.12,0,0
20101130,1.12,1.12,1.1,1.1,0,0
20101201,1.1,1.1,1.09,1.09,0,0
20101202,1.09,1.09,1.06,1.06,0,0
20101203,1.06,1.06,1.06,1.06,0,0
20101206,1.06,1.06,1.06,1.06,0,0
20101207,1.06,1.06,1.06,1.06,0,0
20101208,1.06,1.06,1.06,1.06,0,0
20101209,1.06,1.06,1.06,1.06,0,0
20101210,1.06,1.06,1.06,1.06,0,0
20101213,1.06,1.06,1.06,1.06,0,0
20101214,1.06,1.06,1.06,1.06,0,0
20101215,1.06,1.19,1.06,1.19,0,0
20101216,1.19,1.24,1.19,1.24,0,0
20101217,1.24,1.24,1.22,1.22,0,0
20101220,1.22,1.25,1.22,1.25,0,0
20101221,1.25,1.25,1.23,1.23,0,0
20101222,1.23,1.23,1.23,1.23,0,0
20101223,1.23,1.23,1.23,1.23,0,0
20101227,1.23,1.26,1.23,1.26,0,0
20101228,1.26,1.26,1.26,1.26,0,0
20101229,1.26,1.26,1.24,1.24,0,0
20101230,1.24,1.24,1.24,1.24,0,0
20101231,1.24,1.25,1.24,1.25,0,0
20110103,1.25,1.25,1.25,1.25,0,0
20110104,1.25,1.26,1.25,1.26,0,0
20110105,1.26,1.28,1.26,1.28,0,0
20110107,1.28,1.3,1.28,1.3,0,0
20110110,1.3,1.3,1.3,1.3,0,0
20110111,1.3,1.3,1.3,1.3,0,0
20110112,1.3,1.3,1.26,1.26,0,0
20110113,1.26,1.27,1.26,1.27,0,0
20110114,1.27,1.27,1.27,1.27,0,0
20110117,1.27,1.27,1.27,1.27,0,0
20110118,1.27,1.27,1.25,1.25,0,0
20110119,1.25,1.25,1.24,1.24,0,0
20110120,1.24,1.24,1.24,1.24,0,0
20110121,1.24,1.24,1.23,1.23,0,0
20110124,1.23,1.24,1.23,1.24,0,0
20110125,1.24,1.24,1.23,1.23,0,0
20110126,1.23,1.24,1.23,1.24,0,0
20110127,1.24,1.24,1.23,1.23,0,0
20110128,1.24,1.24,1.24,1.24,0,0
20110131,1.24,1.25,1.24,1.25,0,0
20110201,1.25,1.25,1.24,1.24,0,0
20110202,1.24,1.24,1.23,1.23,0,0
20110203,1.23,1.23,1.22,1.22,0,0
20110204,1.22,1.23,1.22,1.23,0,0
20110207,1.23,1.23,1.23,1.23,0,0
20110208,1.23,1.23,1.23,1.23,0,0
20110209,1.23,1.24,1.23,1.24,0,0
20110210,1.24,1.26,1.24,1.26,0,0
20110211,1.26,1.26,1.26,1.26,0,0
20110214,1.26,1.26,1.26,1.26,0,0
20110215,1.26,1.26,1.26,1.26,0,0
20110216,1.26,1.26,1.25,1.25,0,0
20110217,1.25,1.26,1.25,1.26,0,0
20110218,1.26,1.26,1.25,1.25,0,0
20110221,1.25,1.26,1.25,1.26,0,0
20110222,1.26,1.26,1.26,1.26,0,0
20110223,1.26,1.26,1.26,1.26,0,0
20110224,1.26,1.26,1.26,1.26,0,0
20110225,1.26,1.26,1.26,1.26,0,0
20110228,1.26,1.26,1.24,1.24,0,0
20110301,1.24,1.25,1.24,1.25,0,0
20110302,1.25,1.26,1.25,1.26,0,0
20110303,1.26,1.26,1.23,1.23,0,0
20110304,1.23,1.23,1.22,1.22,0,0
20110307,1.22,1.23,1.22,1.23,0,0
20110308,1.23,1.23,1.22,1.22,0,0
20110309,1.22,1.22,1.22,1.22,0,0
20110310,1.22,1.22,1.22,1.22,0,0
20110311,1.22,1.24,1.22,1.24,0,0
20110314,1.24,1.24,1.23,1.23,0,0
20110315,1.23,1.24,1.23,1.24,0,0
20110316,1.24,1.25,1.24,1.25,0,0
20110317,1.25,1.25,1.25,1.25,0,0
20110318,1.25,1.25,1.23,1.23,0,0
20110321,1.23,1.23,1.23,1.23,0,0
20110322,1.23,1.24,1.23,1.24,0,0
20110323,1.24,1.24,1.24,1.24,0,0
20110324,1.24,1.24,1.22,1.22,0,0
20110325,1.22,1.22,1.21,1.21,0,0
20110328,1.21,1.21,1.19,1.19,0,0
20110329,1.19,1.21,1.19,1.21,0,0
20110330,1.21,1.21,1.2,1.2,0,0
20110331,1.2,1.2,1.19,1.19,0,0
20110401,1.19,1.19,1.18,1.18,0,0
20110404,1.18,1.18,1.18,1.18,0,0
20110405,1.18,1.18,1.18,1.18,0,0
20110406,1.12,1.12,1.11,1.11,0,0
20110407,1.11,1.11,1.11,1.11,0,0
20110408,1.11,1.12,1.11,1.12,0,0
20110411,1.12,1.12,1.11,1.11,0,0
20110412,1.11,1.11,1.11,1.11,0,0
20110413,1.11,1.11,1.1,1.1,0,0
20110414,1.1,1.1,1.1,1.1,0,0
20110415,1.1,1.1,1.09,1.09,0,0
20110418,1.09,1.14,1.09,1.14,0,0
20110419,1.14,1.14,1.12,1.12,0,0
20110420,1.12,1.12,1.12,1.12,0,0
20110421,1.12,1.13,1.12,1.13,0,0
20110426,1.13,1.13,1.12,1.12,0,0
20110427,1.12,1.12,1.12,1.12,0,0
20110428,1.12,1.12,1.1,1.1,0,0
20110429,1.1,1.13,1.1,1.13,0,0
20110502,1.13,1.13,1.11,1.11,0,0
20110504,1.11,1.14,1.11,1.14,0,0
20110505,1.14,1.14,1.14,1.14,0,0
20110506,1.14,1.14,1.12,1.12,0,0
20110509,1.12,1.16,1.12,1.16,0,0
20110510,1.16,1.16,1.15,1.15,0,0
20110511,1.15,1.17,1.15,1.17,0,0
20110512,1.17,1.18,1.17,1.18,0,0
20110513,1.18,1.18,1.17,1.17,0,0
20110516,1.17,1.35,1.17,1.35,0,0
20110517,1.35,1.35,1.35,1.35,0,0
20110518,1.35,1.35,1.35,1.35,0,0
20110519,1.35,1.35,1.35,1.35,0,0
20110520,1.35,1.37,1.35,1.37,0,0
20110523,1.37,1.61,1.37,1.61,0,0
20110524,1.61,1.61,1.61,1.61,0,0
20110525,1.61,1.61,1.6,1.6,0,0
20110526,1.6,1.61,1.6,1.61,0,0
20110527,1.61,1.61,1.61,1.61,0,0
20110530,1.61,1.61,1.61,1.61,0,0
20110531,1.61,1.61,1.58,1.58,0,0
20110601,1.44,1.45,1.44,1.45,0,0
20110602,1.45,1.45,1.44,1.44,0,0
20110603,1.44,1.44,1.44,1.44,0,0
20110606,1.44,1.46,1.44,1.46,0,0
20110607,1.46,1.46,1.46,1.46,0,0
20110608,1.46,1.46,1.46,1.46,0,0
20110609,1.46,1.46,1.46,1.46,0,0
20110610,1.46,1.46,1.46,1.46,0,0
20110613,1.46,1.46,1.46,1.46,0,0
20110614,1.46,1.66,1.46,1.66,0,0
20110615,1.66,1.69,1.66,1.69,0,0
20110616,1.69,1.87,1.69,1.87,0,0
20110617,1.87,1.87,1.86,1.86,0,0
20110620,1.86,1.9,1.86,1.9,0,0
20110621,1.74,1.74,1.73,1.73,0,0
20110622,1.73,1.9,1.73,1.9,0,0
20110624,1.9,1.95,1.9,1.95,0,0
20110627,1.95,1.96,1.95,1.96,0,0
20110628,1.96,1.96,1.93,1.93,0,0
20110629,1.93,1.93,1.93,1.93,0,0
20110630,1.93,1.93,1.92,1.92,0,0
20110701,1.92,1.92,1.9,1.9,0,0
20110704,1.9,1.9,1.9,1.9,0,0
20110705,1.9,1.9,1.9,1.9,0,0
20110706,1.9,1.92,1.9,1.92,0,0
20110707,1.92,1.92,1.91,1.91,0,0
20110708,1.91,1.95,1.91,1.95,0,0
20110711,1.95,2.01,1.95,2.01,0,0
20110712,2.01,2.01,1.99,1.99,0,0
20110713,1.99,1.99,1.93,1.93,0,0
20110714,1.93,1.97,1.93,1.97,0,0
20110715,1.97,1.97,1.97,1.97,0,0
20110718,1.97,2.01,1.97,2.01,0,0
20110719,2.01,2.01,2.01,2.01,0,0
20110720,2.01,2.01,1.98,1.98,0,0
20110721,1.98,1.98,1.93,1.93,0,0
20110722,1.93,1.94,1.93,1.94,0,0
20110725,1.94,1.98,1.94,1.98,0,0
20110726,1.98,1.98,1.98,1.98,0,0
20110727,1.98,2.03,1.98,2.03,0,0
20110728,2.03,2.03,2.01,2.01,0,0
20110729,2.01,2.01,2,2,0,0
20110801,2,2.03,2,2.03,0,0
20110802,2.03,2.05,2.03,2.05,0,0
20110803,2.05,2.26,2.05,2.26,0,0
20110804,2.26,2.28,2.26,2.28,0,0
20110805,2.28,2.36,2.28,2.36,0,0
20110808,2.36,2.41,2.36,2.41,0,0
20110809,2.41,2.53,2.41,2.53,0,0
20110810,2.53,2.72,2.53,2.72,0,0
20110811,2.72,2.72,2.58,2.58,0,0
20110812,2.58,2.58,2.5,2.5,0,0
20110816,2.5,2.5,2.5,2.5,0,0
20110817,2.5,2.5,2.48,2.48,0,0
20110818,2.48,2.66,2.48,2.66,0,0
20110819,2.66,2.67,2.66,2.67,0,0
20110822,2.67,2.67,2.63,2.63,0,0
20110823,2.63,2.63,2.61,2.61,0,0
20110824,2.61,2.62,2.61,2.62,0,0
20110825,2.62,2.63,2.62,2.63,0,0
20110826,2.63,2.63,2.59,2.59,0,0
20110829,2.59,2.59,2.55,2.55,0,0
20110830,2.55,2.55,2.48,2.48,0,0
20110831,2.48,2.5,2.48,2.5,0,0
20110901,2.5,2.52,2.5,2.52,0,0
20110902,2.52,2.58,2.52,2.58,0,0
20110905,2.58,2.7,2.58,2.7,0,0
20110906,2.7,2.75,2.7,2.75,0,0
20110907,2.75,2.75,2.66,2.66,0,0
20110908,2.66,2.67,2.66,2.67,0,0
20110909,2.67,2.82,2.67,2.82,0,0
20110912,2.82,2.96,2.82,2.96,0,0
20110913,2.96,2.96,2.95,2.95,0,0
20110914,2.95,2.95,2.91,2.91,0,0
20110915,2.91,2.91,2.78,2.78,0,0
20110916,2.78,2.78,2.74,2.74,0,0
20110919,2.74,2.77,2.74,2.77,0,0
20110920,2.55,2.55,2.49,2.49,0,0
20110921,2.49,2.5,2.49,2.5,0,0
20110922,2.5,2.66,2.5,2.66,0,0
20110923,2.66,2.7,2.66,2.7,0,0
20110926,2.7,2.7,2.63,2.63,0,0
20110927,2.63,2.63,2.52,2.52,0,0
20110928,2.52,2.52,2.51,2.51,0,0
20110929,2.51,2.51,2.45,2.45,0,0
20110930,2.45,2.46,2.45,2.46,0,0
20111003,2.46,2.5,2.46,2.5,0,0
20111004,2.5,2.56,2.5,2.56,0,0
20111005,2.56,2.56,2.46,2.46,0,0
20111006,2.46,2.46,2.45,2.45,0,0
20111007,2.45,2.45,2.45,2.45,0,0
20111010,2.45,2.45,2.4,2.4,0,0
20111011,2.4,2.4,2.36,2.36,0,0
20111012,2.36,2.36,2.33,2.33,0,0
20111013,2.33,2.4,2.33,2.4,0,0
20111014,2.4,2.4,2.39,2.39,0,0
20111017,2.39,2.41,2.39,2.41,0,0
20111018,2.41,2.41,2.39,2.39,0,0
20111019,2.39,2.39,2.35,2.35,0,0
20111020,2.35,2.43,2.35,2.43,0,0
20111021,2.43,2.43,2.35,2.35,0,0
20111024,2.35,2.35,2.35,2.35,0,0
20111025,2.35,2.35,2.35,2.35,0,0
20111026,2.35,2.35,2.33,2.33,0,0
20111027,2.33,2.33,2.26,2.26,0,0
20111028,2.26,2.27,2.26,2.27,0,0
20111031,2.27,2.27,2.27,2.27,0,0
20111102,2.27,2.35,2.27,2.35,0,0
20111103,2.35,2.35,2.35,2.35,0,0
20111104,2.35,2.39,2.35,2.39,0,0
20111107,2.39,2.42,2.39,2.42,0,0
20111108,2.42,2.42,2.41,2.41,0,0
20111109,2.41,2.49,2.41,2.49,0,0
20111110,2.49,2.5,2.49,2.5,0,0
20111114,2.5,2.5,2.46,2.46,0,0
20111115,2.46,2.52,2.46,2.52,0,0
20111116,2.52,2.52,2.52,2.52,0,0
20111117,2.52,2.57,2.52,2.57,0,0
20111118,2.57,2.57,2.56,2.56,0,0
20111121,2.56,2.62,2.56,2.62,0,0
20111122,2.62,2.64,2.62,2.64,0,0
20111123,2.64,2.72,2.64,2.72,0,0
20111124,2.72,2.72,2.68,2.68,0,0
20111125,2.68,2.69,2.68,2.69,0,0
20111128,2.69,2.69,2.68,2.68,0,0
20111129,2.68,2.72,2.68,2.72,0,0
20111130,2.72,2.72,2.52,2.52,0,0
20111201,2.52,2.53,2.52,2.53,0,0
20111202,2.53,2.53,2.52,2.52,0,0
20111205,2.52,2.52,2.45,2.45,0,0
20111206,2.45,2.49,2.45,2.49,0,0
20111207,2.49,2.49,2.47,2.47,0,0
20111208,2.47,2.53,2.47,2.53,0,0
20111209,2.53,2.53,2.52,2.52,0,0
20111212,2.52,2.59,2.52,2.59,0,0
20111213,2.59,2.62,2.59,2.62,0,0
20111214,2.62,2.66,2.62,2.66,0,0
20111215,2.66,2.66,2.65,2.65,0,0
20111216,2.65,2.69,2.65,2.69,0,0
20111219,2.69,2.77,2.69,2.77,0,0
20111220,2.77,2.77,2.75,2.75,0,0
20111221,2.75,2.75,2.72,2.72,0,0
20111222,2.72,2.72,2.66,2.66,0,0
20111223,2.66,2.66,2.64,2.64,0,0
20111227,2.64,2.64,2.61,2.61,0,0
20111228,2.61,2.61,2.6,2.6,0,0
20111229,2.6,2.6,2.6,2.6,0,0
20111230,2.6,2.6,2.34,2.34,0,0
20120102,2.34,2.63,2.34,2.63,0,0
20120103,2.63,2.65,2.63,2.65,0,0
20120104,2.65,2.72,2.65,2.72,0,0
20120105,2.72,2.79,2.72,2.79,0,0
20120109,2.79,3.34,2.79,3.34,0,0
20120110,3.34,3.34,3.28,3.28,0,0
20120111,3.28,3.28,3.27,3.27,0,0
20120112,3.27,3.27,3.14,3.14,0,0
20120113,3.14,3.14,3.09,3.09,0,0
20120116,3.09,3.09,3.06,3.06,0,0
20120117,3.06,3.06,3.02,3.02,0,0
20120118,3.02,3.02,2.99,2.99,0,0
20120119,2.99,2.99,2.88,2.88,0,0
20120120,2.88,2.92,2.88,2.92,0,0
20120123,2.92,2.92,2.85,2.85,0,0
20120124,2.85,2.89,2.85,2.89,0,0
20120125,2.68,2.68,2.61,2.61,0,0
20120126,2.61,2.61,2.53,2.53,0,0
20120127,2.53,2.53,2.51,2.51,0,0
20120130,2.51,2.59,2.51,2.59,0,0
20120131,2.59,2.59,2.55,2.55,0,0
20120201,2.55,2.55,2.47,2.47,0,0
20120202,2.47,2.47,2.44,2.44,0,0
20120203,2.44,2.44,2.11,2.11,0,0
20120206,2.11,2.11,2.1,2.1,0,0
20120207,2.1,2.1,2.09,2.09,0,0
20120208,2.09,2.09,2.09,2.09,0,0
20120209,2.09,2.09,2.09,2.09,0,0
20120210,2.09,2.12,2.09,2.12,0,0
20120213,2.12,2.12,2.1,2.1,0,0
20120214,2.1,2.12,2.1,2.12,0,0
20120215,2.12,2.12,2.12,2.12,0,0
20120216,2.12,2.12,2.12,2.12,0,0
20120217,2.12,2.12,2.08,2.08,0,0
20120220,2.08,2.11,2.08,2.11,0,0
20120221,2.11,2.11,2.1,2.1,0,0
20120222,2.1,2.14,2.1,2.14,0,0
20120223,2.14,2.14,2.14,2.14,0,0
20120224,2.14,2.14,2.14,2.14,0,0
20120227,2.14,2.14,2.14,2.14,0,0
20120228,2.14,2.14,2.12,2.12,0,0
20120229,2.12,2.12,2.11,2.11,0,0
20120301,2.11,2.11,2.09,2.09,0,0
20120302,2.09,2.09,2.08,2.08,0,0
20120305,2.08,2.14,2.08,2.14,0,0
20120306,2.14,2.14,2.14,2.14,0,0
20120307,2.14,2.14,2.14,2.14,0,0
20120308,2.14,2.14,2.11,2.11,0,0
20120309,2.11,2.12,2.11,2.12,0,0
20120312,2.12,2.12,2.11,2.11,0,0
20120313,2.11,2.11,2.08,2.08,0,0
20120314,2.08,2.08,2.06,2.06,0,0
20120315,2.06,2.06,2.04,2.04,0,0
20120316,2.04,2.06,2.04,2.06,0,0
20120319,2.06,2.06,2.04,2.04,0,0
20120320,2.04,2.05,2.04,2.05,0,0
20120321,2.05,2.06,2.05,2.06,0,0
20120322,2.06,2.1,2.06,2.1,0,0
20120323,2.1,2.1,2.08,2.08,0,0
20120326,2.08,2.08,2.08,2.08,0,0
20120327,2.08,2.08,2.06,2.06,0,0
20120328,2.06,2.08,2.06,2.08,0,0
20120329,2.08,2.09,2.08,2.09,0,0
20120330,2.09,2.12,2.09,2.12,0,0
20120402,2.12,2.12,2.09,2.09,0,0
20120403,2.09,2.11,2.09,2.11,0,0
20120404,2.11,2.17,2.11,2.17,0,0
20120405,2.17,2.17,2.17,2.17,0,0
20120410,2.17,2.19,2.17,2.19,0,0
20120411,2.19,2.19,2.19,2.19,0,0
20120412,2.19,2.19,2.16,2.16,0,0
20120413,2.16,2.17,2.16,2.17,0,0
20120416,2.17,2.17,2.16,2.16,0,0
20120417,2.16,2.16,2.14,2.14,0,0
20120418,2.14,2.19,2.14,2.19,0,0
20120419,2.19,2.21,2.19,2.21,0,0
20120420,2.21,2.21,2.11,2.11,0,0
20120423,2.11,2.11,2.01,2.01,0,0
20120424,2.01,2.01,1.99,1.99,0,0
20120425,1.99,1.99,1.96,1.96,0,0
20120426,1.96,1.96,1.94,1.94,0,0
20120427,1.94,1.94,1.89,1.89,0,0
20120430,1.89,1.89,1.89,1.89,0,0
20120502,1.89,1.93,1.89,1.93,0,0
20120504,1.93,1.96,1.93,1.96,0,0
20120507,1.96,1.96,1.96,1.96,0,0
20120508,1.96,1.99,1.96,1.99,0,0
20120509,1.99,1.99,1.97,1.97,0,0
20120510,1.97,1.97,1.94,1.94,0,0
20120511,1.94,1.96,1.94,1.96,0,0
20120514,1.96,1.96,1.76,1.76,0,0
20120515,1.76,1.76,1.76,1.76,0,0
20120516,1.76,1.76,1.75,1.75,0,0
20120517,1.75,1.82,1.75,1.82,0,0
20120518,1.82,1.82,1.81,1.81,0,0
20120521,1.81,1.81,1.8,1.8,0,0
20120522,1.8,1.8,1.78,1.78,0,0
20120523,1.78,1.84,1.78,1.84,0,0
20120524,1.84,1.86,1.84,1.86,0,0
20120525,1.86,1.86,1.86,1.86,0,0
20120528,1.86,1.86,1.63,1.63,0,0
20120529,1.63,1.63,1.62,1.62,0,0
20120530,1.62,1.64,1.62,1.64,0,0
20120531,1.64,1.64,1.61,1.61,0,0
20120601,1.61,1.66,1.61,1.66,0,0
20120604,1.66,1.66,1.66,1.66,0,0
20120605,1.66,1.66,1.66,1.66,0,0
20120606,1.66,1.66,1.62,1.62,0,0
20120608,1.62,1.62,1.62,1.62,0,0
20120611,1.62,1.62,1.61,1.61,0,0
20120612,1.61,1.61,1.15,1.15,0,0
20120613,1.15,1.17,1.15,1.17,0,0
20120614,1.17,1.17,1.17,1.17,0,0
20120615,1.17,1.17,1.17,1.17,0,0
20120618,1.17,1.19,1.17,1.19,0,0
20120619,1.19,1.19,1.07,1.07,0,0
20120620,1.07,1.07,1.06,1.06,0,0
20120621,1.06,1.06,1.06,1.06,0,0
20120622,1.06,1.06,1.06,1.06,0,0
20120625,1.06,1.06,1.06,1.06,0,0
20120626,1.06,1.06,1.04,1.04,0,0
20120627,1.04,1.04,1.04,1.04,0,0
20120628,1.04,1.04,1.04,1.04,0,0
20120629,1.04,1.04,1.03,1.03,0,0
20120702,1.03,1.05,1.03,1.05,0,0
20120703,1.05,1.05,1.05,1.05,0,0
20120704,1.05,1.05,1.05,1.05,0,0
20120705,1.05,1.05,0.78,0.78,0,0
20120706,0.78,0.78,0.77,0.77,0,0
20120709,0.77,0.79,0.77,0.79,0,0
20120710,0.79,0.79,0.79,0.79,0,0
20120711,0.79,0.79,0.79,0.79,0,0
20120712,0.79,0.79,0.79,0.79,0,0
20120713,0.79,0.79,0.78,0.78,0,0
20120716,0.78,0.79,0.78,0.79,0,0
20120717,0.79,0.79,0.78,0.78,0,0
20120718,0.78,0.79,0.78,0.79,0,0
20120719,0.79,0.79,0.79,0.79,0,0
20120720,0.79,0.81,0.79,0.81,0,0
20120723,0.81,0.84,0.81,0.84,0,0
20120724,0.84,0.84,0.83,0.83,0,0
20120725,0.83,0.84,0.83,0.84,0,0
20120726,0.84,0.84,0.84,0.84,0,0
20120727,0.84,0.84,0.82,0.82,0,0
20120730,0.82,0.82,0.81,0.81,0,0
20120731,0.81,0.81,0.79,0.79,0,0
20120801,0.79,0.79,0.79,0.79,0,0
20120802,0.79,0.8,0.79,0.8,0,0
20120803,0.8,0.8,0.79,0.79,0,0
20120806,0.79,0.79,0.79,0.79,0,0
20120807,0.79,0.79,0.76,0.76,0,0
20120808,0.76,0.76,0.75,0.75,0,0
20120809,0.75,0.75,0.74,0.74,0,0
20120810,0.74,0.74,0.74,0.74,0,0
20120813,0.74,0.74,0.73,0.73,0,0
20120814,0.73,0.74,0.73,0.74,0,0
20120816,0.74,0.74,0.74,0.74,0,0
20120817,0.74,0.74,0.74,0.74,0,0
20120820,0.8,0.8,0.8,0.8,0,0
20120821,0.8,0.8,0.8,0.8,0,0
20120822,0.8,0.81,0.8,0.81,0,0
20120823,0.81,0.82,0.81,0.82,0,0
20120824,0.82,0.82,0.82,0.82,0,0
20120827,0.82,0.82,0.81,0.81,0,0
20120828,0.81,0.82,0.81,0.82,0,0
20120829,0.82,0.83,0.82,0.83,0,0
20120830,0.83,0.84,0.83,0.84,0,0
20120831,0.84,0.84,0.82,0.82,0,0
20120903,0.82,0.82,0.81,0.81,0,0
20120904,0.81,0.82,0.81,0.82,0,0
20120905,0.82,0.82,0.82,0.82,0,0
20120906,0.82,0.82,0.79,0.79,0,0
20120907,0.79,0.79,0.78,0.78,0,0
20120910,0.78,0.78,0.77,0.77,0,0
20120911,0.77,0.77,0.76,0.76,0,0
20120912,0.76,0.78,0.76,0.78,0,0
20120913,0.78,0.78,0.77,0.77,0,0
20120914,0.77,0.77,0.75,0.75,0,0
20120917,0.75,0.76,0.75,0.76,0,0
20120918,0.76,0.77,0.76,0.77,0,0
20120919,0.77,0.77,0.76,0.76,0,0
20120920,0.76,0.76,0.75,0.75,0,0
20120921,0.75,0.77,0.75,0.77,0,0
20120924,0.77,0.78,0.77,0.78,0,0
20120925,0.78,0.78,0.76,0.76,0,0
20120926,0.76,0.78,0.76,0.78,0,0
20120927,0.78,0.78,0.78,0.78,0,0
20120928,0.78,0.78,0.78,0.78,0,0
20121001,0.78,0.78,0.76,0.76,0,0
20121002,0.76,0.76,0.76,0.76,0,0
20121003,0.76,0.76,0.76,0.76,0,0
20121004,0.76,0.77,0.76,0.77,0,0
20121005,0.77,0.77,0.76,0.76,0,0
20121008,0.76,0.76,0.76,0.76,0,0
20121009,0.76,0.78,0.76,0.78,0,0
20121010,0.78,0.78,0.77,0.77,0,0
20121011,0.77,0.77,0.76,0.76,0,0
20121012,0.76,0.78,0.76,0.78,0,0
20121015,0.78,0.78,0.77,0.77,0,0
20121016,0.77,0.77,0.77,0.77,0,0
20121017,0.77,0.77,0.75,0.75,0,0
20121018,0.75,0.75,0.75,0.75,0,0
20121019,0.75,0.77,0.75,0.77,0,0
20121022,0.77,0.77,0.76,0.76,0,0
20121023,0.76,0.76,0.76,0.76,0,0
20121024,0.76,0.78,0.76,0.78,0,0
20121025,0.78,0.78,0.78,0.78,0,0
20121026,0.78,0.78,0.78,0.78,0,0
20121029,0.78,0.78,0.78,0.78,0,0
20121030,0.78,0.78,0.78,0.78,0,0
20121031,0.78,0.78,0.78,0.78,0,0
20121102,0.78,0.78,0.75,0.75,0,0
20121105,0.75,0.76,0.75,0.76,0,0
20121106,0.76,0.77,0.76,0.77,0,0
20121107,0.77,0.79,0.77,0.79,0,0
20121108,0.79,0.79,0.78,0.78,0,0
20121109,0.78,0.79,0.78,0.79,0,0
20121112,0.79,0.79,0.78,0.78,0,0
20121113,0.78,0.78,0.77,0.77,0,0
20121114,0.77,0.78,0.77,0.78,0,0
20121115,0.78,0.78,0.77,0.77,0,0
20121116,0.77,0.77,0.77,0.77,0,0
20121119,0.77,0.77,0.77,0.77,0,0
20121120,0.77,0.78,0.77,0.78,0,0
20121121,0.78,0.78,0.78,0.78,0,0
20121122,0.78,0.79,0.78,0.79,0,0
20121123,0.79,0.79,0.78,0.78,0,0
20121126,0.78,0.78,0.77,0.77,0,0
20121127,0.77,0.77,0.76,0.76,0,0
20121128,0.76,0.77,0.76,0.77,0,0
20121129,0.77,0.77,0.76,0.76,0,0
20121130,0.76,0.76,0.75,0.75,0,0
20121203,0.75,0.76,0.75,0.76,0,0
20121204,0.76,0.76,0.75,0.75,0,0
20121205,0.75,0.75,0.75,0.75,0,0
20121206,0.75,0.75,0.75,0.75,0,0
20121207,0.75,0.75,0.75,0.75,0,0
20121210,0.75,0.75,0.75,0.75,0,0
20121211,0.75,0.75,0.73,0.73,0,0
20121212,0.73,0.73,0.73,0.73,0,0
20121213,0.73,0.74,0.73,0.74,0,0
20121214,0.74,0.74,0.74,0.74,0,0
20121217,0.74,0.74,0.74,0.74,0,0
20121218,0.74,0.74,0.74,0.74,0,0
20121219,0.69,0.69,0.69,0.69,0,0
20121220,0.69,0.69,0.67,0.67,0,0
20121221,0.67,0.68,0.67,0.68,0,0
20121227,0.68,0.68,0.68,0.68,0,0
20121228,0.68,0.68,0.67,0.67,0,0
20130102,0.67,0.67,0.67,0.67,0,0
20130103,0.72,0.72,0.72,0.72,0,0
20130104,0.72,0.73,0.72,0.73,0,0
20130107,0.73,0.73,0.73,0.73,0,0
20130108,0.73,0.75,0.73,0.75,0,0
20130109,0.75,0.75,0.75,0.75,0,0
20130110,0.75,0.75,0.74,0.74,0,0
20130111,0.74,0.74,0.74,0.74,0,0
20130114,0.74,0.74,0.74,0.74,0,0
20130115,0.74,0.74,0.74,0.74,0,0
20130117,0.74,0.74,0.74,0.74,0,0
20130118,0.74,0.74,0.74,0.74,0,0
20130121,0.74,0.74,0.73,0.74,0,0
20130122,0.74,0.74,0.74,0.74,0,0
20130123,0.74,0.75,0.74,0.75,0,0
20130124,0.75,0.75,0.74,0.74,0,0
20130125,0.74,0.75,0.74,0.75,0,0
20130128,0.75,0.75,0.75,0.75,0,0
20130129,0.75,0.75,0.75,0.75,0,0
20130130,0.75,0.77,0.75,0.77,0,0
20130131,0.769,0.777,0.769,0.777,0,0
20130201,0.78,0.78,0.78,0.78,0,0
20130204,0.78,0.78,0.78,0.78,0,0
20130205,0.78,0.78,0.77,0.77,0,0
20130206,0.77,0.78,0.77,0.78,0,0
20130207,0.78,0.78,0.77,0.77,0,0
20130208,0.77,0.77,0.77,0.77,0,0
20130211,0.77,0.77,0.77,0.77,0,0
20130212,0.77,0.77,0.77,0.77,0,0
20130213,0.77,0.77,0.77,0.77,0,0
20130214,0.77,0.78,0.77,0.78,0,0
20130215,0.78,0.78,0.78,0.78,0,0
20130218,0.78,0.78,0.78,0.78,0,0
20130219,0.78,0.78,0.78,0.78,0,0
20130220,0.78,0.79,0.78,0.79,0,0
20130221,0.79,0.79,0.78,0.78,0,0
20130222,0.78,0.79,0.78,0.79,0,0
20130225,0.79,0.79,0.77,0.77,0,0
20130226,0.77,0.77,0.77,0.77,0,0
20130227,0.77,0.77,0.77,0.77,0,0
20130228,0.77,0.78,0.77,0.78,0,0
20130301,0.78,0.78,0.77,0.77,0,0
20130304,0.77,0.78,0.77,0.78,0,0
20130305,0.78,0.78,0.76,0.76,0,0
20130306,0.76,0.78,0.76,0.78,0,0
20130307,0.78,0.78,0.77,0.77,0,0
20130308,0.77,0.77,0.76,0.76,0,0
20130311,0.76,0.76,0.76,0.76,0,0
20130312,0.76,0.76,0.76,0.76,0,0
20130313,0.76,0.76,0.75,0.75,0,0
20130314,0.75,0.75,0.75,0.75,0,0
20130315,0.75,0.75,0.75,0.75,0,0
20130318,0.75,0.76,0.75,0.76,0,0
20130319,0.76,0.77,0.76,0.77,0,0
20130320,0.77,0.77,0.77,0.77,0,0
20130321,0.77,0.78,0.77,0.78,0,0
20130322,0.78,0.79,0.78,0.79,0,0
20130325,0.79,0.79,0.79,0.79,0,0
20130326,0.79,0.79,0.78,0.78,0,0
20130327,0.78,0.78,0.78,0.78,0,0
20130328,0.78,0.78,0.78,0.78,0,0
20130402,0.78,0.78,0.77,0.77,0,0
20130403,0.77,0.79,0.77,0.79,0,0
20130404,0.79,0.79,0.79,0.79,0,0
20130405,0.79,0.79,0.79,0.79,0,0
20130408,0.79,0.79,0.79,0.79,0,0
20130409,0.79,0.79,0.77,0.77,0,0
20130410,0.77,0.78,0.77,0.78,0,0
20130411,0.78,0.78,0.75,0.75,0,0
20130412,0.75,0.77,0.75,0.77,0,0
20130415,0.77,0.78,0.77,0.78,0,0
20130417,0.78,0.78,0.78,0.78,0,0
20130418,0.78,0.79,0.78,0.79,0,0
20130419,0.79,0.79,0.79,0.79,0,0
20130422,0.79,0.79,0.79,0.79,0,0
20130423,0.79,0.79,0.79,0.79,0,0
20130424,0.79,0.79,0.79,0.79,0,0
20130425,0.79,0.8,0.79,0.8,0,0
20130426,0.8,0.8,0.79,0.79,0,0
20130429,0.79,0.79,0.79,0.79,0,0
20130430,0.79,0.79,0.79,0.79,0,0
20130502,0.79,1.15,0.79,1.15,0,0
20130506,1.15,1.15,1.12,1.12,0,0
20130507,1.12,1.12,1.11,1.11,0,0
20130508,1.11,1.11,1.09,1.09,0,0
20130509,1.09,1.09,1.09,1.09,0,0
20130510,1.09,1.1,1.09,1.1,0,0
20130513,1.1,1.1,1.09,1.09,0,0
20130514,1.09,1.09,1.05,1.05,0,0
20130515,1.05,1.26,1.05,1.26,0,0
20130516,1.26,1.26,1.26,1.26,0,0
20130517,1.26,1.26,1.26,1.26,0,0
20130520,1.26,1.27,1.26,1.27,0,0
20130521,1.27,1.29,1.27,1.29,0,0
20130522,1.29,1.44,1.29,1.44,0,0
20130523,1.44,1.45,1.44,1.45,0,0
20130524,1.45,1.45,1.43,1.43,0,0
20130527,1.43,1.43,1.4,1.4,0,0
20130528,1.4,1.4,1.37,1.37,0,0
20130529,1.37,1.4,1.37,1.4,0,0
20130531,1.4,1.4,1.36,1.36,0,0
20130603,1.36,1.39,1.36,1.39,0,0
20130604,1.39,1.39,1.37,1.37,0,0
20130605,1.37,1.38,1.37,1.38,0,0
20130606,1.38,1.39,1.38,1.39,0,0
20130607,1.39,1.39,1.38,1.38,0,0
20130610,1.38,1.38,1.36,1.36,0,0
20130611,1.36,1.36,1.36,1.36,0,0
20130612,1.36,1.38,1.36,1.38,0,0
20130613,1.38,1.38,1.36,1.36,0,0
20130614,1.36,1.36,1.36,1.36,0,0
20130617,1.36,1.37,1.36,1.37,0,0
20130618,1.37,1.38,1.37,1.38,0,0
20130619,1.38,1.39,1.38,1.39,0,0
20130620,1.39,1.45,1.39,1.45,0,0
20130621,1.45,1.45,1.45,1.45,0,0
20130624,1.45,1.62,1.45,1.62,0,0
20130625,1.62,1.62,1.61,1.61,0,0
20130626,1.68,1.68,1.66,1.66,0,0
20130627,1.66,1.7,1.66,1.7,0,0
20130628,1.7,1.7,1.679,1.679,0,0
20130701,1.68,1.69,1.68,1.69,0,0
20130702,1.69,1.69,1.65,1.65,0,0
20130703,1.65,1.7,1.65,1.7,0,0
20130704,1.7,1.7,1.69,1.69,0,0
20130705,1.69,1.96,1.69,1.96,0,0
20130708,1.96,1.98,1.96,1.98,0,0
20130709,1.98,1.98,1.96,1.96,0,0
20130710,1.96,1.96,1.94,1.94,0,0
20130711,1.94,1.94,1.91,1.91,0,0
20130712,1.91,1.91,1.89,1.89,0,0
20130715,1.89,1.89,1.86,1.86,0,0
20130716,1.86,1.87,1.86,1.87,0,0
20130717,1.87,1.87,1.84,1.84,0,0
20130718,1.84,1.84,1.83,1.83,0,0
20130719,1.83,1.84,1.83,1.84,0,0
20130722,1.84,1.84,1.81,1.81,0,0
20130723,1.81,1.81,1.81,1.81,0,0
20130724,1.81,1.81,1.8,1.8,0,0
20130725,1.8,1.8,1.8,1.8,0,0
20130726,1.8,1.81,1.8,1.81,0,0
20130729,1.81,1.81,1.81,1.81,0,0
20130730,1.81,1.81,1.79,1.79,0,0
20130731,1.793,1.793,1.743,1.743,0,0
20130801,1.74,1.74,1.71,1.71,0,0
20130802,1.71,1.71,1.68,1.68,0,0
20130805,1.68,1.68,1.65,1.65,0,0
20130806,1.65,1.69,1.65,1.69,0,0
20130807,1.69,1.69,1.67,1.67,0,0
20130808,1.67,1.67,1.64,1.64,0,0
20130809,1.64,1.64,1.62,1.62,0,0
20130812,1.62,1.62,1.6,1.6,0,0
20130813,1.6,1.6,1.57,1.57,0,0
20130814,1.57,1.57,1.55,1.55,0,0
20130816,1.55,1.56,1.55,1.56,0,0
20130819,1.56,1.59,1.56,1.59,0,0
20130820,1.59,1.61,1.59,1.61,0,0
20130821,1.61,1.61,1.61,1.61,0,0
20130822,1.61,1.61,1.59,1.59,0,0
20130823,1.59,1.59,1.58,1.58,0,0
20130826,1.58,1.59,1.58,1.59,0,0
20130827,1.59,1.63,1.59,1.63,0,0
20130828,1.63,1.65,1.63,1.65,0,0
20130829,1.65,1.67,1.65,1.67,0,0
20130830,1.671,1.671,1.671,1.671,0,0
20130902,1.67,1.67,1.63,1.63,0,0
20130903,1.63,1.63,1.62,1.62,0,0
20130904,1.62,1.66,1.62,1.66,0,0
20130905,1.66,1.76,1.66,1.76,0,0
20130906,1.76,1.76,1.73,1.73,0,0
20130909,1.73,1.73,1.68,1.68,0,0
20130910,1.68,1.68,1.64,1.64,0,0
20130911,1.64,1.64,1.61,1.61,0,0
20130912,1.61,1.61,1.61,1.61,0,0
20130913,1.61,1.64,1.61,1.64,0,0
20130916,1.64,1.65,1.64,1.65,0,0
20130917,1.65,1.65,1.64,1.64,0,0
20130918,1.64,1.64,1.64,1.64,0,0
20130919,1.64,1.7,1.64,1.7,0,0
20130920,1.7,1.71,1.7,1.71,0,0
20130923,1.71,1.71,1.71,1.71,0,0
20130924,1.84,1.85,1.84,1.85,0,0
20130925,1.85,1.85,1.82,1.82,0,0
20130926,1.82,1.82,1.78,1.78,0,0
20130927,1.78,1.78,1.78,1.78,0,0
20130930,1.777,1.815,1.777,1.815,0,0
20131001,1.815,1.815,1.769,1.769,0,0
20131002,1.769,1.769,1.769,1.769,0,0
20131003,1.77,1.77,1.77,1.77,0,0
20131004,1.77,1.79,1.77,1.79,0,0
20131007,1.79,1.79,1.79,1.79,0,0
20131008,1.79,1.79,1.79,1.79,0,0
20131009,1.79,1.79,1.78,1.78,0,0
20131010,1.777,1.777,1.692,1.692,0,0
20131011,1.692,1.692,1.662,1.662,0,0
20131014,1.66,1.66,1.65,1.65,0,0
20131015,1.65,1.66,1.65,1.66,0,0
20131016,1.66,1.66,1.66,1.66,0,0
20131017,1.66,1.66,1.66,1.66,0,0
20131018,1.662,1.662,1.662,1.662,0,0
20131021,1.66,1.66,1.62,1.62,0,0
20131022,1.62,1.63,1.62,1.63,0,0
20131023,1.631,1.654,1.631,1.654,0,0
20131024,1.654,1.654,1.631,1.631,0,0
20131025,1.631,1.646,1.631,1.646,0,0
20131028,1.646,1.646,1.646,1.646,0,0
20131029,1.646,1.646,1.646,1.646,0,0
20131030,1.646,1.646,1.638,1.638,0,0
20131031,1.638,1.654,1.638,1.654,0,0
20131104,1.654,1.654,1.654,1.654,0,0
20131105,1.654,1.669,1.654,1.669,0,0
20131106,1.669,1.669,1.662,1.662,0,0
20131107,1.662,1.677,1.662,1.677,0,0
20131108,1.677,1.7,1.677,1.7,0,0
20131112,1.7,1.7,1.692,1.692,0,0
20131113,1.692,1.7,1.692,1.7,0,0
20131114,1.7,1.7,1.669,1.669,0,0
20131115,1.669,1.669,1.646,1.646,0,0
20131118,1.646,1.646,1.6,1.6,0,0
20131119,1.6,1.608,1.6,1.608,0,0
20131120,1.608,1.631,1.608,1.631,0,0
20131121,1.631,1.631,1.631,1.631,0,0
20131122,1.631,1.631,1.631,1.631,0,0
20131125,1.631,1.631,1.623,1.623,0,0
20131126,1.485,1.508,1.485,1.508,0,0
20131127,1.646,1.646,1.638,1.638,0,0
20131128,1.638,1.638,1.631,1.631,0,0
20131129,1.631,1.638,1.631,1.638,0,0
20131202,1.638,1.677,1.638,1.677,0,0
20131203,1.677,1.685,1.677,1.685,0,0
20131204,1.685,1.692,1.685,1.692,0,0
20131205,1.692,1.692,1.677,1.677,0,0
20131206,1.677,1.685,1.677,1.685,0,0
20131209,1.685,1.685,1.677,1.677,0,0
20131210,1.677,1.7,1.677,1.7,0,0
20131211,1.7,1.7,1.692,1.692,0,0
20131212,1.692,1.708,1.692,1.708,0,0
20131213,1.708,1.723,1.708,1.723,0,0
20131216,1.723,1.746,1.723,1.746,0,0
20131217,1.746,1.762,1.746,1.762,0,0
20131218,1.762,1.777,1.762,1.777,0,0
20131219,1.777,1.785,1.777,1.785,0,0
20131220,1.785,1.785,1.785,1.785,0,0
20131223,1.785,1.785,1.754,1.754,0,0
20131227,1.754,1.777,1.754,1.777,0,0
20131230,1.777,1.777,1.777,1.777,0,0
20140102,1.777,1.777,1.754,1.754,0,0
20140103,1.754,1.769,1.754,1.769,0,0
20140107,1.769,1.815,1.769,1.815,0,0
20140108,1.815,1.815,1.8,1.8,0,0
20140109,1.8,1.815,1.8,1.815,0,0
20140110,1.815,1.815,1.7,1.7,0,0
20140113,1.7,1.769,1.7,1.769,0,0
20140114,1.769,1.769,1.746,1.746,0,0
20140115,1.746,1.746,1.708,1.708,0,0
20140116,1.708,1.708,1.7,1.7,0,0
20140117,1.7,1.738,1.7,1.738,0,0
20140120,1.738,1.738,1.731,1.731,0,0
20140121,1.731,1.731,1.692,1.692,0,0
20140122,1.692,1.692,1.669,1.669,0,0
20140123,1.669,1.692,1.669,1.692,0,0
20140124,1.692,1.715,1.692,1.715,0,0
20140127,1.715,1.715,1.715,1.715,0,0
20140128,1.715,1.746,1.715,1.746,0,0
20140129,1.746,1.754,1.746,1.754,0,0
20140130,1.754,1.754,1.731,1.731,0,0
20140131,1.731,1.731,1.731,1.731,0,0
20140203,1.731,1.738,1.731,1.738,0,0
20140204,1.738,1.738,1.731,1.731,0,0
20140205,1.731,1.731,1.715,1.715,0,0
20140206,1.715,1.715,1.692,1.692,0,0
20140207,1.692,1.692,1.692,1.692,0,0
20140210,1.692,1.692,1.677,1.677,0,0
20140211,1.677,1.677,1.669,1.669,0,0
20140212,1.669,1.669,1.631,1.631,0,0
20140213,1.631,1.631,1.623,1.623,0,0
20140214,1.623,1.631,1.623,1.631,0,0
20140217,1.631,1.646,1.631,1.646,0,0
20140218,1.646,1.662,1.646,1.662,0,0
20140219,1.662,1.662,1.646,1.646,0,0
20140220,1.646,1.669,1.646,1.669,0,0
20140221,1.669,1.669,1.654,1.654,0,0
20140224,1.654,1.654,1.615,1.615,0,0
20140225,1.615,1.631,1.615,1.631,0,0
20140226,1.631,1.646,1.631,1.646,0,0
20140227,1.646,1.646,1.646,1.646,0,0
20140228,1.646,1.646,1.615,1.615,0,0
20140303,1.615,1.731,1.615,1.731,0,0
20140304,1.731,1.731,1.692,1.692,0,0
20140305,1.692,1.692,1.685,1.685,0,0
20140306,1.685,1.685,1.677,1.677,0,0
20140307,1.677,1.692,1.677,1.692,0,0
20140310,1.692,1.723,1.692,1.723,0,0
20140311,1.723,1.723,1.715,1.715,0,0
20140312,1.715,1.754,1.715,1.754,0,0
20140313,1.754,1.792,1.754,1.792,0,0
20140314,1.792,1.823,1.792,1.823,0,0
20140317,1.823,1.823,1.738,1.738,0,0
20140318,1.738,1.738,1.738,1.738,0,0
20140319,1.738,1.762,1.738,1.762,0,0
20140320,1.762,1.762,1.762,1.762,0,0
20140321,1.762,1.762,1.762,1.762,0,0
20140324,1.762,1.769,1.762,1.769,0,0
20140325,1.769,1.769,1.746,1.746,0,0
20140326,1.746,1.746,1.692,1.692,0,0
20140327,1.692,1.7,1.692,1.7,0,0
20140328,1.7,1.7,1.692,1.692,0,0
20140331,1.692,1.692,1.669,1.669,0,0
20140401,1.669,1.669,1.654,1.654,0,0
20140402,1.654,1.654,1.638,1.638,0,0
20140403,1.638,1.646,1.638,1.646,0,0
20140404,1.646,1.646,1.631,1.631,0,0
20140407,1.631,1.646,1.631,1.646,0,0
20140408,1.646,1.646,1.646,1.646,0,0
20140409,1.646,1.669,1.646,1.669,0,0
20140410,1.669,1.669,1.669,1.669,0,0
20140411,1.669,1.669,1.669,1.669,0,0
20140414,1.669,1.715,1.669,1.715,0,0
20140415,1.715,1.723,1.715,1.723,0,0
20140416,1.723,1.723,1.723,1.723,0,0
20140417,1.723,1.723,1.708,1.708,0,0
20140422,1.708,1.708,1.662,1.662,0,0
20140423,1.662,1.669,1.662,1.669,0,0
20140424,1.669,1.715,1.669,1.715,0,0
20140425,1.715,1.715,1.715,1.715,0,0
20140428,1.715,1.731,1.715,1.731,0,0
20140429,1.731,1.731,1.477,1.477,0,0
20140430,1.477,1.477,1.469,1.469,0,0
20140502,1.469,1.554,1.469,1.554,0,0
20140505,1.554,1.669,1.554,1.669,0,0
20140506,1.669,1.7,1.669,1.7,0,0
20140507,1.7,1.915,1.7,1.915,0,0
20140508,1.915,1.915,1.885,1.885,0,0
20140509,1.885,1.885,1.877,1.877,0,0
20140512,1.877,1.877,1.877,1.877,0,0
20140513,1.877,1.892,1.877,1.892,0,0
20140514,1.892,2.146,1.892,2.146,0,0
20140515,2.146,2.177,2.146,2.177,0,0
20140516,2.177,2.2,2.177,2.2,0,0
20140519,2.2,2.2,2.2,2.2,0,0
20140520,2.2,2.2,2.185,2.185,0,0
20140521,2.185,2.185,2.177,2.177,0,0
20140522,2.177,2.177,2.146,2.146,0,0
20140523,2.146,2.146,2.123,2.123,0,0
20140526,2.123,2.123,2.108,2.108,0,0
20140527,2.108,2.123,2.108,2.123,0,0
20140528,2.123,2.123,2.115,2.115,0,0
20140529,2.115,2.115,2.115,2.115,0,0
20140530,2.115,2.115,2.115,2.115,0,0
20140602,2.115,2.115,2.115,2.115,0,0
20140603,2.115,2.115,2.115,2.115,0,0
20140604,2.115,2.115,2.1,2.1,0,0
20140605,2.1,2.1,2.085,2.085,0,0
20140606,2.085,2.085,2.054,2.054,0,0
20140609,2.054,2.054,2.054,2.054,0,0
20140610,2.038,2.038,2.038,2.038,0,0
20140611,2.038,2.062,2.038,2.062,0,0
20140612,2.062,2.085,2.062,2.085,0,0
20140613,2.085,2.131,2.085,2.131,0,0
20140616,2.131,2.131,2.131,2.131,0,0
20140617,2.131,2.131,2.108,2.108,0,0
20140618,2.108,2.192,2.108,2.192,0,0
20140620,2.192,2.215,2.192,2.215,0,0
20140623,2.215,2.215,2.215,2.215,0,0
20140624,2.215,2.215,2.215,2.215,0,0
20140625,2.215,2.254,2.215,2.254,0,0
20140626,2.254,2.269,2.254,2.269,0,0
20140627,2.269,2.269,2.262,2.262,0,0
20140630,2.262,2.262,2.254,2.254,0,0
20140701,2.254,2.254,2.246,2.246,0,0
20140702,2.246,2.269,2.246,2.269,0,0
20140703,2.269,2.315,2.269,2.315,0,0
20140704,2.315,2.315,2.292,2.292,0,0
20140707,2.292,2.369,2.292,2.369,0,0
20140708,2.369,2.415,2.369,2.415,0,0
20140709,2.415,2.454,2.415,2.454,0,0
20140710,2.454,2.469,2.454,2.469,0,0
20140711,2.469,2.469,2.423,2.423,0,0
20140714,2.423,2.423,2.392,2.392,0,0
20140715,2.392,2.4,2.392,2.4,0,0
20140716,2.4,2.408,2.4,2.408,0,0
20140717,2.408,2.408,2.385,2.385,0,0
20140718,2.385,2.4,2.385,2.4,0,0
20140721,2.4,2.4,2.4,2.4,0,0
20140722,2.4,2.4,2.369,2.369,0,0
20140723,2.369,2.369,2.362,2.362,0,0
20140724,2.362,2.362,2.354,2.354,0,0
20140725,2.354,2.354,2.354,2.354,0,0
20140728,2.354,2.354,2.346,2.346,0,0
20140729,2.346,2.385,2.346,2.385,0,0
20140730,2.385,2.423,2.385,2.423,0,0
20140731,2.423,2.462,2.423,2.462,0,0
20140801,2.462,2.462,2.431,2.431,0,0
20140804,2.431,2.431,2.392,2.392,0,0
20140805,2.392,2.392,2.392,2.392,0,0
20140806,2.392,2.408,2.392,2.408,0,0
20140807,2.408,2.454,2.408,2.454,0,0
20140808,2.454,2.454,2.446,2.446,0,0
20140811,2.446,2.446,2.415,2.415,0,0
20140812,2.415,2.431,2.415,2.431,0,0
20140813,2.431,2.431,2.392,2.392,0,0
20140814,2.392,2.392,2.338,2.338,0,0
20140818,2.338,2.338,2.323,2.323,0,0
20140819,2.323,2.323,2.308,2.308,0,0
20140820,2.308,2.315,2.308,2.315,0,0
20140821,2.315,2.338,2.315,2.338,0,0
20140822,2.338,2.354,2.338,2.354,0,0
20140825,2.354,2.354,2.338,2.338,0,0
20140826,2.338,2.338,2.3,2.3,0,0
20140827,2.3,2.3,2.285,2.285,0,0
20140828,2.285,2.338,2.285,2.338,0,0
20140829,2.338,2.338,2.331,2.331,0,0
20140901,2.331,2.331,2.315,2.315,0,0
20140902,2.315,2.323,2.315,2.323,0,0
20140903,2.323,2.323,2.277,2.277,0,0
20140904,2.277,2.277,2.231,2.231,0,0
20140905,2.231,2.231,2.223,2.223,0,0
20140908,2.223,2.223,2.215,2.215,0,0
20140909,2.215,2.215,2.208,2.208,0,0
20140910,2.208,2.208,2.208,2.208,0,0
20140911,2.208,2.231,2.208,2.231,0,0
20140912,2.231,2.254,2.231,2.254,0,0
20140915,2.254,2.254,2.223,2.223,0,0
20140916,2.223,2.223,2.192,2.192,0,0
20140917,2.192,2.192,2.169,2.169,0,0
20140918,2.169,2.169,1.962,1.962,0,0
20140919,1.962,1.962,1.962,1.962,0,0
20140922,1.962,1.969,1.962,1.969,0,0
20140923,1.829,1.879,1.829,1.879,0,0
20140924,1.879,1.879,1.879,1.879,0,0
20140925,1.879,1.879,1.879,1.879,0,0
20140926,1.879,1.879,1.879,1.879,0,0
20140929,1.879,1.879,1.843,1.843,0,0
20140930,1.843,1.85,1.843,1.85,0,0
20141001,1.85,1.864,1.85,1.864,0,0
20141002,1.864,1.9,1.864,1.9,0,0
20141003,1.9,1.9,1.879,1.879,0,0
20141006,1.879,1.879,1.871,1.871,0,0
20141007,1.871,1.871,1.871,1.871,0,0
20141008,1.871,1.871,1.871,1.871,0,0
20141009,1.871,1.886,1.871,1.886,0,0
20141010,1.886,1.943,1.886,1.943,0,0
20141013,1.943,1.943,1.936,1.936,0,0
20141014,1.936,1.936,1.936,1.936,0,0
20141015,1.936,1.95,1.936,1.95,0,0
20141016,1.95,1.971,1.95,1.971,0,0
20141017,1.971,1.971,1.957,1.957,0,0
20141020,1.957,1.979,1.957,1.979,0,0
20141021,1.979,1.979,1.95,1.95,0,0
20141022,1.95,1.95,1.95,1.95,0,0
20141023,1.95,1.95,1.95,1.95,0,0
20141024,1.95,1.95,1.95,1.95,0,0
20141027,1.95,1.964,1.95,1.964,0,0
20141028,1.964,1.964,1.957,1.957,0,0
20141029,1.957,1.957,1.957,1.957,0,0
20141030,1.957,1.986,1.957,1.986,0,0
20141031,1.986,1.986,1.964,1.964,0,0
20141103,1.964,1.964,1.964,1.964,0,0
20141104,1.964,1.979,1.964,1.979,0,0
20141105,1.979,1.979,1.964,1.964,0,0
20141106,1.964,1.964,1.964,1.964,0,0
20141107,1.964,1.986,1.964,1.986,0,0
20141110,1.986,1.986,1.986,1.986,0,0
20141112,1.986,2.014,1.986,2.014,0,0
20141113,2.014,2.021,2.014,2.021,0,0
20141114,2.021,2.021,1.971,1.971,0,0
20141117,1.971,1.971,1.957,1.957,0,0
20141118,1.957,1.957,1.95,1.95,0,0
20141119,1.95,1.957,1.95,1.957,0,0
20141120,1.957,1.971,1.957,1.971,0,0
20141121,1.971,1.979,1.971,1.979,0,0
20141124,1.979,1.979,1.971,1.971,0,0
20141125,1.971,1.979,1.971,1.979,0,0
20141126,1.979,1.979,1.979,1.979,0,0
20141127,1.979,1.979,1.95,1.95,0,0
20141128,1.95,1.971,1.95,1.971,0,0
20141201,1.971,1.979,1.971,1.979,0,0
20141202,1.979,1.979,1.943,1.943,0,0
20141203,1.943,1.943,1.921,1.921,0,0
20141204,1.921,1.943,1.921,1.943,0,0
20141205,1.943,1.943,1.936,1.936,0,0
20141208,1.936,1.943,1.936,1.943,0,0
20141209,1.943,1.95,1.943,1.95,0,0
20141210,1.95,1.964,1.95,1.964,0,0
20141211,1.964,1.979,1.964,1.979,0,0
20141212,1.979,1.986,1.979,1.986,0,0
20141215,1.986,2.014,1.986,2.014,0,0
20141216,2.014,2.036,2.014,2.036,0,0
20141217,2.036,2.036,2.029,2.029,0,0
20141218,2.029,2.029,1.986,1.986,0,0
20141219,1.986,2.021,1.986,2.021,0,0
20141222,2.021,2.021,2,2,0,0
20141223,2,2,2,2,0,0
20141229,2,2.021,2,2.021,0,0
20141230,2.021,2.021,2.007,2.007,0,0
