Date,Open,High,Low,Close,Volume,OpenInt
20070823,3574.62,3574.62,3574.62,3574.62,0,0
20070824,3572.76,3572.76,3572.76,3572.76,0,0
20070827,3572.76,3572.76,3572.76,3572.76,0,0
20070828,3572.76,3572.76,3572.76,3572.76,0,0
20070829,3572.76,3572.76,3572.76,3572.76,0,0
20070830,3576.18,3576.18,3576.18,3576.18,0,0
20070831,3575.5,3575.5,3575.5,3575.5,0,0
20070903,3575.19,3575.19,3575.19,3575.19,0,0
20070904,3575.85,3575.85,3575.85,3575.85,0,0
20070905,3575.18,3575.18,3575.18,3575.18,0,0
20070906,3574.99,3574.99,3574.99,3574.99,0,0
20070907,3573.92,3573.92,3573.92,3573.92,0,0
20070910,3573.27,3573.27,3573.27,3573.27,0,0
20070911,3571.42,3571.42,3571.42,3571.42,0,0
20070912,3568.41,3568.41,3568.41,3568.41,0,0
20070913,3568.69,3568.69,3568.69,3568.69,0,0
20070914,3569.55,3569.55,3569.55,3569.55,0,0
20070917,3569.83,3569.83,3569.83,3569.83,0,0
20070918,3569.83,3569.83,3569.83,3569.83,0,0
20070919,3569.83,3569.83,3569.83,3569.83,0,0
20070920,3567.97,3567.97,3567.97,3567.97,0,0
20070921,3567.4,3567.4,3567.4,3567.4,0,0
20070924,3566.84,3566.84,3566.84,3566.84,0,0
20070925,3567.6,3567.6,3567.6,3567.6,0,0
20070926,3569.15,3569.15,3569.15,3569.15,0,0
20070927,3569.04,3569.04,3569.04,3569.04,0,0
20070928,3568.96,3568.96,3568.96,3568.96,0,0
20071001,3566,3566,3566,3566,0,0
20071002,3566.07,3566.07,3566.07,3566.07,0,0
20071003,3566.64,3566.64,3566.64,3566.64,0,0
20071004,3567.36,3567.36,3567.36,3567.36,0,0
20071005,3566.07,3566.07,3566.07,3566.07,0,0
20071008,3564.41,3564.41,3564.41,3564.41,0,0
20071009,3564.71,3564.71,3564.71,3564.71,0,0
20071010,3564.71,3564.71,3564.71,3564.71,0,0
20071011,3563.54,3563.54,3563.54,3563.54,0,0
20071012,3561.19,3561.19,3561.19,3561.19,0,0
20071015,3559.42,3559.42,3559.42,3559.42,0,0
20071016,3559.47,3559.47,3559.47,3559.47,0,0
20071017,3559.47,3559.47,3559.47,3559.47,0,0
20071018,3559.21,3559.21,3559.21,3559.21,0,0
20071019,3555.11,3555.11,3555.11,3555.11,0,0
20071022,3555.89,3555.89,3555.89,3555.89,0,0
20071023,3552.03,3552.03,3552.03,3552.03,0,0
20071024,3551.87,3551.87,3551.87,3551.87,0,0
20071025,3550.17,3550.17,3550.17,3550.17,0,0
20071026,3547.45,3547.45,3547.45,3547.45,0,0
20071029,3547.39,3547.39,3547.39,3547.39,0,0
20071030,3548.4,3548.4,3548.4,3548.4,0,0
20071031,3548.3,3548.3,3548.3,3548.3,0,0
20071102,3548.3,3548.3,3548.3,3548.3,0,0
20071105,3551.12,3551.12,3551.12,3551.12,0,0
20071106,3600.41,3600.41,3600.41,3600.41,0,0
20071107,3598.96,3598.96,3598.96,3598.96,0,0
20071108,3604.48,3604.48,3604.48,3604.48,0,0
20071109,3604.48,3604.48,3562.72,3562.72,0,0
20071112,3562.72,3562.72,3562.72,3562.72,0,0
20071113,3562.72,3566.08,3562.72,3566.08,0,0
20071114,3566.08,3566.08,3564.3,3564.3,0,0
20071115,3564.3,3569.15,3564.3,3569.15,0,0
20071116,3569.15,3654.06,3569.15,3654.06,0,0
20071119,3654.06,3654.06,3653.72,3653.72,0,0
20071120,3816.22,3816.22,3816.22,3816.22,0,0
20071121,3816.4,3816.4,3816.4,3816.4,0,0
20071122,3816.4,3816.4,3816.32,3816.32,0,0
20071123,3816.32,3816.32,3816.32,3816.32,0,0
20071126,3816.32,3816.32,3814.84,3814.84,0,0
20071127,3814.84,3817.16,3814.84,3817.16,0,0
20071128,3817.16,3817.16,3813.3,3813.3,0,0
20071129,3813.3,3813.3,3810.31,3810.31,0,0
20071130,3810.31,3810.31,3807.7,3807.7,0,0
20071203,3807.7,3807.7,3806.65,3806.65,0,0
20071204,3806.65,3806.65,3806.26,3806.26,0,0
20071205,3806.26,3806.26,3804.89,3804.89,0,0
20071206,3804.89,3804.89,3801.12,3801.12,0,0
20071207,3801.12,3801.81,3801.12,3801.81,0,0
20071210,3801.81,3801.81,3799.96,3799.96,0,0
20071211,3799.96,3799.96,3799.37,3799.37,0,0
20071212,3799.37,3800.46,3799.37,3800.46,0,0
20071213,3800.46,3801.15,3800.46,3801.15,0,0
20071214,3801.15,3804.04,3801.15,3804.04,0,0
20071217,3804.04,3807.23,3804.04,3807.23,0,0
20071218,3807.23,3807.23,3806.16,3806.16,0,0
20071219,3806.16,3806.16,3806.12,3806.12,0,0
20071220,3806.12,3807.16,3806.12,3807.16,0,0
20071221,3807.16,3807.16,3806.43,3806.43,0,0
20071227,3806.43,3806.43,3806.25,3806.25,0,0
20071228,3881.08,3881.08,3879.53,3879.53,0,0
20080102,3879.53,3879.53,3878.25,3878.25,0,0
20080103,3788.83,3791.03,3788.83,3791.03,0,0
20080104,3798.34,3798.34,3797.61,3797.61,0,0
20080107,3797.61,3797.61,3796.65,3796.65,0,0
20080108,3796.65,3796.65,3796.62,3796.62,0,0
20080109,3796.62,3796.62,3796.62,3796.62,0,0
20080110,3796.62,3796.62,3796.62,3796.62,0,0
20080111,3796.62,3796.62,3793.72,3793.72,0,0
20080114,3793.94,3793.94,3793.94,3793.94,0,0
20080115,3793.94,3793.94,3792.62,3792.62,0,0
20080116,3792.62,3795.77,3792.62,3795.77,0,0
20080117,3795.77,3796.17,3795.77,3796.17,0,0
20080118,3796.17,3800.17,3796.17,3800.17,0,0
20080121,3800.17,3802.3,3800.17,3802.3,0,0
20080122,3802.3,3804.97,3802.3,3804.97,0,0
20080123,3804.97,3804.97,3800.61,3800.61,0,0
20080124,3800.61,3800.61,3799.81,3799.81,0,0
20080125,3799.81,3799.81,3798.49,3798.49,0,0
20080128,3773.49,3775.1,3773.49,3775.1,0,0
20080129,3775.1,3775.1,3774.22,3774.22,0,0
20080130,3774.22,3774.22,3774.22,3774.22,0,0
20080131,3774.22,3775.32,3774.22,3775.32,0,0
20080201,3775.32,3775.32,3771.87,3771.87,0,0
20080204,3771.87,3771.87,3766.67,3766.67,0,0
20080205,3766.67,3767.81,3766.67,3767.81,0,0
20080206,3767.81,3770.11,3767.81,3770.11,0,0
20080207,3770.11,3771.2,3770.11,3771.2,0,0
20080208,3771.2,3774.22,3771.2,3774.22,0,0
20080211,3774.22,3774.86,3774.22,3774.86,0,0
20080212,3774.86,3774.86,3773.27,3773.27,0,0
20080213,3773.27,3773.27,3771.32,3771.32,0,0
20080214,3771.32,3771.32,3771.32,3771.32,0,0
20080215,3771.32,3771.32,3770.07,3770.07,0,0
20080218,3770.07,3792.81,3770.07,3792.81,0,0
20080219,3792.81,3792.81,3792.81,3792.81,0,0
20080220,3792.81,3941.67,3792.81,3941.67,0,0
20080221,3941.67,3978.98,3941.67,3978.98,0,0
20080222,3978.98,3978.98,3978.45,3978.45,0,0
20080225,3978.45,4008.52,3978.45,4008.52,0,0
20080226,4008.52,4008.52,4008.52,4008.52,0,0
20080227,4008.52,4008.52,4008.52,4008.52,0,0
20080228,4008.52,4015.53,4008.52,4015.53,0,0
20080229,4015.53,4015.53,4006.58,4006.58,0,0
20080303,4006.58,4006.58,3955.71,3955.71,0,0
20080304,3955.71,3955.71,3955.71,3955.71,0,0
20080305,3955.71,3955.71,3955.71,3955.71,0,0
20080306,3955.71,3955.71,3955.71,3955.71,0,0
20080307,3955.71,3955.71,3955.71,3955.71,0,0
20080310,3955.71,3955.71,3955.71,3955.71,0,0
20080311,3955.71,3955.71,3955.71,3955.71,0,0
20080312,3955.71,3955.71,3955.71,3955.71,0,0
20080313,3955.71,3955.71,3955.71,3955.71,0,0
20080314,3955.71,3955.71,3955.71,3955.71,0,0
20080317,3955.71,3955.71,3955.71,3955.71,0,0
20080318,3955.71,3955.71,3955.71,3955.71,0,0
20080319,3955.71,3955.71,3955.71,3955.71,0,0
20080320,3955.71,3955.71,3955.71,3955.71,0,0
20080325,3955.71,3955.71,3955.71,3955.71,0,0
20080326,3955.71,3955.71,3955.71,3955.71,0,0
20080327,3955.71,3955.71,3955.71,3955.71,0,0
20080328,3955.71,3955.71,3955.71,3955.71,0,0
20080331,3955.71,3955.71,3955.71,3955.71,0,0
20080401,3955.71,3955.71,3955.71,3955.71,0,0
20080402,3955.71,3955.71,3955.71,3955.71,0,0
20080403,3955.71,3955.71,3955.71,3955.71,0,0
20080404,3955.71,3955.71,3955.71,3955.71,0,0
20080407,3955.71,3955.71,3955.71,3955.71,0,0
20080408,3955.71,3955.71,3955.71,3955.71,0,0
20080409,3955.71,3955.71,3955.71,3955.71,0,0
20080410,3955.71,3955.71,3955.71,3955.71,0,0
20080411,3955.71,3955.71,3955.71,3955.71,0,0
20080414,3955.71,3955.71,3955.71,3955.71,0,0
20080415,3955.71,3955.71,3955.71,3955.71,0,0
20080416,3955.71,3955.71,3955.71,3955.71,0,0
20080417,3955.71,3955.71,3955.71,3955.71,0,0
20080418,3955.71,3955.71,3955.71,3955.71,0,0
20080421,3955.71,3955.71,3955.71,3955.71,0,0
20080422,3955.71,3955.71,3955.71,3955.71,0,0
20080423,3955.71,3955.71,3955.71,3955.71,0,0
20080424,3955.71,3955.71,3955.71,3955.71,0,0
20080425,3955.71,3955.71,3955.71,3955.71,0,0
20080428,3955.71,3955.71,3955.71,3955.71,0,0
20080429,3955.71,3955.71,3955.71,3955.71,0,0
20080430,3955.71,3955.71,3955.71,3955.71,0,0
20080505,3955.71,3955.71,3955.71,3955.71,0,0
20080506,3955.71,3955.71,3955.71,3955.71,0,0
20080507,3955.71,3957.16,3955.71,3957.16,0,0
20080508,3957.16,3957.16,3957.16,3957.16,0,0
20080509,4018.3,4018.3,4018.3,4018.3,0,0
20080512,4018.3,4018.3,4018.3,4018.3,0,0
20080513,4018.3,4018.3,4018.3,4018.3,0,0
20080514,4018.3,4018.3,4018.3,4018.3,0,0
20080515,4018.3,4018.3,4018.3,4018.3,0,0
20080516,4018.3,4203.48,4018.3,4203.48,0,0
20080519,4203.48,4206.67,4203.48,4206.67,0,0
20080520,4206.67,4206.67,4206.67,4206.67,0,0
20080521,4206.67,4206.67,4206.67,4206.67,0,0
20080523,4206.67,4206.67,4206.67,4206.67,0,0
20080526,4206.67,4206.67,4206.67,4206.67,0,0
20080527,4206.67,4206.67,4206.67,4206.67,0,0
20080528,4206.67,4206.67,4206.67,4206.67,0,0
20080529,4206.67,4206.67,4206.67,4206.67,0,0
20080530,4206.67,4206.67,4206.67,4206.67,0,0
20080602,4206.67,4206.67,4206.67,4206.67,0,0
20080603,4206.67,4206.67,4206.67,4206.67,0,0
20080604,4206.67,4206.67,4206.67,4206.67,0,0
20080605,4209.58,4209.58,4209.58,4209.58,0,0
20080606,4209.58,4209.58,4209.58,4209.58,0,0
20080609,4209.58,4209.58,4209.58,4209.58,0,0
20080610,4209.58,4209.58,4209.58,4209.58,0,0
20080611,4213.01,4213.01,4213.01,4213.01,0,0
20080612,4213.01,4213.01,4213.01,4213.01,0,0
20080613,4213.01,4215.35,4213.01,4215.35,0,0
20080616,4215.35,4215.35,4215.35,4215.35,0,0
20080617,4215.35,4215.35,4215.35,4215.35,0,0
20080618,4215.35,4217.19,4215.35,4217.19,0,0
20080619,4217.19,4217.19,4217.19,4217.19,0,0
20080620,4217.19,4217.19,4217.19,4217.19,0,0
20080623,4217.19,4217.19,4217.19,4217.19,0,0
20080624,4217.19,4217.19,4217.19,4217.19,0,0
20080625,4217.19,4217.19,4217.19,4217.19,0,0
20080626,4217.19,4217.19,4217.19,4217.19,0,0
20080627,4217.19,4217.19,4217.19,4217.19,0,0
20080630,4217.19,4217.19,4217.19,4217.19,0,0
20080701,4217.19,4217.19,4217.19,4217.19,0,0
20080702,4196.82,4196.82,4196.82,4196.82,0,0
20080703,4196.82,4196.82,4196.82,4196.82,0,0
20080704,4196.82,4196.82,4196.82,4196.82,0,0
20080707,4196.82,4196.82,4196.82,4196.82,0,0
20080708,4196.82,4196.82,4196.82,4196.82,0,0
20080709,4196.82,4196.82,4196.82,4196.82,0,0
20080710,4196.82,4196.82,4196.82,4196.82,0,0
20080711,4196.82,4196.82,4196.82,4196.82,0,0
20080714,4196.82,4196.82,4196.82,4196.82,0,0
20080715,4196.82,4196.82,4196.82,4196.82,0,0
20080716,4196.82,4196.82,4196.82,4196.82,0,0
20080717,4196.82,4196.82,4196.82,4196.82,0,0
20080718,4196.82,4196.82,4196.82,4196.82,0,0
20080721,4196.82,4196.82,4196.82,4196.82,0,0
20080722,4196.82,4196.82,4196.82,4196.82,0,0
20080723,4196.82,4196.82,4196.82,4196.82,0,0
20080724,4196.82,4196.82,4196.82,4196.82,0,0
20080725,4196.82,4196.82,4196.82,4196.82,0,0
20080728,4196.82,4196.82,4196.82,4196.82,0,0
20080729,4196.82,4196.82,4196.82,4196.82,0,0
20080730,4196.82,4196.82,4196.82,4196.82,0,0
20080731,4196.82,4196.82,4196.82,4196.82,0,0
20080801,4196.82,4196.82,4196.82,4196.82,0,0
20080804,4196.82,4196.82,4196.82,4196.82,0,0
20080805,4196.82,4216.49,4196.82,4216.49,0,0
20080806,4216.49,4216.49,4216.49,4216.49,0,0
20080807,4216.49,4221.49,4216.49,4221.49,0,0
20080808,4221.49,4221.49,4221.49,4221.49,0,0
20080811,4221.49,4221.49,4221.49,4221.49,0,0
20080812,4221.49,4221.49,4221.49,4221.49,0,0
20080813,4221.49,4221.49,4193.66,4193.66,0,0
20080814,4193.66,4193.66,4193.66,4193.66,0,0
20080818,4193.66,4299.04,4193.66,4299.04,0,0
20080819,4299.04,4299.04,4299.04,4299.04,0,0
20080820,4299.04,4299.04,4299.04,4299.04,0,0
20080821,4299.04,4299.04,4299.04,4299.04,0,0
20080822,4299.04,4299.04,4299.04,4299.04,0,0
20080825,4299.04,4299.04,4299.04,4299.04,0,0
20080826,4299.04,4299.04,4299.04,4299.04,0,0
20080827,4299.04,4299.04,4299.04,4299.04,0,0
20080828,4299.04,4299.04,4299.04,4299.04,0,0
20080829,4299.04,4299.04,4299.04,4299.04,0,0
20080901,4299.04,4299.04,4299.04,4299.04,0,0
20080902,4299.04,4299.04,4299.04,4299.04,0,0
20080903,4299.04,4299.04,4299.04,4299.04,0,0
20080904,4299.04,4299.04,4299.04,4299.04,0,0
20080905,4299.04,4299.04,4299.04,4299.04,0,0
20080908,4299.04,4299.04,4299.04,4299.04,0,0
20080909,4299.04,4299.04,4299.04,4299.04,0,0
20080910,4299.04,4299.04,4299.04,4299.04,0,0
20080911,4299.04,4299.04,4299.04,4299.04,0,0
20080912,4299.04,4300.8,4299.04,4300.8,0,0
20080915,4300.8,4300.8,4300.8,4300.8,0,0
20080916,4300.8,4300.8,4300.8,4300.8,0,0
20080917,4300.8,4300.8,4300.8,4300.8,0,0
20080918,4300.8,4300.8,4300.8,4300.8,0,0
20080919,4300.8,4300.8,4300.8,4300.8,0,0
20080922,4300.8,4300.8,4300.8,4300.8,0,0
20080923,4300.8,4300.8,4300.8,4300.8,0,0
20080924,4300.8,4300.8,4300.8,4300.8,0,0
20080925,4300.8,4300.8,4300.8,4300.8,0,0
20080926,4300.8,4300.8,4300.8,4300.8,0,0
20080929,4300.8,4300.8,4300.8,4300.8,0,0
20080930,4300.8,4300.8,4300.8,4300.8,0,0
20081001,4300.8,4300.8,4300.8,4300.8,0,0
20081002,4300.8,4300.8,4300.8,4300.8,0,0
20081003,4300.8,4300.8,4300.8,4300.8,0,0
20081006,4300.8,4300.8,4299.72,4299.72,0,0
20081007,4299.72,4299.72,4299.72,4299.72,0,0
20081008,4299.72,4299.72,4299.72,4299.72,0,0
20081009,4299.72,4299.72,4299.72,4299.72,0,0
20081010,4299.72,4300.45,4299.72,4300.45,0,0
20081013,4300.45,4300.45,4300.45,4300.45,0,0
20081014,4300.45,4300.45,4300.45,4300.45,0,0
20081015,4300.45,4300.45,4300.45,4300.45,0,0
20081016,4300.45,4300.45,4300.45,4300.45,0,0
20081017,4300.45,4300.45,4300.45,4300.45,0,0
20081020,4300.45,4300.45,4300.45,4300.45,0,0
20081021,4300.45,4300.45,4300.45,4300.45,0,0
20081022,4300.45,4300.45,4300.45,4300.45,0,0
20081023,4300.45,4300.45,4300.45,4300.45,0,0
20081024,4300.45,4300.45,4300.45,4300.45,0,0
20081027,4300.45,4300.45,4300.45,4300.45,0,0
20081028,4300.45,4300.45,4300.45,4300.45,0,0
20081029,4300.45,4300.45,4300.45,4300.45,0,0
20081030,4300.45,4300.45,4300.45,4300.45,0,0
20081031,4300.45,4300.45,4300.45,4300.45,0,0
20081103,4300.45,4300.45,4300.45,4300.45,0,0
20081104,4300.45,4302.22,4300.45,4302.22,0,0
20081105,4302.22,4302.22,4302.22,4302.22,0,0
20081106,4302.22,4304.02,4302.22,4304.02,0,0
20081107,4304.02,4339.83,4304.02,4339.83,0,0
20081110,4339.83,4339.83,4339.83,4339.83,0,0
20081112,4339.83,4412.19,4339.83,4412.19,0,0
20081113,4412.19,4418.58,4412.19,4418.58,0,0
20081114,4418.58,4464.89,4418.58,4464.89,0,0
20081117,4464.89,4464.89,4444.6,4444.6,0,0
20081118,4444.6,4444.6,4444.6,4444.6,0,0
20081119,4444.6,4452.15,4444.6,4452.15,0,0
20081120,4452.15,4452.15,4452.15,4452.15,0,0
20081121,4452.15,4452.15,4452.15,4452.15,0,0
20081124,4452.15,4452.15,4452.15,4452.15,0,0
20081125,4452.15,4452.15,4452.15,4452.15,0,0
20081126,4452.15,4452.15,4452.15,4452.15,0,0
20081127,4452.15,4452.15,4452.15,4452.15,0,0
20081128,4452.15,4452.15,4452.15,4452.15,0,0
20081201,4452.15,4452.15,4452.15,4452.15,0,0
20081202,4452.15,4452.15,4452.15,4452.15,0,0
20081203,4452.15,4452.15,4452.15,4452.15,0,0
20081204,4452.15,4452.15,4452.15,4452.15,0,0
20081205,4452.15,4452.15,4452.15,4452.15,0,0
20081208,4452.15,4452.15,4452.15,4452.15,0,0
20081209,4452.15,4452.15,4452.15,4452.15,0,0
20081210,4452.15,4452.15,4452.15,4452.15,0,0
20081211,4452.15,4452.15,4452.15,4452.15,0,0
20081212,4452.15,4452.15,4452.15,4452.15,0,0
20081215,4452.15,4452.15,4452.15,4452.15,0,0
20081216,4452.15,4452.15,4452.15,4452.15,0,0
20081217,4452.15,4452.15,4452.15,4452.15,0,0
20081218,4452.15,4452.15,4452.15,4452.15,0,0
20081219,4452.15,4452.15,4452.15,4452.15,0,0
20081222,4452.15,4452.15,4452.15,4452.15,0,0
20081223,4452.15,4452.15,4452.15,4452.15,0,0
20081229,4452.15,4452.15,4452.15,4452.15,0,0
20081230,4271.68,4271.68,4271.68,4271.68,0,0
20081231,4271.68,4271.68,4271.68,4271.68,0,0
20090105,4271.68,4271.68,4271.68,4271.68,0,0
20090106,4271.68,4271.68,4271.68,4271.68,0,0
20090107,4271.68,4271.68,4271.68,4271.68,0,0
20090108,4271.68,4271.68,4271.68,4271.68,0,0
20090109,4271.68,4271.68,4271.68,4271.68,0,0
20090112,4271.68,4271.68,4271.68,4271.68,0,0
20090113,4271.68,4271.68,4271.68,4271.68,0,0
20090114,4271.68,4271.68,4271.68,4271.68,0,0
20090115,4271.68,4271.68,4271.68,4271.68,0,0
20090116,4271.68,4271.68,4271.68,4271.68,0,0
20090119,4271.68,4271.68,4271.68,4271.68,0,0
20090120,4271.68,4288.15,4271.68,4288.15,0,0
20090121,4288.15,4288.15,4288.15,4288.15,0,0
20090122,4288.15,4288.15,4288.15,4288.15,0,0
20090123,4288.15,4288.15,4288.15,4288.15,0,0
20090126,4288.15,4288.15,4288.15,4288.15,0,0
20090127,4288.15,4288.15,4288.15,4288.15,0,0
20090128,4288.15,4288.15,4288.15,4288.15,0,0
20090129,4288.15,4288.15,4288.15,4288.15,0,0
20090130,4288.15,4288.15,4288.15,4288.15,0,0
20090202,4288.15,4288.15,4288.15,4288.15,0,0
20090203,4288.15,4288.15,4288.15,4288.15,0,0
20090204,4288.15,4288.15,4288.15,4288.15,0,0
20090205,4288.15,4288.15,4288.15,4288.15,0,0
20090206,4288.15,4288.15,4288.15,4288.15,0,0
20090209,4288.15,4288.15,4288.15,4288.15,0,0
20090210,4288.15,4288.15,4288.15,4288.15,0,0
20090211,4288.15,4288.15,4288.15,4288.15,0,0
20090212,4288.15,4288.15,4288.15,4288.15,0,0
20090213,4288.15,4288.15,4288.15,4288.15,0,0
20090216,4288.15,4288.15,4288.15,4288.15,0,0
20090217,4288.15,4288.15,4288.15,4288.15,0,0
20090218,4288.15,4290.15,4288.15,4290.15,0,0
20090219,4290.15,4290.15,4290.15,4290.15,0,0
20090220,4290.15,4306.4,4290.15,4306.4,0,0
20090223,4306.4,4306.4,4306.4,4306.4,0,0
20090224,4306.4,4306.4,4306.4,4306.4,0,0
20090225,4306.4,4306.4,4306.4,4306.4,0,0
20090226,4306.4,4306.4,4306.4,4306.4,0,0
20090227,4306.4,4347.7,4306.4,4347.7,0,0
20090302,4347.7,4347.7,4337.31,4337.31,0,0
20090303,4337.31,4356.01,4337.31,4356.01,0,0
20090304,4327.29,4335.19,4327.29,4335.19,0,0
20090305,4335.19,4352.87,4335.19,4352.87,0,0
20090306,4352.87,4352.87,4352.87,4352.87,0,0
20090309,4352.87,4352.87,4352.87,4352.87,0,0
20090310,4352.87,4352.87,4348.88,4348.88,0,0
20090311,4348.88,4348.88,4348.88,4348.88,0,0
20090312,4348.88,4348.88,4348.88,4348.88,0,0
20090313,4348.88,4348.88,4348.88,4348.88,0,0
20090316,4348.88,4398.03,4348.88,4398.03,0,0
20090317,4398.03,4398.03,4398.03,4398.03,0,0
20090318,4398.03,4398.03,4398.03,4398.03,0,0
20090319,4398.03,4398.03,4398.03,4398.03,0,0
20090320,4398.03,4398.03,4398.03,4398.03,0,0
20090323,4398.03,4398.03,4398.03,4398.03,0,0
20090324,4398.03,4398.03,4398.03,4398.03,0,0
20090325,4398.03,4398.03,4398.03,4398.03,0,0
20090326,4398.03,4398.03,4398.03,4398.03,0,0
20090327,4398.03,4398.03,4398.03,4398.03,0,0
20090330,4398.03,4399.33,4398.03,4399.33,0,0
20090331,4399.33,4399.33,4399.33,4399.33,0,0
20090401,4399.33,4399.33,4399.33,4399.33,0,0
20090402,4399.33,4399.33,4399.33,4399.33,0,0
20090403,4399.33,4399.33,4399.33,4399.33,0,0
20090406,4399.33,4399.33,4399.33,4399.33,0,0
20090407,4399.33,4399.33,4399.33,4399.33,0,0
20090408,4399.33,4399.33,4399.33,4399.33,0,0
20090409,4399.33,4399.33,4399.33,4399.33,0,0
20090414,4399.33,4399.33,4399.33,4399.33,0,0
20090415,4399.33,4399.33,4399.33,4399.33,0,0
20090416,4399.33,4399.33,4399.33,4399.33,0,0
20090417,4399.33,4399.33,4399.33,4399.33,0,0
20090420,4399.33,4399.33,4399.33,4399.33,0,0
20090421,4399.33,4399.33,4399.33,4399.33,0,0
20090422,4399.33,4399.33,4399.33,4399.33,0,0
20090423,4399.33,4399.33,4399.33,4399.33,0,0
20090424,4399.33,4399.33,4399.33,4399.33,0,0
20090427,4399.33,4399.77,4399.33,4399.77,0,0
20090428,4399.77,4399.77,4399.77,4399.77,0,0
20090429,4399.77,4399.77,4399.77,4399.77,0,0
20090430,4399.77,4399.77,4399.77,4399.77,0,0
20090504,4399.77,4399.77,4399.77,4399.77,0,0
20090505,4399.77,4406.97,4399.77,4406.97,0,0
20090506,4406.97,4406.97,4405.33,4405.33,0,0
20090507,4405.33,4405.33,4405.17,4405.17,0,0
20090508,4405.17,4405.17,4405.17,4405.17,0,0
20090511,4405.17,4405.17,4405.17,4405.17,0,0
20090512,4405.17,4405.17,4405.17,4405.17,0,0
20090513,4405.17,4477.82,4405.17,4477.82,0,0
20090514,4477.82,4477.82,4465.74,4465.74,0,0
20090515,4465.74,4465.74,4040.73,4040.73,0,0
20090518,4040.73,4053.15,4040.73,4053.15,0,0
20090519,4053.15,4121.3,4053.15,4121.3,0,0
20090520,4121.3,4121.3,4121.3,4121.3,0,0
20090521,4121.3,4121.3,4121.3,4121.3,0,0
20090522,4121.3,4121.3,4121.3,4121.3,0,0
20090525,4121.3,4121.3,3553.76,3553.76,0,0
20090526,3553.76,4121.3,3553.76,4121.3,0,0
20090527,4121.3,4121.3,4121.3,4121.3,0,0
20090528,4121.3,4121.3,4121.3,4121.3,0,0
20090529,4121.3,4121.3,4121.3,4121.3,0,0
20090601,4121.3,4121.3,4121.3,4121.3,0,0
20090602,4121.3,4121.3,4121.3,4121.3,0,0
20090603,4121.3,4121.3,4121.3,4121.3,0,0
20090604,4121.3,4121.3,4121.3,4121.3,0,0
20090605,4121.3,4121.3,4121.3,4121.3,0,0
20090608,4121.3,4121.3,4121.3,4121.3,0,0
20090609,4121.3,4121.3,4121.3,4121.3,0,0
20090610,4121.3,4121.3,4121.3,4121.3,0,0
20090612,4121.3,4121.3,4121.3,4121.3,0,0
20090615,4121.3,4121.3,4121.3,4121.3,0,0
20090616,4121.3,4121.3,4121.3,4121.3,0,0
20090617,4121.3,4121.3,4121.3,4121.3,0,0
20090618,4121.3,4121.3,4121.3,4121.3,0,0
20090619,4121.3,4121.3,4121.3,4121.3,0,0
20090622,4121.3,4121.3,4121.3,4121.3,0,0
20090623,4121.3,4121.3,4121.3,4121.3,0,0
20090624,4121.3,4121.3,4121.3,4121.3,0,0
20090625,4121.3,4121.3,4121.3,4121.3,0,0
20090626,4121.3,4121.3,4121.3,4121.3,0,0
20090629,4320.87,4320.87,4320.87,4320.87,0,0
20090630,4320.87,4320.87,4320.87,4320.87,0,0
20090701,4320.87,4320.87,4320.87,4320.87,0,0
20090702,4320.87,4320.87,4320.87,4320.87,0,0
20090703,4320.87,4320.87,4320.87,4320.87,0,0
20090706,4320.87,4320.87,4320.87,4320.87,0,0
20090707,4320.87,4320.87,4320.87,4320.87,0,0
20090708,4320.87,4320.87,4320.87,4320.87,0,0
20090709,4320.87,4320.87,4320.87,4320.87,0,0
20090710,4320.87,4320.87,4320.87,4320.87,0,0
20090713,4320.87,4320.87,4320.87,4320.87,0,0
20090714,4320.87,4320.87,4320.87,4320.87,0,0
20090715,4320.87,4320.87,4320.87,4320.87,0,0
20090716,4320.87,4320.87,4320.87,4320.87,0,0
20090717,4320.87,4320.87,4320.87,4320.87,0,0
20090720,4320.87,4320.87,4320.87,4320.87,0,0
20090721,4320.87,4320.87,4320.87,4320.87,0,0
20090722,4320.87,4320.87,4320.87,4320.87,0,0
20090723,4320.87,4320.87,4320.87,4320.87,0,0
20090724,4320.87,4320.87,4320.87,4320.87,0,0
20090727,4320.87,4320.87,4320.87,4320.87,0,0
20090728,4320.87,4320.87,4320.87,4320.87,0,0
20090729,4320.87,4320.87,4320.87,4320.87,0,0
20090730,4320.87,4320.87,4320.87,4320.87,0,0
20090731,4320.87,4320.87,4320.87,4320.87,0,0
20090803,4320.87,4320.87,4320.87,4320.87,0,0
20090804,4320.87,4320.87,4320.87,4320.87,0,0
20090805,4320.87,4320.87,4320.87,4320.87,0,0
20090806,4320.87,4320.87,4320.87,4320.87,0,0
20090807,4320.87,4320.87,4320.87,4320.87,0,0
20090810,4320.87,4320.87,4320.87,4320.87,0,0
20090811,4320.87,4320.87,4320.87,4320.87,0,0
20090812,4320.87,4320.87,4320.87,4320.87,0,0
20090813,4320.87,4320.87,4320.87,4320.87,0,0
20090814,4320.87,4320.87,4283.24,4283.24,0,0
20090817,4283.24,4283.24,4283.24,4283.24,0,0
20090818,4283.24,4283.24,4283.24,4283.24,0,0
20090819,4283.24,4283.24,4283.24,4283.24,0,0
20090820,4283.24,4283.24,4283.24,4283.24,0,0
20090821,4283.24,4283.24,4138.06,4138.06,0,0
20090824,4138.06,4138.06,4138.06,4138.06,0,0
20090825,4138.06,4140.97,4138.06,4140.97,0,0
20090826,4140.97,4140.97,4140.97,4140.97,0,0
20090827,4140.97,4140.97,4140.28,4140.28,0,0
20090828,4140.28,4140.28,4140.28,4140.28,0,0
20090831,4140.28,4140.28,4140.28,4140.28,0,0
20090901,4140.28,4140.28,3580.48,3580.48,0,0
20090902,3580.48,4140.23,3580.48,4140.23,0,0
20090903,4140.23,4144.82,4140.23,4144.82,0,0
20090904,4144.82,4144.82,4143.75,4143.75,0,0
20090907,4143.75,4143.75,4143.75,4143.75,0,0
20090908,4143.75,4143.75,4143.75,4143.75,0,0
20090909,4143.75,4143.75,4143.75,4143.75,0,0
20090910,4143.75,4143.75,4143.75,4143.75,0,0
20090911,4143.75,4143.75,4143.75,4143.75,0,0
20090914,4143.75,4143.75,4143.75,4143.75,0,0
20090915,4143.75,4143.75,4143.75,4143.75,0,0
20090916,4143.75,4143.75,4143.75,4143.75,0,0
20090917,4143.75,4143.75,4143.75,4143.75,0,0
20090918,4143.75,4143.75,4143.75,4143.75,0,0
20090921,4143.75,4143.75,4143.75,4143.75,0,0
20090922,4143.75,4143.75,4143.75,4143.75,0,0
20090923,4143.75,4143.75,4143.75,4143.75,0,0
20090924,4143.75,4143.75,4143.75,4143.75,0,0
20090925,4143.75,4143.75,4143.75,4143.75,0,0
20090928,4143.75,4143.75,4143.75,4143.75,0,0
20090929,4143.75,4143.75,4143.75,4143.75,0,0
20090930,4143.75,4143.75,4143.75,4143.75,0,0
20091001,4143.75,4143.75,4143.75,4143.75,0,0
20091002,4143.75,4143.75,4143.75,4143.75,0,0
20091005,4143.75,4143.75,4143.75,4143.75,0,0
20091006,4143.75,4143.75,4143.75,4143.75,0,0
20091007,4143.75,4143.75,4143.75,4143.75,0,0
20091008,4143.75,4143.75,4143.75,4143.75,0,0
20091009,4143.75,4143.75,4143.75,4143.75,0,0
20091012,4143.75,4143.75,4143.75,4143.75,0,0
20091013,4143.75,4143.75,4143.75,4143.75,0,0
20091014,4143.75,4143.75,4143.75,4143.75,0,0
20091015,4143.75,4143.75,4143.75,4143.75,0,0
20091016,4143.75,4143.75,4143.75,4143.75,0,0
20091019,4143.75,4143.75,4143.75,4143.75,0,0
20091020,4143.75,4143.75,4143.75,4143.75,0,0
20091021,4143.75,4143.75,4143.75,4143.75,0,0
20091022,4143.75,4143.75,4143.75,4143.75,0,0
20091023,4143.75,4143.75,4143.75,4143.75,0,0
20091026,4143.75,4143.75,4143.75,4143.75,0,0
20091027,4143.75,4143.75,4143.75,4143.75,0,0
20091028,4143.75,4143.75,4143.75,4143.75,0,0
20091029,4143.75,4146.25,4143.75,4146.25,0,0
20091030,4146.25,4146.25,4146.25,4146.25,0,0
20091102,4146.25,4146.25,4146.25,4146.25,0,0
20091103,4146.25,4146.25,4146.25,4146.25,0,0
20091104,4146.25,4220.37,4146.25,4220.37,0,0
20091105,4220.37,4220.37,4220.37,4220.37,0,0
20091106,4220.37,4220.37,4220.37,4220.37,0,0
20091109,4220.37,4260.75,4220.37,4260.75,0,0
20091110,4260.75,4260.75,4260.75,4260.75,0,0
20091112,4260.75,4330.7,4260.75,4330.7,0,0
20091113,4330.7,4341.29,4330.7,4341.29,0,0
20091116,4341.29,4341.29,4330.27,4330.27,0,0
20091117,4330.27,4330.27,4330.27,4330.27,0,0
20091118,4330.27,4330.27,4322.43,4322.43,0,0
20091119,4322.43,4327.23,4322.43,4327.23,0,0
20091120,4327.23,4327.23,4327.23,4327.23,0,0
20091123,4327.23,4327.23,4327.23,4327.23,0,0
20091124,4327.23,4327.23,4327.23,4327.23,0,0
20091125,4327.23,4327.23,4327.23,4327.23,0,0
20091126,4327.23,4327.23,4327.23,4327.23,0,0
20091127,4327.23,4327.23,4327.23,4327.23,0,0
20091130,4327.23,4327.23,4327.23,4327.23,0,0
20091201,4327.23,4327.23,4327.23,4327.23,0,0
20091202,4327.23,4327.23,4327.23,4327.23,0,0
20091203,4327.23,4327.23,4327.23,4327.23,0,0
20091204,4327.23,4327.23,4327.23,4327.23,0,0
20091207,4327.23,4327.23,4327.23,4327.23,0,0
20091208,4327.23,4327.23,4327.23,4327.23,0,0
20091209,4327.23,4327.23,4327.23,4327.23,0,0
20091210,4327.23,4327.23,4327.23,4327.23,0,0
20091211,4327.23,4327.23,4327.23,4327.23,0,0
20091214,4327.23,4327.23,4327.23,4327.23,0,0
20091215,4327.23,4327.23,4327.23,4327.23,0,0
20091216,4327.23,4327.23,4327.23,4327.23,0,0
20091217,4327.23,4327.23,4327.23,4327.23,0,0
20091218,4327.23,4327.23,4327.23,4327.23,0,0
20091221,4327.23,4327.23,4327.23,4327.23,0,0
20091222,4327.23,4327.23,4327.23,4327.23,0,0
20091223,4327.23,4327.23,4327.23,4327.23,0,0
20091228,4327.23,4327.23,4327.23,4327.23,0,0
20091229,4327.23,4327.23,4327.23,4327.23,0,0
20091230,4327.23,4327.23,4327.23,4327.23,0,0
20091231,4327.23,4327.23,4327.23,4327.23,0,0
20100104,4327.23,4327.23,4327.23,4327.23,0,0
20100105,4327.23,4327.23,4327.23,4327.23,0,0
20100106,4327.23,4327.23,4327.23,4327.23,0,0
20100107,4298.12,4298.12,4298.12,4298.12,0,0
20100108,4298.12,4298.12,4298.12,4298.12,0,0
20100111,4298.12,4298.12,4298.12,4298.12,0,0
20100112,4298.12,4298.12,4298.12,4298.12,0,0
20100113,4298.12,4298.12,4298.12,4298.12,0,0
20100114,4298.12,4298.12,4298.12,4298.12,0,0
20100115,4298.12,4298.12,4298.12,4298.12,0,0
20100118,4298.12,4298.12,4298.12,4298.12,0,0
20100119,4298.12,4298.12,4298.12,4298.12,0,0
20100120,4298.12,4298.12,4298.12,4298.12,0,0
20100121,4298.12,4298.12,4298.12,4298.12,0,0
20100122,4298.12,4298.12,4298.12,4298.12,0,0
20100125,4298.12,4298.12,4298.12,4298.12,0,0
20100126,4298.12,4298.12,4298.12,4298.12,0,0
20100127,4298.12,4298.12,4298.12,4298.12,0,0
20100128,4298.12,4298.12,4298.12,4298.12,0,0
20100129,4298.12,4298.12,4298.12,4298.12,0,0
20100201,4298.12,4298.12,4298.12,4298.12,0,0
20100202,4298.12,4298.12,4298.12,4298.12,0,0
20100203,4298.12,4298.12,4298.12,4298.12,0,0
20100204,4298.12,4298.12,4298.12,4298.12,0,0
20100205,4298.12,4298.12,4298.12,4298.12,0,0
20100208,4298.12,4298.12,4298.12,4298.12,0,0
20100209,4298.12,4298.12,4298.12,4298.12,0,0
20100210,4298.12,4298.12,4298.12,4298.12,0,0
20100211,4298.12,4298.12,4298.12,4298.12,0,0
20100212,4298.12,4298.12,4298.12,4298.12,0,0
20100215,4298.12,4298.12,4298.12,4298.12,0,0
20100216,4298.12,4298.12,4298.12,4298.12,0,0
20100217,4298.12,4298.12,4298.12,4298.12,0,0
20100218,4173.73,4298.12,4173.73,4298.12,0,0
20100219,4298.12,4325.89,4298.12,4325.89,0,0
20100222,4325.89,4325.89,4325.89,4325.89,0,0
20100223,4325.89,4325.89,4325.89,4325.89,0,0
20100224,4325.89,4344.46,4325.89,4344.46,0,0
20100225,4344.46,4344.46,4344.46,4344.46,0,0
20100226,4344.46,4344.46,4344.46,4344.46,0,0
20100301,4344.46,4344.46,4344.46,4344.46,0,0
20100302,4344.46,4344.46,4336.12,4336.12,0,0
20100303,4336.12,4336.12,4215.64,4215.64,0,0
20100304,4215.64,4215.64,4215.64,4215.64,0,0
20100305,4215.64,4215.64,4215.64,4215.64,0,0
20100308,4215.64,4215.64,4215.64,4215.64,0,0
20100309,4215.64,4215.64,4215.64,4215.64,0,0
20100310,4215.64,4215.64,4215.64,4215.64,0,0
20100311,4215.64,4215.64,4215.64,4215.64,0,0
20100312,4215.64,4215.64,4215.64,4215.64,0,0
20100315,4215.64,4215.64,4215.64,4215.64,0,0
20100316,4215.64,4223.6,4215.64,4223.6,0,0
20100317,4223.6,4223.6,4223.6,4223.6,0,0
20100318,4223.6,4223.6,4223.6,4223.6,0,0
20100319,4223.6,4223.6,4223.6,4223.6,0,0
20100322,4223.6,4272.66,4223.6,4272.66,0,0
20100323,4272.66,4272.66,4272.66,4272.66,0,0
20100324,4272.66,4272.66,4245.97,4245.97,0,0
20100325,4245.97,4245.97,4245.97,4245.97,0,0
20100326,4245.97,4245.97,4245.97,4245.97,0,0
20100329,4245.97,4245.97,4245.97,4245.97,0,0
20100330,4245.97,4245.97,4245.97,4245.97,0,0
20100331,4245.97,4245.97,4245.97,4245.97,0,0
20100401,4245.97,4245.97,4245.97,4245.97,0,0
20100406,4245.97,4245.97,4245.97,4245.97,0,0
20100407,4245.97,4245.97,4245.97,4245.97,0,0
20100408,4245.97,4245.97,4245.97,4245.97,0,0
20100409,4245.97,4245.97,4245.97,4245.97,0,0
20100412,4245.97,4245.97,4245.97,4245.97,0,0
20100413,4245.97,4245.97,4245.97,4245.97,0,0
20100414,4245.97,4245.97,4245.97,4245.97,0,0
20100415,4245.97,4245.97,4245.97,4245.97,0,0
20100416,4245.97,4245.97,4245.97,4245.97,0,0
20100419,4245.97,4245.97,4245.97,4245.97,0,0
20100420,4245.97,4245.97,4245.97,4245.97,0,0
20100421,4245.97,4245.97,4245.97,4245.97,0,0
20100422,4245.97,4245.97,4245.97,4245.97,0,0
20100423,4245.97,4245.97,4245.97,4245.97,0,0
20100426,4245.97,4245.97,4245.97,4245.97,0,0
20100427,4245.97,4245.97,4245.97,4245.97,0,0
20100428,4245.97,4245.97,4245.97,4245.97,0,0
20100429,4245.97,4245.97,4245.97,4245.97,0,0
20100430,4245.97,4245.97,4245.97,4245.97,0,0
20100504,4245.97,4245.97,4245.97,4245.97,0,0
20100505,4245.97,4245.97,4173.79,4173.79,0,0
20100506,4173.79,4173.79,4173.79,4173.79,0,0
20100507,4173.79,4173.79,4173.79,4173.79,0,0
20100510,4173.79,4174.4,4173.79,4174.4,0,0
20100511,4174.4,4174.4,4174.4,4174.4,0,0
20100512,4174.4,4174.4,4174.4,4174.4,0,0
20100513,4174.4,4174.4,4174.4,4174.4,0,0
20100514,4174.4,4210.11,4174.4,4210.11,0,0
20100517,4210.11,4489.22,4210.11,4489.22,0,0
20100518,4489.22,4570.59,4489.22,4570.59,0,0
20100519,4570.59,4570.59,4032.01,4032.01,0,0
20100520,4032.01,4032.01,4032.01,4032.01,0,0
20100521,4032.01,4032.77,4032.01,4032.77,0,0
20100524,4032.77,4032.77,4032.77,4032.77,0,0
20100525,4032.77,4032.77,4032.77,4032.77,0,0
20100526,4032.77,4032.77,4032.77,4032.77,0,0
20100527,4032.77,4032.77,4032.77,4032.77,0,0
20100528,4032.77,4032.77,4032.77,4032.77,0,0
20100531,4032.77,4032.77,4032.77,4032.77,0,0
20100601,4032.77,4032.77,4032.77,4032.77,0,0
20100602,4032.77,4032.77,4032.77,4032.77,0,0
20100604,4032.77,4032.77,4032.77,4032.77,0,0
20100607,4032.77,4032.77,4032.77,4032.77,0,0
20100608,4032.77,4032.77,4032.77,4032.77,0,0
20100609,4032.77,4032.77,4032.77,4032.77,0,0
20100610,4032.77,4032.77,4032.77,4032.77,0,0
20100611,4032.77,4032.77,4032.77,4032.77,0,0
20100614,4032.77,4032.77,4032.77,4032.77,0,0
20100615,4032.77,4032.77,4032.77,4032.77,0,0
20100616,4032.77,4032.77,4032.77,4032.77,0,0
20100617,4032.77,4032.77,4032.77,4032.77,0,0
20100618,4032.77,4032.77,4032.77,4032.77,0,0
20100621,4032.77,4032.77,4032.77,4032.77,0,0
20100622,3977.99,3977.99,3977.99,3977.99,0,0
20100623,3977.99,3977.99,3977.99,3977.99,0,0
20100624,3977.99,3977.99,3977.99,3977.99,0,0
20100625,3977.99,3977.99,3977.99,3977.99,0,0
20100628,3977.99,3977.99,3977.99,3977.99,0,0
20100629,3977.99,3977.99,3977.99,3977.99,0,0
20100630,3977.99,3977.99,3977.99,3977.99,0,0
20100701,3977.99,3977.99,3977.99,3977.99,0,0
20100702,3977.99,3977.99,3977.99,3977.99,0,0
20100705,3977.99,3977.99,3977.99,3977.99,0,0
20100706,3977.99,3977.99,3977.99,3977.99,0,0
20100707,3977.99,3977.99,3977.99,3977.99,0,0
20100708,3977.99,3977.99,3977.99,3977.99,0,0
20100709,3977.99,3977.99,3977.99,3977.99,0,0
20100712,3977.99,3977.99,3977.99,3977.99,0,0
20100713,3977.99,3977.99,3977.99,3977.99,0,0
20100714,3977.99,3977.99,3977.99,3977.99,0,0
20100715,3977.99,3977.99,3977.99,3977.99,0,0
20100716,3977.99,3977.99,3977.99,3977.99,0,0
20100719,3977.99,3977.99,3977.99,3977.99,0,0
20100720,3977.99,3977.99,3977.99,3977.99,0,0
20100721,3977.99,3977.99,3977.99,3977.99,0,0
20100722,3977.99,3977.99,3977.99,3977.99,0,0
20100723,3977.99,3977.99,3977.99,3977.99,0,0
20100726,3977.99,3977.99,3977.99,3977.99,0,0
20100727,3977.99,3977.99,3977.99,3977.99,0,0
20100728,3977.99,3977.99,3977.99,3977.99,0,0
20100729,3977.99,3977.99,3977.99,3977.99,0,0
20100730,3977.99,3977.99,3977.99,3977.99,0,0
20100802,3977.99,3977.99,3977.99,3977.99,0,0
20100803,3977.99,3977.99,3977.99,3977.99,0,0
20100804,3977.99,3977.99,3977.99,3977.99,0,0
20100805,3977.99,3977.99,3977.99,3977.99,0,0
20100806,3977.99,3977.99,3977.99,3977.99,0,0
20100809,3977.99,3977.99,3977.99,3977.99,0,0
20100810,3977.99,3977.99,3977.99,3977.99,0,0
20100811,3977.99,3977.99,3977.99,3977.99,0,0
20100812,3977.99,3977.99,3977.99,3977.99,0,0
20100813,3977.99,3977.99,3770.77,3770.77,0,0
20100816,3770.77,3770.77,3770.77,3770.77,0,0
20100817,3770.77,3770.77,3770.77,3770.77,0,0
20100818,3770.77,3770.77,3770.77,3770.77,0,0
20100819,3770.77,3770.77,3770.77,3770.77,0,0
20100820,3770.77,3770.77,3770.77,3770.77,0,0
20100823,3770.77,4395.14,3770.77,4395.14,0,0
20100824,4395.14,4395.14,4395.14,4395.14,0,0
20100825,4395.14,4395.14,4395.14,4395.14,0,0
20100826,4395.14,4395.14,4395.14,4395.14,0,0
20100827,4395.14,4395.14,4395.14,4395.14,0,0
20100830,4395.14,4395.14,4395.14,4395.14,0,0
20100831,4395.14,4395.14,4395.14,4395.14,0,0
20100901,4395.14,4395.14,4318.52,4318.52,0,0
20100902,4318.52,4318.52,4317.49,4317.49,0,0
20100903,4317.49,4318.47,4317.49,4318.47,0,0
20100906,4318.47,4318.47,4306.72,4306.72,0,0
20100907,4306.72,4306.72,4306.72,4306.72,0,0
20100908,4306.72,4306.72,4306.72,4306.72,0,0
20100909,4306.72,4306.72,4306.72,4306.72,0,0
20100910,4306.72,4306.72,4306.72,4306.72,0,0
20100913,4306.72,4306.72,4306.72,4306.72,0,0
20100914,4306.72,4306.72,4306.72,4306.72,0,0
20100915,4306.72,4306.72,4306.72,4306.72,0,0
20100916,4306.72,4306.72,4306.72,4306.72,0,0
20100917,4306.72,4306.72,4306.72,4306.72,0,0
20100920,4306.72,4306.72,4306.72,4306.72,0,0
20100921,4306.72,4306.72,4306.72,4306.72,0,0
20100922,4306.72,4306.72,4306.72,4306.72,0,0
20100923,4306.72,4306.72,4306.72,4306.72,0,0
20100924,4306.72,4306.72,4306.72,4306.72,0,0
20100927,4306.72,4306.72,4306.72,4306.72,0,0
20100928,4306.72,4306.72,4306.72,4306.72,0,0
20100929,4306.72,4306.72,4306.72,4306.72,0,0
20100930,4306.72,4306.72,4306.72,4306.72,0,0
20101001,4306.72,4306.72,4306.72,4306.72,0,0
20101004,4306.72,4306.72,4306.72,4306.72,0,0
20101005,4306.72,4306.72,4306.72,4306.72,0,0
20101006,4306.72,4306.72,4306.72,4306.72,0,0
20101007,4306.72,4306.72,4306.72,4306.72,0,0
20101008,4306.72,4306.72,4306.72,4306.72,0,0
20101011,4306.72,4306.72,4306.72,4306.72,0,0
20101012,4306.72,4306.72,4306.72,4306.72,0,0
20101013,4306.72,4306.72,4306.72,4306.72,0,0
20101014,4306.72,4306.72,4306.72,4306.72,0,0
20101015,4306.72,4306.72,4306.72,4306.72,0,0
20101018,4306.72,4306.72,4306.72,4306.72,0,0
20101019,4306.72,4306.72,4306.72,4306.72,0,0
20101020,4318.18,4318.18,4318.18,4318.18,0,0
20101021,4318.18,4318.18,4318.18,4318.18,0,0
20101022,4318.18,4318.18,4318.18,4318.18,0,0
20101025,4318.18,4318.18,4318.18,4318.18,0,0
20101026,4318.18,4318.18,4318.18,4318.18,0,0
20101027,4318.18,4384.18,4318.18,4384.18,0,0
20101028,4384.18,4384.18,4384.18,4384.18,0,0
20101029,4384.18,4384.18,4384.18,4384.18,0,0
20101102,4384.18,4384.18,4384.18,4384.18,0,0
20101103,4384.18,4384.18,4384.18,4384.18,0,0
20101104,4384.18,4384.18,4384.18,4384.18,0,0
20101105,4384.18,4384.18,4384.18,4384.18,0,0
20101108,4384.18,4384.18,4384.18,4384.18,0,0
20101109,4384.18,4384.18,4384.18,4384.18,0,0
20101110,4384.18,4384.18,4384.18,4384.18,0,0
20101112,4384.18,4384.18,4384.18,4384.18,0,0
20101115,4384.18,4384.18,4384.18,4384.18,0,0
20101116,4384.18,4452.12,4384.18,4452.12,0,0
20101117,4452.12,4452.12,4452.12,4452.12,0,0
20101118,4452.12,4454.96,4452.12,4454.96,0,0
20101119,4454.96,4454.96,4443.26,4443.26,0,0
20101122,4443.26,4443.26,4443.26,4443.26,0,0
20101123,4443.26,4443.26,4443.26,4443.26,0,0
20101124,4443.26,4443.26,4443.26,4443.26,0,0
20101125,4443.26,4443.26,4443.26,4443.26,0,0
20101126,4443.26,4443.26,4443.26,4443.26,0,0
20101129,4443.26,4443.26,4443.26,4443.26,0,0
20101130,4443.26,4443.26,4443.26,4443.26,0,0
20101201,4443.26,4443.26,4443.26,4443.26,0,0
20101202,4443.26,4443.26,4443.26,4443.26,0,0
20101203,4443.26,4443.26,4443.26,4443.26,0,0
20101206,4443.26,4443.26,4443.26,4443.26,0,0
20101207,4443.26,4443.26,4443.26,4443.26,0,0
20101208,4443.26,4443.26,4443.26,4443.26,0,0
20101209,4443.26,4443.26,4443.26,4443.26,0,0
20101210,4443.26,4443.26,4443.26,4443.26,0,0
20101213,4443.26,4443.26,4443.26,4443.26,0,0
20101214,4443.26,4443.26,4443.26,4443.26,0,0
20101215,4443.26,4443.26,4443.26,4443.26,0,0
20101216,4443.26,4443.26,4443.26,4443.26,0,0
20101217,4443.26,4443.26,4443.26,4443.26,0,0
20101220,4443.26,4443.26,4443.26,4443.26,0,0
20101221,4443.26,4443.26,4443.26,4443.26,0,0
20101222,4443.26,4443.26,4443.26,4443.26,0,0
20101223,4462.88,4462.88,4462.88,4462.88,0,0
20101227,4462.88,4462.88,4462.88,4462.88,0,0
20101228,4462.88,4462.88,4462.88,4462.88,0,0
20101229,4462.88,4462.88,4462.88,4462.88,0,0
20101230,4462.88,4462.88,4462.88,4462.88,0,0
20101231,4462.88,4462.88,4462.88,4462.88,0,0
20110103,4462.88,4462.88,4462.88,4462.88,0,0
20110104,4462.88,4462.88,4462.88,4462.88,0,0
20110105,4462.88,4462.88,4462.88,4462.88,0,0
20110107,4462.88,4462.88,4462.88,4462.88,0,0
20110110,4462.88,4462.88,4462.88,4462.88,0,0
20110111,4462.88,4462.88,4462.88,4462.88,0,0
20110112,4462.88,4462.88,4462.88,4462.88,0,0
20110113,4462.88,4462.88,4462.88,4462.88,0,0
20110114,4462.88,4462.88,4462.88,4462.88,0,0
20110117,4462.88,4462.88,4462.88,4462.88,0,0
20110118,4462.88,4462.88,4462.88,4462.88,0,0
20110119,4462.88,4462.88,4462.88,4462.88,0,0
20110120,4462.88,4462.88,4462.88,4462.88,0,0
20110121,4462.88,4462.88,4462.88,4462.88,0,0
20110124,4462.88,4462.88,4462.88,4462.88,0,0
20110125,4462.88,4462.88,4462.88,4462.88,0,0
20110126,4462.88,4462.88,4462.88,4462.88,0,0
20110127,4462.88,4462.88,4462.88,4462.88,0,0
20110128,4462.88,4462.88,4462.88,4462.88,0,0
20110131,4462.88,4462.88,4462.88,4462.88,0,0
20110201,4462.88,4462.88,4462.88,4462.88,0,0
20110202,4462.88,4462.88,4462.88,4462.88,0,0
20110203,4462.88,4462.88,4462.88,4462.88,0,0
20110204,4462.88,4462.88,4462.88,4462.88,0,0
20110207,4462.88,4462.88,4462.88,4462.88,0,0
20110208,4462.88,4462.88,4462.88,4462.88,0,0
20110209,4462.88,4462.88,4462.88,4462.88,0,0
20110210,4462.88,4462.88,4462.88,4462.88,0,0
20110211,4462.88,4462.88,4462.88,4462.88,0,0
20110214,4462.88,4462.88,4462.88,4462.88,0,0
20110215,4462.88,4462.88,4462.88,4462.88,0,0
20110216,4462.88,4462.88,4462.88,4462.88,0,0
20110217,4462.88,4462.88,4462.88,4462.88,0,0
20110218,4462.88,4462.88,4462.88,4462.88,0,0
20110221,4462.88,4462.88,4462.88,4462.88,0,0
20110222,4462.88,4462.88,4462.88,4462.88,0,0
20110223,4462.88,4484.11,4462.88,4484.11,0,0
20110224,4484.11,4484.11,4484.11,4484.11,0,0
20110225,4484.11,4484.11,4484.11,4484.11,0,0
20110228,4484.11,4506.99,4484.11,4506.99,0,0
20110301,4506.99,4506.99,4506.99,4506.99,0,0
20110302,4506.99,4524.86,4506.99,4524.86,0,0
20110303,4524.86,4529.67,4524.86,4529.67,0,0
20110304,4529.67,4529.67,4529.67,4529.67,0,0
20110307,4529.67,4529.67,4529.67,4529.67,0,0
20110308,4529.67,4529.67,4529.67,4529.67,0,0
20110309,4529.67,4529.67,4529.67,4529.67,0,0
20110310,4529.67,4529.67,4529.67,4529.67,0,0
20110311,4529.67,4529.67,4529.67,4529.67,0,0
20110314,4529.67,4529.67,4529.67,4529.67,0,0
20110315,4529.67,4529.67,4529.67,4529.67,0,0
20110316,4529.67,4549.43,4529.67,4549.43,0,0
20110317,4549.43,4586.38,4549.43,4586.38,0,0
20110318,4586.38,4586.38,4586.38,4586.38,0,0
20110321,4586.38,4599.73,4586.38,4599.73,0,0
20110322,4599.73,4599.73,4595.57,4595.57,0,0
20110323,4595.57,4595.57,4595.57,4595.57,0,0
20110324,4595.57,4599.98,4595.57,4599.98,0,0
20110325,4599.98,4599.98,4599.98,4599.98,0,0
20110328,4599.98,4599.98,4599.98,4599.98,0,0
20110329,4599.98,4599.98,4599.98,4599.98,0,0
20110330,4599.98,4599.98,4599.98,4599.98,0,0
20110331,4599.98,4599.98,4599.98,4599.98,0,0
20110401,4599.98,4599.98,4599.98,4599.98,0,0
20110404,4599.98,4599.98,4599.98,4599.98,0,0
20110405,4599.98,4599.98,4599.98,4599.98,0,0
20110406,4599.98,4599.98,4599.98,4599.98,0,0
20110407,4599.98,4599.98,4599.98,4599.98,0,0
20110408,4599.98,4599.98,4599.98,4599.98,0,0
20110411,4599.98,4599.98,4599.98,4599.98,0,0
20110412,4599.98,4599.98,4599.98,4599.98,0,0
20110413,4599.98,4599.98,4599.98,4599.98,0,0
20110414,4599.98,4599.98,4599.98,4599.98,0,0
20110415,4599.98,4599.98,4599.98,4599.98,0,0
20110418,4613.63,4613.63,4613.63,4613.63,0,0
20110419,4613.63,4613.63,4613.63,4613.63,0,0
20110420,4613.63,4613.63,4613.63,4613.63,0,0
20110421,4613.63,4613.63,4613.63,4613.63,0,0
20110426,4613.63,4613.63,4613.63,4613.63,0,0
20110427,4613.63,4613.63,4613.63,4613.63,0,0
20110428,4613.63,4613.63,4613.63,4613.63,0,0
20110429,4613.63,4613.63,4613.63,4613.63,0,0
20110502,4613.63,4614.03,4613.63,4614.03,0,0
20110504,4614.03,4614.03,4614.03,4614.03,0,0
20110505,4614.03,4614.03,4611.9,4611.9,0,0
20110506,4611.9,4611.9,4611.9,4611.9,0,0
20110509,4611.9,4611.9,4609.78,4609.78,0,0
20110510,4609.78,4609.78,4599.31,4599.31,0,0
20110511,4599.31,4599.31,4599.31,4599.31,0,0
20110512,4599.31,4599.31,4599.31,4599.31,0,0
20110513,4599.31,4599.31,4560.8,4560.8,0,0
20110516,4560.8,4560.8,4560.8,4560.8,0,0
20110517,4560.8,4645.17,4560.8,4645.17,0,0
20110518,4645.17,4646.31,4645.17,4646.31,0,0
20110519,4646.31,4670.88,4646.31,4670.88,0,0
20110520,4670.88,4670.88,4670.88,4670.88,0,0
20110523,4670.88,4670.88,4670.88,4670.88,0,0
20110524,4670.88,4670.88,4670.88,4670.88,0,0
20110525,4670.88,4670.88,4670.88,4670.88,0,0
20110526,4670.88,4670.88,4670.88,4670.88,0,0
20110527,4670.88,4670.88,4670.88,4670.88,0,0
20110530,4670.88,4670.88,4670.88,4670.88,0,0
20110531,4670.88,4670.88,4670.88,4670.88,0,0
20110601,4695.75,4695.75,4695.75,4695.75,0,0
20110602,4695.75,4696.49,4695.75,4696.49,0,0
20110603,4696.49,4696.49,4696.49,4696.49,0,0
20110606,4696.49,4696.49,4696.49,4696.49,0,0
20110607,4696.49,4696.49,4696.49,4696.49,0,0
20110608,4696.49,4696.49,4696.49,4696.49,0,0
20110609,4696.49,4696.49,4696.49,4696.49,0,0
20110610,4696.49,4696.49,4696.49,4696.49,0,0
20110613,4696.49,4696.49,4696.49,4696.49,0,0
20110614,4696.49,4696.49,4696.49,4696.49,0,0
20110615,4696.49,4696.49,4696.49,4696.49,0,0
20110616,4696.49,4696.49,4696.49,4696.49,0,0
20110617,4696.49,4696.49,4696.49,4696.49,0,0
20110620,4696.49,4696.49,4696.49,4696.49,0,0
20110621,4696.49,4696.49,4696.49,4696.49,0,0
20110622,4696.49,4696.49,4696.49,4696.49,0,0
20110624,4696.49,4696.49,4696.49,4696.49,0,0
20110627,4696.49,4696.49,4696.49,4696.49,0,0
20110628,4696.49,4696.49,4696.49,4696.49,0,0
20110629,4696.49,4696.49,4696.49,4696.49,0,0
20110630,4696.49,4696.49,4696.49,4696.49,0,0
20110701,4696.49,4696.49,4696.49,4696.49,0,0
20110704,4696.49,4696.49,4696.49,4696.49,0,0
20110705,4696.49,4696.49,4696.49,4696.49,0,0
20110706,4696.49,4696.49,4696.49,4696.49,0,0
20110707,4696.49,4696.49,4696.49,4696.49,0,0
20110708,4696.49,4696.49,4696.49,4696.49,0,0
20110711,4696.49,4696.49,4696.49,4696.49,0,0
20110712,4696.49,4696.49,4696.49,4696.49,0,0
20110713,4696.49,4696.49,4696.49,4696.49,0,0
20110714,4696.49,4696.49,4696.49,4696.49,0,0
20110715,4696.49,4696.49,4696.49,4696.49,0,0
20110718,4696.49,4696.49,4696.49,4696.49,0,0
20110719,4696.49,4696.49,4696.49,4696.49,0,0
20110720,4696.49,4696.49,4696.49,4696.49,0,0
20110721,4696.49,4696.49,4696.49,4696.49,0,0
20110722,4696.49,4696.49,4696.49,4696.49,0,0
20110725,4696.49,4696.49,4696.49,4696.49,0,0
20110726,4696.49,4696.49,4696.49,4696.49,0,0
20110727,4696.49,4696.49,4696.49,4696.49,0,0
20110728,4696.49,4696.49,4696.49,4696.49,0,0
20110729,4696.49,4696.49,4696.49,4696.49,0,0
20110801,4696.49,4696.49,4696.49,4696.49,0,0
20110802,4696.49,4696.49,4696.49,4696.49,0,0
20110803,4696.49,4696.49,4696.49,4696.49,0,0
20110804,4696.49,4696.49,4696.49,4696.49,0,0
20110805,4696.49,4696.49,4696.49,4696.49,0,0
20110808,4696.49,4696.49,4696.49,4696.49,0,0
20110809,4696.49,4696.49,4696.49,4696.49,0,0
20110810,4696.49,4696.49,4696.49,4696.49,0,0
20110811,4696.49,4696.49,4696.49,4696.49,0,0
20110812,4696.49,4774.38,4696.49,4774.38,0,0
20110816,4774.38,4774.38,4774.38,4774.38,0,0
20110817,4774.38,4774.58,4774.38,4774.58,0,0
20110818,4774.58,4774.58,4774.58,4774.58,0,0
20110819,4774.58,4774.58,4774.58,4774.58,0,0
20110822,4774.58,4774.58,4774.58,4774.58,0,0
20110823,4774.58,4774.58,4774.58,4774.58,0,0
20110824,4774.58,4774.58,4774.58,4774.58,0,0
20110825,4774.58,4783.57,4774.58,4783.57,0,0
20110826,4783.57,4783.57,4780.25,4780.25,0,0
20110829,4780.25,4816.85,4780.25,4816.85,0,0
20110830,4816.85,4826.89,4816.85,4826.89,0,0
20110831,4826.89,4826.89,4817.95,4817.95,0,0
20110901,4817.95,6184.2,4817.95,6184.2,0,0
20110902,6184.2,6184.2,6168.24,6168.24,0,0
20110905,6168.24,6169.54,6168.24,6169.54,0,0
20110906,6169.54,6169.54,6169.54,6169.54,0,0
20110907,6169.54,6169.54,6169.54,6169.54,0,0
20110908,6169.54,6169.54,6169.54,6169.54,0,0
20110909,6169.54,6169.54,6169.54,6169.54,0,0
20110912,6169.54,6169.54,6169.54,6169.54,0,0
20110913,6169.54,6169.54,6169.54,6169.54,0,0
20110914,6169.54,6169.54,6169.54,6169.54,0,0
20110915,6169.54,6169.54,6169.54,6169.54,0,0
20110916,6169.54,6169.54,6169.54,6169.54,0,0
20110919,6169.54,6169.54,6169.54,6169.54,0,0
20110920,6169.54,6169.54,6169.54,6169.54,0,0
20110921,6169.54,6169.54,6169.54,6169.54,0,0
20110922,6169.54,6169.54,6169.54,6169.54,0,0
20110923,6169.54,6169.54,6169.54,6169.54,0,0
20110926,6169.54,6169.54,6169.54,6169.54,0,0
20110927,6169.54,6169.54,6169.54,6169.54,0,0
20110928,6169.54,6169.54,6169.54,6169.54,0,0
20110929,6169.54,6169.54,6169.54,6169.54,0,0
20110930,6169.54,6169.54,6169.54,6169.54,0,0
20111003,6169.54,6169.54,6169.54,6169.54,0,0
20111004,6169.54,6169.54,6169.54,6169.54,0,0
20111005,6169.54,6169.54,6169.54,6169.54,0,0
20111006,6169.54,6169.54,6169.54,6169.54,0,0
20111007,6142.58,6142.58,6142.58,6142.58,0,0
20111010,6142.58,6142.58,6142.58,6142.58,0,0
20111011,6142.58,6142.58,6142.58,6142.58,0,0
20111012,6142.58,6142.58,6142.58,6142.58,0,0
20111013,6142.58,6142.58,6142.58,6142.58,0,0
20111014,6142.58,6142.58,6142.58,6142.58,0,0
20111017,6142.58,6142.58,6142.58,6142.58,0,0
20111018,6142.58,6142.58,6142.58,6142.58,0,0
20111019,6142.58,6142.58,6142.58,6142.58,0,0
20111020,6142.58,6142.58,6142.58,6142.58,0,0
20111021,6142.58,6142.58,6142.58,6142.58,0,0
20111024,6142.58,6142.58,6142.58,6142.58,0,0
20111025,6142.58,6142.58,6142.58,6142.58,0,0
20111026,6142.58,6142.58,6142.58,6142.58,0,0
20111027,6142.58,6142.58,6142.58,6142.58,0,0
20111028,6142.58,6142.58,6142.58,6142.58,0,0
20111031,6142.58,6142.58,6142.58,6142.58,0,0
20111102,6142.58,6142.58,6142.58,6142.58,0,0
20111103,6142.58,6142.58,6142.58,6142.58,0,0
20111104,6142.58,6142.58,6142.58,6142.58,0,0
20111107,6142.58,6142.58,6142.58,6142.58,0,0
20111108,6142.58,6142.58,6142.58,6142.58,0,0
20111109,6142.58,6142.58,6142.58,6142.58,0,0
20111110,6142.58,6142.58,6142.58,6142.58,0,0
20111114,6142.58,6142.58,6142.58,6142.58,0,0
20111115,6142.58,6142.58,5797.84,5797.84,0,0
20111116,5797.84,5808.26,5797.84,5808.26,0,0
20111117,5808.26,5839.97,5808.26,5839.97,0,0
20111118,5839.97,5839.97,5839.97,5839.97,0,0
20111121,5839.97,5839.97,5839.97,5839.97,0,0
20111122,5839.97,5839.97,5839.97,5839.97,0,0
20111123,5839.97,5839.97,5839.97,5839.97,0,0
20111124,5839.97,5839.97,5839.97,5839.97,0,0
20111125,5839.97,5839.97,5839.97,5839.97,0,0
20111128,5839.97,5839.97,5839.97,5839.97,0,0
20111129,5839.97,5839.97,5839.97,5839.97,0,0
20111130,5839.97,5839.97,5839.97,5839.97,0,0
20111201,5839.97,5839.97,5839.97,5839.97,0,0
20111202,5839.97,5839.97,5839.97,5839.97,0,0
20111205,5839.97,5839.97,5839.97,5839.97,0,0
20111206,5839.97,5839.97,5839.97,5839.97,0,0
20111207,5839.97,5839.97,5839.97,5839.97,0,0
20111208,5839.97,5839.97,5839.97,5839.97,0,0
20111209,5839.97,5839.97,5839.97,5839.97,0,0
20111212,5839.97,5839.97,5839.97,5839.97,0,0
20111213,5839.97,5839.97,5839.97,5839.97,0,0
20111214,5839.97,5839.97,5839.97,5839.97,0,0
20111215,5839.97,5839.97,5839.97,5839.97,0,0
20111216,5839.97,5839.97,5839.97,5839.97,0,0
20111219,5839.97,5839.97,5839.97,5839.97,0,0
20111220,5839.97,5839.97,5839.97,5839.97,0,0
20111221,5839.97,5839.97,5839.97,5839.97,0,0
20111222,5839.97,5839.97,5839.97,5839.97,0,0
20111223,5839.97,5839.97,5839.97,5839.97,0,0
20111227,5839.97,5839.97,5839.97,5839.97,0,0
20111228,5839.97,5839.97,5839.97,5839.97,0,0
20111229,5839.97,5839.97,5839.97,5839.97,0,0
20111230,5839.97,5839.97,5839.97,5839.97,0,0
20120102,5839.97,5839.97,5839.97,5839.97,0,0
20120103,5839.97,5839.97,5839.97,5839.97,0,0
20120104,5839.97,5839.97,5839.97,5839.97,0,0
20120105,5839.97,5839.97,5839.97,5839.97,0,0
20120109,5809.94,5809.94,5809.94,5809.94,0,0
20120110,5809.94,5809.94,5809.94,5809.94,0,0
20120111,5809.94,5809.94,5809.94,5809.94,0,0
20120112,5809.94,5809.94,5809.94,5809.94,0,0
20120113,5809.94,5809.94,5809.94,5809.94,0,0
20120116,5809.94,5809.94,5809.94,5809.94,0,0
20120117,5809.94,5809.94,5809.94,5809.94,0,0
20120118,5809.94,5809.94,5809.94,5809.94,0,0
20120119,5809.94,5809.94,5809.94,5809.94,0,0
20120120,5809.94,5809.94,5809.94,5809.94,0,0
20120123,5809.94,5809.94,5809.94,5809.94,0,0
20120124,5809.94,5809.94,5809.94,5809.94,0,0
20120125,5809.94,5809.94,5809.94,5809.94,0,0
20120126,5809.94,5809.94,5809.94,5809.94,0,0
20120127,5809.94,5809.94,5809.94,5809.94,0,0
20120130,5809.94,5809.94,5809.94,5809.94,0,0
20120131,5809.94,5809.94,5809.94,5809.94,0,0
20120201,5809.94,5809.94,5809.94,5809.94,0,0
20120202,5809.94,5809.94,5809.94,5809.94,0,0
20120203,5809.94,5809.94,5809.94,5809.94,0,0
20120206,5809.94,5809.94,5809.94,5809.94,0,0
20120207,5809.94,5809.94,5809.94,5809.94,0,0
20120208,5809.94,5809.94,5809.94,5809.94,0,0
20120209,5809.94,5809.94,5809.94,5809.94,0,0
20120210,5809.94,5809.94,5809.94,5809.94,0,0
20120213,5809.94,5809.94,5809.94,5809.94,0,0
20120214,5809.94,5809.94,5809.94,5809.94,0,0
20120215,5809.94,5809.94,5809.94,5809.94,0,0
20120216,5809.94,5809.94,5809.94,5809.94,0,0
20120217,5809.94,5819.92,5809.94,5819.92,0,0
20120220,5819.92,5819.92,5819.92,5819.92,0,0
20120221,5819.92,5819.92,5819.92,5819.92,0,0
20120222,5819.92,5825.69,5819.92,5825.69,0,0
20120223,5825.69,5825.69,5825.69,5825.69,0,0
20120224,5825.69,5825.69,5825.69,5825.69,0,0
20120227,5825.69,5825.69,5825.69,5825.69,0,0
20120228,5825.69,5825.69,5825.69,5825.69,0,0
20120229,5825.69,5835.34,5825.69,5835.34,0,0
20120301,5835.34,5835.34,5835.34,5835.34,0,0
20120302,5835.34,5844.44,5835.34,5844.44,0,0
20120305,5844.44,5846.36,5844.44,5846.36,0,0
20120306,5846.36,5846.36,5846.36,5846.36,0,0
20120307,5846.36,5846.36,5846.36,5846.36,0,0
20120308,5846.36,5846.36,5846.36,5846.36,0,0
20120309,5846.36,5848.83,5846.36,5848.83,0,0
20120312,5848.83,5848.83,5848.83,5848.83,0,0
20120313,5848.83,5848.83,5848.83,5848.83,0,0
20120314,5848.83,5926.06,5848.83,5926.06,0,0
20120315,5926.06,5926.06,5926.06,5926.06,0,0
20120316,5926.06,5926.06,5926.06,5926.06,0,0
20120319,5931.27,5963.03,5931.27,5963.03,0,0
20120320,5905.26,5905.26,5905.26,5905.26,0,0
20120321,5905.26,5910.32,5905.26,5910.32,0,0
20120322,5910.32,5910.32,5910.32,5910.32,0,0
20120323,5910.32,5910.32,5910.32,5910.32,0,0
20120326,5910.32,5910.32,5910.32,5910.32,0,0
20120327,5910.32,5910.32,5910.32,5910.32,0,0
20120328,5910.32,5910.32,5910.32,5910.32,0,0
20120329,5910.32,5910.32,5910.32,5910.32,0,0
20120330,5910.32,5910.32,5910.32,5910.32,0,0
20120402,5910.32,5910.32,5910.32,5910.32,0,0
20120403,5910.32,5910.32,5910.32,5910.32,0,0
20120404,5910.32,5910.32,5910.32,5910.32,0,0
20120405,5910.32,5910.32,5910.32,5910.32,0,0
20120410,5910.32,5910.32,5910.32,5910.32,0,0
20120411,5910.32,5910.32,5910.32,5910.32,0,0
20120412,5910.32,5910.32,5910.32,5910.32,0,0
20120413,5910.32,5910.32,5910.32,5910.32,0,0
20120416,5910.32,5910.32,5910.32,5910.32,0,0
20120417,5910.32,5910.32,5910.32,5910.32,0,0
20120418,5910.32,5910.32,5910.32,5910.32,0,0
20120419,5910.32,5910.32,5910.32,5910.32,0,0
20120420,5910.32,5910.32,5910.32,5910.32,0,0
20120423,5910.32,5910.32,5910.32,5910.32,0,0
20120424,5910.32,5910.32,5910.32,5910.32,0,0
20120425,5910.32,5910.32,5910.32,5910.32,0,0
20120426,5910.32,5910.32,5910.32,5910.32,0,0
20120427,5910.32,5910.32,5910.32,5910.32,0,0
20120430,5910.32,5910.32,5910.32,5910.32,0,0
20120502,5910.32,5910.44,5910.32,5910.44,0,0
20120504,5910.44,5910.44,5910.43,5910.43,0,0
20120507,5910.43,5910.43,5910.43,5910.43,0,0
20120508,5910.43,5910.43,5909.42,5909.42,0,0
20120509,5909.42,5909.42,5909.42,5909.42,0,0
20120510,5909.42,5909.42,5909.42,5909.42,0,0
20120511,5909.42,5909.42,5909.42,5909.42,0,0
20120514,5909.42,6056.71,5909.42,6056.71,0,0
20120515,6056.71,6056.73,6056.71,6056.73,0,0
20120516,6056.73,6255.47,6056.73,6255.47,0,0
20120517,6255.47,6258.2,6255.47,6258.2,0,0
20120518,6258.2,6277.76,6258.2,6277.76,0,0
20120521,6277.76,6277.76,6277.76,6277.76,0,0
20120522,6277.76,6277.76,6268.93,6268.93,0,0
20120523,6268.93,6268.93,6268.93,6268.93,0,0
20120524,6268.93,6268.93,6268.93,6268.93,0,0
20120525,6268.93,6268.93,6268.93,6268.93,0,0
20120528,6268.93,6268.93,6268.93,6268.93,0,0
20120529,6268.93,6268.93,6268.93,6268.93,0,0
20120530,6268.93,6268.93,6268.93,6268.93,0,0
20120531,6268.93,6268.93,6268.93,6268.93,0,0
20120601,6268.93,6268.93,6268.93,6268.93,0,0
20120604,6268.93,6268.93,6268.93,6268.93,0,0
20120605,6268.93,6268.93,6268.93,6268.93,0,0
20120606,6268.93,6268.93,6268.93,6268.93,0,0
20120608,6268.93,6268.93,6268.93,6268.93,0,0
20120611,6268.93,6268.93,6268.93,6268.93,0,0
20120612,6268.93,6268.93,6268.93,6268.93,0,0
20120613,6268.93,6268.93,6268.93,6268.93,0,0
20120614,6268.93,6268.93,6268.93,6268.93,0,0
20120615,6268.93,6268.93,6268.93,6268.93,0,0
20120618,6268.93,6268.93,6268.93,6268.93,0,0
20120619,6298.87,6298.87,6298.87,6298.87,0,0
20120620,6298.87,6298.87,6298.87,6298.87,0,0
20120621,6298.87,6298.87,6298.87,6298.87,0,0
20120622,6298.87,6298.87,6298.87,6298.87,0,0
20120625,6298.87,6298.87,6298.87,6298.87,0,0
20120626,6298.87,6298.87,6275.96,6298.87,0,0
20120627,6298.87,6298.87,6298.87,6298.87,0,0
20120628,6298.87,6298.87,6298.87,6298.87,0,0
20120629,6298.87,6298.87,6298.87,6298.87,0,0
20120702,6298.87,6298.87,6298.87,6298.87,0,0
20120703,6298.87,6298.87,6298.87,6298.87,0,0
20120704,6298.87,6298.87,6298.87,6298.87,0,0
20120705,6298.87,6298.87,6298.87,6298.87,0,0
20120706,6298.87,6298.87,6298.87,6298.87,0,0
20120709,6298.87,6298.87,6298.87,6298.87,0,0
20120710,6298.87,6298.87,6298.87,6298.87,0,0
20120711,6298.87,6298.87,6298.87,6298.87,0,0
20120712,6298.87,6298.87,6298.87,6298.87,0,0
20120713,6298.87,6298.87,6298.87,6298.87,0,0
20120716,6298.87,6298.87,6298.87,6298.87,0,0
20120717,6298.87,6298.87,6298.87,6298.87,0,0
20120718,6298.87,6298.87,6298.87,6298.87,0,0
20120719,6298.87,6298.87,6298.87,6298.87,0,0
20120720,6298.87,6298.87,6298.87,6298.87,0,0
20120723,6298.87,6298.87,6298.87,6298.87,0,0
20120724,6298.87,6298.87,6298.87,6298.87,0,0
20120725,6298.87,6298.87,6298.87,6298.87,0,0
20120726,6298.87,6298.87,6298.87,6298.87,0,0
20120727,6298.87,6298.87,6298.87,6298.87,0,0
20120730,6298.87,6298.87,6298.87,6298.87,0,0
20120731,6298.87,6298.87,6298.87,6298.87,0,0
20120801,6298.87,6298.87,6298.87,6298.87,0,0
20120802,6298.87,6298.87,6298.87,6298.87,0,0
20120803,6298.87,6298.87,6298.87,6298.87,0,0
20120806,6298.87,6298.87,6298.87,6298.87,0,0
20120807,6298.87,6298.87,6298.87,6298.87,0,0
20120808,6298.87,6298.87,6298.87,6298.87,0,0
20120809,6298.87,6298.87,6298.87,6298.87,0,0
20120810,6298.87,6298.87,6298.87,6298.87,0,0
20120813,6298.87,6298.87,6013.5,6013.5,0,0
20120814,6013.5,6013.5,6013.5,6013.5,0,0
20120816,6013.5,6013.5,6013.5,6013.5,0,0
20120817,6013.5,6013.5,6013.5,6013.5,0,0
20120820,6013.5,6013.5,6013.5,6013.5,0,0
20120821,6013.5,6013.5,6013.5,6013.5,0,0
20120822,6013.5,6013.5,6013.5,6013.5,0,0
20120823,6013.5,6013.5,6013.5,6013.5,0,0
20120824,6013.5,6013.5,6009.01,6009.01,0,0
20120827,6009.01,6009.01,6009.01,6009.01,0,0
20120828,6009.01,6009.01,6009.01,6009.01,0,0
20120829,6009.01,6009.01,6009.01,6009.01,0,0
20120830,6009.01,6009.01,6000.01,6000.01,0,0
20120831,6000.01,6091.36,6000.01,6091.36,0,0
20120903,6091.36,6091.36,6091.36,6091.36,0,0
20120904,6091.36,6095.54,6091.36,6095.54,0,0
20120905,6095.54,6095.54,6095.03,6095.03,0,0
20120906,6095.03,6095.03,6095.03,6095.03,0,0
20120907,6095.03,6095.03,6095.03,6095.03,0,0
20120910,6095.03,6095.03,6095.03,6095.03,0,0
20120911,6095.03,6095.03,6095.03,6095.03,0,0
20120912,6095.03,6095.03,6095.03,6095.03,0,0
20120913,6095.03,6095.03,6095.03,6095.03,0,0
20120914,6095.03,6095.03,6095.03,6095.03,0,0
20120917,6095.03,6095.03,6095.03,6095.03,0,0
20120918,6095.03,6095.03,6095.03,6095.03,0,0
20120919,6095.03,6095.03,6095.03,6095.03,0,0
20120920,6095.03,6095.03,6095.03,6095.03,0,0
20120921,6095.03,6095.03,6095.03,6095.03,0,0
20120924,6095.03,6095.03,6095.03,6095.03,0,0
20120925,6095.03,6095.03,6095.03,6095.03,0,0
20120926,6084.56,6084.56,6084.56,6084.56,0,0
20120927,6084.56,6084.56,6084.56,6084.56,0,0
20120928,6084.56,6084.56,6084.56,6084.56,0,0
20121001,6084.56,6084.56,6084.56,6084.56,0,0
20121002,6084.56,6084.56,6084.56,6084.56,0,0
20121003,6084.56,6084.56,6084.56,6084.56,0,0
20121004,6084.56,6084.56,6084.56,6084.56,0,0
20121005,6084.56,6084.56,6084.56,6084.56,0,0
20121008,6084.56,6084.56,6084.56,6084.56,0,0
20121009,6084.56,6084.56,6084.56,6084.56,0,0
20121010,6084.56,6084.56,6084.56,6084.56,0,0
20121011,6084.56,6084.56,6084.56,6084.56,0,0
20121012,6084.56,6084.56,6084.56,6084.56,0,0
20121015,6084.56,6084.56,6084.56,6084.56,0,0
20121016,6084.56,6084.56,6084.56,6084.56,0,0
20121017,6084.56,6084.56,6084.56,6084.56,0,0
20121018,6084.56,6084.56,6084.56,6084.56,0,0
20121019,6084.56,6084.56,6084.56,6084.56,0,0
20121022,6084.56,6084.56,6084.56,6084.56,0,0
20121023,6084.56,6084.56,6084.56,6084.56,0,0
20121024,6084.56,6084.56,6084.56,6084.56,0,0
20121025,6084.56,6084.56,6084.56,6084.56,0,0
20121026,6084.56,6084.56,6084.56,6084.56,0,0
20121029,6084.56,6084.56,6084.56,6084.56,0,0
20121030,6084.56,6084.56,6084.56,6084.56,0,0
20121031,6084.56,6084.56,6084.56,6084.56,0,0
20121102,6084.56,6084.56,6084.56,6084.56,0,0
20121105,6084.56,6084.56,6084.56,6084.56,0,0
20121106,6084.56,6084.56,6084.56,6084.56,0,0
20121107,6084.56,6084.56,6084.56,6084.56,0,0
20121108,6084.56,6084.56,6084.56,6084.56,0,0
20121109,6084.56,6143.47,6084.56,6143.47,0,0
20121112,6143.47,6143.47,6135.04,6135.04,0,0
20121113,6135.04,6135.04,6135.04,6135.04,0,0
20121114,6135.04,6135.04,6135.04,6135.04,0,0
20121115,6135.04,6300.72,6135.04,6300.72,0,0
20121116,6300.72,6307.5,6300.72,6307.5,0,0
20121119,6307.5,6313.83,6307.5,6313.83,0,0
20121120,6313.83,6315.33,6313.83,6315.33,0,0
20121121,6315.33,6315.39,6315.33,6315.39,0,0
20121122,6315.39,6315.39,6315.39,6315.39,0,0
20121123,6315.39,6315.39,6315.39,6315.39,0,0
20121126,6315.39,6315.39,6315.39,6315.39,0,0
20121127,6315.39,6316.08,6315.39,6316.08,0,0
20121128,6316.08,6316.08,6316.08,6316.08,0,0
20121129,6316.08,6316.08,6316.08,6316.08,0,0
20121130,6316.08,6316.08,6316.08,6316.08,0,0
20121203,6316.08,6316.08,6316.08,6316.08,0,0
20121204,6316.08,6316.08,6316.08,6316.08,0,0
20121205,6316.08,6316.08,6316.08,6316.08,0,0
20121206,6316.08,6316.08,6316.08,6316.08,0,0
20121207,6316.08,6316.08,6316.08,6316.08,0,0
20121210,6316.08,6316.08,6316.08,6316.08,0,0
20121211,6316.08,6316.08,6316.08,6316.08,0,0
20121212,6316.08,6316.08,6316.08,6316.08,0,0
20121213,6316.08,6316.08,6316.08,6316.08,0,0
20121214,6316.08,6316.08,6316.08,6316.08,0,0
20121217,6316.08,6316.08,6316.08,6316.08,0,0
20121218,6316.08,6316.08,6316.08,6316.08,0,0
20121219,6316.08,6316.08,6316.08,6316.08,0,0
20121220,6316.08,6316.08,6316.08,6316.08,0,0
20121221,6316.08,6316.08,6316.08,6316.08,0,0
20121227,6316.08,6316.08,6316.08,6316.08,0,0
20121228,6316.08,6316.08,6316.08,6316.08,0,0
20130102,6316.08,6316.08,6316.08,6316.08,0,0
20130103,6316.08,6316.08,6316.08,6316.08,0,0
20130104,6316.08,6316.08,6316.08,6316.08,0,0
20130107,6316.08,6316.08,6316.08,6316.08,0,0
20130108,6316.08,6316.08,6316.08,6316.08,0,0
20130109,6316.08,6316.08,6316.08,6316.08,0,0
20130110,6316.08,6316.08,6316.08,6316.08,0,0
20130111,6316.08,6316.08,6316.08,6316.08,0,0
20130114,6316.08,6316.08,6316.08,6316.08,0,0
20130115,6316.08,6316.08,6316.08,6316.08,0,0
20130117,6316.08,6316.08,6316.08,6316.08,0,0
20130118,6316.08,6316.08,6316.08,6316.08,0,0
20130121,6316.08,6316.08,6316.08,6316.08,0,0
20130122,6316.08,6316.08,6316.08,6316.08,0,0
20130123,6316.08,6316.08,6316.08,6316.08,0,0
20130124,6316.08,6316.08,6316.08,6316.08,0,0
20130125,6316.08,6316.08,6316.08,6316.08,0,0
20130128,6316.08,6316.08,6316.08,6316.08,0,0
20130129,6316.08,6316.08,6316.08,6316.08,0,0
20130130,6316.08,6316.08,6316.08,6316.08,0,0
20130131,6316.08,6316.08,6316.08,6316.08,0,0
20130201,6316.08,6316.08,6316.08,6316.08,0,0
20130204,6316.08,6316.08,6316.08,6316.08,0,0
20130205,6316.08,6316.08,6316.08,6316.08,0,0
20130206,6316.08,6316.08,6316.08,6316.08,0,0
20130207,6316.08,6316.08,6316.08,6316.08,0,0
20130208,6316.08,6316.08,6316.08,6316.08,0,0
20130211,6316.08,6316.08,6316.08,6316.08,0,0
20130212,6316.08,6316.08,6316.08,6316.08,0,0
20130213,6316.08,6316.08,6316.08,6316.08,0,0
20130214,6316.08,6316.08,6316.08,6316.08,0,0
20130215,6316.08,6316.08,6316.08,6316.08,0,0
20130218,6316.08,6316.08,6316.08,6316.08,0,0
20130219,6316.08,6316.08,6316.08,6316.08,0,0
20130220,6316.08,6316.08,6316.08,6316.08,0,0
20130221,6316.08,6316.08,6316.08,6316.08,0,0
20130222,6316.08,6316.08,6316.08,6316.08,0,0
20130225,6316.08,6317.41,6316.08,6317.41,0,0
20130226,6317.41,6317.41,6317.41,6317.41,0,0
20130227,6317.41,6317.41,6317.41,6317.41,0,0
20130228,6317.41,6317.41,6317.41,6317.41,0,0
20130301,6317.41,6782.82,6317.41,6782.82,0,0
20130304,6782.82,6783,6782.82,6783,0,0
20130305,6783,6783,6778.7,6778.7,0,0
20130306,6768.93,6778.7,6752.46,6778.7,0,0
20130307,6778.7,6779.02,6778.7,6779.02,0,0
20130308,6779.02,6779.02,6779.02,6779.02,0,0
20130311,6779.02,6779.02,6779.02,6779.02,0,0
20130312,6779.02,6779.02,6779.02,6779.02,0,0
20130313,6779.02,6892.5,6779.02,6892.5,0,0
20130314,6892.5,6892.5,6892.5,6892.5,0,0
20130315,6892.5,6936.09,6892.5,6936.09,0,0
20130318,6936.09,6936.09,6936.09,6936.09,0,0
20130319,6946.79,6946.79,6946.79,6946.79,0,0
20130320,6946.79,6946.79,6946.79,6946.79,0,0
20130321,6946.79,6946.79,6945.18,6945.18,0,0
20130322,6945.18,6945.18,6945.18,6945.18,0,0
20130325,6945.18,6945.18,6945.18,6945.18,0,0
20130326,6945.18,6946.6,6945.18,6946.6,0,0
20130327,6946.6,6946.6,6946.6,6946.6,0,0
20130328,6946.6,6949.05,6946.6,6949.05,0,0
20130402,6949.05,6949.05,6949.05,6949.05,0,0
20130403,6949.05,6949.05,6949.05,6949.05,0,0
20130404,6949.05,6949.05,6949.05,6949.05,0,0
20130405,6949.05,6949.05,6949.05,6949.05,0,0
20130408,6949.05,6949.05,6949.05,6949.05,0,0
20130409,6949.05,6949.05,6949.05,6949.05,0,0
20130410,6949.05,6949.05,6949.05,6949.05,0,0
20130411,6949.05,6949.05,6949.05,6949.05,0,0
20130412,6949.05,6949.05,6949.05,6949.05,0,0
20130415,6949.05,6949.05,6949.05,6949.05,0,0
20130417,6949.05,6949.05,6949.05,6949.05,0,0
20130418,6949.05,6949.05,6949.05,6949.05,0,0
20130419,6949.05,6951.97,6949.05,6951.97,0,0
20130422,6951.97,6951.97,6951.97,6951.97,0,0
20130423,6951.97,6951.97,6951.97,6951.97,0,0
20130424,6951.97,6951.97,6951.97,6951.97,0,0
20130425,6951.97,6951.97,6951.97,6951.97,0,0
20130426,6951.97,6951.97,6951.97,6951.97,0,0
20130429,6951.97,6951.97,6951.97,6951.97,0,0
20130430,6951.97,6951.97,6951.97,6951.97,0,0
20130502,6951.97,6951.97,6951.88,6951.88,0,0
20130506,6951.88,6953.81,6951.88,6953.81,0,0
20130507,6953.81,6953.81,6953.81,6953.81,0,0
20130508,6953.81,6953.81,6953.81,6953.81,0,0
20130509,6953.81,6953.81,6911.65,6911.65,0,0
20130510,6911.65,6911.65,6911.65,6911.65,0,0
20130513,6911.65,6911.65,6909.04,6909.04,0,0
20130514,6909.04,6909.04,6909.04,6909.04,0,0
20130515,6909.04,6909.82,6909.04,6909.82,0,0
20130516,6909.82,7002.93,6909.82,7002.93,0,0
20130517,7002.93,7002.93,7002.93,7002.93,0,0
20130520,7002.93,7002.93,7002.93,7002.93,0,0
20130521,7002.93,7002.93,7002.93,7002.93,0,0
20130522,7002.93,7002.93,7000.07,7000.07,0,0
20130523,7000.07,7042.18,7000.07,7042.18,0,0
20130524,7042.18,7042.62,7042.18,7042.62,0,0
20130527,7042.62,7042.62,7042.62,7042.62,0,0
20130528,7042.62,7045.31,7042.62,7045.31,0,0
20130529,7045.31,7045.31,7045.31,7045.31,0,0
20130531,7045.31,7045.31,7045.31,7045.31,0,0
20130603,7045.31,7045.31,7045.31,7045.31,0,0
20130604,7045.31,7045.31,7045.31,7045.31,0,0
20130605,7045.31,7045.31,7045.31,7045.31,0,0
20130606,7045.31,7045.31,7045.31,7045.31,0,0
20130607,7045.31,7045.31,7045.31,7045.31,0,0
20130610,7045.31,7045.31,7045.31,7045.31,0,0
20130611,7045.31,7045.31,7045.31,7045.31,0,0
20130612,7045.31,7045.31,7045.31,7045.31,0,0
20130613,7045.31,7045.31,7036.98,7036.98,0,0
20130614,7036.98,7036.98,7036.98,7036.98,0,0
20130617,7036.98,7036.98,7036.98,7036.98,0,0
20130618,7036.98,7036.98,7036.98,7036.98,0,0
20130619,7036.98,7036.98,7036.98,7036.98,0,0
20130620,7036.98,7036.98,7036.98,7036.98,0,0
20130621,7036.98,7036.98,7036.98,7036.98,0,0
20130624,7036.98,7036.98,7036.98,7036.98,0,0
20130625,7036.98,7036.98,7036.98,7036.98,0,0
20130626,7036.98,7036.98,7036.98,7036.98,0,0
20130627,7036.98,7036.98,7036.98,7036.98,0,0
20130628,7036.98,7036.98,7036.98,7036.98,0,0
20130701,7036.98,7036.98,7036.98,7036.98,0,0
20130702,7004.04,7004.04,7004.04,7004.04,0,0
20130703,7004.04,7004.04,7004.04,7004.04,0,0
20130704,7004.04,7004.04,7004.04,7004.04,0,0
20130705,7004.04,7004.04,7004.04,7004.04,0,0
20130708,7004.04,7004.04,7004.04,7004.04,0,0
20130709,7004.04,7004.04,7004.04,7004.04,0,0
20130710,7004.04,7004.04,7004.04,7004.04,0,0
20130711,7004.04,7004.04,7004.04,7004.04,0,0
20130712,7004.04,7004.04,7004.04,7004.04,0,0
20130715,7004.04,7004.04,7004.04,7004.04,0,0
20130716,7004.04,7004.04,7004.04,7004.04,0,0
20130717,7004.04,7004.04,7004.04,7004.04,0,0
20130718,7004.04,7004.04,7004.04,7004.04,0,0
20130719,7004.04,7004.04,7004.04,7004.04,0,0
20130722,7004.04,7004.04,7004.04,7004.04,0,0
20130723,7004.04,7004.04,7004.04,7004.04,0,0
20130724,7004.04,7004.04,7004.04,7004.04,0,0
20130725,7004.04,7004.04,7004.04,7004.04,0,0
20130726,7004.04,7004.04,7004.04,7004.04,0,0
20130729,7004.04,7004.04,7004.04,7004.04,0,0
20130730,7004.04,7004.04,7004.04,7004.04,0,0
20130731,7004.04,7004.04,7004.04,7004.04,0,0
20130801,7004.04,7004.04,7004.04,7004.04,0,0
20130802,7004.04,7004.04,7004.04,7004.04,0,0
20130805,7004.04,7004.04,7004.04,7004.04,0,0
20130806,7004.04,7004.04,7004.04,7004.04,0,0
20130807,7004.04,7004.04,7004.04,7004.04,0,0
20130808,7004.04,7004.04,7004.04,7004.04,0,0
20130809,7004.04,7004.04,7004.04,7004.04,0,0
20130812,7004.04,7004.04,7004.04,7004.04,0,0
20130813,7004.04,7004.04,7004.04,7004.04,0,0
20130814,7004.04,7004.04,7004.04,7004.04,0,0
20130816,7004.04,7004.59,7004.04,7004.59,0,0
20130819,7004.59,7004.59,7004.59,7004.59,0,0
20130820,7004.59,7004.59,7004.59,7004.59,0,0
20130821,7004.59,7004.59,7004.59,7004.59,0,0
20130822,7004.59,7004.59,7004.59,7004.59,0,0
20130823,7004.59,7004.59,7004.59,7004.59,0,0
20130826,7004.59,7004.59,7004.59,7004.59,0,0
20130827,7004.59,7004.59,6996.39,6996.39,0,0
20130828,6996.39,6996.39,6740.85,6740.85,0,0
20130829,6740.85,6825.98,6740.85,6825.98,0,0
20130830,6825.98,6825.98,6825.98,6825.98,0,0
20130902,6825.98,6829.08,6825.98,6829.08,0,0
20130903,6829.08,6844.67,6829.08,6844.67,0,0
20130904,6844.67,6844.67,6844.67,6844.67,0,0
20130905,6844.67,6848,6844.67,6848,0,0
20130906,6848,6880.02,6848,6880.02,0,0
20130909,6880.02,6880.02,6880.02,6880.02,0,0
20130910,6880.02,6883.71,6880.02,6883.71,0,0
20130911,6883.71,6883.71,6883.71,6883.71,0,0
20130912,6883.71,6883.71,6883.47,6883.47,0,0
20130913,6883.47,6883.47,6883.47,6883.47,0,0
20130916,6883.47,6883.47,6883.47,6883.47,0,0
20130917,6883.47,6883.47,6883.47,6883.47,0,0
20130918,6883.47,6883.47,6883.47,6883.47,0,0
20130919,6883.47,6883.47,6883.47,6883.47,0,0
20130920,6883.47,6883.47,6883.47,6883.47,0,0
20130923,6883.47,6883.47,6883.47,6883.47,0,0
20130924,7066.46,7066.46,7066.46,7066.46,0,0
20130925,7066.46,7066.46,7066.46,7066.46,0,0
20130926,7066.46,7066.46,7066.46,7066.46,0,0
20130927,7066.46,7066.46,7066.46,7066.46,0,0
20130930,7066.46,7066.46,7066.46,7066.46,0,0
20131001,7066.46,7066.46,7066.46,7066.46,0,0
20131002,7052.76,7052.76,7052.76,7052.76,0,0
20131003,7052.76,7052.76,7052.76,7052.76,0,0
20131004,7052.76,7052.76,7052.76,7052.76,0,0
20131007,7052.76,7052.76,7052.76,7052.76,0,0
20131008,7052.76,7052.76,7052.76,7052.76,0,0
20131009,7052.76,7052.76,7052.76,7052.76,0,0
20131010,7052.76,7052.76,7052.76,7052.76,0,0
20131011,7052.76,7052.76,7052.76,7052.76,0,0
20131014,7052.76,7052.76,7052.76,7052.76,0,0
20131015,7052.76,7052.76,7052.76,7052.76,0,0
20131016,7052.76,7052.76,7052.76,7052.76,0,0
20131017,7052.76,7052.76,7052.76,7052.76,0,0
20131018,7052.76,7052.76,7052.76,7052.76,0,0
20131021,7052.76,7052.76,7052.76,7052.76,0,0
20131022,7052.76,7052.76,7052.76,7052.76,0,0
20131023,7052.76,7052.76,7052.76,7052.76,0,0
20131024,7052.76,7052.76,7052.76,7052.76,0,0
20131025,7052.76,7052.76,7052.76,7052.76,0,0
20131028,7052.76,7052.76,7052.76,7052.76,0,0
20131029,7052.76,7052.76,7052.76,7052.76,0,0
20131030,7052.76,7052.76,7052.76,7052.76,0,0
20131031,7052.76,7052.76,7052.76,7052.76,0,0
20131104,7052.76,7052.76,7052.76,7052.76,0,0
20131105,7052.76,7052.76,7052.76,7052.76,0,0
20131106,7052.76,7052.76,7052.76,7052.76,0,0
20131107,7052.76,7052.76,7052.76,7052.76,0,0
20131108,7052.76,7052.76,7052.76,7052.76,0,0
20131112,7052.76,7052.76,6885.12,6885.12,0,0
20131113,6885.12,6885.12,6885.12,6885.12,0,0
20131114,6885.12,6885.12,6885.12,6885.12,0,0
20131115,6885.12,6885.12,6885.12,6885.12,0,0
20131118,6885.12,7054.22,6885.12,7054.22,0,0
20131119,7054.22,7054.22,7054.22,7054.22,0,0
20131120,7054.22,7061.6,7054.22,7061.6,0,0
20131121,7061.6,7061.6,7061.6,7061.6,0,0
20131122,7061.6,7064.69,7061.6,7064.69,0,0
20131125,7064.69,7064.69,7064.69,7064.69,0,0
20131126,7064.69,7064.69,7064.69,7064.69,0,0
20131127,7064.69,7078.65,7064.69,7078.65,0,0
20131128,7078.65,7078.65,7078.65,7078.65,0,0
20131129,7078.65,7083.43,7078.65,7083.43,0,0
20131202,7083.43,7089.36,7083.43,7089.36,0,0
20131203,7089.36,7089.36,7089.36,7089.36,0,0
20131204,7089.36,7089.36,7089.36,7089.36,0,0
20131205,7089.36,7089.36,7089.36,7089.36,0,0
20131206,7089.36,7089.36,7089.36,7089.36,0,0
20131209,7089.36,7089.36,7089.36,7089.36,0,0
20131210,7089.36,7089.36,7089.36,7089.36,0,0
20131211,7089.36,7089.36,7089.36,7089.36,0,0
20131212,7089.36,7089.36,7089.36,7089.36,0,0
20131213,7089.36,7089.36,7089.36,7089.36,0,0
20131216,7089.36,7089.36,7089.36,7089.36,0,0
20131217,7089.36,7089.36,7089.36,7089.36,0,0
20131218,7089.36,7089.36,7089.36,7089.36,0,0
20131219,7089.36,7089.36,7089.36,7089.36,0,0
20131220,7089.36,7089.36,7089.36,7089.36,0,0
20131223,7089.36,7089.36,7089.36,7089.36,0,0
20131227,7089.36,7089.36,7089.36,7089.36,0,0
20131230,7089.36,7089.36,7089.36,7089.36,0,0
20140102,7089.36,7089.36,7089.36,7089.36,0,0
20140103,7089.36,7089.36,7089.36,7089.36,0,0
20140107,7072.31,7072.31,7072.31,7072.31,0,0
20140108,7072.31,7072.31,7072.31,7072.31,0,0
20140109,7072.31,7072.31,7072.31,7072.31,0,0
20140110,7072.31,7072.31,4808.24,4808.24,0,0
20140113,4808.24,7072.31,4808.24,7072.31,0,0
20140114,7072.31,7072.31,7072.31,7072.31,0,0
20140115,7072.31,7072.31,7072.31,7072.31,0,0
20140116,7072.31,7072.31,7072.31,7072.31,0,0
20140117,7072.31,7072.31,7072.31,7072.31,0,0
20140120,7072.31,7072.31,7072.31,7072.31,0,0
20140121,7072.31,7072.31,7072.31,7072.31,0,0
20140122,7072.31,7072.31,7072.31,7072.31,0,0
20140123,7072.31,7072.31,7072.31,7072.31,0,0
20140124,7072.31,7072.31,7072.31,7072.31,0,0
20140127,7072.31,7072.31,7072.31,7072.31,0,0
20140128,7072.31,7072.31,7072.31,7072.31,0,0
20140129,7072.31,7072.31,7072.31,7072.31,0,0
20140130,7072.31,7072.31,7072.31,7072.31,0,0
20140131,7072.31,7072.31,7072.31,7072.31,0,0
20140203,7072.31,7072.31,7072.31,7072.31,0,0
20140204,7072.31,7072.31,7072.31,7072.31,0,0
20140205,7072.31,7072.31,7072.31,7072.31,0,0
20140206,7072.31,7072.31,7072.31,7072.31,0,0
20140207,7072.31,7072.31,7072.31,7072.31,0,0
20140210,7072.31,7072.31,7072.31,7072.31,0,0
20140211,7072.31,7072.31,7072.31,7072.31,0,0
20140212,7072.31,7072.31,7072.31,7072.31,0,0
20140213,7072.31,7072.31,7072.31,7072.31,0,0
20140214,7072.31,7134.25,7072.31,7134.25,0,0
20140217,7134.25,7134.25,7134.25,7134.25,0,0
20140218,7134.25,7134.25,7134.25,7134.25,0,0
20140219,7134.25,7134.25,7134.25,7134.25,0,0
20140220,7134.25,7134.25,7134.25,7134.25,0,0
20140221,7134.25,7134.25,7134.25,7134.25,0,0
20140224,7134.25,7134.25,7134.25,7134.25,0,0
20140225,7134.25,7134.25,7134.25,7134.25,0,0
20140226,7134.25,7148.92,7134.25,7148.92,0,0
20140227,7148.92,7148.92,7148.92,7148.92,0,0
20140228,7148.92,7148.92,7148.92,7148.92,0,0
20140303,7148.92,7324.55,7148.92,7324.55,0,0
20140304,7138.22,7150.04,7138.22,7150.04,0,0
20140305,7150.04,7150.04,7149.78,7149.78,0,0
20140306,7149.78,7149.78,6004.69,6004.69,0,0
20140307,7149.78,7149.78,7149.78,7149.78,0,0
20140310,7149.78,7149.78,7149.78,7149.78,0,0
20140311,7149.78,7149.78,7149.78,7149.78,0,0
20140312,7149.78,7151.82,7149.78,7151.82,0,0
20140313,7151.82,7151.82,7151.82,7151.82,0,0
20140314,7151.82,7151.82,7151.82,7151.82,0,0
20140317,7151.82,7154.48,7151.82,7154.48,0,0
20140318,7154.48,7154.48,7154.48,7154.48,0,0
20140319,7154.48,7154.48,7154.48,7154.48,0,0
20140320,7154.48,7154.48,7154.48,7154.48,0,0
20140321,7154.48,7154.48,7154.48,7154.48,0,0
20140324,7154.48,7154.48,7154.48,7154.48,0,0
20140325,7171.11,7171.11,7171.11,7171.11,0,0
20140326,7171.11,7171.58,7171.11,7171.58,0,0
20140327,7171.58,7171.58,7171.58,7171.58,0,0
20140328,7181.38,7190.06,7181.38,7190.06,0,0
20140331,7190.06,7190.06,7190.06,7190.06,0,0
20140401,7190.06,7190.06,7190.06,7190.06,0,0
20140402,7173.43,7173.43,7173.43,7173.43,0,0
20140403,7173.43,7173.43,7173.43,7173.43,0,0
20140404,7173.43,7173.43,7173.43,7173.43,0,0
20140407,7173.43,7173.43,7173.43,7173.43,0,0
20140408,7173.43,7173.43,7173.43,7173.43,0,0
20140409,7173.43,7173.43,7173.43,7173.43,0,0
20140410,7173.43,7173.43,7173.43,7173.43,0,0
20140411,7173.43,7173.43,7173.43,7173.43,0,0
20140414,7173.43,7173.43,7173.43,7173.43,0,0
20140415,7173.43,7173.43,7173.43,7173.43,0,0
20140416,7173.43,7173.43,7173.43,7173.43,0,0
20140417,7173.43,7173.43,7173.43,7173.43,0,0
20140422,7173.43,7173.43,7173.43,7173.43,0,0
20140423,7173.43,7173.43,7173.43,7173.43,0,0
20140424,7173.43,7173.43,7173.43,7173.43,0,0
20140425,7173.43,7173.43,7173.43,7173.43,0,0
20140428,7173.43,7173.43,7173.43,7173.43,0,0
20140429,7173.43,7173.43,7173.43,7173.43,0,0
20140430,7173.43,7173.67,7173.43,7173.67,0,0
20140502,7173.67,7173.67,7173.67,7173.67,0,0
20140505,7173.67,7173.67,7173.67,7173.67,0,0
20140506,7173.67,7173.79,7173.67,7173.79,0,0
20140507,7173.79,7173.79,7173.79,7173.79,0,0
20140508,7173.79,7173.79,7171.53,7171.53,0,0
20140509,7171.53,7171.53,7171.53,7171.53,0,0
20140512,7171.53,7171.53,7171.53,7171.53,0,0
20140513,7171.53,7171.53,7171.53,7171.53,0,0
20140514,7171.53,7171.53,7164.21,7164.21,0,0
20140515,7164.21,7195.29,7164.21,7195.29,0,0
20140516,7195.29,7195.29,7195.29,7195.29,0,0
20140519,7195.29,7195.29,7195.29,7195.29,0,0
20140520,7195.29,7195.29,7195.29,7195.29,0,0
20140521,7195.29,7195.29,7195.29,7195.29,0,0
20140522,7195.29,7195.29,7195.29,7195.29,0,0
20140523,7195.29,7195.29,7195.29,7195.29,0,0
20140526,7195.29,7195.29,7195.29,7195.29,0,0
20140527,7195.29,7343.93,7195.29,7343.93,0,0
20140528,7343.93,7343.93,7343.93,7343.93,0,0
20140529,7343.93,7343.93,7343.93,7343.93,0,0
20140530,7343.93,7343.93,7343.93,7343.93,0,0
20140602,7343.93,7343.93,7343.93,7343.93,0,0
20140603,7343.93,7343.93,7343.93,7343.93,0,0
20140604,7343.93,7343.93,7343.93,7343.93,0,0
20140605,7343.93,7343.93,7343.93,7343.93,0,0
20140606,7343.93,7343.93,7343.93,7343.93,0,0
20140609,7343.93,7343.93,7343.93,7343.93,0,0
20140610,7367.04,7367.04,7367.04,7367.04,0,0
20140611,7367.04,7367.04,7367.04,7367.04,0,0
20140612,7367.04,7367.04,7367.04,7367.04,0,0
20140613,7367.04,7367.04,7367.04,7367.04,0,0
20140616,7367.04,7367.04,7367.04,7367.04,0,0
20140617,7367.04,7367.37,7367.04,7367.37,0,0
20140618,7367.37,7367.37,7367.37,7367.37,0,0
20140620,7367.37,7367.37,7367.37,7367.37,0,0
20140623,7367.37,7367.37,7367.37,7367.37,0,0
20140624,7367.37,7367.37,7367.37,7367.37,0,0
20140625,7437.49,7437.49,7437.49,7437.49,0,0
20140626,7437.49,7437.49,7437.49,7437.49,0,0
20140627,7437.49,7439.36,7437.49,7439.36,0,0
20140630,7439.36,7439.36,7439.36,7439.36,0,0
20140701,7439.36,7439.36,7439.36,7439.36,0,0
20140702,7056.51,7056.51,7056.51,7056.51,0,0
20140703,7056.51,7056.51,7056.51,7056.51,0,0
20140704,7056.51,7056.51,7056.51,7056.51,0,0
20140707,7056.51,7056.51,7056.51,7056.51,0,0
20140708,7056.51,7056.51,7056.51,7056.51,0,0
20140709,7056.51,7056.51,7053.02,7053.02,0,0
20140710,7053.02,7053.02,7053.02,7053.02,0,0
20140711,7053.02,7053.02,7053.02,7053.02,0,0
20140714,7053.02,7053.51,7053.02,7053.51,0,0
20140715,7053.51,7053.51,7052.45,7052.45,0,0
20140716,7052.45,7053.64,7052.45,7053.64,0,0
20140717,7053.64,7053.64,7053.64,7053.64,0,0
20140718,7053.64,7054.9,7053.64,7054.9,0,0
20140721,7054.9,7054.9,7054.9,7054.9,0,0
20140722,7054.9,7054.9,7054.9,7054.9,0,0
20140723,7054.9,7054.9,7054.9,7054.9,0,0
20140724,7054.9,7054.9,7051.49,7051.49,0,0
20140725,7051.49,7054.35,7051.49,7054.35,0,0
20140728,7054.35,7054.65,7054.35,7054.65,0,0
20140729,7054.65,7056.14,7054.65,7056.14,0,0
20140730,7056.14,7056.14,7055.94,7055.94,0,0
20140731,7055.94,7055.94,7055.94,7055.94,0,0
20140801,7055.94,7066.11,7055.94,7066.11,0,0
20140804,7066.11,7066.11,7063.25,7063.25,0,0
20140805,7063.25,7063.25,7060.4,7060.4,0,0
20140806,7060.4,7067.57,7060.4,7067.57,0,0
20140807,7067.57,7068.94,7067.57,7068.94,0,0
20140808,7068.94,7074.27,7068.94,7074.27,0,0
20140811,7074.27,7074.27,7069.16,7069.16,0,0
20140812,7069.16,7069.9,7069.16,7069.9,0,0
20140813,7069.9,7069.9,7068.67,7068.67,0,0
20140814,7068.67,7068.67,7062.7,7062.7,0,0
20140818,7062.7,7066.85,7062.7,7066.85,0,0
20140819,7066.85,7066.85,7064.65,7064.65,0,0
20140820,7064.65,7064.65,7063.75,7063.75,0,0
20140821,7063.75,7065.26,7063.75,7065.26,0,0
20140822,7065.26,7065.26,7064.73,7064.73,0,0
20140825,7064.73,7064.73,7064.73,7064.73,0,0
20140826,7064.73,7064.73,7062.7,7062.7,0,0
20140827,7062.7,7097.75,7062.7,7097.75,0,0
20140828,7097.75,13074.31,7097.75,13074.31,0,0
20140829,13074.31,13075.76,13074.31,13075.76,0,0
20140901,13075.76,13075.76,13075.76,13075.76,0,0
20140902,13075.76,14618.72,13075.76,14618.72,0,0
20140903,14618.72,14618.72,14603.61,14603.61,0,0
20140904,14603.61,14607.65,14603.61,14607.65,0,0
20140905,14607.65,14607.65,14605,14605,0,0
20140908,14605,14605,14596.68,14596.68,0,0
20140909,14596.68,14607.21,14596.68,14607.21,0,0
20140910,14607.21,14613.11,14607.21,14613.11,0,0
20140911,14613.11,14613.11,14604.45,14604.45,0,0
20140912,14604.45,14605.86,14604.45,14605.86,0,0
20140915,14605.86,14610.42,14605.86,14610.42,0,0
20140916,14610.42,14610.42,14606.7,14606.7,0,0
20140917,14606.7,14606.7,14602.14,14602.14,0,0
20140918,14602.14,14602.14,14600.93,14600.93,0,0
20140919,14600.93,14600.93,14599.64,14599.64,0,0
20140922,14599.64,14599.64,14599.64,14599.64,0,0
20140923,14599.64,14599.64,14599.64,14599.64,0,0
20140924,14599.64,14599.64,14594.83,14594.83,0,0
20140925,14594.83,14594.83,14593.04,14593.04,0,0
20140926,14593.04,14594.58,14593.04,14594.58,0,0
20140929,14594.58,14598.55,14594.58,14598.55,0,0
20140930,14598.55,14598.55,14592.91,14592.91,0,0
20141001,14592.91,14595.28,14592.91,14595.28,0,0
20141002,14595.28,14595.28,14594.51,14594.51,0,0
20141003,14594.51,14595.09,14594.51,14595.09,0,0
20141006,14595.09,14595.09,14595.09,14595.09,0,0
20141007,14595.09,14597.4,14595.09,14597.4,0,0
20141008,14597.4,14597.4,14597.4,14597.4,0,0
20141009,14597.4,14597.4,14597.4,14597.4,0,0
20141010,14597.4,14597.4,14597.4,14597.4,0,0
20141013,14597.4,14597.4,14597.4,14597.4,0,0
20141014,14597.4,14597.4,14597.4,14597.4,0,0
20141015,14597.4,14597.4,14597.4,14597.4,0,0
20141016,14597.4,14597.4,14597.4,14597.4,0,0
20141017,14597.4,14597.4,14597.4,14597.4,0,0
20141020,14597.4,14597.4,14597.4,14597.4,0,0
20141021,14597.4,14597.4,14597.4,14597.4,0,0
20141022,14597.4,14597.4,14597.4,14597.4,0,0
20141023,14612.38,14612.38,14612.38,14612.38,0,0
20141024,14612.38,14612.38,14612.38,14612.38,0,0
20141027,14612.38,14612.38,14612.38,14612.38,0,0
20141028,14612.38,14640.78,14612.38,14640.78,0,0
20141029,14640.78,14640.78,14640.78,14640.78,0,0
20141030,14640.78,14641.55,14640.78,14641.55,0,0
20141031,14641.55,14641.55,14626.36,14626.36,0,0
20141103,14626.36,14636.08,14626.36,14636.08,0,0
20141104,14636.08,14638.9,14636.08,14638.9,0,0
20141105,14638.9,14642.56,14638.9,14642.56,0,0
20141106,14642.56,14660.48,14642.56,14660.48,0,0
20141107,14660.48,14660.48,14619.82,14619.82,0,0
20141110,14619.82,14619.82,14614.69,14614.69,0,0
20141112,14614.69,14620.08,14614.69,14620.08,0,0
20141113,14620.08,14656.26,14620.08,14656.26,0,0
20141114,14656.26,14661.83,14656.26,14661.83,0,0
20141117,14661.83,14667.65,14661.83,14667.65,0,0
20141118,14667.65,14668.34,14667.65,14668.34,0,0
20141119,14668.34,14668.34,14668.18,14668.18,0,0
20141120,14668.18,14668.18,14666.93,14666.93,0,0
20141121,14666.93,14666.93,14666.93,14666.93,0,0
20141124,14666.93,14666.93,14612.56,14612.56,0,0
20141125,14612.56,14647.07,14612.56,14647.07,0,0
20141126,14647.07,14647.07,14639.64,14639.64,0,0
20141127,14639.64,14641,14639.64,14641,0,0
20141128,14641,14641.45,14641,14641.45,0,0
20141201,14641.45,14641.45,14639.79,14639.79,0,0
20141202,14639.79,14639.79,14629.01,14629.01,0,0
20141203,14629.01,14629.01,14626.06,14626.06,0,0
20141204,14626.06,14626.06,14623.76,14623.76,0,0
20141205,14623.76,14626.77,14623.76,14626.77,0,0
20141208,14626.77,14626.77,14626.77,14626.77,0,0
20141209,14626.77,14627.35,14626.77,14627.35,0,0
20141210,14627.35,14627.41,14627.35,14627.41,0,0
20141211,14627.41,14637.29,14627.41,14637.29,0,0
20141212,14637.29,14640.88,14637.29,14640.88,0,0
20141215,14640.88,14640.88,14638.06,14638.06,0,0
20141216,14638.06,14649.21,14638.06,14649.21,0,0
20141217,14649.21,14671.72,14649.21,14671.72,0,0
20141218,14671.72,14676.78,14671.72,14676.78,0,0
20141219,14676.78,14698.58,14676.78,14698.58,0,0
20141222,14698.58,14698.58,14693.46,14693.46,0,0
20141223,14693.46,14701.02,14693.46,14701.02,0,0
20141229,14701.02,14720.9,14701.02,14720.9,0,0
20141230,14720.9,14726.35,14720.9,14726.35,0,0
