Date,Open,High,Low,Close,Volume,OpenInt
20100709,1.8692,1.8692,1.8692,1.8692,0,0
20100712,1.8771,1.8771,1.7813,1.8132,0,0
20100713,1.8293,1.8293,1.7733,1.7893,0,0
20100714,1.7893,1.8293,1.7893,1.8293,0,0
20100715,1.8293,1.8293,1.8052,1.8293,0,0
20100716,1.8293,1.8293,1.7813,1.8212,0,0
20100719,1.8212,1.8212,1.7893,1.7972,0,0
20100720,1.7893,1.8293,1.7813,1.7972,0,0
20100721,1.8132,1.8212,1.7813,1.8132,0,0
20100722,1.7893,1.7972,1.7813,1.7972,0,0
20100723,1.8132,1.8132,1.7813,1.7972,0,0
20100726,1.8052,1.8052,1.7813,1.7893,0,0
20100727,1.7893,1.7972,1.7813,1.7972,0,0
20100728,1.7813,1.7813,1.7573,1.7813,0,0
20100729,1.7813,1.7813,1.7573,1.7813,0,0
20100730,1.7893,1.7893,1.7333,1.7813,0,0
20100802,1.7813,1.7972,1.7573,1.7813,0,0
20100803,1.7972,1.8132,1.7972,1.8132,0,0
20100804,1.8052,1.8132,1.7972,1.8132,0,0
20100805,1.7813,1.8052,1.7813,1.8052,0,0
20100806,1.8052,1.8052,1.7893,1.7972,0,0
20100809,1.8052,1.8052,1.7813,1.7893,0,0
20100810,1.7893,1.7893,1.7733,1.7813,0,0
20100811,1.7893,1.7893,1.7573,1.7653,0,0
20100812,1.7573,1.7653,1.7174,1.7653,0,0
20100813,1.7573,1.7573,1.7174,1.7573,0,0
20100816,1.7573,1.7573,1.7174,1.7253,0,0
20100817,1.7573,1.7573,1.7253,1.7414,0,0
20100818,1.7494,1.7653,1.7333,1.7414,0,0
20100819,1.7494,1.7494,1.7174,1.7333,0,0
20100820,1.7333,1.7333,1.6934,1.7333,0,0
20100823,1.7015,1.7333,1.7015,1.7253,0,0
20100824,1.7333,1.7333,1.7015,1.7253,0,0
20100825,1.7253,1.7253,1.7015,1.7174,0,0
20100826,1.7174,1.7174,1.6934,1.7015,0,0
20100827,1.6934,1.7094,1.6775,1.6775,0,0
20100830,1.6854,1.7573,1.6775,1.7573,0,0
20100831,1.7733,1.7733,1.6854,1.6854,0,0
20100901,1.7015,1.7094,1.1982,1.1982,0,0
20100902,1.2142,1.294,1.1982,1.294,0,0
20100903,1.31,1.31,1.2621,1.294,0,0
20100906,1.286,1.302,1.2701,1.278,0,0
20100907,1.294,1.4059,1.294,1.3739,0,0
20100908,1.3819,1.3899,1.342,1.3739,0,0
20100909,1.3739,1.4698,1.3579,1.4618,0,0
20100910,1.4618,1.5017,1.4538,1.4618,0,0
20100913,1.4857,1.4857,1.4298,1.4618,0,0
20100914,1.4458,1.4458,1.4378,1.4458,0,0
20100915,1.4458,1.4458,1.4298,1.4378,0,0
20100916,1.4298,1.4538,1.4298,1.4538,0,0
20100917,1.4618,1.4618,1.4298,1.4458,0,0
20100920,1.4618,1.4618,1.4298,1.4538,0,0
20100921,1.4618,1.4618,1.4458,1.4458,0,0
20100922,1.4378,1.4618,1.4298,1.4538,0,0
20100923,1.4618,1.4618,1.4298,1.4378,0,0
20100924,1.4378,1.4378,1.3579,1.4298,0,0
20100927,1.4298,1.4298,1.4139,1.4298,0,0
20100928,1.4298,1.4298,1.3739,1.4218,0,0
20100929,1.4218,1.4298,1.3979,1.4298,0,0
20100930,1.4218,1.4218,1.3899,1.4218,0,0
20101001,1.4218,1.4458,1.3899,1.4378,0,0
20101004,1.4618,1.4618,1.4378,1.4458,0,0
20101005,1.4618,1.4778,1.4458,1.4698,0,0
20101006,1.4698,1.4778,1.4458,1.4618,0,0
20101007,1.4778,1.4778,1.4458,1.4538,0,0
20101008,1.4618,1.4618,1.4458,1.4618,0,0
20101011,1.4698,1.4778,1.4618,1.4698,0,0
20101012,1.4778,1.4778,1.4618,1.4618,0,0
20101013,1.4618,1.4778,1.4458,1.4458,0,0
20101014,1.4618,1.4618,1.4458,1.4618,0,0
20101015,1.4618,1.4618,1.4458,1.4538,0,0
20101018,1.4378,1.4538,1.4378,1.4458,0,0
20101019,1.4458,1.4458,1.4298,1.4378,0,0
20101020,1.4139,1.4378,1.3979,1.4298,0,0
20101021,1.4139,1.4378,1.4139,1.4298,0,0
20101022,1.4458,1.4458,1.4298,1.4458,0,0
20101025,1.4139,1.4618,1.4139,1.4618,0,0
20101026,1.4618,1.4618,1.4458,1.4538,0,0
20101027,1.4618,1.6055,1.4538,1.6055,0,0
20101028,1.6216,1.6296,1.5577,1.5577,0,0
20101029,1.5497,1.6296,1.5417,1.6135,0,0
20101102,1.6216,1.6854,1.6216,1.6854,0,0
20101103,1.7333,1.7333,1.7015,1.7094,0,0
20101104,1.7015,1.7015,1.6296,1.6695,0,0
20101105,1.6695,1.6695,1.5735,1.6216,0,0
20101108,1.6934,1.6934,1.6296,1.6296,0,0
20101109,1.6775,1.6775,1.6296,1.6454,0,0
20101110,1.6454,1.6775,1.6296,1.6615,0,0
20101112,1.6615,1.6615,1.6135,1.6534,0,0
20101115,1.6534,1.6534,1.6216,1.6296,0,0
20101116,1.6615,1.6695,1.6296,1.6615,0,0
20101117,1.6615,1.7094,1.6615,1.6934,0,0
20101118,1.7174,1.7174,1.5816,1.5816,0,0
20101119,1.5816,1.5816,1.5655,1.5735,0,0
20101122,1.5816,1.5816,1.4698,1.4698,0,0
20101123,1.5177,1.5177,1.4936,1.5097,0,0
20101124,1.5177,1.5497,1.5177,1.5497,0,0
20101125,1.5497,1.5577,1.5256,1.5497,0,0
20101126,1.5417,1.5417,1.5177,1.5417,0,0
20101129,1.5256,1.5417,1.5177,1.5336,0,0
20101130,1.5177,1.5497,1.5097,1.5417,0,0
20101201,1.5816,1.6615,1.5816,1.6615,0,0
20101202,1.6695,1.8293,1.6695,1.8052,0,0
20101203,1.8452,1.8452,1.7653,1.7972,0,0
20101206,1.8293,1.8293,1.7972,1.8132,0,0
20101207,1.8132,1.8293,1.7972,1.8293,0,0
20101208,1.8212,1.8293,1.8052,1.8212,0,0
20101209,1.8132,1.8293,1.8052,1.8212,0,0
20101210,1.8052,1.8132,1.8052,1.8132,0,0
20101213,1.8132,1.8132,1.7972,1.8132,0,0
20101214,1.8052,1.8132,1.8052,1.8132,0,0
20101215,1.8052,1.9171,1.7893,1.9091,0,0
20101216,1.941,1.989,1.941,1.981,0,0
20101217,2.0129,2.0129,1.8452,1.8532,0,0
20101220,1.8452,1.8532,1.7494,1.8452,0,0
20101221,1.8771,1.933,1.8452,1.8611,0,0
20101222,1.8771,1.8771,1.8132,1.8452,0,0
20101223,1.8692,1.8692,1.8052,1.8132,0,0
20101227,1.8052,1.8452,1.7653,1.8452,0,0
20101228,1.8611,1.8692,1.8293,1.8692,0,0
20101229,1.8771,1.9011,1.8692,1.8931,0,0
20101230,1.9251,1.933,1.9091,1.9251,0,0
20101231,1.933,1.933,1.8931,1.8931,0,0
20110103,1.933,1.933,1.8692,1.8931,0,0
20110104,1.9171,1.9171,1.8771,1.8931,0,0
20110105,1.8931,1.8931,1.8692,1.8931,0,0
20110107,1.8692,1.9091,1.8692,1.8771,0,0
20110110,1.8931,1.9011,1.8692,1.9011,0,0
20110111,1.8931,1.9011,1.8692,1.9011,0,0
20110112,1.9091,1.9251,1.9091,1.9251,0,0
20110113,1.965,1.965,1.9251,1.941,0,0
20110114,1.933,1.965,1.9011,1.9171,0,0
20110117,1.9171,1.9171,1.8692,1.8931,0,0
20110118,1.9011,2.0689,1.9011,2.0689,0,0
20110119,2.0928,2.0928,2.0129,2.0129,0,0
20110120,2.0049,2.0049,1.941,1.949,0,0
20110121,1.949,1.973,1.8851,1.8851,0,0
20110124,1.9171,1.9171,1.8611,1.8692,0,0
20110125,1.8692,1.8931,1.8052,1.8931,0,0
20110126,1.9171,1.957,1.9171,1.9171,0,0
20110127,1.949,1.949,1.9171,1.9251,0,0
20110128,1.9091,1.9091,1.9091,1.9091,0,0
20110131,1.8931,1.9011,1.8532,1.8931,0,0
20110201,1.8851,1.9011,1.8611,1.8851,0,0
20110202,1.8931,1.8931,1.8692,1.8851,0,0
20110203,1.8851,1.8851,1.8771,1.8771,0,0
20110204,1.8771,1.8851,1.8372,1.8452,0,0
20110207,1.8452,1.8532,1.8212,1.8372,0,0
20110208,1.8293,1.8452,1.8132,1.8452,0,0
20110209,1.8372,1.8692,1.8132,1.8611,0,0
20110210,1.8692,1.8692,1.8132,1.8132,0,0
20110211,1.8132,1.8692,1.8132,1.8692,0,0
20110214,1.8692,1.9011,1.8692,1.8771,0,0
20110215,1.8851,1.8851,1.8532,1.8692,0,0
20110216,1.8611,1.8692,1.8372,1.8532,0,0
20110217,1.8293,1.8532,1.8293,1.8372,0,0
20110218,1.8293,1.8532,1.8212,1.8293,0,0
20110221,1.8293,1.8851,1.8212,1.8851,0,0
20110222,1.8851,1.941,1.8692,1.8851,0,0
20110223,1.9091,1.949,1.8851,1.941,0,0
20110224,1.965,1.965,1.8931,1.8931,0,0
20110225,1.8851,1.9251,1.8851,1.9171,0,0
20110228,1.9011,1.9011,1.8851,1.9011,0,0
20110301,1.9011,1.9171,1.8851,1.9091,0,0
20110302,1.9011,1.9011,1.8372,1.8532,0,0
20110303,1.8692,1.8692,1.7333,1.7333,0,0
20110304,1.7333,1.7414,1.7174,1.7333,0,0
20110307,1.7333,1.7333,1.7015,1.7253,0,0
20110308,1.7333,1.7333,1.7015,1.7174,0,0
20110309,1.7094,1.7094,1.5577,1.6375,0,0
20110310,1.6615,1.6615,1.5735,1.5896,0,0
20110311,1.5976,1.6135,1.5177,1.5577,0,0
20110314,1.5577,1.5577,1.5017,1.5017,0,0
20110315,1.5017,1.5177,1.4378,1.5177,0,0
20110316,1.5256,1.6135,1.5256,1.5735,0,0
20110317,1.6135,1.6135,1.5735,1.6135,0,0
20110318,1.6216,1.6296,1.5976,1.6135,0,0
20110321,1.6135,1.6135,1.5816,1.5816,0,0
20110322,1.5976,1.5976,1.5497,1.5735,0,0
20110323,1.5896,1.5896,1.5577,1.5896,0,0
20110324,1.5816,1.5896,1.5577,1.5816,0,0
20110325,1.5735,1.5816,1.5417,1.5735,0,0
20110328,1.5577,1.5577,1.5017,1.5097,0,0
20110329,1.5497,1.5655,1.4936,1.5336,0,0
20110330,1.5497,1.5816,1.5017,1.5097,0,0
20110331,1.5336,1.5336,1.4778,1.4778,0,0
20110401,1.5017,1.5177,1.4778,1.5097,0,0
20110404,1.5097,1.5417,1.4936,1.5097,0,0
20110405,1.5417,1.5417,1.5097,1.5336,0,0
20110406,1.5417,1.5417,1.5097,1.5336,0,0
20110407,1.5336,1.5336,1.5017,1.5017,0,0
20110408,1.5097,1.5097,1.4618,1.4778,0,0
20110411,1.4618,1.4778,1.4378,1.4538,0,0
20110412,1.4618,1.4618,1.4378,1.4538,0,0
20110413,1.4538,1.4778,1.4378,1.4778,0,0
20110414,1.4778,1.4778,1.4298,1.4538,0,0
20110415,1.4618,1.4618,1.3899,1.4298,0,0
20110418,1.4698,1.5497,1.4698,1.5017,0,0
20110419,1.5417,1.5816,1.5017,1.5497,0,0
20110420,1.5577,1.6135,1.5577,1.6135,0,0
20110421,1.6216,1.6615,1.6216,1.6375,0,0
20110426,1.6534,1.6534,1.5735,1.6216,0,0
20110427,1.6216,1.6375,1.5735,1.6375,0,0
20110428,1.6454,1.6695,1.6296,1.6615,0,0
20110429,1.6695,1.6775,1.6695,1.6775,0,0
20110502,1.6775,1.6775,1.6216,1.6615,0,0
20110504,1.6454,1.6615,1.6135,1.6615,0,0
20110505,1.6615,1.6615,1.6375,1.6615,0,0
20110506,1.6534,1.6615,1.6216,1.6615,0,0
20110509,1.6615,1.6615,1.6454,1.6615,0,0
20110510,1.6534,1.6615,1.6454,1.6615,0,0
20110511,1.6615,1.6615,1.6375,1.6454,0,0
20110512,1.6375,1.6375,1.5896,1.6216,0,0
20110513,1.6055,1.6216,1.6055,1.6135,0,0
20110516,1.6296,1.6534,1.6135,1.6216,0,0
20110517,1.6375,1.6375,1.4698,1.4698,0,0
20110518,1.4698,1.4857,1.4458,1.4458,0,0
20110519,1.4857,1.5256,1.4778,1.5177,0,0
20110520,1.5177,1.5256,1.4458,1.4936,0,0
20110523,1.5177,1.5177,1.4458,1.4778,0,0
20110524,1.4936,1.4936,1.4378,1.4378,0,0
20110525,1.4378,1.4378,1.3979,1.4378,0,0
20110526,1.4458,1.4538,1.4218,1.4538,0,0
20110527,1.4378,1.4538,1.4378,1.4458,0,0
20110530,1.4538,1.4538,1.4458,1.4538,0,0
20110531,1.4538,1.4618,1.4378,1.4618,0,0
20110601,1.4698,1.4778,1.4378,1.4538,0,0
20110602,1.4378,1.4538,1.4218,1.4538,0,0
20110603,1.4618,1.4618,1.4378,1.4538,0,0
20110606,1.4538,1.4538,1.4218,1.4298,0,0
20110607,1.4218,1.4298,1.4218,1.4218,0,0
20110608,1.4218,1.4218,1.3579,1.3819,0,0
20110609,1.342,1.3579,1.342,1.3579,0,0
20110610,1.3579,1.3579,1.302,1.326,0,0
20110613,1.31,1.342,1.278,1.31,0,0
20110614,1.294,1.31,1.286,1.294,0,0
20110615,1.294,1.3499,1.294,1.3499,0,0
20110616,1.342,1.3499,1.318,1.342,0,0
20110617,1.3499,1.3499,1.318,1.334,0,0
20110620,1.326,1.334,1.294,1.294,0,0
20110621,1.294,1.31,1.294,1.31,0,0
20110622,1.31,1.31,1.294,1.302,0,0
20110624,1.31,1.31,1.2621,1.278,0,0
20110627,1.1982,1.2541,1.1982,1.2461,0,0
20110628,1.31,1.31,1.2461,1.294,0,0
20110629,1.318,1.3739,1.318,1.3739,0,0
20110630,1.4139,1.4378,1.3979,1.4298,0,0
20110701,1.4458,1.4458,1.3899,1.4218,0,0
20110704,1.4378,1.4618,1.4218,1.4298,0,0
20110705,1.4378,1.4378,1.3579,1.4139,0,0
20110706,1.3979,1.3979,1.3579,1.3579,0,0
20110707,1.3579,1.3819,1.3579,1.3739,0,0
20110708,1.3739,1.3819,1.3579,1.3579,0,0
20110711,1.3739,1.3739,1.334,1.334,0,0
20110712,1.326,1.326,1.2701,1.318,0,0
20110713,1.31,1.318,1.278,1.31,0,0
20110714,1.31,1.318,1.2701,1.302,0,0
20110715,1.294,1.294,1.2621,1.286,0,0
20110718,1.2701,1.2701,1.2142,1.2461,0,0
20110719,1.2221,1.2381,1.1822,1.2381,0,0
20110720,1.2301,1.2701,1.1822,1.1982,0,0
20110721,1.2221,1.2221,1.1502,1.1743,0,0
20110722,1.1902,1.2221,1.1822,1.2142,0,0
20110725,1.2142,1.2381,1.2142,1.2381,0,0
20110726,1.2381,1.2461,1.1982,1.2381,0,0
20110727,1.2381,1.2381,1.1902,1.1902,0,0
20110728,1.1982,1.1982,1.1743,1.1902,0,0
20110729,1.1743,1.1743,1.1662,1.1662,0,0
20110801,1.1822,1.2061,1.1662,1.1662,0,0
20110802,1.1902,1.1902,1.1662,1.1662,0,0
20110803,1.1662,1.1662,1.0864,1.1103,0,0
20110804,1.1263,1.1343,1.0545,1.0545,0,0
20110805,0.9746,1.0864,0.9746,1.0384,0,0
20110808,0.9666,1.0304,0.9666,0.9746,0,0
20110809,0.9984,0.9984,0.8786,0.9346,0,0
20110810,1.0384,1.0384,0.9346,0.9585,0,0
20110811,0.9666,1.0304,0.9666,1.0304,0,0
20110812,1.0465,1.0944,1.0304,1.0944,0,0
20110816,1.1183,1.1183,1.0465,1.0864,0,0
20110817,1.0783,1.1103,1.0545,1.1103,0,0
20110818,1.0864,1.0864,0.9825,1.0145,0,0
20110819,0.9505,1.0623,0.9346,1.0545,0,0
20110822,1.0224,1.0783,1.0224,1.0465,0,0
20110823,1.0545,1.0783,1.0465,1.0465,0,0
20110824,1.0623,1.0623,1.0384,1.0545,0,0
20110825,1.0545,1.0545,1.0304,1.0304,0,0
20110826,1.0224,1.0545,1.0224,1.0545,0,0
20110829,1.0545,1.0864,1.0545,1.0783,0,0
20110830,1.1023,1.1263,1.1023,1.1263,0,0
20110831,1.1343,1.1743,1.1343,1.1582,0,0
20110901,1.1103,1.1582,1.0465,1.0465,0,0
20110902,1.0224,1.0224,0.9746,0.9746,0,0
20110905,0.9585,0.9746,0.9266,0.9585,0,0
20110906,0.9585,0.9825,0.9266,0.9666,0,0
20110907,0.9746,0.9825,0.9666,0.9825,0,0
20110908,0.9825,1.0065,0.9825,0.9984,0,0
20110909,0.9904,0.9904,0.9426,0.9666,0,0
20110912,0.9027,0.9185,0.8786,0.8947,0,0
20110913,0.9106,0.9106,0.8547,0.8947,0,0
20110914,0.8867,0.8867,0.8307,0.8627,0,0
20110915,0.8627,0.8706,0.8387,0.8627,0,0
20110916,0.8786,0.8947,0.8627,0.8627,0,0
20110919,0.8627,0.8627,0.8228,0.8307,0,0
20110920,0.8148,0.8867,0.8068,0.8547,0,0
20110921,0.8786,0.8786,0.8467,0.8706,0,0
20110922,0.8467,0.8786,0.8148,0.8706,0,0
20110923,0.8547,0.8867,0.8387,0.8706,0,0
20110926,0.8786,0.9585,0.8627,0.9266,0,0
20110927,0.9666,0.9666,0.9266,0.9426,0,0
20110928,0.9585,0.9746,0.9266,0.9666,0,0
20110929,0.9746,1.0623,0.9666,1.0304,0,0
20110930,1.0224,1.0384,0.9904,1.0145,0,0
20111003,1.0145,1.0224,0.9266,1.0145,0,0
20111004,0.9746,0.9746,0.9505,0.9585,0,0
20111005,0.9666,1.0065,0.9585,0.9666,0,0
20111006,0.9825,0.9825,0.9426,0.9746,0,0
20111007,0.9825,0.9825,0.9505,0.9746,0,0
20111010,0.9505,0.9746,0.9505,0.9505,0,0
20111011,0.9746,0.9746,0.9346,0.9346,0,0
20111012,0.9185,0.9825,0.9185,0.9426,0,0
20111013,0.9746,0.9825,0.9505,0.9505,0,0
20111014,0.9746,0.9746,0.9185,0.9585,0,0
20111017,0.9666,0.9666,0.9266,0.9266,0,0
20111018,0.9185,0.9185,0.9027,0.9027,0,0
20111019,0.9266,0.9346,0.9185,0.9185,0,0
20111020,0.8867,0.9185,0.8867,0.9027,0,0
20111021,0.8947,0.9346,0.8947,0.9266,0,0
20111024,0.9185,0.9346,0.8947,0.9027,0,0
20111025,0.9266,0.9266,0.9027,0.9185,0,0
20111026,0.9027,0.9266,0.9027,0.9185,0,0
20111027,0.9185,0.9426,0.9027,0.9266,0,0
20111028,0.9505,0.9505,0.9185,0.9185,0,0
20111031,0.9346,0.9346,0.9027,0.9185,0,0
20111102,0.9027,0.9185,0.8706,0.9185,0,0
20111103,0.9106,0.9106,0.9106,0.9106,0,0
20111104,0.9106,0.9346,0.9106,0.9266,0,0
20111107,0.9266,0.9746,0.8947,0.9666,0,0
20111108,0.9746,1.0065,0.9746,0.9904,0,0
20111109,1.0065,1.0065,0.9426,0.9505,0,0
20111110,0.8947,0.9346,0.8947,0.9185,0,0
20111114,0.9585,0.9585,0.8947,0.9185,0,0
20111115,0.9266,0.9266,0.8867,0.9027,0,0
20111116,0.9027,0.9027,0.8706,0.9027,0,0
20111117,0.8867,0.9027,0.8867,0.9027,0,0
20111118,0.9185,0.9185,0.8867,0.9106,0,0
20111121,0.9027,0.9027,0.8706,0.8947,0,0
20111122,0.8627,0.9106,0.8627,0.8947,0,0
20111123,0.8627,0.8947,0.8547,0.8786,0,0
20111124,0.8547,0.8786,0.8547,0.8627,0,0
20111125,0.8627,0.8627,0.8467,0.8627,0,0
20111128,0.8627,0.8867,0.8467,0.8627,0,0
20111129,0.8867,0.8867,0.8627,0.8706,0,0
20111130,0.8706,0.8786,0.8627,0.8786,0,0
20111201,0.8786,0.8786,0.8387,0.8627,0,0
20111202,0.8706,0.8786,0.8467,0.8547,0,0
20111205,0.8547,0.8627,0.8068,0.8547,0,0
20111206,0.8547,0.8627,0.8467,0.8547,0,0
20111207,0.8228,0.8627,0.8228,0.8627,0,0
20111208,0.8387,0.8947,0.8387,0.8867,0,0
20111209,0.8547,0.9027,0.8467,0.9027,0,0
20111212,0.9027,0.9027,0.9027,0.9027,0,0
20111213,0.8706,0.8947,0.8627,0.8627,0,0
20111214,0.8947,0.8947,0.8627,0.8867,0,0
20111215,0.8867,0.8867,0.8627,0.8786,0,0
20111216,0.8947,0.9185,0.8786,0.9027,0,0
20111219,0.9185,0.9185,0.8706,0.9027,0,0
20111220,0.8947,0.9027,0.8706,0.8947,0,0
20111221,0.8947,0.9027,0.8706,0.8947,0,0
20111222,0.9027,0.9027,0.8867,0.9027,0,0
20111223,0.9027,0.9185,0.9027,0.9106,0,0
20111227,0.9185,0.9185,0.8786,0.8786,0,0
20111228,0.8947,0.9426,0.8786,0.9426,0,0
20111229,0.9266,0.9505,0.9266,0.9426,0,0
20111230,0.9444,0.953,0.9184,0.9444,0,0
20120102,0.9426,0.9426,0.9106,0.9346,0,0
20120103,0.9346,0.9346,0.9106,0.9185,0,0
20120104,0.9266,0.9266,0.8706,0.8786,0,0
20120105,0.8867,0.8947,0.8706,0.8786,0,0
20120109,0.8706,0.8786,0.8706,0.8706,0,0
20120110,0.8706,0.9106,0.8706,0.9106,0,0
20120111,0.9185,0.9266,0.8867,0.9106,0,0
20120112,0.9027,0.9185,0.9027,0.9185,0,0
20120113,0.9185,0.9185,0.8867,0.9106,0,0
20120116,0.8867,0.8947,0.8867,0.8947,0,0
20120117,0.9027,0.9426,0.9027,0.9426,0,0
20120118,0.9505,0.9585,0.9346,0.9426,0,0
20120119,0.9426,0.9426,0.9266,0.9426,0,0
20120120,0.9426,0.9426,0.9266,0.9426,0,0
20120123,0.9505,0.9904,0.9505,0.9904,0,0
20120124,1.0145,1.0145,0.9585,0.9666,0,0
20120125,0.9585,0.9746,0.9585,0.9585,0,0
20120126,0.9904,1.0304,0.9585,1.0065,0,0
20120127,1.0145,1.0703,1.0145,1.0703,0,0
20120130,1.0703,1.1023,1.0384,1.0545,0,0
20120131,1.0657,1.0657,1.031,1.0483,0,0
20120201,1.0783,1.1183,1.0304,1.0304,0,0
20120202,1.0465,1.0623,1.0304,1.0465,0,0
20120203,1.0545,1.0783,1.0465,1.0545,0,0
20120206,1.0703,1.0703,1.0545,1.0703,0,0
20120207,1.0703,1.0783,1.0545,1.0783,0,0
20120208,1.0623,1.0944,1.0623,1.0783,0,0
20120209,1.0864,1.0864,1.0465,1.0545,0,0
20120210,1.0545,1.0545,0.9984,1.0224,0,0
20120213,1.0304,1.0465,1.0224,1.0384,0,0
20120214,1.0304,1.0384,1.0145,1.0384,0,0
20120215,1.0384,1.0703,1.0304,1.0703,0,0
20120216,1.0384,1.0783,1.0384,1.0783,0,0
20120217,1.0783,1.0944,1.0703,1.0864,0,0
20120220,1.0783,1.0864,1.0703,1.0864,0,0
20120221,1.0864,1.0864,1.0623,1.0703,0,0
20120222,1.0703,1.0703,1.0384,1.0545,0,0
20120223,1.0545,1.0545,1.0304,1.0304,0,0
20120224,1.0304,1.0384,1.0065,1.0145,0,0
20120227,1.0145,1.0145,0.9825,0.9984,0,0
20120228,1.0145,1.0145,0.9746,1.0145,0,0
20120229,1.0545,1.0864,1.0545,1.0545,0,0
20120301,1.0545,1.0545,1.0384,1.0545,0,0
20120302,1.0545,1.0545,0.8228,0.8228,0,0
20120305,0.8148,0.8228,0.8068,0.8068,0,0
20120306,0.8068,0.8068,0.7828,0.7828,0,0
20120307,0.7668,0.8148,0.7668,0.8148,0,0
20120308,0.8148,0.8148,0.7908,0.8148,0,0
20120309,0.8148,0.8148,0.7988,0.8068,0,0
20120312,0.8068,0.8068,0.7908,0.7908,0,0
20120313,0.7908,0.8068,0.7908,0.8068,0,0
20120314,0.7908,0.8148,0.7908,0.8148,0,0
20120315,0.8148,0.8786,0.8148,0.8706,0,0
20120316,0.8867,0.9266,0.8867,0.9185,0,0
20120319,0.9346,0.9346,0.8947,0.9106,0,0
20120320,0.8467,0.9106,0.8068,0.8068,0,0
20120321,0.7988,0.7988,0.7589,0.7668,0,0
20120322,0.7828,0.7828,0.671,0.7029,0,0
20120323,0.7029,0.7269,0.687,0.7189,0,0
20120326,0.7349,0.7748,0.7269,0.7668,0,0
20120327,0.7748,0.7748,0.7429,0.7429,0,0
20120328,0.7509,0.7589,0.7269,0.7269,0,0
20120329,0.7349,0.7349,0.7109,0.7189,0,0
20120330,0.7277,0.7277,0.7191,0.7277,0,0
20120402,0.7349,0.7349,0.7109,0.7109,0,0
20120403,0.7109,0.7269,0.7109,0.7269,0,0
20120404,0.7269,0.7429,0.7189,0.7269,0,0
20120405,0.7109,0.7269,0.7109,0.7189,0,0
20120410,0.7269,0.7269,0.6949,0.6949,0,0
20120411,0.687,0.7029,0.687,0.7029,0,0
20120412,0.7029,0.7189,0.6949,0.7109,0,0
20120413,0.7189,0.7189,0.6949,0.7029,0,0
20120416,0.6949,0.7029,0.687,0.687,0,0
20120417,0.687,0.7029,0.687,0.7029,0,0
20120418,0.7029,0.7029,0.6949,0.6949,0,0
20120419,0.6949,0.7029,0.687,0.7029,0,0
20120420,0.679,0.7029,0.679,0.687,0,0
20120423,0.6949,0.6949,0.647,0.663,0,0
20120424,0.655,0.6949,0.647,0.6949,0,0
20120425,0.6949,0.7269,0.6949,0.7189,0,0
20120426,0.7189,0.7189,0.679,0.679,0,0
20120427,0.679,0.7109,0.679,0.7109,0,0
20120430,0.7105,0.7105,0.7018,0.7105,0,0
20120502,0.7109,0.7109,0.671,0.679,0,0
20120504,0.679,0.7748,0.671,0.7748,0,0
20120507,0.7668,0.7668,0.7429,0.7589,0,0
20120508,0.7828,0.7828,0.7668,0.7668,0,0
20120509,0.7828,0.7828,0.7509,0.7748,0,0
20120510,0.7828,0.7828,0.7589,0.7668,0,0
20120511,0.7748,0.7748,0.7509,0.7748,0,0
20120514,0.7748,0.7748,0.7429,0.7589,0,0
20120515,0.7589,0.7589,0.7269,0.7509,0,0
20120516,0.679,0.7109,0.679,0.7029,0,0
20120517,0.7029,0.7269,0.663,0.671,0,0
20120518,0.671,0.7029,0.663,0.687,0,0
20120521,0.7029,0.7029,0.687,0.7029,0,0
20120522,0.7029,0.7029,0.679,0.7029,0,0
20120523,0.6949,0.6949,0.687,0.687,0,0
20120524,0.687,0.687,0.671,0.687,0,0
20120525,0.687,0.687,0.679,0.687,0,0
20120528,0.679,0.6949,0.671,0.671,0,0
20120529,0.671,0.687,0.671,0.687,0,0
20120530,0.671,0.671,0.663,0.663,0,0
20120531,0.6671,0.6671,0.6671,0.6671,0,0
20120601,0.663,0.663,0.631,0.647,0,0
20120604,0.655,0.671,0.647,0.647,0,0
20120605,0.647,0.671,0.623,0.647,0,0
20120606,0.639,0.663,0.639,0.663,0,0
20120608,0.663,0.663,0.647,0.655,0,0
20120611,0.655,0.7029,0.655,0.679,0,0
20120612,0.671,0.7029,0.671,0.7029,0,0
20120613,0.7109,0.7109,0.7029,0.7109,0,0
20120614,0.7109,0.7429,0.7109,0.7269,0,0
20120615,0.7269,0.7589,0.7269,0.7429,0,0
20120618,0.7429,0.7668,0.7429,0.7589,0,0
20120619,0.7668,0.7748,0.7589,0.7668,0,0
20120620,0.7668,0.7668,0.7269,0.7668,0,0
20120621,0.7589,0.7589,0.7349,0.7349,0,0
20120622,0.7349,0.7349,0.6949,0.7029,0,0
20120625,0.7029,0.7109,0.7029,0.7109,0,0
20120626,0.7029,0.7349,0.7029,0.7269,0,0
20120627,0.7189,0.7429,0.7189,0.7269,0,0
20120628,0.7189,0.7748,0.7189,0.7509,0,0
20120629,0.7538,0.7711,0.7538,0.7711,0,0
20120702,0.7748,0.7748,0.7589,0.7589,0,0
20120703,0.7589,0.7748,0.7429,0.7668,0,0
20120704,0.7668,0.7668,0.7589,0.7589,0,0
20120705,0.7589,0.7589,0.7429,0.7589,0,0
20120706,0.7589,0.7589,0.7349,0.7429,0,0
20120709,0.7429,0.7429,0.7109,0.7269,0,0
20120710,0.7269,0.7269,0.7029,0.7269,0,0
20120711,0.7269,0.7269,0.7109,0.7109,0,0
20120712,0.7109,0.7109,0.7029,0.7029,0,0
20120713,0.7269,0.7269,0.7109,0.7189,0,0
20120716,0.7189,0.7189,0.7109,0.7109,0,0
20120717,0.7109,0.7109,0.6949,0.7109,0,0
20120718,0.7105,0.7105,0.6671,0.6844,0,0
20120719,0.6949,0.6949,0.687,0.687,0,0
20120720,0.687,0.7109,0.687,0.6949,0,0
20120723,0.7029,0.7029,0.679,0.6949,0,0
20120724,0.7018,0.7018,0.6671,0.6844,0,0
20120725,0.6949,0.6949,0.687,0.6949,0,0
20120726,0.7029,0.7029,0.687,0.687,0,0
20120727,0.687,0.6949,0.679,0.6949,0,0
20120730,0.6949,0.6949,0.6949,0.6949,0,0
20120731,0.7018,0.7018,0.7018,0.7018,0,0
20120801,0.7029,0.7029,0.679,0.679,0,0
20120802,0.6758,0.6844,0.6758,0.6844,0,0
20120803,0.6949,0.6949,0.671,0.671,0,0
20120806,0.671,0.679,0.671,0.671,0,0
20120807,0.679,0.679,0.663,0.671,0,0
20120808,0.671,0.687,0.671,0.687,0,0
20120809,0.687,0.687,0.671,0.679,0,0
20120810,0.679,0.6949,0.679,0.679,0,0
20120813,0.687,0.687,0.671,0.687,0,0
20120814,0.687,0.687,0.671,0.679,0,0
20120816,0.679,0.7029,0.679,0.6949,0,0
20120817,0.7029,0.7189,0.6949,0.7029,0,0
20120820,0.7029,0.7269,0.7029,0.7269,0,0
20120821,0.7029,0.7269,0.7029,0.7189,0,0
20120822,0.7189,0.7189,0.6949,0.7109,0,0
20120823,0.7189,0.7189,0.7029,0.7189,0,0
20120824,0.7277,0.7277,0.7018,0.7018,0,0
20120827,0.7029,0.7189,0.7029,0.7189,0,0
20120828,0.6949,0.7668,0.6949,0.7668,0,0
20120829,0.7668,0.7988,0.7589,0.7988,0,0
20120830,0.7988,0.7988,0.7589,0.7589,0,0
20120831,0.7624,0.7711,0.7624,0.7711,0,0
20120903,0.7748,0.7748,0.7668,0.7748,0,0
20120904,0.7711,0.7711,0.7711,0.7711,0,0
20120905,0.7711,0.7711,0.7711,0.7711,0,0
20120906,0.7711,0.7711,0.7624,0.7711,0,0
20120907,0.7624,0.7711,0.7624,0.7624,0,0
20120910,0.7624,0.7885,0.7624,0.7711,0,0
20120911,0.7885,0.7885,0.7711,0.7797,0,0
20120912,0.823,0.8491,0.7797,0.8058,0,0
20120913,0.8058,0.8058,0.7797,0.7885,0,0
20120914,0.7971,0.8144,0.7971,0.8144,0,0
20120917,0.8144,0.8144,0.7797,0.7971,0,0
20120918,0.8058,0.8058,0.7711,0.7797,0,0
20120919,0.7797,0.7885,0.7711,0.7797,0,0
20120920,0.7885,0.8058,0.7885,0.7885,0,0
20120921,0.8058,0.8144,0.7971,0.8058,0,0
20120924,0.8058,0.823,0.8058,0.8144,0,0
20120925,0.823,0.8404,0.8058,0.823,0,0
20120926,0.823,0.823,0.8144,0.823,0,0
20120927,0.823,0.823,0.7885,0.8144,0,0
20120928,0.7971,0.823,0.7971,0.823,0,0
20121001,0.8144,0.823,0.8058,0.8144,0,0
20121002,0.823,0.8404,0.823,0.8318,0,0
20121003,0.823,0.8318,0.8144,0.823,0,0
20121004,0.823,0.823,0.8144,0.823,0,0
20121005,0.823,0.823,0.823,0.823,0,0
20121008,0.8318,0.8318,0.8144,0.823,0,0
20121009,0.823,0.823,0.7971,0.8144,0,0
20121010,0.8058,0.8058,0.7885,0.8058,0,0
20121011,0.8058,0.8058,0.7971,0.8058,0,0
20121012,0.7971,0.8058,0.7797,0.7885,0,0
20121015,0.7885,0.8058,0.7797,0.7885,0,0
20121016,0.7797,0.8144,0.7797,0.8144,0,0
20121017,0.8144,0.8144,0.7971,0.8144,0,0
20121018,0.8058,0.8144,0.7971,0.8144,0,0
20121019,0.8144,0.8144,0.8058,0.8058,0,0
20121022,0.8058,0.8144,0.8058,0.8144,0,0
20121023,0.8144,0.8144,0.7971,0.8144,0,0
20121024,0.7971,0.8144,0.7885,0.8144,0,0
20121025,0.8144,0.8144,0.7971,0.7971,0,0
20121026,0.7971,0.8144,0.7971,0.8144,0,0
20121029,0.7971,0.8144,0.7971,0.7971,0,0
20121030,0.8144,0.8144,0.7885,0.7971,0,0
20121031,0.8058,0.8144,0.7971,0.8058,0,0
20121102,0.8144,0.8144,0.8058,0.8058,0,0
20121105,0.7971,0.7971,0.7971,0.7971,0,0
20121106,0.8058,0.8058,0.7885,0.7885,0,0
20121107,0.7885,0.7885,0.7797,0.7885,0,0
20121108,0.7971,0.7971,0.7885,0.7885,0,0
20121109,0.7885,0.7971,0.7885,0.7971,0,0
20121112,0.7971,0.8058,0.7885,0.7885,0,0
20121113,0.7885,0.7971,0.7885,0.7971,0,0
20121114,0.7971,0.7971,0.7885,0.7885,0,0
20121115,0.7885,0.7971,0.7711,0.7711,0,0
20121116,0.7711,0.7711,0.7624,0.7624,0,0
20121119,0.7797,0.7797,0.7624,0.7624,0,0
20121120,0.7538,0.7624,0.7277,0.7365,0,0
20121121,0.7451,0.7538,0.7365,0.7365,0,0
20121122,0.7538,0.7538,0.7191,0.7277,0,0
20121123,0.7277,0.7277,0.7105,0.7191,0,0
20121126,0.7191,0.7797,0.7018,0.7797,0,0
20121127,0.7538,0.7711,0.7365,0.7711,0,0
20121128,0.7538,0.7711,0.7538,0.7711,0,0
20121129,0.7711,0.8144,0.7711,0.8058,0,0
20121130,0.8058,0.8144,0.7885,0.8058,0,0
20121203,0.8058,0.8404,0.7885,0.8404,0,0
20121204,0.8404,0.8404,0.823,0.8318,0,0
20121205,0.8318,0.8318,0.7971,0.7971,0,0
20121206,0.8058,0.823,0.7971,0.823,0,0
20121207,0.823,0.823,0.8058,0.823,0,0
20121210,0.823,0.823,0.8058,0.8058,0,0
20121211,0.823,0.823,0.8058,0.823,0,0
20121212,0.823,0.8404,0.8144,0.823,0,0
20121213,0.8318,0.8318,0.8144,0.8318,0,0
20121214,0.8318,0.8318,0.8144,0.8318,0,0
20121217,0.8318,0.8318,0.8144,0.8318,0,0
20121218,0.8318,0.8318,0.8144,0.8144,0,0
20121219,0.8144,0.8144,0.8058,0.8144,0,0
20121220,0.8058,0.8318,0.8058,0.8318,0,0
20121221,0.8144,0.8318,0.8144,0.8318,0,0
20121227,0.8318,0.8664,0.8318,0.8577,0,0
20121228,0.8664,0.875,0.8404,0.8404,0,0
20130102,0.8318,0.8577,0.8318,0.8318,0,0
20130103,0.8491,0.8491,0.8318,0.8318,0,0
20130104,0.8404,0.8404,0.8058,0.823,0,0
20130107,0.823,0.8664,0.7971,0.823,0,0
20130108,0.8318,0.8404,0.823,0.8318,0,0
20130109,0.8404,0.875,0.8318,0.875,0,0
20130110,0.875,0.875,0.8491,0.875,0,0
20130111,0.8577,0.875,0.8404,0.8404,0,0
20130114,0.8404,0.875,0.8404,0.8664,0,0
20130115,0.8664,0.8664,0.8491,0.8664,0,0
20130116,0.8491,0.8664,0.8491,0.8664,0,0
20130117,0.8664,0.8664,0.8491,0.8664,0,0
20130118,0.8664,0.8924,0.8664,0.8924,0,0
20130121,0.9184,0.953,0.9011,0.9271,0,0
20130122,0.9357,0.9357,0.9184,0.9184,0,0
20130123,0.9097,0.9271,0.9097,0.9271,0,0
20130124,0.9271,0.9271,0.9184,0.9271,0,0
20130125,0.9097,0.9271,0.9011,0.9011,0,0
20130128,0.9184,0.9791,0.9011,0.9703,0,0
20130129,0.9791,0.9877,0.953,0.9703,0,0
20130130,0.9964,0.9964,0.9617,0.9877,0,0
20130131,0.9877,0.9877,0.9617,0.9617,0,0
20130201,0.9703,0.9791,0.9617,0.9617,0,0
20130204,0.9703,0.9877,0.9703,0.9877,0,0
20130205,0.9877,0.9877,0.9617,0.9877,0,0
20130206,0.9877,1.0137,0.9791,0.9791,0,0
20130207,0.9877,1.0224,0.9791,0.9964,0,0
20130208,1.0137,1.0137,0.9617,0.9791,0,0
20130211,0.9791,0.9964,0.9617,0.9877,0,0
20130212,0.9791,0.9877,0.9703,0.9791,0,0
20130213,0.9703,0.9791,0.9703,0.9791,0,0
20130214,0.9703,0.9791,0.9617,0.9703,0,0
20130215,0.9703,0.9877,0.9703,0.9877,0,0
20130218,0.9791,0.9791,0.9617,0.9617,0,0
20130219,0.953,1.005,0.9184,0.9877,0,0
20130220,0.9877,0.9877,0.9703,0.9877,0,0
20130221,0.9703,0.9877,0.9617,0.9791,0,0
20130222,0.9877,0.9877,0.9703,0.9791,0,0
20130225,0.9791,0.9791,0.9617,0.9791,0,0
20130226,0.9791,0.9791,0.9617,0.9791,0,0
20130227,0.9791,0.9791,0.9703,0.9791,0,0
20130228,0.9791,1.0137,0.9703,0.9964,0,0
20130301,1.0137,1.0137,0.9964,0.9964,0,0
20130304,0.9964,1.005,0.9703,1.005,0,0
20130305,1.005,1.0137,0.9791,0.9791,0,0
20130306,0.9791,0.9964,0.9703,0.9703,0,0
20130307,0.9703,0.9791,0.9703,0.9791,0,0
20130308,0.9791,1.0483,0.9617,1.0224,0,0
20130311,1.0224,1.057,1.0137,1.031,0,0
20130312,1.0397,1.0397,1.0137,1.0224,0,0
20130313,1.0224,1.0224,1.005,1.0137,0,0
20130314,0.9964,1.0397,0.9964,1.0137,0,0
20130315,1.031,1.031,1.005,1.0137,0,0
20130318,1.005,1.0137,0.9964,1.005,0,0
20130319,1.0137,1.0224,0.9877,0.9964,0,0
20130320,0.9964,1.005,0.9184,0.9184,0,0
20130321,0.9184,0.9184,0.8318,0.8404,0,0
20130322,0.8318,0.8404,0.7971,0.8144,0,0
20130325,0.823,0.8491,0.8144,0.8144,0,0
20130326,0.8318,0.8577,0.8318,0.8491,0,0
20130327,0.8491,0.8491,0.8318,0.8491,0,0
20130328,0.8577,0.8577,0.823,0.8404,0,0
20130402,0.8491,0.8577,0.8404,0.8577,0,0
20130403,0.8577,0.8577,0.8058,0.823,0,0
20130404,0.8577,0.8664,0.8404,0.8577,0,0
20130405,0.875,0.875,0.8577,0.875,0,0
20130408,0.8838,0.8924,0.8664,0.8664,0,0
20130409,0.8838,0.9184,0.8664,0.9011,0,0
20130410,0.9097,0.9357,0.9011,0.9357,0,0
20130411,0.9617,0.9703,0.9184,0.9271,0,0
20130412,0.9271,0.9444,0.8924,0.9184,0,0
20130415,0.875,0.875,0.8664,0.8664,0,0
20130417,0.8664,0.8924,0.8664,0.8924,0,0
20130418,0.8924,0.8924,0.8664,0.8924,0,0
20130419,0.8924,0.9357,0.875,0.9357,0,0
20130422,0.9357,0.9357,0.8577,0.8924,0,0
20130423,0.8838,0.9097,0.8838,0.9011,0,0
20130424,0.9097,0.9097,0.8924,0.9097,0,0
20130425,0.9097,0.9357,0.9097,0.9357,0,0
20130426,0.9357,0.9444,0.9097,0.9184,0,0
20130429,0.9357,0.9444,0.9011,0.9097,0,0
20130430,0.9184,0.953,0.9097,0.9097,0,0
20130502,0.953,0.953,0.9444,0.953,0,0
20130506,0.9617,1.0397,0.9617,1.0397,0,0
20130507,1.0483,1.057,1.0137,1.031,0,0
20130508,1.031,1.031,0.9964,1.0224,0,0
20130509,1.031,1.057,1.031,1.0483,0,0
20130510,1.0483,1.0744,1.0483,1.0657,0,0
20130513,1.0744,1.0917,1.057,1.083,0,0
20130514,1.109,1.1436,1.0917,1.1436,0,0
20130515,1.1436,1.1436,1.1003,1.1003,0,0
20130516,1.1003,1.1263,1.0744,1.1177,0,0
20130517,1.1177,1.1523,1.1003,1.135,0,0
20130520,1.1523,1.1697,1.135,1.1523,0,0
20130521,1.1263,1.1523,1.1263,1.1523,0,0
20130522,1.1523,1.1783,1.1436,1.1783,0,0
20130523,1.1436,1.2043,1.1436,1.1956,0,0
20130524,1.2043,1.2043,1.1783,1.1783,0,0
20130527,1.187,1.187,1.1003,1.161,0,0
20130528,1.135,1.1697,1.135,1.1697,0,0
20130529,1.1783,1.1783,1.109,1.1523,0,0
20130531,1.1374,1.1557,1.1282,1.1282,0,0
20130603,1.1263,1.1263,1.109,1.109,0,0
20130604,1.109,1.1697,1.109,1.161,0,0
20130605,1.161,1.1783,1.161,1.161,0,0
20130606,1.161,1.161,1.1436,1.1436,0,0
20130607,1.161,1.1697,1.1523,1.1697,0,0
20130610,1.1436,1.161,1.135,1.161,0,0
20130611,1.1697,1.187,1.1697,1.1783,0,0
20130612,1.1783,1.2476,1.1697,1.2217,0,0
20130613,1.2476,1.2476,1.187,1.1956,0,0
20130614,1.213,1.213,1.187,1.1956,0,0
20130617,1.1783,1.213,1.1783,1.213,0,0
20130618,1.213,1.213,1.1783,1.1783,0,0
20130619,1.1783,1.2217,1.1783,1.213,0,0
20130620,1.2217,1.2217,1.1177,1.1436,0,0
20130621,1.1436,1.1783,1.109,1.1436,0,0
20130624,1.135,1.135,1.109,1.1263,0,0
20130625,1.1263,1.161,1.1263,1.1263,0,0
20130626,1.1263,1.135,1.0657,1.135,0,0
20130627,1.1177,1.135,1.0917,1.0917,0,0
20130628,1.1436,1.1697,1.1436,1.161,0,0
20130701,1.1697,1.1956,1.161,1.1783,0,0
20130702,1.2043,1.2217,1.187,1.213,0,0
20130703,1.2199,1.2199,1.1924,1.2199,0,0
20130704,1.187,1.2303,1.187,1.2217,0,0
20130705,1.2217,1.2217,1.2043,1.213,0,0
20130708,1.213,1.2217,1.213,1.213,0,0
20130709,1.2217,1.2476,1.187,1.2476,0,0
20130710,1.2476,1.2476,1.2303,1.2476,0,0
20130711,1.2563,1.3083,1.2389,1.2736,0,0
20130712,1.2909,1.2909,1.2476,1.2476,0,0
20130715,1.2476,1.2736,1.2476,1.2563,0,0
20130716,1.2736,1.2823,1.265,1.2736,0,0
20130717,1.275,1.275,1.2474,1.2658,0,0
20130718,1.2563,1.265,1.2389,1.265,0,0
20130719,1.2389,1.265,1.2389,1.265,0,0
20130722,1.2476,1.2476,1.2389,1.2476,0,0
20130723,1.2389,1.2563,1.2389,1.2563,0,0
20130724,1.265,1.265,1.2476,1.2476,0,0
20130725,1.2476,1.265,1.2389,1.2476,0,0
20130726,1.2476,1.2476,1.2389,1.2476,0,0
20130729,1.2476,1.2476,1.213,1.2476,0,0
20130730,1.2476,1.2476,1.1783,1.1956,0,0
20130731,1.187,1.1956,1.1436,1.1783,0,0
20130801,1.1741,1.2474,1.1741,1.2383,0,0
20130802,1.2476,1.2476,1.213,1.2303,0,0
20130805,1.2217,1.2303,1.1956,1.2217,0,0
20130806,1.2199,1.2291,1.2108,1.2108,0,0
20130807,1.213,1.213,1.1956,1.2043,0,0
20130808,1.1956,1.2217,1.1956,1.2217,0,0
20130809,1.2303,1.2303,1.1956,1.1956,0,0
20130812,1.2043,1.2303,1.187,1.213,0,0
20130813,1.2217,1.2217,1.2043,1.2217,0,0
20130814,1.2217,1.2303,1.2043,1.2217,0,0
20130816,1.2217,1.2217,1.2043,1.213,0,0
20130819,1.213,1.2303,1.1956,1.213,0,0
20130820,1.2108,1.33,1.1924,1.3208,0,0
20130821,1.3256,1.4815,1.3256,1.4642,0,0
20130822,1.4642,1.4729,1.4123,1.4642,0,0
20130823,1.4768,1.5318,1.4676,1.5134,0,0
20130826,1.5076,1.5595,1.5076,1.5076,0,0
20130827,1.4859,1.5043,1.4492,1.4859,0,0
20130828,1.5249,1.5249,1.4642,1.4902,0,0
20130829,1.4902,1.6202,1.4902,1.6202,0,0
20130830,1.5855,1.6115,1.5595,1.5855,0,0
20130902,1.5768,1.6202,1.5682,1.5942,0,0
20130903,1.6143,1.6602,1.5868,1.6602,0,0
20130904,1.6694,1.6969,1.596,1.6877,0,0
20130905,1.6694,1.6969,1.6235,1.6786,0,0
20130906,1.6786,1.6969,1.6602,1.6786,0,0
20130909,1.6786,1.6969,1.6786,1.6969,0,0
20130910,1.6969,1.7611,1.6969,1.7336,0,0
20130911,1.7611,1.7703,1.7244,1.7703,0,0
20130912,1.8437,1.862,1.7703,1.8253,0,0
20130913,1.8345,1.8345,1.7794,1.7978,0,0
20130916,1.7978,1.7978,1.7519,1.7703,0,0
20130917,1.7703,1.7886,1.7519,1.7703,0,0
20130918,1.7703,1.7794,1.7611,1.7611,0,0
20130919,1.7703,1.7886,1.7428,1.7519,0,0
20130920,1.7703,1.7703,1.7152,1.7703,0,0
20130923,1.7703,1.7794,1.7244,1.7428,0,0
20130924,1.7244,1.7336,1.6602,1.6786,0,0
20130925,1.6694,1.6877,1.6052,1.6786,0,0
20130926,1.651,1.7061,1.596,1.6877,0,0
20130927,1.7152,1.7152,1.6786,1.7152,0,0
20130930,1.7061,1.7061,1.6694,1.6877,0,0
20131001,1.6602,1.6786,1.6602,1.6786,0,0
20131002,1.6786,1.6969,1.6602,1.6969,0,0
20131003,1.7152,1.7519,1.6969,1.7336,0,0
20131004,1.7152,1.7519,1.7152,1.7519,0,0
20131007,1.7519,1.7611,1.7061,1.7244,0,0
20131008,1.7244,1.7244,1.6877,1.6969,0,0
20131009,1.7244,1.7244,1.6877,1.6969,0,0
20131010,1.7152,1.7152,1.6877,1.7061,0,0
20131011,1.7152,1.7152,1.6694,1.6786,0,0
20131014,1.6602,1.6602,1.6235,1.6419,0,0
20131015,1.6419,1.6786,1.6419,1.6602,0,0
20131016,1.6786,1.6786,1.6419,1.651,0,0
20131017,1.6602,1.6602,1.6327,1.651,0,0
20131018,1.6419,1.6419,1.6327,1.6419,0,0
20131021,1.6419,1.651,1.6419,1.651,0,0
20131022,1.651,1.651,1.6327,1.651,0,0
20131023,1.6602,1.6602,1.6235,1.6235,0,0
20131024,1.6327,1.651,1.6052,1.6052,0,0
20131025,1.596,1.6235,1.596,1.596,0,0
20131028,1.6052,1.7152,1.6052,1.7152,0,0
20131029,1.7152,1.7336,1.7061,1.7061,0,0
20131030,1.7152,1.7152,1.6694,1.6877,0,0
20131031,1.6694,1.7152,1.6694,1.7152,0,0
20131104,1.7244,1.7886,1.7244,1.7886,0,0
20131105,1.7978,1.7978,1.7519,1.7519,0,0
20131106,1.7428,1.7978,1.7428,1.7978,0,0
20131107,1.7978,1.807,1.7703,1.7886,0,0
20131108,1.7978,1.8987,1.7886,1.8987,0,0
20131112,1.9079,1.9262,1.7428,1.7428,0,0
20131113,1.7519,1.7519,1.6969,1.7061,0,0
20131114,1.6969,1.7611,1.6969,1.7611,0,0
20131115,1.7703,1.7794,1.7611,1.7794,0,0
20131118,1.7794,1.7794,1.7336,1.7428,0,0
20131119,1.7336,1.7703,1.6877,1.6877,0,0
20131120,1.6877,1.7703,1.6419,1.7703,0,0
20131121,1.7428,1.7428,1.7061,1.7152,0,0
20131122,1.7336,1.7519,1.651,1.6786,0,0
20131125,1.7061,1.7244,1.6786,1.6969,0,0
20131126,1.7152,1.7152,1.6877,1.6969,0,0
20131127,1.7061,1.7061,1.6602,1.6694,0,0
20131128,1.6786,1.6969,1.6694,1.6786,0,0
20131129,1.6877,1.7152,1.6602,1.7152,0,0
20131202,1.7152,1.7611,1.6235,1.6419,0,0
20131203,1.6602,1.6602,1.6327,1.6419,0,0
20131204,1.651,1.651,1.5593,1.5777,0,0
20131205,1.596,1.6235,1.5593,1.5777,0,0
20131206,1.5777,1.6052,1.5593,1.5777,0,0
20131209,1.5868,1.6327,1.5777,1.5777,0,0
20131210,1.5868,1.596,1.5501,1.5868,0,0
20131211,1.6052,1.6235,1.5868,1.6235,0,0
20131212,1.6235,1.6235,1.5777,1.6143,0,0
20131213,1.6052,1.651,1.6052,1.651,0,0
20131216,1.651,1.651,1.596,1.6419,0,0
20131217,1.6327,1.6419,1.5593,1.6052,0,0
20131218,1.5685,1.6235,1.5685,1.6235,0,0
20131219,1.6235,1.6327,1.6052,1.6143,0,0
20131220,1.6143,1.6143,1.5685,1.6143,0,0
20131223,1.6143,1.6419,1.6052,1.6419,0,0
20131227,1.6694,1.6694,1.6235,1.6235,0,0
20131230,1.651,1.6602,1.6327,1.6602,0,0
20140102,1.6602,1.6969,1.6327,1.6694,0,0
20140103,1.6877,1.7061,1.6786,1.6877,0,0
20140107,1.6877,1.7061,1.6602,1.6786,0,0
20140108,1.6877,1.6877,1.6419,1.651,0,0
20140109,1.6419,1.6602,1.6327,1.6419,0,0
20140110,1.6235,1.6419,1.5593,1.6419,0,0
20140113,1.5593,1.5868,1.5501,1.5593,0,0
20140114,1.5593,1.5777,1.5593,1.5593,0,0
20140115,1.5777,1.5868,1.541,1.5501,0,0
20140116,1.5593,1.6143,1.5593,1.596,0,0
20140117,1.5868,1.596,1.5777,1.5868,0,0
20140120,1.5685,1.6052,1.541,1.6052,0,0
20140121,1.6052,1.651,1.5868,1.6327,0,0
20140122,1.651,1.651,1.6143,1.6143,0,0
20140123,1.6143,1.6419,1.5868,1.5868,0,0
20140124,1.6052,1.6052,1.5593,1.5777,0,0
20140127,1.5501,1.5777,1.4859,1.5777,0,0
20140128,1.541,1.541,1.5043,1.5134,0,0
20140129,1.5318,1.5593,1.5318,1.5318,0,0
20140130,1.5226,1.6143,1.5134,1.596,0,0
20140131,1.5868,1.6235,1.5501,1.5593,0,0
20140203,1.5593,1.6052,1.5501,1.5501,0,0
20140204,1.541,1.5593,1.541,1.5593,0,0
20140205,1.5868,1.5868,1.5501,1.5593,0,0
20140206,1.5777,1.5777,1.5593,1.5777,0,0
20140207,1.596,1.651,1.596,1.6419,0,0
20140210,1.6602,1.7061,1.6602,1.6877,0,0
20140211,1.6877,1.7336,1.6786,1.7244,0,0
20140212,1.7244,1.7519,1.7061,1.7336,0,0
20140213,1.7244,1.7336,1.6969,1.6969,0,0
20140214,1.7061,1.7336,1.7061,1.7061,0,0
20140217,1.7336,1.7336,1.6969,1.7152,0,0
20140218,1.7152,1.7152,1.6969,1.7061,0,0
20140219,1.6969,1.7061,1.6786,1.6969,0,0
20140220,1.6877,1.6877,1.6694,1.6694,0,0
20140221,1.6786,1.6969,1.6327,1.6419,0,0
20140224,1.6327,1.6786,1.6235,1.6419,0,0
20140225,1.6419,1.6786,1.6419,1.6602,0,0
20140226,1.6602,1.6694,1.6235,1.6235,0,0
20140227,1.6327,1.6327,1.596,1.6143,0,0
20140228,1.6602,1.6602,1.6143,1.6327,0,0
20140303,1.541,1.6052,1.541,1.5868,0,0
20140304,1.5685,1.6327,1.5685,1.6327,0,0
20140305,1.6327,1.6694,1.6327,1.651,0,0
20140306,1.651,1.6694,1.6419,1.6602,0,0
20140307,1.6602,1.6602,1.6327,1.6419,0,0
20140310,1.6327,1.6419,1.596,1.6143,0,0
20140311,1.6235,1.6327,1.5868,1.6327,0,0
20140312,1.6235,1.6235,1.5043,1.5593,0,0
20140313,1.5593,1.5868,1.5593,1.5593,0,0
20140314,1.541,1.5593,1.4859,1.541,0,0
20140317,1.5685,1.8987,1.5685,1.8987,0,0
20140318,1.9354,1.9354,1.541,1.541,0,0
20140319,1.5501,1.5685,1.5318,1.5501,0,0
20140320,1.5777,1.5777,1.541,1.541,0,0
20140321,1.5501,1.5501,1.5226,1.541,0,0
20140324,1.5501,1.5501,1.5226,1.5318,0,0
20140325,1.5318,1.5318,1.5226,1.5226,0,0
20140326,1.541,1.541,1.4951,1.5043,0,0
20140327,1.5043,1.5134,1.4859,1.4859,0,0
20140328,1.4859,1.4951,1.4768,1.4859,0,0
20140331,1.4859,1.5318,1.4859,1.5318,0,0
20140401,1.5226,1.5318,1.5134,1.5226,0,0
20140402,1.5226,1.5318,1.4951,1.4951,0,0
20140403,1.5134,1.5134,1.4768,1.4768,0,0
20140404,1.4951,1.4951,1.4768,1.4768,0,0
20140407,1.4951,1.4951,1.4676,1.4768,0,0
20140408,1.4676,1.4951,1.4584,1.4859,0,0
20140409,1.4951,1.5134,1.4951,1.5043,0,0
20140410,1.5043,1.5226,1.5043,1.5134,0,0
20140411,1.5043,1.5134,1.4951,1.5134,0,0
20140414,1.5134,1.5134,1.4951,1.4951,0,0
20140415,1.4951,1.5043,1.4859,1.5043,0,0
20140416,1.5043,1.5043,1.4768,1.4768,0,0
20140417,1.4951,1.4951,1.4768,1.4859,0,0
20140422,1.4951,1.5043,1.4859,1.4859,0,0
20140423,1.5043,1.541,1.4951,1.5043,0,0
20140424,1.5043,1.5226,1.4768,1.4859,0,0
20140425,1.4859,1.4951,1.4492,1.4859,0,0
20140428,1.4492,1.4584,1.4309,1.4309,0,0
20140429,1.4401,1.4401,1.4309,1.4309,0,0
20140430,1.4309,1.4309,1.4217,1.4309,0,0
20140502,1.4584,1.4584,1.4309,1.4309,0,0
20140505,1.4309,1.4309,1.3025,1.3942,0,0
20140506,1.4309,1.4768,1.3942,1.4676,0,0
20140507,1.4768,1.4859,1.4401,1.4584,0,0
20140508,1.4584,1.4676,1.4492,1.4492,0,0
20140509,1.4492,1.4492,1.4217,1.4309,0,0
20140512,1.4401,1.4492,1.4217,1.4309,0,0
20140513,1.4217,1.4401,1.4217,1.4309,0,0
20140514,1.4401,1.4401,1.3759,1.3759,0,0
20140515,1.3759,1.385,1.3667,1.3759,0,0
20140516,1.3759,1.3759,1.3208,1.3483,0,0
20140519,1.3575,1.3575,1.3117,1.3208,0,0
20140520,1.33,1.33,1.3117,1.3117,0,0
20140521,1.3208,1.3942,1.3117,1.3942,0,0
20140522,1.4034,1.4034,1.3942,1.4034,0,0
20140523,1.4309,1.4309,1.3942,1.3942,0,0
20140526,1.4126,1.4309,1.3942,1.3942,0,0
20140527,1.4309,1.4309,1.3942,1.3942,0,0
20140528,1.4126,1.4126,1.4034,1.4034,0,0
20140529,1.4126,1.4126,1.3942,1.4126,0,0
20140530,1.4126,1.4217,1.4034,1.4217,0,0
20140602,1.4217,1.4217,1.4034,1.4126,0,0
20140603,1.4126,1.4126,1.3942,1.3942,0,0
20140604,1.3942,1.4034,1.3942,1.3942,0,0
20140605,1.4034,1.4126,1.4034,1.4126,0,0
20140606,1.4034,1.4126,1.3942,1.3942,0,0
20140609,1.4126,1.4126,1.3942,1.3942,0,0
20140610,1.4126,1.4126,1.4126,1.4126,0,0
20140611,1.4126,1.4126,1.3942,1.3942,0,0
20140612,1.4126,1.4126,1.3942,1.3942,0,0
20140613,1.3942,1.4309,1.3942,1.3942,0,0
20140616,1.4034,1.4309,1.385,1.4309,0,0
20140617,1.4309,1.4401,1.4309,1.4401,0,0
20140618,1.4401,1.4584,1.4309,1.4492,0,0
20140620,1.4401,1.4859,1.4401,1.4859,0,0
20140623,1.4859,1.4859,1.4584,1.4859,0,0
20140624,1.4951,1.541,1.4951,1.541,0,0
20140625,1.541,1.5501,1.5134,1.5501,0,0
20140626,1.59,1.61,1.57,1.61,0,0
20140627,1.61,1.65,1.59,1.65,0,0
20140630,1.66,1.66,1.62,1.63,0,0
20140701,1.63,1.63,1.58,1.59,0,0
20140702,1.6,1.6,1.52,1.56,0,0
20140703,1.56,1.57,1.54,1.54,0,0
20140704,1.56,1.59,1.54,1.56,0,0
20140707,1.59,1.59,1.56,1.59,0,0
20140708,1.6,1.63,1.6,1.6,0,0
20140709,1.61,1.65,1.61,1.65,0,0
20140710,1.65,1.66,1.63,1.63,0,0
20140711,1.64,1.71,1.64,1.68,0,0
20140714,1.68,1.72,1.68,1.71,0,0
20140715,1.71,1.71,1.7,1.71,0,0
20140716,1.71,1.71,1.7,1.7,0,0
20140717,1.71,1.71,1.65,1.66,0,0
20140718,1.67,1.67,1.64,1.67,0,0
20140721,1.67,1.67,1.64,1.64,0,0
20140722,1.65,1.66,1.61,1.61,0,0
20140723,1.61,1.63,1.61,1.61,0,0
20140724,1.61,1.62,1.6,1.6,0,0
20140725,1.6,1.6,1.58,1.59,0,0
20140728,1.59,1.6,1.59,1.59,0,0
20140729,1.59,1.61,1.59,1.6,0,0
20140730,1.61,1.61,1.56,1.57,0,0
20140731,1.56,1.57,1.55,1.55,0,0
20140801,1.54,1.6,1.54,1.59,0,0
20140804,1.6,1.61,1.57,1.57,0,0
20140805,1.58,1.6,1.56,1.56,0,0
20140806,1.56,1.58,1.56,1.56,0,0
20140807,1.56,1.56,1.54,1.54,0,0
20140808,1.56,1.57,1.49,1.56,0,0
20140811,1.55,1.58,1.55,1.56,0,0
20140812,1.56,1.57,1.54,1.54,0,0
20140813,1.53,1.56,1.53,1.56,0,0
20140814,1.56,1.56,1.54,1.54,0,0
20140818,1.54,1.56,1.54,1.56,0,0
20140819,1.56,1.59,1.56,1.58,0,0
20140820,1.58,1.59,1.58,1.58,0,0
20140821,1.59,1.59,1.57,1.57,0,0
20140822,1.59,1.59,1.57,1.58,0,0
20140825,1.6,1.61,1.59,1.6,0,0
20140826,1.59,1.77,1.56,1.77,0,0
20140827,1.76,1.76,1.74,1.75,0,0
20140828,1.75,1.76,1.7,1.71,0,0
20140829,1.7,1.74,1.7,1.74,0,0
20140901,1.74,1.74,1.74,1.74,0,0
20140902,1.75,1.75,1.72,1.73,0,0
20140903,1.74,1.75,1.73,1.74,0,0
20140904,1.74,1.74,1.73,1.73,0,0
20140905,1.73,1.74,1.73,1.74,0,0
20140908,1.74,1.74,1.72,1.74,0,0
20140909,1.73,1.74,1.71,1.74,0,0
20140910,1.74,1.74,1.72,1.72,0,0
20140911,1.72,1.73,1.72,1.73,0,0
20140912,1.73,1.74,1.73,1.73,0,0
20140915,1.74,1.74,1.72,1.73,0,0
20140916,1.73,1.74,1.72,1.74,0,0
20140917,1.74,1.77,1.73,1.75,0,0
20140918,1.75,1.76,1.74,1.74,0,0
20140919,1.73,1.74,1.73,1.73,0,0
20140922,1.73,1.73,1.71,1.71,0,0
20140923,1.72,1.73,1.72,1.72,0,0
20140924,1.73,1.73,1.71,1.72,0,0
20140925,1.72,1.73,1.72,1.72,0,0
20140926,1.72,1.72,1.68,1.71,0,0
20140929,1.71,1.71,1.68,1.69,0,0
20140930,1.69,1.74,1.69,1.74,0,0
20141001,1.74,1.74,1.72,1.73,0,0
20141002,1.73,1.73,1.69,1.69,0,0
20141003,1.72,1.72,1.69,1.69,0,0
20141006,1.69,1.71,1.69,1.7,0,0
20141007,1.71,1.71,1.69,1.69,0,0
20141008,1.68,1.68,1.66,1.67,0,0
20141009,1.68,1.68,1.65,1.65,0,0
20141010,1.64,1.64,1.62,1.62,0,0
20141013,1.62,1.63,1.62,1.62,0,0
20141014,1.61,1.62,1.58,1.58,0,0
20141015,1.59,1.62,1.58,1.6,0,0
20141016,1.61,1.61,1.59,1.59,0,0
20141017,1.62,1.62,1.59,1.59,0,0
20141020,1.59,1.6,1.58,1.59,0,0
20141021,1.59,1.59,1.57,1.58,0,0
20141022,1.59,1.61,1.59,1.59,0,0
20141023,1.59,1.6,1.59,1.59,0,0
20141024,1.59,1.59,1.58,1.58,0,0
20141027,1.58,1.59,1.58,1.59,0,0
20141028,1.59,1.59,1.59,1.59,0,0
20141029,1.6,1.65,1.6,1.63,0,0
20141030,1.64,1.66,1.64,1.65,0,0
20141031,1.67,1.7,1.67,1.67,0,0
20141103,1.69,1.7,1.69,1.69,0,0
20141104,1.7,1.7,1.69,1.7,0,0
20141105,1.71,1.71,1.67,1.67,0,0
20141106,1.69,1.69,1.64,1.66,0,0
20141107,1.66,1.68,1.66,1.66,0,0
20141110,1.65,1.69,1.65,1.66,0,0
20141112,1.52,1.56,1.5,1.51,0,0
20141113,1.53,1.56,1.5,1.56,0,0
20141114,1.56,1.6,1.56,1.59,0,0
20141117,1.56,1.57,1.55,1.55,0,0
20141118,1.56,1.59,1.55,1.55,0,0
20141119,1.56,1.62,1.55,1.55,0,0
20141120,1.55,1.55,1.53,1.53,0,0
20141121,1.53,1.53,1.52,1.52,0,0
20141124,1.55,1.55,1.52,1.53,0,0
20141125,1.55,1.55,1.52,1.53,0,0
20141126,1.53,1.53,1.52,1.53,0,0
20141127,1.53,1.53,1.51,1.53,0,0
20141128,1.53,1.53,1.52,1.52,0,0
20141201,1.53,1.53,1.51,1.51,0,0
20141202,1.53,1.53,1.51,1.51,0,0
20141203,1.52,1.54,1.51,1.54,0,0
20141204,1.54,1.55,1.51,1.51,0,0
20141205,1.55,1.55,1.52,1.53,0,0
20141208,1.52,1.53,1.49,1.51,0,0
20141209,1.51,1.51,1.48,1.5,0,0
20141210,1.5,1.53,1.5,1.53,0,0
20141211,1.53,1.53,1.51,1.51,0,0
20141212,1.51,1.51,1.49,1.5,0,0
20141215,1.51,1.51,1.5,1.5,0,0
20141216,1.5,1.5,1.45,1.48,0,0
20141217,1.47,1.48,1.46,1.46,0,0
20141218,1.46,1.47,1.43,1.43,0,0
20141219,1.43,1.44,1.4,1.43,0,0
20141222,1.43,1.44,1.39,1.4,0,0
20141223,1.4,1.43,1.39,1.43,0,0
20141229,1.43,1.47,1.42,1.47,0,0
20141230,1.47,1.47,1.46,1.47,0,0
