Date,Open,High,Low,Close,Volume,OpenInt
20070813,601.83,601.83,601.83,601.83,0,0
20070814,584.96,584.96,584.96,584.96,0,0
20070816,539.96,539.96,539.96,539.96,0,0
20070817,568.65,568.65,568.65,568.65,0,0
20070820,573.15,573.15,573.15,573.15,0,0
20070821,571.46,571.46,571.46,571.46,0,0
20070822,580.46,580.46,580.46,580.46,0,0
20070823,608.58,608.58,608.58,608.58,0,0
20070824,731.2,731.2,731.2,731.2,0,0
20070827,686.2,686.2,686.2,686.2,0,0
20070828,649.64,649.64,649.64,649.64,0,0
20070829,669.33,669.33,669.33,669.33,0,0
20070830,662.02,662.02,662.02,662.02,0,0
20070831,662.02,662.02,662.02,662.02,0,0
20070903,655.27,655.27,655.27,655.27,0,0
20070904,662.58,662.58,662.58,662.58,0,0
20070905,658.08,658.08,658.08,658.08,0,0
20070906,663.14,663.14,663.14,663.14,0,0
20070907,624.33,624.33,624.33,624.33,0,0
20070910,611.96,611.96,611.96,611.96,0,0
20070911,606.89,606.89,606.89,606.89,0,0
20070912,579.9,579.9,579.9,579.9,0,0
20070913,578.77,578.77,578.77,578.77,0,0
20070914,581.58,581.58,581.58,581.58,0,0
20070917,574.83,574.83,574.83,574.83,0,0
20070918,570.9,570.9,570.9,570.9,0,0
20070919,582.71,582.71,582.71,582.71,0,0
20070920,582.15,582.15,582.15,582.15,0,0
20070921,583.27,583.27,583.27,583.27,0,0
20070924,581.02,581.02,581.02,581.02,0,0
20070925,578.21,578.21,578.21,578.21,0,0
20070926,573.71,573.71,573.71,573.71,0,0
20070927,575.4,575.4,575.4,575.4,0,0
20070928,574.83,574.83,574.83,574.83,0,0
20071001,561.9,561.9,561.9,561.9,0,0
20071002,565.83,565.83,565.83,565.83,0,0
20071003,591.15,591.15,591.15,591.15,0,0
20071004,576.52,576.52,576.52,576.52,0,0
20071005,591.71,591.71,591.71,591.71,0,0
20071008,594.52,594.52,594.52,594.52,0,0
20071009,617.58,617.58,617.58,617.58,0,0
20071010,632.77,632.77,632.77,632.77,0,0
20071011,635.58,635.58,635.58,635.58,0,0
20071012,622.64,622.64,622.64,622.64,0,0
20071015,608.58,608.58,608.58,608.58,0,0
20071016,591.15,591.15,591.15,591.15,0,0
20071017,584.96,584.96,584.96,584.96,0,0
20071018,570.9,570.9,570.9,570.9,0,0
20071019,596.77,596.77,596.77,596.77,0,0
20071022,583.27,583.27,583.27,583.27,0,0
20071023,587.21,587.21,587.21,587.21,0,0
20071024,590.58,590.58,590.58,590.58,0,0
20071025,619.27,619.27,619.27,619.27,0,0
20071026,697.45,697.45,697.45,697.45,0,0
20071029,2675.06,2675.06,2675.06,2675.06,0,0
20071030,2519.82,2519.82,2519.82,2519.82,0,0
20071031,2576.07,2576.07,2576.07,2576.07,0,0
20071102,2549.07,2549.07,2549.07,2549.07,0,0
20071105,2427.58,2427.58,2427.58,2427.58,0,0
20071106,2427.58,2427.58,2427.58,2427.58,0,0
20071107,2272.34,2272.34,2272.34,2272.34,0,0
20071108,2272.34,2272.34,2272.34,2272.34,0,0
20071109,2272.34,2290.34,2182.34,2202.59,0,0
20071112,2184.59,2238.59,2153.1,2177.85,0,0
20071113,2177.85,2265.59,2148.6,2265.59,0,0
20071114,2335.33,2335.33,2216.09,2249.84,0,0
20071115,2249.84,2249.84,2081.1,2092.35,0,0
20071116,2069.85,2114.85,1934.86,2085.6,0,0
20071119,2029.36,2112.6,2029.36,2090.1,0,0
20071120,2094.6,2094.6,1973.11,2087.85,0,0
20071121,2063.1,2063.1,1867.37,1912.36,0,0
20071122,1842.62,2018.11,1709.88,1946.11,0,0
20071123,1979.86,2020.36,1950.61,1977.61,0,0
20071126,2029.36,2047.35,1961.86,2024.86,0,0
20071127,1979.86,2024.86,1946.11,1993.36,0,0
20071128,2024.86,2047.35,1991.11,2033.86,0,0
20071129,2090.1,2171.1,2058.6,2168.85,0,0
20071130,2173.35,2360.08,2173.35,2335.33,0,0
20071203,2351.08,2351.08,2267.84,2290.34,0,0
20071204,2252.09,2427.58,2252.09,2362.33,0,0
20071205,2360.08,2427.58,2351.08,2371.33,0,0
20071206,2384.83,2389.33,2321.83,2321.83,0,0
20071207,2308.34,2353.33,2306.09,2344.33,0,0
20071210,2321.83,2402.83,2306.09,2402.83,0,0
20071211,2402.83,2414.08,2339.83,2384.83,0,0
20071212,2312.84,2405.08,2312.84,2398.33,0,0
20071213,2393.83,2436.58,2366.83,2420.83,0,0
20071214,2407.33,2434.33,2355.58,2375.83,0,0
20071217,2297.09,2353.33,2272.34,2272.34,0,0
20071218,2263.34,2294.84,2204.84,2249.84,0,0
20071219,2247.59,2315.09,2247.59,2272.34,0,0
20071220,2272.34,2348.83,2272.34,2292.59,0,0
20071221,2294.84,2297.09,2207.09,2294.84,0,0
20071227,2317.34,2351.08,2290.34,2339.83,0,0
20071228,2328.58,2450.08,2310.59,2450.08,0,0
20080102,2472.57,2573.82,2396.08,2531.07,0,0
20080103,2497.32,2497.32,2425.33,2447.83,0,0
20080104,2450.08,2474.82,2324.08,2337.58,0,0
20080107,2292.59,2443.33,2292.59,2438.83,0,0
20080108,2472.57,2522.07,2420.83,2519.82,0,0
20080109,2456.83,2513.07,2407.33,2441.08,0,0
20080110,2441.08,2459.08,2362.33,2396.08,0,0
20080111,2351.08,2463.57,2351.08,2418.58,0,0
20080114,2290.34,2290.34,2290.34,2290.34,0,0
20080115,2303.84,2333.08,2092.35,2092.35,0,0
20080116,1912.36,2087.85,1878.62,1901.11,0,0
20080117,2024.86,2090.1,1957.36,2087.85,0,0
20080118,2031.61,2243.09,2031.61,2229.59,0,0
20080121,2137.35,2333.08,2137.35,2243.09,0,0
20080122,2114.85,2306.09,2114.85,2249.84,0,0
20080123,2312.84,2360.08,2227.34,2283.59,0,0
20080124,2339.83,2447.83,2339.83,2447.83,0,0
20080125,2450.08,2519.82,2409.58,2519.82,0,0
20080128,2486.07,2486.07,2456.83,2468.07,0,0
20080129,2531.07,2531.07,2468.07,2531.07,0,0
20080130,2526.57,2598.57,2508.57,2531.07,0,0
20080131,2533.32,2564.82,2432.08,2432.08,0,0
20080201,2497.32,2531.07,2452.33,2515.32,0,0
20080204,2519.82,2650.31,2519.82,2641.31,0,0
20080205,2625.56,2663.81,2576.07,2614.31,0,0
20080206,2501.82,2697.56,2501.82,2679.56,0,0
20080207,2688.56,2720.06,2632.31,2699.81,0,0
20080208,2722.31,2722.31,2677.31,2717.81,0,0
20080211,2733.56,2733.56,2695.31,2720.06,0,0
20080212,2724.56,2731.31,2677.31,2720.06,0,0
20080213,2722.31,2798.8,2722.31,2762.8,0,0
20080214,2807.8,2807.8,2738.06,2753.8,0,0
20080215,2753.8,2753.8,2693.06,2699.81,0,0
20080218,2699.81,2699.81,2654.81,2654.81,0,0
20080219,2625.56,2711.06,2587.32,2672.81,0,0
20080220,2654.81,2663.81,2598.57,2654.81,0,0
20080221,2632.31,2670.56,2632.31,2659.31,0,0
20080222,2612.06,2717.81,2612.06,2715.56,0,0
20080225,2715.56,2722.31,2681.81,2681.81,0,0
20080226,2681.81,2711.06,2677.31,2677.31,0,0
20080227,2675.06,2693.06,2645.81,2663.81,0,0
20080228,2677.31,2677.31,2587.32,2630.06,0,0
20080229,2585.07,2587.32,2420.83,2472.57,0,0
20080303,2400.58,2407.33,2319.59,2346.58,0,0
20080304,2346.58,2373.58,2261.09,2362.33,0,0
20080305,2362.33,2380.33,2294.84,2375.83,0,0
20080306,2375.83,2382.58,2328.58,2362.33,0,0
20080307,2299.34,2362.33,2299.34,2362.33,0,0
20080310,2416.33,2416.33,2306.09,2315.09,0,0
20080311,2297.09,2315.09,2252.09,2294.84,0,0
20080312,2330.83,2330.83,2279.09,2301.59,0,0
20080313,2274.59,2301.59,2182.34,2247.59,0,0
20080314,2168.85,2292.59,2168.85,2261.09,0,0
20080317,2193.59,2225.09,2168.85,2202.59,0,0
20080318,2202.59,2283.59,2182.34,2272.34,0,0
20080319,2283.59,2292.59,2234.09,2272.34,0,0
20080320,2249.84,2283.59,2249.84,2272.34,0,0
20080325,2276.84,2299.34,2276.84,2294.84,0,0
20080326,2272.34,2317.34,2272.34,2306.09,0,0
20080327,2315.09,2355.58,2306.09,2324.08,0,0
20080328,2317.34,2393.83,2317.34,2357.83,0,0
20080331,2308.34,2308.34,2308.34,2308.34,0,0
20080401,2312.84,2328.58,2292.59,2294.84,0,0
20080402,2297.09,2333.08,2288.09,2317.34,0,0
20080403,2299.34,2299.34,2272.34,2290.34,0,0
20080404,2276.84,2294.84,2276.84,2294.84,0,0
20080407,2294.84,2317.34,2272.34,2272.34,0,0
20080408,2265.59,2279.09,2150.85,2202.59,0,0
20080409,2171.1,2202.59,2126.1,2184.59,0,0
20080410,2168.85,2184.59,2114.85,2157.6,0,0
20080411,2162.1,2182.34,2150.85,2182.34,0,0
20080414,2159.85,2222.84,2069.85,2216.09,0,0
20080415,2247.59,2247.59,2191.34,2225.09,0,0
20080416,2204.84,2234.09,2177.85,2207.09,0,0
20080417,2225.09,2229.59,2182.34,2182.34,0,0
20080418,2182.34,2189.09,2114.85,2130.6,0,0
20080421,2130.6,2171.1,1968.61,2123.85,0,0
20080422,2069.85,2135.1,1957.36,2036.11,0,0
20080423,1957.36,2069.85,1957.36,2015.86,0,0
20080424,2022.61,2051.85,1979.86,2022.61,0,0
20080425,2058.6,2058.6,2022.61,2033.86,0,0
20080428,2047.35,2047.35,2004.61,2036.11,0,0
20080429,2047.35,2047.35,2013.61,2042.85,0,0
20080430,2058.6,2058.6,2013.61,2054.1,0,0
20080505,2063.1,2126.1,2063.1,2092.35,0,0
20080506,2103.6,2103.6,2060.85,2081.1,0,0
20080507,2083.35,2180.09,2083.35,2173.35,0,0
20080508,2155.35,2171.1,2137.35,2164.35,0,0
20080509,2153.1,2180.09,2137.35,2155.35,0,0
20080512,2159.85,2177.85,2137.35,2157.6,0,0
20080513,2128.35,2128.35,2078.85,2119.35,0,0
20080514,2135.1,2135.1,2092.35,2101.35,0,0
20080515,2083.35,2108.1,2002.36,2011.36,0,0
20080516,2018.11,2018.11,1901.11,1997.86,0,0
20080519,1914.61,2009.11,1889.87,2002.36,0,0
20080520,1948.36,2002.36,1923.61,1948.36,0,0
20080521,1979.86,1979.86,1934.86,1957.36,0,0
20080523,1979.86,2047.35,1957.36,2042.85,0,0
20080526,2024.86,2056.35,2024.86,2047.35,0,0
20080527,2047.35,2051.85,2033.86,2047.35,0,0
20080528,2031.61,2087.85,2031.61,2047.35,0,0
20080529,2069.85,2074.35,2024.86,2047.35,0,0
20080530,2047.35,2047.35,1986.61,2036.11,0,0
20080602,2004.61,2020.36,1957.36,1957.36,0,0
20080603,1934.86,1955.11,1905.61,1905.61,0,0
20080604,1921.36,1921.36,1867.37,1894.37,0,0
20080605,1874.12,1910.11,1831.37,1833.62,0,0
20080606,1844.87,1844.87,1775.12,1833.62,0,0
20080609,1788.62,1833.62,1716.63,1723.38,0,0
20080610,1667.13,1723.38,1529.89,1529.89,0,0
20080611,1419.65,1451.15,1394.9,1433.15,0,0
20080612,1381.4,1496.14,1381.4,1496.14,0,0
20080613,1493.89,1525.39,1482.64,1525.39,0,0
20080616,1534.39,1586.14,1534.39,1583.89,0,0
20080617,1574.89,1651.38,1574.89,1631.13,0,0
20080618,1631.13,1664.88,1631.13,1642.38,0,0
20080619,1644.63,1644.63,1615.39,1640.13,0,0
20080620,1617.63,1676.13,1550.14,1631.13,0,0
20080623,1619.88,1653.63,1604.14,1631.13,0,0
20080624,1633.38,1640.13,1608.64,1619.88,0,0
20080625,1619.88,1662.63,1617.63,1642.38,0,0
20080626,1664.88,1698.63,1655.88,1682.88,0,0
20080627,1664.88,1691.88,1622.13,1642.38,0,0
20080630,1642.38,1685.13,1635.63,1635.63,0,0
20080701,1633.38,1642.38,1534.39,1568.14,0,0
20080702,1532.14,1545.64,1516.39,1518.64,0,0
20080703,1518.64,1545.64,1496.14,1529.89,0,0
20080704,1572.64,1574.89,1552.39,1552.39,0,0
20080707,1588.39,1588.39,1563.64,1574.89,0,0
20080708,1529.89,1570.39,1529.89,1561.39,0,0
20080709,1588.39,1597.39,1561.39,1561.39,0,0
20080710,1572.64,1574.89,1561.39,1572.64,0,0
20080711,1561.39,1610.89,1552.39,1574.89,0,0
20080714,1608.64,1608.64,1574.89,1597.39,0,0
20080715,1608.64,1608.64,1541.14,1572.64,0,0
20080716,1574.89,1590.64,1561.39,1581.64,0,0
20080717,1597.39,1610.89,1588.39,1601.89,0,0
20080718,1610.89,1610.89,1595.14,1597.39,0,0
20080721,1610.89,1619.88,1592.89,1619.88,0,0
20080722,1619.88,1626.63,1615.39,1622.13,0,0
20080723,1604.14,1640.13,1604.14,1640.13,0,0
20080724,1642.38,1660.38,1624.38,1628.88,0,0
20080725,1619.88,1637.88,1619.88,1635.63,0,0
20080728,1637.88,1676.13,1635.63,1644.63,0,0
20080729,1642.38,1682.88,1642.38,1664.88,0,0
20080730,1687.38,1687.38,1673.88,1676.13,0,0
20080731,1714.38,1714.38,1640.13,1658.13,0,0
20080801,1664.88,1676.13,1658.13,1658.13,0,0
20080804,1653.63,1703.13,1653.63,1655.88,0,0
20080805,1642.38,1664.88,1631.13,1655.88,0,0
20080806,1664.88,1664.88,1644.63,1646.88,0,0
20080807,1660.38,1660.38,1642.38,1649.13,0,0
20080808,1642.38,1646.88,1628.88,1631.13,0,0
20080811,1631.13,1662.63,1631.13,1662.63,0,0
20080812,1642.38,1676.13,1642.38,1653.63,0,0
20080813,1662.63,1664.88,1642.38,1664.88,0,0
20080814,1682.88,1682.88,1651.38,1676.13,0,0
20080818,1651.38,1682.88,1642.38,1682.88,0,0
20080819,1682.88,1687.38,1653.63,1687.38,0,0
20080820,1667.13,1696.38,1646.88,1676.13,0,0
20080821,1687.38,1687.38,1664.88,1667.13,0,0
20080822,1649.13,1682.88,1649.13,1682.88,0,0
20080825,1685.13,1685.13,1655.88,1685.13,0,0
20080826,1685.13,1694.13,1658.13,1694.13,0,0
20080827,1698.63,1698.63,1671.63,1696.38,0,0
20080828,1689.63,1694.13,1685.13,1687.38,0,0
20080829,1685.13,1696.38,1676.13,1696.38,0,0
20080901,1691.88,1691.88,1678.38,1691.88,0,0
20080902,1687.38,1703.13,1678.38,1682.88,0,0
20080903,1682.88,1698.63,1682.88,1698.63,0,0
20080904,1707.63,1725.63,1698.63,1707.63,0,0
20080905,1687.38,1707.63,1687.38,1707.63,0,0
20080908,1694.13,1696.38,1680.63,1694.13,0,0
20080909,1707.63,1707.63,1689.63,1689.63,0,0
20080910,1669.38,1793.12,1669.38,1721.13,0,0
20080911,1743.63,1797.62,1727.88,1788.62,0,0
20080912,1788.62,1840.37,1788.62,1811.12,0,0
20080915,1799.87,1826.87,1766.12,1777.37,0,0
20080916,1732.38,1831.37,1732.38,1788.62,0,0
20080917,1802.12,1822.37,1797.62,1802.12,0,0
20080918,1779.62,1824.62,1779.62,1822.37,0,0
20080919,1838.12,1876.37,1822.37,1867.37,0,0
20080922,1874.12,1874.12,1847.12,1856.12,0,0
20080923,1856.12,1862.87,1840.37,1856.12,0,0
20080924,1856.12,1871.87,1856.12,1860.62,0,0
20080925,1871.87,1889.87,1871.87,1887.62,0,0
20080926,1907.86,1907.86,1867.37,1889.87,0,0
20080929,1930.36,1930.36,1896.62,1896.62,0,0
20080930,1856.12,1889.87,1849.37,1889.87,0,0
20081001,1896.62,1896.62,1883.12,1885.37,0,0
20081002,1876.37,1889.87,1876.37,1878.62,0,0
20081003,1874.12,1876.37,1802.12,1867.37,0,0
20081006,1858.37,1858.37,1804.37,1822.37,0,0
20081007,1808.87,1811.12,1653.63,1653.63,0,0
20081008,1529.89,1653.63,1489.39,1642.38,0,0
20081009,1619.88,1676.13,1619.88,1676.13,0,0
20081010,1574.89,1579.39,1552.39,1577.14,0,0
20081013,1586.14,1673.88,1577.14,1673.88,0,0
20081014,1703.13,1714.38,1676.13,1703.13,0,0
20081015,1698.63,1698.63,1646.88,1664.88,0,0
20081016,1608.64,1676.13,1597.39,1626.63,0,0
20081017,1633.38,1682.88,1574.89,1664.88,0,0
20081020,1664.88,1664.88,1619.88,1660.38,0,0
20081021,1660.38,1685.13,1644.63,1673.88,0,0
20081022,1660.38,1660.38,1631.13,1658.13,0,0
20081023,1655.88,1658.13,1586.14,1658.13,0,0
20081024,1601.89,1653.63,1601.89,1622.13,0,0
20081027,1642.38,1642.38,1572.64,1597.39,0,0
20081028,1597.39,1599.64,1574.89,1597.39,0,0
20081029,1640.13,1640.13,1568.14,1574.89,0,0
20081030,1606.39,1606.39,1561.39,1574.89,0,0
20081031,1572.64,1597.39,1556.89,1597.39,0,0
20081103,1660.38,1660.38,1606.39,1628.88,0,0
20081104,1601.89,1628.88,1601.89,1624.38,0,0
20081105,1631.13,1633.38,1613.14,1633.38,0,0
20081106,1617.63,1633.38,1561.39,1597.39,0,0
20081107,1552.39,1606.39,1552.39,1606.39,0,0
20081110,1545.64,1583.89,1534.39,1574.89,0,0
20081112,1532.14,1572.64,1529.89,1572.64,0,0
20081113,1563.64,1563.64,1534.39,1559.14,0,0
20081114,1552.39,1570.39,1529.89,1529.89,0,0
20081117,1532.14,1532.14,1507.39,1529.89,0,0
20081118,1502.89,1523.14,1498.39,1518.64,0,0
20081119,1527.64,1527.64,1496.14,1498.39,0,0
20081120,1424.15,1462.4,1424.15,1448.9,0,0
20081121,1451.15,1462.4,1408.4,1448.9,0,0
20081124,1448.9,1464.65,1439.9,1448.9,0,0
20081125,1462.4,1464.65,1451.15,1455.65,0,0
20081126,1462.4,1487.14,1430.9,1460.15,0,0
20081127,1462.4,1462.4,1451.15,1457.9,0,0
20081128,1457.9,1473.65,1457.9,1464.65,0,0
20081201,1480.39,1480.39,1464.65,1480.39,0,0
20081202,1466.9,1518.64,1448.9,1518.64,0,0
20081203,1541.14,1541.14,1523.14,1529.89,0,0
20081204,1541.14,1570.39,1541.14,1568.14,0,0
20081205,1547.89,1577.14,1547.89,1574.89,0,0
20081208,1583.89,1662.63,1583.89,1619.88,0,0
20081209,1642.38,1658.13,1586.14,1613.14,0,0
20081210,1613.14,1653.63,1613.14,1633.38,0,0
20081211,1649.13,1649.13,1633.38,1646.88,0,0
20081212,1599.64,1653.63,1599.64,1653.63,0,0
20081215,1653.63,1655.88,1646.88,1651.38,0,0
20081216,1631.13,1653.63,1631.13,1653.63,0,0
20081217,1653.63,1655.88,1640.13,1651.38,0,0
20081218,1651.38,1671.63,1646.88,1653.63,0,0
20081219,1642.38,1658.13,1642.38,1658.13,0,0
20081222,1669.38,1669.38,1651.38,1658.13,0,0
20081223,1660.38,1709.88,1660.38,1700.88,0,0
20081229,1698.63,1727.88,1698.63,1727.88,0,0
20081230,1727.88,1766.12,1727.88,1766.12,0,0
20081231,1761.62,1799.87,1761.62,1799.87,0,0
20090105,1822.37,1822.37,1795.37,1808.87,0,0
20090106,1840.37,1840.37,1799.87,1820.12,0,0
20090107,1833.62,1833.62,1795.37,1799.87,0,0
20090108,1779.62,1797.62,1775.12,1795.37,0,0
20090109,1777.37,1797.62,1772.87,1790.87,0,0
20090112,1788.62,1788.62,1714.38,1754.88,0,0
20090113,1721.13,1781.87,1721.13,1777.37,0,0
20090114,1793.12,1793.12,1743.63,1754.88,0,0
20090115,1754.88,1754.88,1723.38,1750.38,0,0
20090116,1772.87,1772.87,1721.13,1750.38,0,0
20090119,1793.12,1793.12,1732.38,1743.63,0,0
20090120,1750.38,1750.38,1718.88,1721.13,0,0
20090121,1703.13,1703.13,1667.13,1687.38,0,0
20090122,1696.38,1696.38,1660.38,1687.38,0,0
20090123,1685.13,1687.38,1658.13,1685.13,0,0
20090126,1685.13,1685.13,1655.88,1682.88,0,0
20090127,1685.13,1685.13,1664.88,1685.13,0,0
20090128,1646.88,1687.38,1646.88,1687.38,0,0
20090129,1752.63,1752.63,1673.88,1680.63,0,0
20090130,1687.38,1687.38,1664.88,1682.88,0,0
20090202,1682.88,1682.88,1642.38,1676.13,0,0
20090203,1660.38,1660.38,1619.88,1651.38,0,0
20090204,1651.38,1651.38,1613.14,1613.14,0,0
20090205,1597.39,1597.39,1520.89,1552.39,0,0
20090206,1552.39,1606.39,1552.39,1570.39,0,0
20090209,1570.39,1619.88,1570.39,1590.64,0,0
20090210,1601.89,1615.39,1601.89,1606.39,0,0
20090211,1608.64,1610.89,1599.64,1606.39,0,0
20090212,1617.63,1617.63,1601.89,1608.64,0,0
20090213,1556.89,1615.39,1556.89,1608.64,0,0
20090216,1615.39,1619.88,1597.39,1597.39,0,0
20090217,1608.64,1608.64,1568.14,1568.14,0,0
20090218,1572.64,1572.64,1545.64,1550.14,0,0
20090219,1592.89,1592.89,1563.64,1568.14,0,0
20090220,1572.64,1572.64,1529.89,1561.39,0,0
20090223,1583.89,1583.89,1561.39,1568.14,0,0
20090224,1572.64,1572.64,1538.89,1552.39,0,0
20090225,1568.14,1568.14,1529.89,1538.89,0,0
20090226,1538.89,1538.89,1500.64,1505.14,0,0
20090227,1520.89,1520.89,1417.4,1496.14,0,0
20090302,1493.89,1496.14,1469.15,1482.64,0,0
20090303,1356.65,1428.65,1356.65,1419.65,0,0
20090304,1403.9,1403.9,1349.9,1392.65,0,0
20090305,1361.15,1406.15,1361.15,1406.15,0,0
20090306,1406.15,1406.15,1397.15,1401.65,0,0
20090309,1399.4,1399.4,1383.65,1399.4,0,0
20090310,1403.9,1403.9,1390.4,1397.15,0,0
20090311,1401.65,1410.65,1392.65,1399.4,0,0
20090312,1401.65,1401.65,1383.65,1392.65,0,0
20090313,1271.16,1399.4,1271.16,1397.15,0,0
20090316,1397.15,1412.9,1392.65,1394.9,0,0
20090317,1394.9,1394.9,1381.4,1392.65,0,0
20090318,1394.9,1397.15,1372.4,1392.65,0,0
20090319,1363.4,1394.9,1363.4,1394.9,0,0
20090320,1394.9,1394.9,1379.15,1394.9,0,0
20090323,1392.65,1397.15,1390.4,1392.65,0,0
20090324,1394.9,1401.65,1385.9,1394.9,0,0
20090325,1392.65,1394.9,1385.9,1394.9,0,0
20090326,1394.9,1399.4,1385.9,1392.65,0,0
20090327,1392.65,1403.9,1385.9,1392.65,0,0
20090330,1392.65,1394.9,1385.9,1394.9,0,0
20090331,1394.9,1401.65,1388.15,1399.4,0,0
20090401,1412.9,1412.9,1390.4,1403.9,0,0
20090402,1412.9,1412.9,1392.65,1403.9,0,0
20090403,1403.9,1403.9,1394.9,1403.9,0,0
20090406,1406.15,1518.64,1406.15,1507.39,0,0
20090407,1529.89,1529.89,1484.89,1511.89,0,0
20090408,1505.14,1518.64,1489.39,1511.89,0,0
20090409,1484.89,1516.39,1484.89,1516.39,0,0
20090414,1516.39,1529.89,1498.39,1502.89,0,0
20090415,1500.64,1507.39,1493.89,1507.39,0,0
20090416,1511.89,1604.14,1507.39,1590.64,0,0
20090417,1622.13,1698.63,1615.39,1698.63,0,0
20090420,1707.63,1709.88,1608.64,1633.38,0,0
20090421,1604.14,1664.88,1604.14,1613.14,0,0
20090422,1619.88,1687.38,1619.88,1653.63,0,0
20090423,1685.13,1685.13,1642.38,1653.63,0,0
20090424,1664.88,1664.88,1633.38,1642.38,0,0
20090427,1631.13,1658.13,1581.64,1655.88,0,0
20090428,1651.38,1651.38,1608.64,1640.13,0,0
20090429,1646.88,1662.63,1642.38,1653.63,0,0
20090430,1642.38,1649.13,1615.39,1649.13,0,0
20090504,1615.39,1660.38,1615.39,1635.63,0,0
20090505,1642.38,1649.13,1631.13,1642.38,0,0
20090506,1649.13,1649.13,1631.13,1633.38,0,0
20090507,1631.13,1631.13,1532.14,1532.14,0,0
20090508,1570.39,1592.89,1570.39,1577.14,0,0
20090511,1606.39,1606.39,1574.89,1586.14,0,0
20090512,1597.39,1597.39,1559.14,1563.64,0,0
20090513,1588.39,1588.39,1563.64,1574.89,0,0
20090514,1561.39,1586.14,1561.39,1579.39,0,0
20090515,1590.64,1590.64,1565.89,1579.39,0,0
20090518,1570.39,1579.39,1559.14,1574.89,0,0
20090519,1574.89,1579.39,1563.64,1574.89,0,0
20090520,1574.89,1574.89,1563.64,1572.64,0,0
20090521,1561.39,1572.64,1554.64,1565.89,0,0
20090522,1563.64,1572.64,1563.64,1570.39,0,0
20090525,1574.89,1574.89,1561.39,1561.39,0,0
20090526,1572.64,1572.64,1547.89,1547.89,0,0
20090527,1565.89,1565.89,1536.64,1552.39,0,0
20090528,1563.64,1563.64,1491.64,1552.39,0,0
20090529,1565.89,1565.89,1523.14,1527.64,0,0
20090601,1550.14,1550.14,1500.64,1538.89,0,0
20090602,1538.89,1547.89,1509.64,1532.14,0,0
20090603,1518.64,1545.64,1507.39,1507.39,0,0
20090604,1507.39,1529.89,1502.89,1529.89,0,0
20090605,1529.89,1547.89,1527.64,1527.64,0,0
20090608,1545.64,1545.64,1514.14,1514.14,0,0
20090609,1538.89,1538.89,1480.39,1534.39,0,0
20090610,1532.14,1536.64,1523.14,1532.14,0,0
20090612,1525.39,1538.89,1518.64,1520.89,0,0
20090615,1529.89,1529.89,1500.64,1516.39,0,0
20090616,1514.14,1536.64,1484.89,1514.14,0,0
20090617,1527.64,1527.64,1475.9,1496.14,0,0
20090618,1507.39,1516.39,1484.89,1507.39,0,0
20090619,1507.39,1507.39,1484.89,1484.89,0,0
20090622,1484.89,1484.89,1453.4,1453.4,0,0
20090623,1457.9,1457.9,1406.15,1419.65,0,0
20090624,1412.9,1451.15,1381.4,1437.65,0,0
20090625,1543.39,1543.39,1453.4,1462.4,0,0
20090626,1484.89,1484.89,1439.9,1451.15,0,0
20090629,1430.9,1448.9,1430.9,1446.65,0,0
20090630,1448.9,1448.9,1424.15,1424.15,0,0
20090701,1412.9,1442.15,1399.4,1437.65,0,0
20090702,1453.4,1455.65,1439.9,1439.9,0,0
20090703,1462.4,1473.65,1424.15,1439.9,0,0
20090706,1439.9,1439.9,1401.65,1417.4,0,0
20090707,1417.4,1446.65,1412.9,1412.9,0,0
20090708,1437.65,1437.65,1381.4,1415.15,0,0
20090709,1464.65,1484.89,1397.15,1482.64,0,0
20090710,1498.39,1505.14,1473.65,1484.89,0,0
20090713,1509.64,1509.64,1462.4,1507.39,0,0
20090714,1505.14,1523.14,1505.14,1523.14,0,0
20090715,1527.64,1527.64,1511.89,1518.64,0,0
20090716,1523.14,1523.14,1478.14,1502.89,0,0
20090717,1496.14,1523.14,1482.64,1523.14,0,0
20090720,1518.64,1583.89,1518.64,1563.64,0,0
20090721,1574.89,1574.89,1543.39,1563.64,0,0
20090722,1552.39,1563.64,1541.14,1563.64,0,0
20090723,1552.39,1572.64,1527.64,1572.64,0,0
20090724,1554.64,1574.89,1543.39,1565.89,0,0
20090727,1570.39,1570.39,1525.39,1547.89,0,0
20090728,1547.89,1547.89,1514.14,1536.64,0,0
20090729,1514.14,1536.64,1498.39,1518.64,0,0
20090730,1527.64,1527.64,1478.14,1507.39,0,0
20090731,1514.14,1541.14,1514.14,1541.14,0,0
20090803,1563.64,1563.64,1550.14,1552.39,0,0
20090804,1561.39,1568.14,1552.39,1568.14,0,0
20090805,1579.39,1687.38,1579.39,1617.63,0,0
20090806,1606.39,1660.38,1586.14,1642.38,0,0
20090807,1651.38,1651.38,1622.13,1635.63,0,0
20090810,1619.88,1637.88,1613.14,1637.88,0,0
20090811,1640.13,1640.13,1583.89,1637.88,0,0
20090812,1619.88,1637.88,1586.14,1601.89,0,0
20090813,1619.88,1619.88,1574.89,1581.64,0,0
20090814,1574.89,1590.64,1527.64,1527.64,0,0
20090817,1523.14,1554.64,1502.89,1502.89,0,0
20090818,1527.64,1529.89,1473.65,1529.89,0,0
20090819,1529.89,1534.39,1484.89,1534.39,0,0
20090820,1552.39,1552.39,1518.64,1552.39,0,0
20090821,1552.39,1570.39,1541.14,1570.39,0,0
20090824,1568.14,1588.39,1563.64,1563.64,0,0
20090825,1563.64,1637.88,1552.39,1586.14,0,0
20090826,1586.14,1597.39,1552.39,1568.14,0,0
20090827,1583.89,1597.39,1568.14,1568.14,0,0
20090828,1568.14,1619.88,1552.39,1595.14,0,0
20090831,1577.14,1595.14,1563.64,1568.14,0,0
20090901,1574.89,1574.89,1529.89,1552.39,0,0
20090902,1552.39,1552.39,1487.14,1493.89,0,0
20090903,1475.9,1518.64,1471.4,1518.64,0,0
20090904,1543.39,1552.39,1525.39,1552.39,0,0
20090907,1559.14,1565.89,1552.39,1565.89,0,0
20090908,1565.89,1574.89,1529.89,1565.89,0,0
20090909,1565.89,1583.89,1534.39,1583.89,0,0
20090910,1595.14,1671.63,1595.14,1613.14,0,0
20090911,1617.63,1617.63,1574.89,1610.89,0,0
20090914,1574.89,1574.89,1532.14,1574.89,0,0
20090915,1574.89,1615.39,1543.39,1608.64,0,0
20090916,1604.14,1651.38,1604.14,1642.38,0,0
20090917,1658.13,1678.38,1642.38,1642.38,0,0
20090918,1696.38,1698.63,1644.63,1644.63,0,0
20090921,1680.63,1835.87,1644.63,1833.62,0,0
20090922,1901.11,1901.11,1714.38,1716.63,0,0
20090923,1734.63,1734.63,1660.38,1660.38,0,0
20090924,1626.63,1682.88,1626.63,1642.38,0,0
20090925,1631.13,1655.88,1608.64,1635.63,0,0
20090928,1610.89,1642.38,1599.64,1642.38,0,0
20090929,1658.13,1658.13,1606.39,1637.88,0,0
20090930,1640.13,1644.63,1597.39,1619.88,0,0
20091001,1615.39,1628.88,1595.14,1628.88,0,0
20091002,1592.89,1628.88,1586.14,1628.88,0,0
20091005,1624.38,1628.88,1597.39,1628.88,0,0
20091006,1635.63,1642.38,1615.39,1642.38,0,0
20091007,1687.38,1687.38,1601.89,1626.63,0,0
20091008,1610.89,1631.13,1595.14,1631.13,0,0
20091009,1624.38,1637.88,1615.39,1637.88,0,0
20091012,1624.38,1637.88,1604.14,1637.88,0,0
20091013,1637.88,1637.88,1599.64,1631.13,0,0
20091014,1626.63,1626.63,1613.14,1619.88,0,0
20091015,1601.89,1613.14,1579.39,1597.39,0,0
20091016,1583.89,1583.89,1550.14,1550.14,0,0
20091019,1541.14,1561.39,1484.89,1561.39,0,0
20091020,1511.89,1552.39,1511.89,1536.64,0,0
20091021,1536.64,1536.64,1469.15,1493.89,0,0
20091022,1469.15,1514.14,1462.4,1514.14,0,0
20091023,1507.39,1561.39,1502.89,1559.14,0,0
20091026,1552.39,1552.39,1509.64,1516.39,0,0
20091027,1520.89,1520.89,1498.39,1502.89,0,0
20091028,1471.4,1489.39,1462.4,1489.39,0,0
20091029,1464.65,1529.89,1439.9,1529.89,0,0
20091030,1527.64,1529.89,1491.64,1525.39,0,0
20091102,1518.64,1534.39,1496.14,1534.39,0,0
20091103,1511.89,1518.64,1478.14,1500.64,0,0
20091104,1478.14,1518.64,1462.4,1518.64,0,0
20091105,1505.14,1518.64,1491.64,1518.64,0,0
20091106,1527.64,1527.64,1489.39,1507.39,0,0
20091109,1516.39,1552.39,1484.89,1552.39,0,0
20091110,1577.14,1579.39,1529.89,1545.64,0,0
20091112,1511.89,1520.89,1487.14,1520.89,0,0
20091113,1487.14,1525.39,1487.14,1523.14,0,0
20091116,1502.89,1563.64,1502.89,1552.39,0,0
20091117,1556.89,1556.89,1532.14,1552.39,0,0
20091118,1561.39,1561.39,1509.64,1552.39,0,0
20091119,1520.89,1538.89,1511.89,1529.89,0,0
20091120,1529.89,1529.89,1507.39,1525.39,0,0
20091123,1505.14,1525.39,1500.64,1507.39,0,0
20091124,1514.14,1514.14,1489.39,1500.64,0,0
20091125,1496.14,1496.14,1475.9,1496.14,0,0
20091126,1489.39,1496.14,1462.4,1496.14,0,0
20091127,1464.65,1493.89,1439.9,1493.89,0,0
20091130,1480.39,1511.89,1480.39,1505.14,0,0
20091201,1507.39,1514.14,1502.89,1505.14,0,0
20091202,1502.89,1505.14,1484.89,1505.14,0,0
20091203,1482.64,1505.14,1482.64,1505.14,0,0
20091204,1487.14,1496.14,1484.89,1493.89,0,0
20091207,1484.89,1484.89,1457.9,1457.9,0,0
20091208,1444.4,1496.14,1444.4,1484.89,0,0
20091209,1484.89,1484.89,1464.65,1484.89,0,0
20091210,1464.65,1484.89,1460.15,1473.65,0,0
20091211,1469.15,1473.65,1453.4,1457.9,0,0
20091214,1462.4,1469.15,1444.4,1469.15,0,0
20091215,1473.65,1484.89,1451.15,1484.89,0,0
20091216,1484.89,1484.89,1455.65,1462.4,0,0
20091217,1480.39,1480.39,1428.65,1455.65,0,0
20091218,1430.9,1471.4,1428.65,1471.4,0,0
20091221,1451.15,1471.4,1444.4,1451.15,0,0
20091222,1435.4,1451.15,1419.65,1433.15,0,0
20091223,1439.9,1439.9,1399.4,1408.4,0,0
20091228,1394.9,1439.9,1370.15,1439.9,0,0
20091229,1448.9,1480.39,1439.9,1473.65,0,0
20091230,1482.64,1482.64,1462.4,1478.14,0,0
20091231,1478.14,1482.64,1417.4,1417.4,0,0
20100104,1457.9,1457.9,1417.4,1451.15,0,0
20100105,1451.15,1469.15,1451.15,1466.9,0,0
20100106,1462.4,1480.39,1439.9,1480.39,0,0
20100107,1473.65,1473.65,1451.15,1471.4,0,0
20100108,1451.15,1478.14,1451.15,1473.65,0,0
20100111,1480.39,1592.89,1471.4,1570.39,0,0
20100112,1574.89,1574.89,1514.14,1547.89,0,0
20100113,1565.89,1565.89,1541.14,1552.39,0,0
20100114,1561.39,1563.64,1543.39,1547.89,0,0
20100115,1532.14,1532.14,1502.89,1529.89,0,0
20100118,1514.14,1561.39,1514.14,1538.89,0,0
20100119,1541.14,1554.64,1507.39,1529.89,0,0
20100120,1532.14,1532.14,1505.14,1523.14,0,0
20100121,1525.39,1525.39,1509.64,1523.14,0,0
20100122,1518.64,1518.64,1498.39,1516.39,0,0
20100125,1518.64,1518.64,1496.14,1507.39,0,0
20100126,1473.65,1491.64,1462.4,1487.14,0,0
20100127,1466.9,1487.14,1457.9,1482.64,0,0
20100128,1466.9,1493.89,1466.9,1471.4,0,0
20100129,1462.4,1473.65,1444.4,1471.4,0,0
20100201,1462.4,1471.4,1435.4,1455.65,0,0
20100202,1448.9,1466.9,1444.4,1455.65,0,0
20100203,1442.15,1466.9,1428.65,1442.15,0,0
20100204,1433.15,1442.15,1424.15,1428.65,0,0
20100205,1426.4,1426.4,1340.9,1417.4,0,0
20100208,1383.65,1417.4,1383.65,1408.4,0,0
20100209,1392.65,1410.65,1392.65,1408.4,0,0
20100210,1415.15,1417.4,1394.9,1406.15,0,0
20100211,1399.4,1415.15,1388.15,1406.15,0,0
20100212,1415.15,1428.65,1415.15,1428.65,0,0
20100215,1428.65,1457.9,1424.15,1457.9,0,0
20100216,1457.9,1457.9,1439.9,1457.9,0,0
20100217,1435.4,1451.15,1435.4,1451.15,0,0
20100218,1453.4,1453.4,1428.65,1444.4,0,0
20100219,1435.4,1437.65,1428.65,1437.65,0,0
20100222,1437.65,1462.4,1428.65,1462.4,0,0
20100223,1462.4,1471.4,1435.4,1460.15,0,0
20100224,1433.15,1455.65,1412.9,1430.9,0,0
20100225,1417.4,1437.65,1408.4,1437.65,0,0
20100226,1421.9,1462.4,1421.9,1451.15,0,0
20100301,1462.4,1462.4,1437.65,1444.4,0,0
20100302,1417.4,1439.9,1410.65,1426.4,0,0
20100303,1426.4,1462.4,1426.4,1457.9,0,0
20100304,1457.9,1482.64,1424.15,1435.4,0,0
20100305,1435.4,1453.4,1415.15,1446.65,0,0
20100308,1437.65,1453.4,1417.4,1451.15,0,0
20100309,1455.65,1455.65,1428.65,1446.65,0,0
20100310,1424.15,1455.65,1424.15,1455.65,0,0
20100311,1451.15,1507.39,1451.15,1507.39,0,0
20100312,1529.89,1552.39,1518.64,1541.14,0,0
20100315,1550.14,1572.64,1536.64,1572.64,0,0
20100316,1552.39,1610.89,1547.89,1610.89,0,0
20100317,1608.64,1628.88,1563.64,1574.89,0,0
20100318,1574.89,1574.89,1507.39,1552.39,0,0
20100319,1552.39,1552.39,1516.39,1552.39,0,0
20100322,1547.89,1547.89,1529.89,1545.64,0,0
20100323,1529.89,1579.39,1529.89,1570.39,0,0
20100324,1583.89,1651.38,1565.89,1579.39,0,0
20100325,1597.39,1619.88,1565.89,1604.14,0,0
20100326,1619.88,1619.88,1583.89,1595.14,0,0
20100329,1597.39,1597.39,1565.89,1583.89,0,0
20100330,1565.89,1595.14,1565.89,1595.14,0,0
20100331,1588.39,1590.64,1574.89,1574.89,0,0
20100401,1541.14,1597.39,1541.14,1597.39,0,0
20100406,1592.89,1631.13,1574.89,1595.14,0,0
20100407,1601.89,1608.64,1568.14,1572.64,0,0
20100408,1577.14,1586.14,1500.64,1574.89,0,0
20100409,1577.14,1581.64,1545.64,1574.89,0,0
20100412,1581.64,1581.64,1552.39,1574.89,0,0
20100413,1574.89,1574.89,1552.39,1565.89,0,0
20100414,1563.64,1583.89,1545.64,1583.89,0,0
20100415,1590.64,1626.63,1570.39,1619.88,0,0
20100416,1628.88,1628.88,1561.39,1561.39,0,0
20100419,1520.89,1570.39,1505.14,1570.39,0,0
20100420,1568.14,1574.89,1561.39,1572.64,0,0
20100421,1574.89,1595.14,1541.14,1550.14,0,0
20100422,1529.89,1538.89,1509.64,1525.39,0,0
20100423,1518.64,1563.64,1493.89,1493.89,0,0
20100426,1493.89,1507.39,1478.14,1482.64,0,0
20100427,1478.14,1484.89,1462.4,1473.65,0,0
20100428,1473.65,1484.89,1439.9,1480.39,0,0
20100429,1496.14,1525.39,1493.89,1520.89,0,0
20100430,1507.39,1525.39,1473.65,1523.14,0,0
20100504,1532.14,1532.14,1484.89,1484.89,0,0
20100505,1529.89,1529.89,1473.65,1493.89,0,0
20100506,1462.4,1525.39,1462.4,1505.14,0,0
20100507,1428.65,1484.89,1428.65,1480.39,0,0
20100510,1480.39,1534.39,1480.39,1527.64,0,0
20100511,1532.14,1532.14,1484.89,1507.39,0,0
20100512,1516.39,1516.39,1484.89,1500.64,0,0
20100513,1502.89,1502.89,1462.4,1462.4,0,0
20100514,1482.64,1482.64,1455.65,1460.15,0,0
20100517,1457.9,1496.14,1437.65,1451.15,0,0
20100518,1484.89,1505.14,1451.15,1469.15,0,0
20100519,1489.39,1489.39,1417.4,1433.15,0,0
20100520,1451.15,1451.15,1428.65,1439.9,0,0
20100521,1424.15,1442.15,1406.15,1437.65,0,0
20100524,1419.65,1448.9,1419.65,1448.9,0,0
20100525,1410.65,1439.9,1406.15,1439.9,0,0
20100526,1448.9,1451.15,1428.65,1451.15,0,0
20100527,1451.15,1507.39,1451.15,1507.39,0,0
20100528,1507.39,1550.14,1507.39,1529.89,0,0
20100531,1538.89,1538.89,1507.39,1525.39,0,0
20100601,1527.64,1527.64,1484.89,1509.64,0,0
20100602,1516.39,1516.39,1484.89,1514.14,0,0
20100604,1516.39,1529.89,1500.64,1523.14,0,0
20100607,1523.14,1523.14,1487.14,1523.14,0,0
20100608,1525.39,1529.89,1493.89,1525.39,0,0
20100609,1529.89,1529.89,1500.64,1525.39,0,0
20100610,1507.39,1525.39,1507.39,1525.39,0,0
20100611,1520.89,1525.39,1516.39,1516.39,0,0
20100614,1516.39,1552.39,1516.39,1527.64,0,0
20100615,1550.14,1550.14,1509.64,1525.39,0,0
20100616,1529.89,1529.89,1507.39,1516.39,0,0
20100617,1516.39,1516.39,1482.64,1482.64,0,0
20100618,1520.89,1520.89,1475.9,1496.14,0,0
20100621,1514.14,1516.39,1484.89,1484.89,0,0
20100622,1505.14,1505.14,1433.15,1500.64,0,0
20100623,1484.89,1505.14,1484.89,1505.14,0,0
20100624,1484.89,1514.14,1484.89,1514.14,0,0
20100625,1516.39,1550.14,1496.14,1529.89,0,0
20100628,1496.14,1541.14,1496.14,1529.89,0,0
20100629,1538.89,1541.14,1500.64,1525.39,0,0
20100630,1498.39,1525.39,1498.39,1518.64,0,0
20100701,1480.39,1493.89,1471.4,1482.64,0,0
20100702,1498.39,1514.14,1462.4,1514.14,0,0
20100705,1514.14,1525.39,1500.64,1525.39,0,0
20100706,1478.14,1541.14,1478.14,1518.64,0,0
20100707,1534.39,1534.39,1507.39,1518.64,0,0
20100708,1527.64,1527.64,1484.89,1500.64,0,0
20100709,1502.89,1507.39,1487.14,1507.39,0,0
20100712,1518.64,1538.89,1509.64,1538.89,0,0
20100713,1538.89,1543.39,1514.14,1529.89,0,0
20100714,1543.39,1543.39,1511.89,1529.89,0,0
20100715,1529.89,1543.39,1514.14,1529.89,0,0
20100716,1516.39,1529.89,1516.39,1525.39,0,0
20100719,1509.64,1529.89,1509.64,1525.39,0,0
20100720,1511.89,1529.89,1509.64,1529.89,0,0
20100721,1529.89,1538.89,1516.39,1527.64,0,0
20100722,1525.39,1592.89,1525.39,1574.89,0,0
20100723,1595.14,1615.39,1588.39,1599.64,0,0
20100726,1608.64,1619.88,1608.64,1610.89,0,0
20100727,1608.64,1624.38,1608.64,1608.64,0,0
20100728,1608.64,1613.14,1604.14,1610.89,0,0
20100729,1608.64,1610.89,1592.89,1608.64,0,0
20100730,1610.89,1613.14,1604.14,1608.64,0,0
20100802,1617.63,1660.38,1608.64,1608.64,0,0
20100803,1624.38,1624.38,1608.64,1608.64,0,0
20100804,1608.64,1619.88,1583.89,1590.64,0,0
20100805,1604.14,1624.38,1597.39,1619.88,0,0
20100806,1624.38,1642.38,1597.39,1615.39,0,0
20100809,1597.39,1608.64,1595.14,1601.89,0,0
20100810,1597.39,1597.39,1570.39,1581.64,0,0
20100811,1581.64,1610.89,1581.64,1608.64,0,0
20100812,1608.64,1615.39,1597.39,1610.89,0,0
20100813,1610.89,1619.88,1595.14,1613.14,0,0
20100816,1613.14,1615.39,1577.14,1608.64,0,0
20100817,1608.64,1608.64,1588.39,1597.39,0,0
20100818,1606.39,1606.39,1586.14,1601.89,0,0
20100819,1586.14,1599.64,1583.89,1597.39,0,0
20100820,1597.39,1597.39,1574.89,1574.89,0,0
20100823,1568.14,1595.14,1568.14,1592.89,0,0
20100824,1586.14,1592.89,1574.89,1590.64,0,0
20100825,1590.64,1592.89,1574.89,1574.89,0,0
20100826,1574.89,1574.89,1561.39,1574.89,0,0
20100827,1574.89,1581.64,1563.64,1577.14,0,0
20100830,1574.89,1592.89,1574.89,1586.14,0,0
20100831,1581.64,1581.64,1574.89,1577.14,0,0
20100901,1577.14,1651.38,1574.89,1633.38,0,0
20100902,1628.88,1698.63,1628.88,1698.63,0,0
20100903,1698.63,1698.63,1655.88,1671.63,0,0
20100906,1673.88,1705.38,1667.13,1685.13,0,0
20100907,1671.63,1709.88,1631.13,1640.13,0,0
20100908,1628.88,1676.13,1628.88,1662.63,0,0
20100909,1680.63,1680.63,1646.88,1649.13,0,0
20100910,1669.38,1682.88,1669.38,1673.88,0,0
20100913,1748.13,1826.87,1700.88,1700.88,0,0
20100914,1694.13,1694.13,1635.63,1635.63,0,0
20100915,1642.38,1671.63,1642.38,1667.13,0,0
20100916,1844.87,1844.87,1709.88,1709.88,0,0
20100917,1754.88,1754.88,1678.38,1743.63,0,0
20100920,1752.63,1768.37,1732.38,1757.13,0,0
20100921,1754.88,1799.87,1754.88,1784.12,0,0
20100922,1795.37,1799.87,1779.62,1781.87,0,0
20100923,1797.62,1797.62,1712.13,1712.13,0,0
20100924,1743.63,1761.62,1741.38,1750.38,0,0
20100927,1752.63,1752.63,1725.63,1748.13,0,0
20100928,1732.38,1743.63,1725.63,1741.38,0,0
20100929,1748.13,1754.88,1700.88,1721.13,0,0
20100930,1727.88,1727.88,1687.38,1696.38,0,0
20101001,1680.63,1703.13,1671.63,1691.88,0,0
20101004,1694.13,1705.38,1664.88,1685.13,0,0
20101005,1682.88,1687.38,1671.63,1682.88,0,0
20101006,1680.63,1687.38,1671.63,1685.13,0,0
20101007,1687.38,1687.38,1646.88,1660.38,0,0
20101008,1660.38,1682.88,1653.63,1653.63,0,0
20101011,1644.63,1700.88,1644.63,1676.13,0,0
20101012,1676.13,1685.13,1664.88,1676.13,0,0
20101013,1676.13,1687.38,1646.88,1651.38,0,0
20101014,1653.63,1687.38,1653.63,1664.88,0,0
20101015,1653.63,1685.13,1653.63,1669.38,0,0
20101018,1673.88,1673.88,1660.38,1664.88,0,0
20101019,1646.88,1664.88,1631.13,1640.13,0,0
20101020,1637.88,1653.63,1628.88,1651.38,0,0
20101021,1660.38,1660.38,1631.13,1646.88,0,0
20101022,1635.63,1662.63,1635.63,1653.63,0,0
20101025,1660.38,1662.63,1644.63,1653.63,0,0
20101026,1653.63,1653.63,1640.13,1653.63,0,0
20101027,1642.38,1673.88,1642.38,1662.63,0,0
20101028,1662.63,1669.38,1651.38,1653.63,0,0
20101029,1653.63,1673.88,1653.63,1671.63,0,0
20101102,1673.88,1687.38,1660.38,1680.63,0,0
20101103,1669.38,1680.63,1669.38,1678.38,0,0
20101104,1678.38,1687.38,1664.88,1685.13,0,0
20101105,1685.13,1700.88,1673.88,1698.63,0,0
20101108,1709.88,1712.13,1682.88,1689.63,0,0
20101109,1676.13,1689.63,1676.13,1685.13,0,0
20101110,1698.63,1698.63,1680.63,1694.13,0,0
20101112,1694.13,1696.38,1682.88,1685.13,0,0
20101115,1689.63,1689.63,1664.88,1676.13,0,0
20101116,1664.88,1673.88,1649.13,1658.13,0,0
20101117,1653.63,1662.63,1642.38,1651.38,0,0
20101118,1655.88,1676.13,1646.88,1673.88,0,0
20101119,1682.88,1682.88,1660.38,1680.63,0,0
20101122,1644.63,1698.63,1644.63,1680.63,0,0
20101123,1682.88,1691.88,1662.63,1669.38,0,0
20101124,1673.88,1685.13,1646.88,1685.13,0,0
20101125,1685.13,1687.38,1678.38,1687.38,0,0
20101126,1691.88,1696.38,1676.13,1687.38,0,0
20101129,1673.88,1694.13,1667.13,1667.13,0,0
20101130,1687.38,1709.88,1687.38,1698.63,0,0
20101201,1705.38,1705.38,1685.13,1705.38,0,0
20101202,1705.38,1723.38,1660.38,1680.63,0,0
20101203,1696.38,1698.63,1678.38,1698.63,0,0
20101206,1689.63,1723.38,1689.63,1721.13,0,0
20101207,1721.13,1736.88,1698.63,1698.63,0,0
20101208,1698.63,1712.13,1669.38,1669.38,0,0
20101209,1676.13,1712.13,1676.13,1687.38,0,0
20101210,1680.63,1698.63,1673.88,1689.63,0,0
20101213,1689.63,1718.88,1689.63,1718.88,0,0
20101214,1718.88,1732.38,1714.38,1732.38,0,0
20101215,1743.63,1772.87,1743.63,1750.38,0,0
20101216,1750.38,1775.12,1750.38,1772.87,0,0
20101217,1777.37,1804.37,1777.37,1793.12,0,0
20101220,1799.87,1804.37,1709.88,1716.63,0,0
20101221,1709.88,1750.38,1689.63,1714.38,0,0
20101222,1716.63,1750.38,1662.63,1703.13,0,0
20101223,1703.13,1750.38,1687.38,1732.38,0,0
20101227,1732.38,1752.63,1709.88,1743.63,0,0
20101228,1741.38,1750.38,1732.38,1741.38,0,0
20101229,1743.63,1743.63,1712.13,1743.63,0,0
20101230,1743.63,1770.62,1743.63,1770.62,0,0
20101231,1770.62,1799.87,1770.62,1799.87,0,0
20110103,1781.87,1840.37,1781.87,1804.37,0,0
20110104,1808.87,1829.12,1799.87,1811.12,0,0
20110105,1831.37,1831.37,1732.38,1754.88,0,0
20110107,1799.87,1822.37,1786.37,1799.87,0,0
20110110,1799.87,1808.87,1779.62,1804.37,0,0
20110111,1806.62,1808.87,1772.87,1797.62,0,0
20110112,1808.87,1815.62,1639.44,1639.44,0,0
20110113,1649.79,1656,1639.44,1656,0,0
20110114,1639.44,1662.21,1639.44,1660.14,0,0
20110117,1676.7,1676.7,1653.93,1666.35,0,0
20110118,1676.7,1705.68,1656,1699.47,0,0
20110119,1697.4,1800.9,1697.4,1718.1,0,0
20110120,1736.73,1786.41,1722.24,1769.85,0,0
20110121,1776.06,1852.65,1769.85,1840.23,0,0
20110124,1881.63,1976.85,1881.63,1939.59,0,0
20110125,1985.13,2007.9,1840.23,1842.3,0,0
20110126,1842.3,1842.3,1740.87,1759.5,0,0
20110127,1738.8,1759.5,1711.89,1738.8,0,0
20110128,1722.24,1722.24,1722.24,1722.24,0,0
20110131,1701.54,1713.96,1680.84,1705.68,0,0
20110201,1718.1,1718.1,1604.25,1697.4,0,0
20110202,1666.35,1674.63,1637.37,1656,0,0
20110203,1645.65,1656,1604.25,1604.25,0,0
20110204,1604.25,1651.86,1604.25,1647.72,0,0
20110207,1656,1656,1618.74,1656,0,0
20110208,1656,1662.21,1622.88,1624.95,0,0
20110209,1635.3,1645.65,1624.95,1645.65,0,0
20110210,1645.65,1656,1629.09,1651.86,0,0
20110211,1651.86,1656,1622.88,1656,0,0
20110214,1680.84,1680.84,1645.65,1676.7,0,0
20110215,1684.98,1684.98,1658.07,1672.56,0,0
20110216,1658.07,1676.7,1631.16,1656,0,0
20110217,1656,1656,1631.16,1645.65,0,0
20110218,1614.6,1687.05,1614.6,1687.05,0,0
20110221,1697.4,1757.43,1687.05,1732.59,0,0
20110222,1728.45,1732.59,1705.68,1713.96,0,0
20110223,1687.05,1687.05,1627.02,1651.86,0,0
20110224,1647.72,1647.72,1600.11,1614.6,0,0
20110225,1608.39,1614.6,1593.9,1614.6,0,0
20110228,1631.16,1656,1631.16,1651.86,0,0
20110301,1653.93,1653.93,1627.02,1647.72,0,0
20110302,1624.95,1676.7,1602.18,1656,0,0
20110303,1656,1676.7,1614.6,1643.58,0,0
20110304,1653.93,1656,1624.95,1635.3,0,0
20110307,1624.95,1651.86,1573.2,1581.48,0,0
20110308,1591.83,1593.9,1573.2,1573.2,0,0
20110309,1573.2,1604.25,1527.66,1550.43,0,0
20110310,1540.08,1550.43,1502.82,1511.1,0,0
20110311,1511.1,1540.08,1490.4,1523.52,0,0
20110314,1511.1,1540.08,1502.82,1513.17,0,0
20110315,1480.05,1513.17,1455.21,1488.33,0,0
20110316,1500.75,1529.73,1492.47,1498.68,0,0
20110317,1531.8,1540.08,1498.68,1504.89,0,0
20110318,1531.8,1531.8,1492.47,1527.66,0,0
20110321,1535.94,1562.85,1529.73,1535.94,0,0
20110322,1540.08,1550.43,1475.91,1498.68,0,0
20110323,1500.75,1519.38,1496.61,1515.24,0,0
20110324,1523.52,1540.08,1506.96,1535.94,0,0
20110325,1535.94,1558.71,1535.94,1540.08,0,0
20110328,1544.22,1544.22,1511.1,1538.01,0,0
20110329,1540.08,1556.64,1521.45,1540.08,0,0
20110330,1531.8,1548.36,1521.45,1540.08,0,0
20110331,1548.36,1552.5,1531.8,1544.22,0,0
20110401,1550.43,1550.43,1519.38,1542.15,0,0
20110404,1533.87,1542.15,1527.66,1542.15,0,0
20110405,1548.36,1548.36,1531.8,1531.8,0,0
20110406,1533.87,1548.36,1521.45,1531.8,0,0
20110407,1538.01,1540.08,1504.89,1504.89,0,0
20110408,1529.73,1529.73,1504.89,1519.38,0,0
20110411,1517.31,1531.8,1515.24,1521.45,0,0
20110412,1531.8,1548.36,1515.24,1548.36,0,0
20110413,1548.36,1548.36,1540.08,1546.29,0,0
20110414,1548.36,1566.99,1544.22,1558.71,0,0
20110415,1558.71,1566.99,1546.29,1552.5,0,0
20110418,1542.15,1558.71,1517.31,1535.94,0,0
20110419,1535.94,1540.08,1521.45,1529.73,0,0
20110420,1560.78,1560.78,1531.8,1544.22,0,0
20110421,1544.22,1558.71,1542.15,1546.29,0,0
20110426,1531.8,1560.78,1531.8,1546.29,0,0
20110427,1558.71,1560.78,1546.29,1550.43,0,0
20110428,1560.78,1593.9,1548.36,1593.9,0,0
20110429,1608.39,1622.88,1575.27,1598.04,0,0
20110502,1622.88,1624.95,1593.9,1598.04,0,0
20110504,1593.9,1618.74,1556.64,1591.83,0,0
20110505,1707.75,1738.8,1591.83,1653.93,0,0
20110506,1678.77,1678.77,1608.39,1645.65,0,0
20110509,1649.79,1653.93,1614.6,1649.79,0,0
20110510,1635.3,1647.72,1616.67,1627.02,0,0
20110511,1627.02,1627.02,1604.25,1618.74,0,0
20110512,1606.32,1624.95,1573.2,1624.95,0,0
20110513,1624.95,1647.72,1624.95,1647.72,0,0
20110516,1645.65,1660.14,1637.37,1643.58,0,0
20110517,1637.37,1651.86,1624.95,1635.3,0,0
20110518,1651.86,1653.93,1635.3,1649.79,0,0
20110519,1653.93,1656,1651.86,1656,0,0
20110520,1651.86,1664.28,1649.79,1656,0,0
20110523,1643.58,1656,1637.37,1656,0,0
20110524,1645.65,1662.21,1645.65,1662.21,0,0
20110525,1666.35,1676.7,1653.93,1656,0,0
20110526,1656,1656,1645.65,1656,0,0
20110527,1656,1676.7,1649.79,1676.7,0,0
20110530,1680.84,1732.59,1680.84,1705.68,0,0
20110531,1713.96,1850.58,1693.26,1850.58,0,0
20110601,1821.6,1856.79,1790.55,1850.58,0,0
20110602,1840.23,1856.79,1815.39,1856.79,0,0
20110603,1846.44,1869.21,1784.34,1842.3,0,0
20110606,1838.16,1860.93,1815.39,1838.16,0,0
20110607,1842.3,1858.86,1834.02,1858.86,0,0
20110608,1852.65,1863,1846.44,1852.65,0,0
20110609,1858.86,1863,1813.32,1856.79,0,0
20110610,1844.37,1856.79,1811.25,1823.67,0,0
20110613,1821.6,1821.6,1796.76,1800.9,0,0
20110614,1811.25,1817.46,1759.5,1792.62,0,0
20110615,1819.53,1819.53,1780.2,1784.34,0,0
20110616,1788.48,1788.48,1728.45,1728.45,0,0
20110617,1718.1,1736.73,1709.82,1720.17,0,0
20110620,1707.75,1759.5,1701.54,1734.66,0,0
20110621,1734.66,1751.22,1711.89,1724.31,0,0
20110622,1732.59,1757.43,1724.31,1757.43,0,0
20110624,1736.73,1769.85,1736.73,1759.5,0,0
20110627,1769.85,1769.85,1730.52,1747.08,0,0
20110628,1759.5,1767.78,1718.1,1765.71,0,0
20110629,1771.92,1771.92,1759.5,1769.85,0,0
20110630,1771.92,1819.53,1771.92,1780.2,0,0
20110701,1780.2,1831.95,1780.2,1811.25,0,0
20110704,1811.25,1840.23,1811.25,1840.23,0,0
20110705,1831.95,1834.02,1800.9,1819.53,0,0
20110706,1829.88,1829.88,1773.99,1819.53,0,0
20110707,1805.04,1829.88,1805.04,1821.6,0,0
20110708,1821.6,1836.09,1815.39,1836.09,0,0
20110711,1836.09,1840.23,1800.9,1821.6,0,0
20110712,1813.32,1821.6,1782.27,1811.25,0,0
20110713,1813.32,1821.6,1800.9,1817.46,0,0
20110714,1813.32,1821.6,1792.62,1811.25,0,0
20110715,1811.25,1819.53,1780.2,1811.25,0,0
20110718,1811.25,1817.46,1749.15,1749.15,0,0
20110719,1749.15,1782.27,1697.4,1697.4,0,0
20110720,1697.4,1773.99,1697.4,1718.1,0,0
20110721,1697.4,1755.36,1697.4,1736.73,0,0
20110722,1736.73,1773.99,1736.73,1738.8,0,0
20110725,1769.85,1769.85,1745.01,1767.78,0,0
20110726,1780.2,1782.27,1738.8,1763.64,0,0
20110727,1751.22,1778.13,1718.1,1757.43,0,0
20110728,1749.15,1786.41,1742.94,1773.99,0,0
20110729,1709.82,1778.13,1709.82,1749.15,0,0
20110801,1759.5,1773.99,1745.01,1763.64,0,0
20110802,1780.2,1780.2,1747.08,1757.43,0,0
20110803,1699.47,1757.43,1697.4,1736.73,0,0
20110804,1687.05,1742.94,1653.93,1653.93,0,0
20110805,1531.8,1653.93,1449,1624.95,0,0
20110808,1511.1,1631.16,1511.1,1513.17,0,0
20110809,1509.03,1540.08,1372.41,1459.35,0,0
20110810,1504.89,1562.85,1438.65,1446.93,0,0
20110811,1409.67,1525.59,1399.32,1521.45,0,0
20110812,1531.8,1614.6,1511.1,1552.5,0,0
20110816,1618.74,1633.23,1573.2,1610.46,0,0
20110817,1575.27,1633.23,1575.27,1612.53,0,0
20110818,1608.39,1633.23,1459.35,1488.33,0,0
20110819,1391.04,1527.66,1391.04,1506.96,0,0
20110822,1531.8,1533.87,1509.03,1509.03,0,0
20110823,1511.1,1511.1,1413.81,1453.14,0,0
20110824,1509.03,1509.03,1411.74,1449,0,0
20110825,1484.19,1484.19,1422.09,1461.42,0,0
20110826,1457.28,1502.82,1436.58,1469.7,0,0
20110829,1490.4,1521.45,1490.4,1494.54,0,0
20110830,1496.61,1506.96,1449,1496.61,0,0
20110831,1496.61,1527.66,1469.7,1502.82,0,0
20110901,1509.03,1511.1,1459.35,1490.4,0,0
20110902,1486.26,1486.26,1397.25,1407.6,0,0
20110905,1403.46,1407.6,1289.61,1293.75,0,0
20110906,1275.12,1310.31,1275.12,1304.1,0,0
20110907,1308.24,1308.24,1291.68,1295.82,0,0
20110908,1293.75,1304.1,1252.35,1254.42,0,0
20110909,1295.82,1295.82,1242,1277.19,0,0
20110912,1242,1252.35,1163.34,1194.39,0,0
20110913,1181.97,1190.25,1155.06,1188.18,0,0
20110914,1186.11,1188.18,1175.76,1188.18,0,0
20110915,1210.95,1210.95,1161.27,1200.6,0,0
20110916,1200.6,1210.95,1186.11,1200.6,0,0
20110919,1231.65,1231.65,1196.46,1196.46,0,0
20110920,1215.09,1215.09,1194.39,1206.81,0,0
20110921,1219.23,1219.23,1196.46,1208.88,0,0
20110922,1179.9,1190.25,1177.83,1190.25,0,0
20110923,1179.9,1190.25,1169.55,1190.25,0,0
20110926,1190.25,1204.74,1186.11,1202.67,0,0
20110927,1206.81,1206.81,1198.53,1202.67,0,0
20110928,1198.53,1198.53,1179.9,1181.97,0,0
20110929,1177.83,1181.97,1177.83,1179.9,0,0
20110930,1177.83,1206.81,1163.34,1200.6,0,0
20111003,1179.9,1206.81,1179.9,1196.46,0,0
20111004,1200.6,1200.6,1186.11,1198.53,0,0
20111005,1190.25,1198.53,1179.9,1196.46,0,0
20111006,1196.46,1196.46,1179.9,1179.9,0,0
20111007,1181.97,1192.32,1181.97,1190.25,0,0
20111010,1190.25,1192.32,1163.34,1169.55,0,0
20111011,1169.55,1169.55,1163.34,1163.34,0,0
20111012,1179.9,1179.9,1167.48,1173.69,0,0
20111013,1175.76,1188.18,1140.57,1155.06,0,0
20111014,1159.2,1159.2,1134.36,1138.5,0,0
20111017,1175.76,1175.76,1140.57,1165.41,0,0
20111018,1142.64,1157.13,1138.5,1144.71,0,0
20111019,1140.57,1165.41,1138.5,1142.64,0,0
20111020,1142.64,1150.92,1128.15,1128.15,0,0
20111021,1144.71,1159.2,1140.57,1159.2,0,0
20111024,1161.27,1192.32,1161.27,1192.32,0,0
20111025,1192.32,1192.32,1173.69,1179.9,0,0
20111026,1188.18,1188.18,1169.55,1179.9,0,0
20111027,1177.83,1179.9,1163.34,1175.76,0,0
20111028,1148.85,1173.69,1140.57,1173.69,0,0
20111031,1159.2,1173.69,1138.5,1146.78,0,0
20111102,1138.5,1138.5,1117.8,1121.94,0,0
20111103,1117.8,1117.8,1115.73,1117.8,0,0
20111104,1126.08,1126.08,1111.59,1117.8,0,0
20111107,1117.8,1148.85,1113.66,1117.8,0,0
20111108,1117.8,1190.25,1103.31,1121.94,0,0
20111109,1136.43,1136.43,1084.68,1117.8,0,0
20111110,1119.87,1136.43,1103.31,1136.43,0,0
20111114,1159.2,1231.65,1140.57,1163.34,0,0
20111115,1173.69,1196.46,1134.36,1159.2,0,0
20111116,1179.9,1190.25,1169.55,1179.9,0,0
20111117,1179.9,1198.53,1159.2,1184.04,0,0
20111118,1188.18,1196.46,1179.9,1184.04,0,0
20111121,1179.9,1196.46,1159.2,1179.9,0,0
20111122,1161.27,1188.18,1155.06,1171.62,0,0
20111123,1169.55,1181.97,1128.15,1138.5,0,0
20111124,1130.22,1152.99,1117.8,1124.01,0,0
20111125,1124.01,1157.13,1124.01,1128.15,0,0
20111128,1148.85,1163.34,1148.85,1155.06,0,0
20111129,1161.27,1161.27,1072.26,1074.33,0,0
20111130,1074.33,1117.8,1061.91,1078.47,0,0
20111201,1115.73,1138.5,1061.91,1074.33,0,0
20111202,1132.29,1132.29,1072.26,1097.1,0,0
20111205,1097.1,1105.38,1070.19,1095.03,0,0
20111206,1074.33,1105.38,1074.33,1084.68,0,0
20111207,1095.03,1095.03,1074.33,1074.33,0,0
20111208,1074.33,1074.33,977.04,991.53,0,0
20111209,958.41,993.6,943.92,968.76,0,0
20111212,972.9,993.6,921.15,925.29,0,0
20111213,948.06,950.13,904.59,929.43,0,0
20111214,906.66,941.85,906.66,912.87,0,0
20111215,925.29,925.29,896.31,912.87,0,0
20111216,927.36,933.57,900.45,906.66,0,0
20111219,890.1,923.22,890.1,896.31,0,0
20111220,910.8,910.8,848.7,848.7,0,0
20111221,867.33,869.4,848.7,863.19,0,0
20111222,869.4,900.45,863.19,900.45,0,0
20111223,908.73,1035,900.45,1035,0,0
20111227,1035,1037.07,981.18,1006.02,0,0
20111228,1028.79,1035,979.11,985.32,0,0
20111229,964.62,981.18,954.27,962.55,0,0
20111230,974.97,1032.93,962.55,962.55,0,0
20120102,1003.95,1055.7,981.18,1053.63,0,0
20120103,1055.7,1090.89,1053.63,1066.05,0,0
20120104,1059.84,1134.36,1059.84,1119.87,0,0
20120105,1119.87,1136.43,1090.89,1121.94,0,0
20120109,1124.01,1124.01,1082.61,1088.82,0,0
20120110,1117.8,1117.8,1078.47,1090.89,0,0
20120111,1090.89,1115.73,1078.47,1086.75,0,0
20120112,1103.31,1105.38,1074.33,1076.4,0,0
20120113,1086.75,1086.75,1047.42,1053.63,0,0
20120116,1055.7,1074.33,1043.28,1053.63,0,0
20120117,1068.12,1076.4,1049.49,1053.63,0,0
20120118,1063.98,1063.98,1047.42,1053.63,0,0
20120119,1155.06,1155.06,1055.7,1068.12,0,0
20120120,1082.61,1086.75,1068.12,1068.12,0,0
20120123,1088.82,1088.82,1066.05,1072.26,0,0
20120124,1082.61,1082.61,1049.49,1051.56,0,0
20120125,1055.7,1066.05,1045.35,1047.42,0,0
20120126,1047.42,1057.77,1045.35,1047.42,0,0
20120127,1049.49,1072.26,1043.28,1047.42,0,0
20120130,1045.35,1051.56,1039.14,1045.35,0,0
20120131,1049.49,1053.63,1043.28,1043.28,0,0
20120201,1047.42,1063.98,1043.28,1047.42,0,0
20120202,1066.05,1066.05,1047.42,1047.42,0,0
20120203,1049.49,1066.05,1039.14,1066.05,0,0
20120206,1086.75,1134.36,1066.05,1107.45,0,0
20120207,1126.08,1177.83,1084.68,1119.87,0,0
20120208,1117.8,1157.13,1111.59,1111.59,0,0
20120209,1117.8,1140.57,1099.17,1111.59,0,0
20120210,1111.59,1111.59,1084.68,1111.59,0,0
20120213,1124.01,1124.01,1092.96,1107.45,0,0
20120214,1107.45,1136.43,1097.1,1107.45,0,0
20120215,1107.45,1181.97,1107.45,1177.83,0,0
20120216,1177.83,1283.4,1177.83,1270.98,0,0
20120217,1318.59,1318.59,1275.12,1299.96,0,0
20120220,1308.24,1353.78,1308.24,1333.08,0,0
20120221,1417.95,1417.95,1333.08,1345.5,0,0
20120222,1357.92,1359.99,1248.21,1279.26,0,0
20120223,1279.26,1279.26,1242,1258.56,0,0
20120224,1244.07,1283.4,1244.07,1258.56,0,0
20120227,1277.19,1277.19,1250.28,1264.77,0,0
20120228,1262.7,1270.98,1262.7,1266.84,0,0
20120229,1268.91,1281.33,1262.7,1275.12,0,0
20120301,1252.35,1275.12,1227.51,1258.56,0,0
20120302,1258.56,1262.7,1206.81,1258.56,0,0
20120305,1258.56,1270.98,1252.35,1262.7,0,0
20120306,1246.14,1262.7,1244.07,1252.35,0,0
20120307,1242,1260.63,1242,1256.49,0,0
20120308,1254.42,1281.33,1254.42,1270.98,0,0
20120309,1279.26,1279.26,1258.56,1270.98,0,0
20120312,1260.63,1270.98,1250.28,1250.28,0,0
20120313,1252.35,1262.7,1248.21,1258.56,0,0
20120314,1258.56,1275.12,1258.56,1262.7,0,0
20120315,1270.98,1279.26,1256.49,1262.7,0,0
20120316,1266.84,1275.12,1262.7,1264.77,0,0
20120319,1266.84,1275.12,1231.65,1242,0,0
20120320,1231.65,1250.28,1231.65,1242,0,0
20120321,1242,1252.35,1242,1250.28,0,0
20120322,1242,1246.14,1210.95,1233.72,0,0
20120323,1204.74,1244.07,1204.74,1244.07,0,0
20120326,1250.28,1252.35,1237.86,1244.07,0,0
20120327,1260.63,1262.7,1244.07,1258.56,0,0
20120328,1242,1273.05,1239.93,1239.93,0,0
20120329,1221.3,1252.35,1221.3,1239.93,0,0
20120330,1248.21,1262.7,1239.93,1262.7,0,0
20120402,1262.7,1262.7,1227.51,1231.65,0,0
20120403,1254.42,1254.42,1231.65,1233.72,0,0
20120404,1221.3,1221.3,1169.55,1169.55,0,0
20120405,1148.85,1159.2,1138.5,1138.5,0,0
20120410,1138.5,1146.78,1111.59,1138.5,0,0
20120411,1134.36,1159.2,1117.8,1157.13,0,0
20120412,1152.99,1157.13,1138.5,1157.13,0,0
20120413,1159.2,1159.2,1155.06,1159.2,0,0
20120416,1159.2,1159.2,1107.45,1146.78,0,0
20120417,1128.15,1128.15,1099.17,1109.52,0,0
20120418,1068.12,1086.75,1068.12,1068.12,0,0
20120419,1059.84,1068.12,1032.93,1057.77,0,0
20120420,1063.98,1063.98,1037.07,1037.07,0,0
20120423,1014.3,1026.72,972.9,972.9,0,0
20120424,974.97,974.97,960.48,972.9,0,0
20120425,1003.95,1003.95,931.5,931.5,0,0
20120426,939.78,939.78,890.1,931.5,0,0
20120427,943.92,972.9,931.5,968.76,0,0
20120430,974.97,1035,968.76,989.46,0,0
20120502,1010.16,1035,989.46,993.6,0,0
20120504,993.6,993.6,964.62,972.9,0,0
20120507,948.06,970.83,943.92,958.41,0,0
20120508,960.48,964.62,941.85,941.85,0,0
20120509,937.71,960.48,935.64,941.85,0,0
20120510,941.85,960.48,931.5,931.5,0,0
20120511,952.2,952.2,931.5,941.85,0,0
20120514,943.92,956.34,921.15,935.64,0,0
20120515,935.64,948.06,931.5,941.85,0,0
20120516,921.15,960.48,912.87,952.2,0,0
20120517,921.15,960.48,896.31,910.8,0,0
20120518,910.8,962.55,871.47,962.55,0,0
20120521,952.2,979.11,952.2,977.04,0,0
20120522,981.18,983.25,968.76,983.25,0,0
20120523,983.25,1014.3,941.85,1003.95,0,0
20120524,999.81,1037.07,979.11,1035,0,0
20120525,1047.42,1049.49,1035,1035,0,0
20120528,1053.63,1053.63,1026.72,1026.72,0,0
20120529,1024.65,1055.7,999.81,1039.14,0,0
20120530,1066.05,1066.05,1041.21,1041.21,0,0
20120531,1035,1059.84,1035,1035,0,0
20120601,1070.19,1070.19,1018.44,1043.28,0,0
20120604,1043.28,1047.42,1043.28,1043.28,0,0
20120605,1051.56,1051.56,1032.93,1045.35,0,0
20120606,1037.07,1045.35,1032.93,1045.35,0,0
20120608,1047.42,1063.98,1041.21,1045.35,0,0
20120611,1039.14,1061.91,1039.14,1045.35,0,0
20120612,1053.63,1063.98,1041.21,1043.28,0,0
20120613,1055.7,1055.7,1041.21,1045.35,0,0
20120614,1043.28,1059.84,1041.21,1041.21,0,0
20120615,1041.21,1045.35,1039.14,1043.28,0,0
20120618,1043.28,1059.84,1043.28,1045.35,0,0
20120619,1049.49,1055.7,1041.21,1047.42,0,0
20120620,1076.4,1076.4,1045.35,1045.35,0,0
20120621,1055.7,1055.7,1041.21,1045.35,0,0
20120622,1049.49,1049.49,1043.28,1047.42,0,0
20120625,1047.42,1134.36,1045.35,1076.4,0,0
20120626,1076.4,1076.4,1055.7,1055.7,0,0
20120627,1072.26,1072.26,1049.49,1055.7,0,0
20120628,1049.49,1068.12,1049.49,1055.7,0,0
20120629,1072.26,1115.73,1055.7,1115.73,0,0
20120702,1090.89,1097.1,1076.4,1080.54,0,0
20120703,1078.47,1109.52,1076.4,1080.54,0,0
20120704,1080.54,1095.03,1059.84,1059.84,0,0
20120705,1063.98,1076.4,1055.7,1070.19,0,0
20120706,1070.19,1090.89,1063.98,1070.19,0,0
20120709,1076.4,1088.82,1066.05,1070.19,0,0
20120710,1070.19,1076.4,1063.98,1068.12,0,0
20120711,1049.49,1074.33,1049.49,1070.19,0,0
20120712,1057.77,1068.12,1028.79,1035,0,0
20120713,1035,1063.98,1035,1053.63,0,0
20120716,1063.98,1070.19,1053.63,1063.98,0,0
20120717,1074.33,1074.33,1066.05,1066.05,0,0
20120718,1043.28,1084.68,1043.28,1068.12,0,0
20120719,1082.61,1082.61,1051.56,1063.98,0,0
20120720,1059.84,1070.19,1057.77,1061.91,0,0
20120723,1066.05,1066.05,1053.63,1053.63,0,0
20120724,1055.7,1061.91,1041.21,1055.7,0,0
20120725,1061.91,1061.91,1006.02,1061.91,0,0
20120726,1076.4,1128.15,1076.4,1103.31,0,0
20120727,1101.24,1119.87,1101.24,1105.38,0,0
20120730,1132.29,1132.29,1082.61,1103.31,0,0
20120731,1115.73,1115.73,1092.96,1109.52,0,0
20120801,1105.38,1115.73,1099.17,1109.52,0,0
20120802,1109.52,1111.59,1080.54,1105.38,0,0
20120803,1107.45,1113.66,1097.1,1103.31,0,0
20120806,1117.8,1117.8,1088.82,1088.82,0,0
20120807,1107.45,1107.45,1097.1,1103.31,0,0
20120808,1103.31,1109.52,1097.1,1105.38,0,0
20120809,1107.45,1117.8,1097.1,1117.8,0,0
20120810,1109.52,1117.8,1097.1,1117.8,0,0
20120813,1105.38,1105.38,1092.96,1099.17,0,0
20120814,1105.38,1105.38,1097.1,1097.1,0,0
20120816,1097.1,1115.73,1097.1,1105.38,0,0
20120817,1097.1,1107.45,1095.03,1107.45,0,0
20120820,1105.38,1105.38,1086.75,1092.96,0,0
20120821,1086.75,1092.96,1086.75,1092.96,0,0
20120822,1084.68,1092.96,1084.68,1092.96,0,0
20120823,1097.1,1101.24,1086.75,1086.75,0,0
20120824,1095.03,1099.17,1059.84,1095.03,0,0
20120827,1095.03,1095.03,1084.68,1092.96,0,0
20120828,1092.96,1097.1,1084.68,1097.1,0,0
20120829,1090.89,1090.89,1086.75,1086.75,0,0
20120830,1088.82,1097.1,1086.75,1097.1,0,0
20120831,1097.1,1099.17,1092.96,1097.1,0,0
20120903,1076.4,1099.17,1076.4,1088.82,0,0
20120904,1084.68,1101.24,1076.4,1097.1,0,0
20120905,1097.1,1103.31,1086.75,1097.1,0,0
20120906,1101.24,1107.45,1095.03,1105.38,0,0
20120907,1105.38,1105.38,1095.03,1099.17,0,0
20120910,1099.17,1113.66,1095.03,1101.24,0,0
20120911,1097.1,1101.24,1095.03,1099.17,0,0
20120912,1103.31,1105.38,1097.1,1103.31,0,0
20120913,1107.45,1113.66,1099.17,1101.24,0,0
20120914,1105.38,1117.8,1105.38,1107.45,0,0
20120917,1109.52,1190.25,1107.45,1113.66,0,0
20120918,1155.06,1155.06,1113.66,1136.43,0,0
20120919,1140.57,1152.99,1128.15,1148.85,0,0
20120920,1148.85,1148.85,1130.22,1136.43,0,0
20120921,1142.64,1169.55,1138.5,1148.85,0,0
20120924,1148.85,1148.85,1134.36,1134.36,0,0
20120925,1146.78,1146.78,1134.36,1138.5,0,0
20120926,1138.5,1142.64,1132.29,1140.57,0,0
20120927,1140.57,1140.57,1128.15,1132.29,0,0
20120928,1124.01,1138.5,1124.01,1138.5,0,0
20121001,1150.92,1150.92,1138.5,1146.78,0,0
20121002,1146.78,1146.78,1132.29,1138.5,0,0
20121003,1128.15,1138.5,1126.08,1128.15,0,0
20121004,1140.57,1140.57,1121.94,1128.15,0,0
20121005,1121.94,1128.15,1105.38,1117.8,0,0
20121008,1101.24,1126.08,1101.24,1121.94,0,0
20121009,1115.73,1121.94,1095.03,1103.31,0,0
20121010,1113.66,1113.66,1099.17,1099.17,0,0
20121011,1107.45,1107.45,1088.82,1088.82,0,0
20121012,1101.24,1101.24,1088.82,1097.1,0,0
20121015,1097.1,1115.73,1095.03,1097.1,0,0
20121016,1101.24,1101.24,1088.82,1095.03,0,0
20121017,1088.82,1092.96,1080.54,1088.82,0,0
20121018,1090.89,1090.89,1084.68,1088.82,0,0
20121019,1095.03,1097.1,1082.61,1090.89,0,0
20121022,1097.1,1097.1,1086.75,1097.1,0,0
20121023,1097.1,1097.1,1037.07,1097.1,0,0
20121024,1001.88,1066.05,1001.88,1066.05,0,0
20121025,1068.12,1092.96,1061.91,1066.05,0,0
20121026,1092.96,1092.96,1066.05,1076.4,0,0
20121029,1074.33,1076.4,1066.05,1076.4,0,0
20121030,1090.89,1090.89,1066.05,1074.33,0,0
20121031,1082.61,1082.61,1068.12,1068.12,0,0
20121102,1084.68,1084.68,1066.05,1076.4,0,0
20121105,1068.12,1074.33,1061.91,1066.05,0,0
20121106,1070.19,1070.19,1055.7,1059.84,0,0
20121107,1063.98,1063.98,1035,1053.63,0,0
20121108,1063.98,1063.98,1030.86,1043.28,0,0
20121109,1047.42,1047.42,1010.16,1028.79,0,0
20121112,1008.09,1020.51,1008.09,1016.37,0,0
20121113,1022.58,1024.65,1016.37,1024.65,0,0
20121114,1018.44,1022.58,1014.3,1014.3,0,0
20121115,1012.23,1014.3,958.41,979.11,0,0
20121116,972.9,993.6,970.83,987.39,0,0
20121119,1003.95,1003.95,972.9,972.9,0,0
20121120,972.9,1001.88,960.48,966.69,0,0
20121121,960.48,970.83,931.5,948.06,0,0
20121122,952.2,970.83,925.29,960.48,0,0
20121123,972.9,1003.95,972.9,1003.95,0,0
20121126,1020.51,1030.86,1003.95,1020.51,0,0
20121127,1030.86,1041.21,1030.86,1039.14,0,0
20121128,1051.56,1051.56,1016.37,1043.28,0,0
20121129,1039.14,1045.35,1035,1045.35,0,0
20121130,1045.35,1045.35,1030.86,1045.35,0,0
20121203,1045.35,1045.35,1014.3,1014.3,0,0
20121204,1014.3,1039.14,1006.02,1030.86,0,0
20121205,1041.21,1043.28,1028.79,1035,0,0
20121206,1035,1045.35,1028.79,1043.28,0,0
20121207,1010.16,1039.14,1010.16,1024.65,0,0
20121210,1041.21,1041.21,1024.65,1032.93,0,0
20121211,1032.93,1035,1024.65,1035,0,0
20121212,1035,1035,1026.72,1032.93,0,0
20121213,1035,1035,1026.72,1028.79,0,0
20121214,1018.44,1032.93,1018.44,1028.79,0,0
20121217,1028.79,1035,1014.3,1020.51,0,0
20121218,1028.79,1032.93,1008.09,1014.3,0,0
20121219,1024.65,1024.65,997.74,1024.65,0,0
20121220,1024.65,1024.65,1014.3,1022.58,0,0
20121221,1030.86,1030.86,1018.44,1024.65,0,0
20121227,1030.86,1032.93,1024.65,1032.93,0,0
20121228,1032.93,1035,1026.72,1035,0,0
20130102,1059.84,1059.84,1035,1043.28,0,0
20130103,1047.42,1049.49,1018.44,1032.93,0,0
20130104,1030.86,1043.28,1026.72,1043.28,0,0
20130107,1051.56,1051.56,1020.51,1032.93,0,0
20130108,1014.3,1039.14,1014.3,1039.14,0,0
20130109,1035,1035,1022.58,1032.94,0,0
20130110,1035.01,1035.01,1022.59,1030.87,0,0
20130111,1032.94,1035.01,1024.66,1030.87,0,0
20130114,1030.87,1037.08,1028.8,1035.01,0,0
20130115,1035.01,1035.01,1022.59,1032.94,0,0
20130116,1026.73,1026.73,1026.73,1026.73,0,0
20130117,1028.8,1037.08,1022.59,1035.01,0,0
20130118,1037.08,1037.08,1026.73,1035.01,0,0
20130121,1045.36,1045.36,1024.66,1035.01,0,0
20130122,1039.15,1039.15,1028.8,1039.15,0,0
20130123,1039.15,1041.22,1035.01,1041.22,0,0
20130124,1043.29,1043.29,1035.01,1035.01,0,0
20130125,1035.01,1043.29,1028.8,1035.01,0,0
20130128,1045.36,1045.36,1028.8,1035.01,0,0
20130129,1026.73,1035.01,1024.66,1035.01,0,0
20130130,1035.01,1041.22,1028.8,1041.22,0,0
20130131,1030.87,1041.22,1024.66,1024.66,0,0
20130201,1043.29,1043.29,1024.66,1030.87,0,0
20130204,1026.73,1032.94,1010.17,1024.66,0,0
20130205,999.82,1024.66,999.82,1020.52,0,0
20130206,1024.66,1030.87,987.4,1014.31,0,0
20130207,1028.8,1032.94,991.54,993.61,0,0
20130208,1003.96,1024.66,999.82,1022.59,0,0
20130211,1022.59,1026.73,1016.38,1024.66,0,0
20130212,1030.87,1030.87,1001.89,1012.24,0,0
20130213,995.68,1012.24,993.61,1003.96,0,0
20130214,993.61,999.82,974.98,977.05,0,0
20130215,997.75,1010.17,970.84,1010.17,0,0
20130218,1008.1,1010.17,989.47,1006.03,0,0
20130219,1001.89,1006.03,999.82,1003.96,0,0
20130220,987.4,1003.96,987.4,1003.96,0,0
20130221,977.05,1001.89,977.05,1001.89,0,0
20130222,1001.89,1003.96,985.33,1001.89,0,0
20130225,1001.89,1001.89,995.68,995.68,0,0
20130226,1001.89,1001.89,974.98,989.47,0,0
20130227,995.68,995.68,979.12,981.19,0,0
20130228,972.91,972.91,935.65,946,0,0
20130301,939.79,972.91,939.79,946,0,0
20130304,960.49,977.05,935.65,950.14,0,0
20130305,933.58,970.84,933.58,970.84,0,0
20130306,943.93,974.98,943.93,970.84,0,0
20130307,972.91,972.91,970.84,970.84,0,0
20130308,962.56,970.84,950.14,958.42,0,0
20130311,939.79,954.28,931.51,946,0,0
20130312,946,948.07,933.58,933.58,0,0
20130313,933.58,933.58,914.95,919.09,0,0
20130314,910.81,931.51,910.81,931.51,0,0
20130315,923.23,931.51,910.81,923.23,0,0
20130318,937.72,941.86,912.88,939.79,0,0
20130319,941.86,941.86,921.16,931.51,0,0
20130320,931.51,931.51,914.95,927.37,0,0
20130321,931.51,931.51,910.81,910.81,0,0
20130322,906.67,921.16,848.7,848.7,0,0
20130325,867.33,867.33,830.07,830.07,0,0
20130326,844.56,844.56,786.6,825.93,0,0
20130327,836.28,836.28,801.09,825.93,0,0
20130328,811.44,828,811.44,828,0,0
20130402,828,854.91,819.72,828,0,0
20130403,838.35,838.35,786.6,807.3,0,0
20130404,807.3,815.58,780.39,786.6,0,0
20130405,790.74,803.16,784.53,794.88,0,0
20130408,794.88,834.21,794.88,807.3,0,0
20130409,803.16,823.86,796.95,807.3,0,0
20130410,780.39,807.3,780.39,803.16,0,0
20130411,803.16,811.44,803.16,803.16,0,0
20130412,809.37,813.51,786.6,786.6,0,0
20130415,788.67,788.67,788.67,788.67,0,0
20130417,765.9,786.6,759.69,774.18,0,0
20130418,784.53,784.53,757.62,784.53,0,0
20130419,786.6,786.6,763.83,765.9,0,0
20130422,757.62,786.6,755.55,786.6,0,0
20130423,782.46,794.88,755.55,794.88,0,0
20130424,784.53,784.53,765.9,782.46,0,0
20130425,784.53,823.86,784.53,799.02,0,0
20130426,821.79,823.86,790.74,799.02,0,0
20130429,815.58,815.58,786.6,813.51,0,0
20130430,807.3,813.51,796.95,813.51,0,0
20130502,817.65,823.86,794.88,805.23,0,0
20130506,809.37,811.44,799.02,799.02,0,0
20130507,811.44,828,794.88,813.51,0,0
20130508,869.4,869.4,828,840.42,0,0
20130509,838.35,842.49,828,828,0,0
20130510,823.86,842.49,819.72,828,0,0
20130513,828,832.14,825.93,825.93,0,0
20130514,828,828,821.79,828,0,0
20130515,838.35,840.42,825.93,840.42,0,0
20130516,825.93,838.35,819.72,830.07,0,0
20130517,832.14,834.21,817.65,834.21,0,0
20130520,821.79,834.21,821.79,823.86,0,0
20130521,823.86,834.21,823.86,830.07,0,0
20130522,823.86,838.35,823.86,825.93,0,0
20130523,817.65,828,817.65,828,0,0
20130524,828,836.28,825.93,832.14,0,0
20130527,828,836.28,828,836.28,0,0
20130528,834.21,834.21,828,832.14,0,0
20130529,834.21,834.21,825.93,834.21,0,0
20130531,828,828,788.67,796.95,0,0
20130603,799.02,807.3,790.74,805.23,0,0
20130604,805.23,821.79,796.95,817.65,0,0
20130605,828,836.28,799.02,813.51,0,0
20130606,805.23,842.49,805.23,813.51,0,0
20130607,809.37,828,807.3,828,0,0
20130610,832.14,832.14,813.51,823.86,0,0
20130611,821.79,823.86,811.44,819.72,0,0
20130612,821.79,823.86,799.02,799.02,0,0
20130613,796.95,801.09,790.74,792.81,0,0
20130614,796.95,809.37,792.81,796.95,0,0
20130617,807.3,807.3,776.25,776.25,0,0
20130618,788.67,805.23,786.6,805.23,0,0
20130619,813.51,832.14,813.51,821.79,0,0
20130620,819.72,832.14,799.02,823.86,0,0
20130621,823.86,825.93,805.23,823.86,0,0
20130624,825.93,832.14,821.79,830.07,0,0
20130625,830.07,838.35,813.51,838.35,0,0
20130626,832.14,885.96,832.14,877.68,0,0
20130627,885.96,910.81,875.61,879.75,0,0
20130628,875.61,960.49,875.61,950.14,0,0
20130701,952.21,954.28,931.51,931.51,0,0
20130702,927.37,964.63,927.37,933.58,0,0
20130703,948.07,948.07,927.37,927.37,0,0
20130704,937.72,937.72,927.37,927.37,0,0
20130705,937.72,937.72,904.6,910.81,0,0
20130708,927.37,927.37,908.74,910.81,0,0
20130709,925.3,925.3,904.6,906.67,0,0
20130710,919.09,921.16,904.6,919.09,0,0
20130711,927.37,927.37,912.88,919.09,0,0
20130712,925.3,929.44,914.95,925.3,0,0
20130715,921.16,931.51,921.16,931.51,0,0
20130716,931.51,939.79,925.3,931.51,0,0
20130717,939.79,941.86,933.58,935.65,0,0
20130718,939.79,983.26,939.79,983.26,0,0
20130719,983.26,1028.8,983.26,993.61,0,0
20130722,1026.73,1026.73,995.68,995.68,0,0
20130723,995.68,1003.96,972.91,995.68,0,0
20130724,964.63,1053.64,964.63,1030.87,0,0
20130725,1037.08,1053.64,1037.08,1047.43,0,0
20130726,1039.15,1053.64,1037.08,1049.5,0,0
20130729,1043.29,1049.5,1035.01,1035.01,0,0
20130730,1039.15,1043.29,1024.66,1035.01,0,0
20130731,1035.01,1035.01,1024.66,1032.94,0,0
20130801,1035.01,1045.36,1028.8,1032.94,0,0
20130802,1026.73,1051.57,1026.73,1045.36,0,0
20130805,1045.36,1051.57,1035.01,1047.43,0,0
20130806,1047.43,1076.41,1035.01,1059.85,0,0
20130807,1059.85,1061.92,1047.43,1055.71,0,0
20130808,1070.2,1070.2,1045.36,1049.5,0,0
20130809,1055.71,1055.71,1026.73,1041.22,0,0
20130812,1022.59,1051.57,1022.59,1041.22,0,0
20130813,1041.22,1043.29,1030.87,1030.87,0,0
20130814,1032.94,1039.15,1032.94,1035.01,0,0
20130816,1035.01,1049.5,1014.31,1041.22,0,0
20130819,1049.5,1051.57,1037.08,1045.36,0,0
20130820,1051.57,1051.57,1030.87,1043.29,0,0
20130821,1045.36,1045.36,1030.87,1043.29,0,0
20130822,1043.29,1043.29,1035.01,1043.29,0,0
20130823,1051.57,1051.57,1035.01,1043.29,0,0
20130826,1045.36,1045.36,1035.01,1043.29,0,0
20130827,1030.87,1041.22,1030.87,1032.94,0,0
20130828,1037.08,1041.22,1032.94,1035.01,0,0
20130829,1041.22,1041.22,1035.01,1035.01,0,0
20130830,1037.08,1037.08,1030.87,1035.01,0,0
20130902,1035.01,1039.15,1035.01,1039.15,0,0
20130903,1024.66,1039.15,1006.03,1014.31,0,0
20130904,1014.31,1049.5,1014.31,1035.01,0,0
20130905,1043.29,1049.5,1010.17,1032.94,0,0
20130906,1041.22,1041.22,1032.94,1035.01,0,0
20130909,1049.5,1049.5,1032.94,1045.36,0,0
20130910,1047.43,1128.16,1039.15,1076.41,0,0
20130911,1086.76,1086.76,1026.73,1053.64,0,0
20130912,1057.78,1057.78,1037.08,1043.29,0,0
20130913,1037.08,1051.57,1030.87,1051.57,0,0
20130916,1049.5,1051.57,1037.08,1049.5,0,0
20130917,1037.08,1049.5,1022.59,1041.22,0,0
20130918,1039.15,1047.43,1035.01,1035.01,0,0
20130919,1037.08,1047.43,1026.73,1035.01,0,0
20130920,1035.01,1047.43,1035.01,1037.08,0,0
20130923,1030.87,1043.29,1030.87,1041.22,0,0
20130924,1035.01,1041.22,1032.94,1035.01,0,0
20130925,1045.36,1045.36,1032.94,1035.01,0,0
20130926,1041.22,1041.22,1032.94,1041.22,0,0
20130927,1041.22,1041.22,1035.01,1041.22,0,0
20130930,1041.22,1041.22,1035.01,1035.01,0,0
20131001,1039.15,1039.15,1032.94,1035.01,0,0
20131002,1037.08,1037.08,1028.8,1035.01,0,0
20131003,1039.15,1043.29,1035.01,1043.29,0,0
20131004,1043.29,1045.36,1032.94,1039.15,0,0
20131007,1037.08,1039.15,1035.01,1039.15,0,0
20131008,1043.29,1053.64,1037.08,1051.57,0,0
20131009,1051.57,1053.64,1047.43,1053.64,0,0
20131010,1055.71,1055.71,1047.43,1055.71,0,0
20131011,1045.36,1055.71,1043.29,1053.64,0,0
20131014,1045.36,1055.71,1039.15,1055.71,0,0
20131015,1045.36,1057.78,1035.01,1045.36,0,0
20131016,1045.36,1086.76,1041.22,1076.41,0,0
20131017,1055.71,1078.48,1049.5,1049.5,0,0
20131018,1051.57,1082.62,1049.5,1076.41,0,0
20131021,1082.62,1082.62,1061.92,1061.92,0,0
20131022,1080.55,1084.69,1068.13,1074.34,0,0
20131023,1074.34,1078.48,1066.06,1076.41,0,0
20131024,1080.55,1080.55,1068.13,1068.13,0,0
20131025,1076.41,1076.41,1059.85,1072.27,0,0
20131028,1068.13,1074.34,1061.92,1072.27,0,0
20131029,1076.41,1076.41,1055.71,1068.13,0,0
20131030,1055.71,1097.11,1047.43,1097.11,0,0
20131031,1099.18,1107.46,1090.9,1090.9,0,0
20131104,1090.9,1099.18,1090.9,1099.18,0,0
20131105,1099.18,1121.95,1086.76,1103.32,0,0
20131106,1103.32,1128.16,1095.04,1128.16,0,0
20131107,1134.37,1134.37,1126.09,1132.3,0,0
20131108,1117.81,1136.44,1117.81,1124.02,0,0
20131112,1121.95,1132.3,1097.11,1113.67,0,0
20131113,1099.18,1113.67,1090.9,1092.97,0,0
20131114,1103.32,1105.39,1097.11,1101.25,0,0
20131115,1097.11,1101.25,1086.76,1101.25,0,0
20131118,1101.25,1117.81,1101.25,1117.81,0,0
20131119,1128.16,1138.51,1113.67,1126.09,0,0
20131120,1128.16,1138.51,1113.67,1130.23,0,0
20131121,1134.37,1136.44,1117.81,1132.3,0,0
20131122,1134.37,1155.07,1124.02,1138.51,0,0
20131125,1138.51,1144.72,1128.16,1142.65,0,0
20131126,1142.65,1179.91,1142.65,1163.35,0,0
20131127,1179.91,1194.4,1167.49,1177.84,0,0
20131128,1179.91,1186.12,1159.21,1175.77,0,0
20131129,1184.05,1184.05,1159.21,1177.84,0,0
20131202,1165.42,1181.98,1142.65,1177.84,0,0
20131203,1173.7,1190.26,1148.86,1159.21,0,0
20131204,1155.07,1155.07,1126.09,1146.79,0,0
20131205,1138.51,1150.93,1107.46,1146.79,0,0
20131206,1155.07,1155.07,1138.51,1148.86,0,0
20131209,1148.86,1153,1144.72,1148.86,0,0
20131210,1153,1153,1128.16,1136.44,0,0
20131211,1136.44,1148.86,1107.46,1107.46,0,0
20131212,1101.25,1148.86,1101.25,1148.86,0,0
20131213,1148.86,1177.84,1146.79,1148.86,0,0
20131216,1157.14,1159.21,1138.51,1142.65,0,0
20131217,1157.14,1157.14,1107.46,1107.46,0,0
20131218,1107.46,1117.81,1097.11,1117.81,0,0
20131219,1101.25,1140.58,1101.25,1126.09,0,0
20131220,1117.81,1157.14,1097.11,1097.11,0,0
20131223,1097.11,1115.74,1086.76,1099.18,0,0
20131227,1097.11,1124.02,1088.83,1099.18,0,0
20131230,1097.11,1099.18,1076.41,1097.11,0,0
20140102,1095.04,1117.81,1084.69,1105.39,0,0
20140103,1105.39,1105.39,1076.41,1105.39,0,0
20140107,1097.11,1117.81,1097.11,1111.6,0,0
20140108,1113.67,1138.51,1113.67,1117.81,0,0
20140109,1121.95,1136.44,1097.11,1113.67,0,0
20140110,1117.81,1117.81,1097.11,1113.67,0,0
20140113,1111.6,1117.81,1090.9,1109.53,0,0
20140114,1113.67,1113.67,1090.9,1095.04,0,0
20140115,1111.6,1111.6,1086.76,1092.97,0,0
20140116,1092.97,1095.04,1078.48,1086.76,0,0
20140117,1076.41,1086.76,1074.34,1076.41,0,0
20140120,1066.06,1095.04,1066.06,1095.04,0,0
20140121,1097.11,1101.25,1086.76,1086.76,0,0
20140122,1097.11,1097.11,1078.48,1088.83,0,0
20140123,1107.46,1107.46,1076.41,1101.25,0,0
20140124,1101.25,1101.25,1086.76,1086.76,0,0
20140127,1041.22,1107.46,1041.22,1086.76,0,0
20140128,1080.55,1105.39,1080.55,1097.11,0,0
20140129,1107.46,1107.46,1084.69,1084.69,0,0
20140130,1084.69,1101.25,1080.55,1080.55,0,0
20140131,1082.62,1101.25,1063.99,1086.76,0,0
20140203,1097.11,1101.25,1082.62,1097.11,0,0
20140204,1105.39,1105.39,1068.13,1090.9,0,0
20140205,1088.83,1097.11,1074.34,1078.48,0,0
20140206,1097.11,1097.11,1078.48,1086.76,0,0
20140207,1086.76,1092.97,1076.41,1092.97,0,0
20140210,1092.97,1092.97,1082.62,1090.9,0,0
20140211,1066.06,1097.11,1066.06,1097.11,0,0
20140212,1097.11,1107.46,1092.97,1095.04,0,0
20140213,1105.39,1111.6,1095.04,1097.11,0,0
20140214,1113.67,1113.67,1092.97,1097.11,0,0
20140217,1076.41,1115.74,1076.41,1090.9,0,0
20140218,1107.46,1107.46,1095.04,1105.39,0,0
20140219,1107.46,1107.46,1095.04,1095.04,0,0
20140220,1103.32,1105.39,1080.55,1105.39,0,0
20140221,1109.53,1109.53,1099.18,1105.39,0,0
20140224,1109.53,1113.67,1092.97,1113.67,0,0
20140225,1117.81,1117.81,1090.9,1107.46,0,0
20140226,1105.39,1107.46,1095.04,1107.46,0,0
20140227,1105.39,1105.39,1088.83,1101.25,0,0
20140228,1105.39,1105.39,1088.83,1095.04,0,0
20140303,1059.85,1061.92,972.91,1045.36,0,0
20140304,1016.38,1095.04,1016.38,1080.55,0,0
20140305,1080.55,1080.55,1063.99,1076.41,0,0
20140306,1074.34,1076.41,1057.78,1076.41,0,0
20140307,1074.34,1076.41,1072.27,1076.41,0,0
20140310,1070.2,1076.41,1051.57,1051.57,0,0
20140311,1051.57,1051.57,1047.43,1051.57,0,0
20140312,1057.78,1057.78,1001.89,1049.5,0,0
20140313,1059.85,1059.85,1014.31,1045.36,0,0
20140314,1024.66,1045.36,1001.89,1045.36,0,0
20140317,995.68,1043.29,995.68,1035.01,0,0
20140318,1035.01,1043.29,1022.59,1024.66,0,0
20140319,1030.87,1032.94,1008.1,1008.1,0,0
20140320,1008.1,1045.36,1008.1,1045.36,0,0
20140321,1045.36,1082.62,1045.36,1066.06,0,0
20140324,1072.27,1074.34,1068.13,1074.34,0,0
20140325,1074.34,1074.34,1055.71,1074.34,0,0
20140326,1074.34,1074.34,1059.85,1072.27,0,0
20140327,1066.06,1084.69,1063.99,1072.27,0,0
20140328,1072.27,1072.27,1055.71,1066.06,0,0
20140331,1066.06,1084.69,1049.5,1084.69,0,0
20140401,1084.69,1095.04,1072.27,1095.04,0,0
20140402,1095.04,1095.04,1080.55,1095.04,0,0
20140403,1095.04,1095.04,1076.41,1086.76,0,0
20140404,1088.83,1088.83,1076.41,1086.76,0,0
20140407,1088.83,1090.9,1086.76,1086.76,0,0
20140408,1086.76,1086.76,1070.2,1070.2,0,0
20140409,1082.62,1082.62,1068.13,1080.55,0,0
20140410,1082.62,1084.69,1037.08,1080.55,0,0
20140411,1080.55,1084.69,1061.92,1076.41,0,0
20140414,1074.34,1074.34,1051.57,1063.99,0,0
20140415,1076.41,1076.41,1051.57,1066.06,0,0
20140416,1074.34,1076.41,1051.57,1057.78,0,0
20140417,1072.27,1072.27,1045.36,1057.78,0,0
20140422,1049.5,1057.78,1049.5,1057.78,0,0
20140423,1070.2,1070.2,1066.06,1066.06,0,0
20140424,1072.27,1072.27,1055.71,1063.99,0,0
20140425,1072.27,1072.27,1055.71,1063.99,0,0
20140428,1066.06,1066.06,1045.36,1061.92,0,0
20140429,1059.85,1059.85,1018.45,1043.29,0,0
20140430,1035.01,1043.29,1035.01,1041.22,0,0
20140502,1035.01,1041.22,983.26,1024.66,0,0
20140505,1020.52,1035.01,1014.31,1032.94,0,0
20140506,1035.01,1035.01,995.68,1012.24,0,0
20140507,1030.87,1032.94,989.47,1032.94,0,0
20140508,1032.94,1041.22,1014.31,1035.01,0,0
20140509,1039.15,1039.15,1014.31,1037.08,0,0
20140512,1039.15,1039.15,1035.01,1039.15,0,0
20140513,1041.22,1041.22,1028.8,1035.01,0,0
20140514,1041.22,1041.22,1037.08,1041.22,0,0
20140515,1041.22,1053.64,1035.01,1053.64,0,0
20140516,1051.57,1051.57,1039.15,1045.36,0,0
20140519,1043.29,1043.29,1035.01,1039.15,0,0
20140520,1043.29,1043.29,1020.52,1039.15,0,0
20140521,1043.29,1045.36,1043.29,1045.36,0,0
20140522,1045.36,1045.36,1014.31,1037.08,0,0
20140523,1045.36,1045.36,1024.66,1043.29,0,0
20140526,1043.29,1043.29,1014.31,1030.87,0,0
20140527,1035.01,1035.01,1016.38,1024.66,0,0
20140528,1030.87,1030.87,1024.66,1024.66,0,0
20140529,1030.87,1030.87,1014.31,1030.87,0,0
20140530,1030.87,1030.87,1014.31,1022.59,0,0
20140602,1022.59,1041.22,1018.45,1022.59,0,0
20140603,1022.59,1035.01,1022.59,1035.01,0,0
20140604,1039.15,1039.15,1035.01,1039.15,0,0
20140605,1041.22,1045.36,1024.66,1035.01,0,0
20140606,1045.36,1045.36,1024.66,1035.01,0,0
20140609,1035.01,1051.57,1035.01,1045.36,0,0
20140610,1035.01,1035.01,1035.01,1035.01,0,0
20140611,1051.57,1051.57,1030.87,1041.22,0,0
20140612,1039.15,1039.15,1020.52,1032.94,0,0
20140613,1030.87,1030.87,1030.87,1030.87,0,0
20140616,1030.87,1039.15,1014.31,1024.66,0,0
20140617,1024.66,1041.22,1022.59,1041.22,0,0
20140618,1051.57,1051.57,1032.94,1032.94,0,0
20140620,1022.59,1035.01,1014.31,1030.87,0,0
20140623,1030.87,1035.01,1022.59,1030.87,0,0
20140624,1030.87,1032.94,1026.73,1030.87,0,0
20140625,1032.94,1043.29,1014.31,1024.66,0,0
20140626,1030.87,1030.87,983.26,1022.59,0,0
20140627,1022.59,1032.94,1014.31,1024.66,0,0
20140630,1024.66,1024.66,1016.38,1024.66,0,0
20140701,997.75,1032.94,997.75,1032.94,0,0
20140702,1032.94,1032.94,1024.66,1032.94,0,0
20140703,1032.94,1035.01,1014.31,1032.94,0,0
20140704,1032.94,1035.01,1014.31,1032.94,0,0
20140707,1035.01,1035.01,1032.94,1032.94,0,0
20140708,1035.01,1035.01,1024.66,1032.94,0,0
20140709,1016.38,1035.01,1016.38,1035.01,0,0
20140710,1035.01,1035.01,1022.59,1035.01,0,0
20140711,1035.01,1035.01,1026.73,1035.01,0,0
20140714,1035.01,1035.01,1032.94,1035.01,0,0
20140715,1035.01,1035.01,1035.01,1035.01,0,0
20140716,1035.01,1035.01,1028.8,1035.01,0,0
20140717,1024.66,1032.94,1024.66,1032.94,0,0
20140718,1032.94,1035.01,1024.66,1035.01,0,0
20140721,1032.94,1032.94,1028.8,1028.8,0,0
20140722,1028.8,1030.87,1014.31,1030.87,0,0
20140723,1032.94,1035.01,1000,1000,0,0
20140724,1000,1000,994,998,0,0
20140725,1000,1000,980,980,0,0
20140728,1000,1000,994,998,0,0
20140729,998,1006,998,998,0,0
20140730,1000,1004,996,1004,0,0
20140731,1004,1010,996,1010,0,0
20140801,1010,1014,1004,1012,0,0
20140804,1018,1030,1016,1020,0,0
20140805,1030,1030,1020,1024,0,0
20140806,1028,1030,1022,1030,0,0
20140807,1030,1030,1018,1018,0,0
20140808,1028,1030,1010,1022,0,0
20140811,1028,1030,1018,1028,0,0
20140812,1030,1030,1020,1020,0,0
20140813,1022,1028,1018,1024,0,0
20140814,1022,1022,1014,1014,0,0
20140818,1016,1024,1010,1014,0,0
20140819,1020,1020,1002,1006,0,0
20140820,1012,1024,1004,1006,0,0
20140821,1018,1018,1000,1000,0,0
20140822,1000,1006,1000,1002,0,0
20140825,1018,1018,1000,1006,0,0
20140826,1022,1022,1000,1004,0,0
20140827,1000,1010,1000,1010,0,0
20140828,1010,1010,1000,1008,0,0
20140829,1008,1008,1006,1008,0,0
20140901,1006,1006,996,1006,0,0
20140902,1006,1008,1000,1006,0,0
20140903,1006,1006,996,1006,0,0
20140904,1006,1018,1000,1010,0,0
20140905,1016,1018,1006,1012,0,0
20140908,1018,1020,1000,1010,0,0
20140909,1014,1014,1000,1010,0,0
20140910,1012,1012,1000,1008,0,0
20140911,1010,1010,1000,1008,0,0
20140912,1008,1008,1006,1006,0,0
20140915,1008,1008,992,1004,0,0
20140916,1004,1010,1004,1006,0,0
20140917,1006,1016,1000,1014,0,0
20140918,1014,1014,1012,1014,0,0
20140919,1014,1014,1012,1014,0,0
20140922,1014,1018,1008,1018,0,0
20140923,1018,1018,1008,1016,0,0
20140924,1016,1022,1006,1022,0,0
20140925,1018,1020,1012,1018,0,0
20140926,1018,1018,1016,1016,0,0
20140929,1014,1014,1008,1014,0,0
20140930,1014,1014,1014,1014,0,0
20141001,1014,1014,1000,1012,0,0
20141002,1012,1012,1010,1012,0,0
20141003,1014,1014,1014,1014,0,0
20141006,1000,1010,996,1010,0,0
20141007,1014,1014,994,1008,0,0
20141008,1012,1012,984,1012,0,0
20141009,1012,1012,992,1012,0,0
20141010,1010,1010,990,1006,0,0
20141013,1006,1010,1004,1010,0,0
20141014,1010,1014,1008,1010,0,0
20141015,1010,1010,1008,1010,0,0
20141016,1010,1010,998,1008,0,0
20141017,1006,1014,1000,1004,0,0
20141020,1008,1008,994,1006,0,0
20141021,1012,1012,1004,1004,0,0
20141022,1006,1006,970,1006,0,0
20141023,1008,1008,986,1004,0,0
20141024,1004,1004,992,1002,0,0
20141027,1000,1006,1000,1006,0,0
20141028,1006,1008,994,1008,0,0
20141029,1008,1008,1006,1006,0,0
20141030,1008,1008,1000,1004,0,0
20141031,1004,1004,990,1004,0,0
20141103,1006,1006,998,1004,0,0
20141104,998,1006,992,1000,0,0
20141105,994,1004,994,1004,0,0
20141106,1006,1006,1000,1006,0,0
20141107,1004,1004,994,1002,0,0
20141110,1002,1004,996,1004,0,0
20141112,1004,1004,1000,1004,0,0
20141113,1002,1004,996,1002,0,0
20141114,1000,1004,1000,1002,0,0
20141117,1004,1004,990,1002,0,0
20141118,1004,1004,1000,1004,0,0
20141119,1004,1004,992,1000,0,0
20141120,1002,1002,992,1000,0,0
20141121,1004,1004,990,1004,0,0
20141124,1004,1004,992,992,0,0
20141125,992,1002,992,1002,0,0
20141126,1000,1004,996,1004,0,0
20141127,1000,1004,1000,1004,0,0
20141128,1004,1004,1002,1004,0,0
20141201,1004,1004,998,1004,0,0
20141202,1004,1004,998,1004,0,0
20141203,1004,1004,998,1004,0,0
20141204,1004,1004,1000,1004,0,0
20141205,998,1004,998,1004,0,0
20141208,990,1004,990,1002,0,0
20141209,1002,1004,996,1004,0,0
20141210,1004,1004,994,1000,0,0
20141211,1004,1004,1000,1002,0,0
20141212,1002,1002,992,1000,0,0
20141215,1000,1000,990,994,0,0
20141216,998,998,980,998,0,0
20141217,998,1000,980,998,0,0
20141218,1000,1000,988,998,0,0
20141219,1000,1000,988,998,0,0
20141222,998,998,980,992,0,0
20141223,992,992,980,992,0,0
20141229,996,1000,988,1000,0,0
20141230,1000,1000,990,1000,0,0
