Date,Open,High,Low,Close,Volume,OpenInt
20070813,42.37,42.37,42.37,42.37,0,0
20070814,34.46,34.46,34.46,34.46,0,0
20070816,28.13,28.13,28.13,28.13,0,0
20070817,27.24,27.24,27.24,27.24,0,0
20070820,27.24,27.24,27.24,27.24,0,0
20070821,27.14,27.14,27.14,27.14,0,0
20070822,30.19,30.19,30.19,30.19,0,0
20070823,30.52,30.52,30.52,30.52,0,0
20070824,37.74,37.74,37.74,37.74,0,0
20070827,36.3,36.3,36.3,36.3,0,0
20070828,34.46,34.46,34.46,34.46,0,0
20070829,34.82,34.82,34.82,34.82,0,0
20070830,33.31,33.31,33.31,33.31,0,0
20070831,34.79,34.79,34.79,34.79,0,0
20070903,37.09,37.09,37.09,37.09,0,0
20070904,36.92,36.92,36.92,36.92,0,0
20070905,36.1,36.1,36.1,36.1,0,0
20070906,34.82,34.82,34.82,34.82,0,0
20070907,34.46,34.46,34.46,34.46,0,0
20070910,32.82,32.82,32.82,32.82,0,0
20070911,34.13,34.13,34.13,34.13,0,0
20070912,34.1,34.1,34.1,34.1,0,0
20070913,34.1,34.1,34.1,34.1,0,0
20070914,33.84,33.84,33.84,33.84,0,0
20070917,33.64,33.64,33.64,33.64,0,0
20070918,33.54,33.54,33.54,33.54,0,0
20070919,34.95,34.95,34.95,34.95,0,0
20070920,34.43,34.43,34.43,34.43,0,0
20070921,34.4,34.4,34.4,34.4,0,0
20070924,34.76,34.76,34.76,34.76,0,0
20070925,34.43,34.43,34.43,34.43,0,0
20070926,34.46,34.46,34.46,34.46,0,0
20070927,34.07,34.07,34.07,34.07,0,0
20070928,33.8,33.8,33.8,33.8,0,0
20071001,33.15,33.15,33.15,33.15,0,0
20071002,33.15,33.15,33.15,33.15,0,0
20071003,32.66,32.66,32.66,32.66,0,0
20071004,30.85,30.85,30.85,30.85,0,0
20071005,30.92,30.92,30.92,30.92,0,0
20071008,31.64,31.64,31.64,31.64,0,0
20071009,31.18,31.18,31.18,31.18,0,0
20071010,31.18,31.18,31.18,31.18,0,0
20071011,31.47,31.47,31.47,31.47,0,0
20071012,31.93,31.93,31.93,31.93,0,0
20071015,31.15,31.15,31.15,31.15,0,0
20071016,30.98,30.98,30.98,30.98,0,0
20071017,31.34,31.34,31.34,31.34,0,0
20071018,31.18,31.18,31.18,31.18,0,0
20071019,31.15,31.15,31.15,31.15,0,0
20071022,30.03,30.03,30.03,30.03,0,0
20071023,28.23,28.23,28.23,28.23,0,0
20071024,27.9,27.9,27.9,27.9,0,0
20071025,27.9,27.9,27.9,27.9,0,0
20071026,27.57,27.57,27.57,27.57,0,0
20071029,28.23,28.23,28.23,28.23,0,0
20071030,27.4,27.4,27.4,27.4,0,0
20071031,26.58,26.58,26.58,26.58,0,0
20071102,26.55,26.55,26.55,26.55,0,0
20071105,25.93,25.93,25.93,25.93,0,0
20071106,25.24,25.24,25.24,25.24,0,0
20071107,24.06,24.06,24.06,24.06,0,0
20071108,23.5,23.5,23.5,23.5,0,0
20071109,23.47,23.47,22.06,22.09,0,0
20071112,22.09,22.55,21.3,21.83,0,0
20071113,23.3,23.3,21.56,22.48,0,0
20071114,23.73,23.73,22.68,22.68,0,0
20071115,20.68,22.68,18.22,19,0,0
20071116,18.94,19,17.13,17.72,0,0
20071119,17.79,17.79,16.41,16.54,0,0
20071120,16.41,16.41,15.13,15.13,0,0
20071121,14.31,14.77,12.96,13.16,0,0
20071122,12.9,15,12.47,13.98,0,0
20071123,14.44,15.56,14.44,15.43,0,0
20071126,16.08,16.54,14.77,14.83,0,0
20071127,13.95,15.26,13.95,14.77,0,0
20071128,14.97,17.07,14.44,17.07,0,0
20071129,18.22,18.31,17.07,17.07,0,0
20071130,17.69,17.69,16.84,17.59,0,0
20071203,17.59,17.59,16.44,17,0,0
20071204,16.41,16.97,16.41,16.41,0,0
20071205,16.41,17.39,16.41,17.39,0,0
20071206,17.72,17.85,17.23,17.23,0,0
20071207,17.49,17.49,16.74,17.2,0,0
20071210,17.39,17.39,16.44,16.61,0,0
20071211,16.9,16.9,15.92,16.41,0,0
20071212,15.43,16.34,15.43,16.34,0,0
20071213,15.92,16.38,15.75,15.75,0,0
20071214,15.43,15.92,15.13,15.2,0,0
20071217,14.87,14.87,13.98,14.15,0,0
20071218,13.92,14.54,13.42,14.34,0,0
20071219,13.95,14.47,13.59,13.98,0,0
20071220,13.69,13.95,13.65,13.92,0,0
20071221,13.95,14.24,13.88,13.95,0,0
20071227,15,15,14.24,14.24,0,0
20071228,14.11,14.44,13.88,14.24,0,0
20080102,14.38,15.1,14.11,14.93,0,0
20080103,14.6,14.93,14.01,14.9,0,0
20080104,15.1,15.59,14.54,14.6,0,0
20080107,13.98,14.6,13.78,14.31,0,0
20080108,14.18,14.38,13.78,14.08,0,0
20080109,13.78,14.08,13.55,13.55,0,0
20080110,13.75,13.75,12.83,12.83,0,0
20080111,13.13,13.19,12.87,12.87,0,0
20080114,12.47,12.47,12.47,12.47,0,0
20080115,12.7,12.7,11.32,11.32,0,0
20080116,10.54,11.13,10.34,10.63,0,0
20080117,10.76,11.03,10.7,10.9,0,0
20080118,11.09,11.78,10.9,11.49,0,0
20080121,11.16,11.32,10.5,10.5,0,0
20080122,10.17,10.83,10.17,10.73,0,0
20080123,11.42,11.42,10.96,11.16,0,0
20080124,11.52,13.59,11.52,13.59,0,0
20080125,14.08,17.23,14.08,17.23,0,0
20080128,15.95,16.57,15.33,15.43,0,0
20080129,16.41,17.92,16.41,17.26,0,0
20080130,17.26,17.69,15.98,17,0,0
20080131,17,17,16.02,16.08,0,0
20080201,16.84,17.23,16.61,16.9,0,0
20080204,17.23,17.36,16.74,16.74,0,0
20080205,16.38,16.74,16.05,16.05,0,0
20080206,15.36,16.28,14.97,16.15,0,0
20080207,15.49,16.25,15.36,15.36,0,0
20080208,15.75,16.41,15.36,15.92,0,0
20080211,16.02,16.02,15.46,15.75,0,0
20080212,15.75,16.57,15.75,16.57,0,0
20080213,16.34,16.41,15.95,16.38,0,0
20080214,16.41,16.41,15.79,16.15,0,0
20080215,15.75,16.02,15.56,15.92,0,0
20080218,15.92,17.07,15.88,17.07,0,0
20080219,17.16,20.15,17.16,19.66,0,0
20080220,19.36,19.63,18.81,18.81,0,0
20080221,19.2,19.89,18.81,18.94,0,0
20080222,18.9,18.9,17.89,17.89,0,0
20080225,18.35,18.94,17.26,17.39,0,0
20080226,17.43,18.71,17.43,17.89,0,0
20080227,18.08,18.25,17.49,17.85,0,0
20080228,17.39,17.39,16.51,16.71,0,0
20080229,16.57,16.74,15.85,15.98,0,0
20080303,15.26,15.26,14.87,14.9,0,0
20080304,15.1,15.26,14.77,15.23,0,0
20080305,15.1,15.75,15.1,15.59,0,0
20080306,15.69,15.88,14.93,15.1,0,0
20080307,14.8,15.59,14.77,14.93,0,0
20080310,14.9,15.36,14.77,14.83,0,0
20080311,14.83,15.59,14.83,15.43,0,0
20080312,15.95,15.95,15.43,15.43,0,0
20080313,15.16,15.43,14.77,15.13,0,0
20080314,15.1,15.43,15.1,15.43,0,0
20080317,15.43,15.43,15.1,15.29,0,0
20080318,15.36,15.59,15.1,15.59,0,0
20080319,15.59,15.59,15.56,15.56,0,0
20080320,15.56,15.56,15.23,15.49,0,0
20080325,15.52,15.52,15.52,15.52,0,0
20080326,15.59,15.59,14.51,14.9,0,0
20080327,14.97,15.43,14.9,15.43,0,0
20080328,15.1,15.1,15,15,0,0
20080331,14.93,14.93,14.93,14.93,0,0
20080401,14.93,15.43,14.93,15.29,0,0
20080402,15.43,15.59,14.97,15.1,0,0
20080403,15.06,15.1,15.03,15.1,0,0
20080404,15.03,15.43,14.77,14.8,0,0
20080407,15.23,15.23,14.8,15.13,0,0
20080408,14.93,14.93,14.77,14.77,0,0
20080409,14.51,14.6,14.51,14.6,0,0
20080410,14.6,14.6,13.78,13.95,0,0
20080411,13.49,13.85,13.46,13.62,0,0
20080414,13.19,13.69,13.13,13.19,0,0
20080415,13.62,13.62,13.19,13.52,0,0
20080416,13.29,13.29,12.31,12.47,0,0
20080417,12.64,12.64,12.14,12.14,0,0
20080418,12.37,12.47,12.04,12.14,0,0
20080421,12.64,12.67,12.14,12.14,0,0
20080422,11.98,11.98,10.93,11.16,0,0
20080423,11.49,11.49,10.96,11.26,0,0
20080424,11.39,11.39,10.67,11.09,0,0
20080425,11.16,11.95,10.8,11.22,0,0
20080428,11.78,11.78,11.16,11.65,0,0
20080429,11.68,11.68,11.22,11.55,0,0
20080430,11.55,11.75,11.55,11.55,0,0
20080505,11.68,11.88,11.22,11.55,0,0
20080506,11.65,11.65,11.03,11.06,0,0
20080507,11.03,11.39,11.03,11.29,0,0
20080508,11.32,11.59,11.29,11.59,0,0
20080509,11.39,11.82,11.29,11.82,0,0
20080512,11.78,12.14,11.75,12.14,0,0
20080513,12.34,12.37,11.82,12.31,0,0
20080514,12.14,12.8,12.14,12.8,0,0
20080515,12.54,12.77,12.54,12.7,0,0
20080516,12.31,12.31,11.16,11.19,0,0
20080519,10.99,11.19,10.6,10.86,0,0
20080520,11.06,11.29,10.67,11.29,0,0
20080521,11.26,11.45,11.26,11.45,0,0
20080523,11.55,11.55,11.06,11.36,0,0
20080526,10.96,12.31,10.96,12.14,0,0
20080527,11.98,12.14,11.49,12.14,0,0
20080528,12.08,12.08,12.04,12.04,0,0
20080529,11.98,12.11,11.72,11.72,0,0
20080530,11.49,12.08,11.49,12.08,0,0
20080602,11.82,11.82,10.57,10.76,0,0
20080603,10.8,10.99,10.54,10.54,0,0
20080604,10.57,10.76,10.17,10.17,0,0
20080605,10.17,10.54,10.17,10.47,0,0
20080606,10.5,10.5,10.11,10.47,0,0
20080609,10.01,10.47,9.98,9.98,0,0
20080610,9.91,9.98,9.52,9.98,0,0
20080611,9.98,12.8,9.98,12.8,0,0
20080612,13.75,15.1,12.18,12.18,0,0
20080613,12.14,12.14,10.6,10.73,0,0
20080616,10.83,10.83,10.27,10.31,0,0
20080617,10.5,11.09,10.31,10.86,0,0
20080618,10.8,11.32,10.4,10.76,0,0
20080619,10.73,10.93,10.44,10.76,0,0
20080620,10.5,10.76,10.34,10.34,0,0
20080623,10.34,10.44,9.98,10.11,0,0
20080624,10.01,10.01,9.68,9.68,0,0
20080625,9.85,10.5,9.85,10.17,0,0
20080626,10.5,10.5,9.85,9.94,0,0
20080627,9.62,10.31,9.62,10.31,0,0
20080630,10.31,10.83,10.01,10.6,0,0
20080701,10.6,10.6,10.14,10.14,0,0
20080702,10.67,10.67,10.08,10.34,0,0
20080703,10.01,10.37,10.01,10.08,0,0
20080704,10.34,10.34,10.14,10.14,0,0
20080707,10.27,10.27,9.85,10.01,0,0
20080708,9.62,9.94,9.52,9.75,0,0
20080709,9.68,10.24,9.68,10.17,0,0
20080710,9.88,10.31,9.88,10.17,0,0
20080711,9.85,10.34,9.71,9.71,0,0
20080714,10.04,10.04,9.52,9.52,0,0
20080715,9.52,9.52,9.19,9.39,0,0
20080716,9.35,9.68,9.35,9.68,0,0
20080717,9.68,10.11,9.68,10.01,0,0
20080718,9.85,9.98,9.68,9.98,0,0
20080721,9.71,10.04,9.71,9.98,0,0
20080722,9.68,9.98,9.52,9.91,0,0
20080723,10.01,10.47,9.85,9.94,0,0
20080724,10.04,10.04,9.62,9.62,0,0
20080725,9.52,9.65,9.32,9.65,0,0
20080728,9.91,9.98,9.35,9.65,0,0
20080729,9.32,9.65,9.32,9.65,0,0
20080730,9.71,10.34,9.71,10.24,0,0
20080731,10.04,11.49,10.04,10.57,0,0
20080801,10.67,10.83,10.27,10.5,0,0
20080804,10.34,10.67,10.24,10.24,0,0
20080805,10.24,10.83,10.24,10.5,0,0
20080806,10.73,10.73,10.34,10.34,0,0
20080807,10.14,10.5,9.94,10.17,0,0
20080808,10.14,10.17,10.14,10.17,0,0
20080811,9.85,10.14,9.85,10.11,0,0
20080812,9.85,10.27,9.85,9.91,0,0
20080813,9.88,9.88,9.71,9.71,0,0
20080814,10.08,10.08,9.52,9.58,0,0
20080818,9.55,9.78,9.52,9.78,0,0
20080819,9.55,9.71,9.52,9.71,0,0
20080820,9.48,9.75,9.48,9.75,0,0
20080821,9.65,9.81,9.55,9.81,0,0
20080822,9.85,9.98,9.85,9.98,0,0
20080825,9.98,10.17,9.85,10.11,0,0
20080826,9.85,10.08,9.68,10.08,0,0
20080827,10.08,10.08,9.85,9.85,0,0
20080828,9.81,10.04,9.75,10.04,0,0
20080829,10.04,10.17,9.78,10.17,0,0
20080901,10.17,10.83,10.17,10.5,0,0
20080902,10.5,10.8,10.5,10.76,0,0
20080903,10.6,10.83,10.27,10.73,0,0
20080904,10.7,11.65,10.7,11.42,0,0
20080905,11.22,11.22,10.73,10.8,0,0
20080908,10.83,11.16,10.67,10.67,0,0
20080909,11.03,11.03,10.54,11.03,0,0
20080910,10.96,10.96,10.44,10.44,0,0
20080911,10.86,10.86,10.4,10.57,0,0
20080912,10.63,10.76,10.54,10.76,0,0
20080915,10.5,10.7,9.78,9.78,0,0
20080916,9.81,9.85,9.52,9.68,0,0
20080917,9.68,10.04,9.68,9.85,0,0
20080918,9.42,9.91,9.42,9.91,0,0
20080919,10.08,10.5,9.91,10.5,0,0
20080922,10.63,10.63,10.34,10.63,0,0
20080923,10.34,10.5,10.34,10.47,0,0
20080924,10.47,10.47,10.24,10.44,0,0
20080925,10.47,10.47,10.47,10.47,0,0
20080926,10.44,10.6,10.17,10.57,0,0
20080929,10.63,10.63,10.44,10.44,0,0
20080930,9.85,10.44,9.85,10.44,0,0
20081001,10.6,10.6,10.27,10.6,0,0
20081002,10.4,10.6,9.88,10.37,0,0
20081003,10.31,10.31,9.52,9.52,0,0
20081006,9.45,9.75,9.03,9.03,0,0
20081007,9.65,9.65,9.19,9.62,0,0
20081008,9.35,9.62,9.29,9.35,0,0
20081009,9.62,9.68,9.62,9.68,0,0
20081010,9.06,9.45,8.8,9.16,0,0
20081013,9.16,9.32,8.99,8.99,0,0
20081014,8.99,9.35,8.93,9.35,0,0
20081015,9.29,9.29,9.06,9.12,0,0
20081016,9.12,9.12,8.86,8.86,0,0
20081017,9.09,9.09,8.93,8.96,0,0
20081020,9.09,9.09,8.99,8.99,0,0
20081021,9.12,9.12,7.75,7.75,0,0
20081022,7.78,8.17,7.58,8.17,0,0
20081023,7.81,8.17,6.14,6.24,0,0
20081024,6.07,6.33,5.65,5.87,0,0
20081027,6.01,6.01,5.78,5.91,0,0
20081028,5.91,5.91,5.58,5.84,0,0
20081029,6.1,6.56,5.91,6.43,0,0
20081030,6.63,6.63,6.24,6.4,0,0
20081031,6.43,6.43,6.07,6.17,0,0
20081103,6.24,6.4,6.07,6.24,0,0
20081104,6.24,6.4,6.14,6.33,0,0
20081105,6.2,6.33,5.91,5.91,0,0
20081106,6.01,6.01,5.58,5.61,0,0
20081107,5.87,5.87,5.25,5.51,0,0
20081110,5.71,5.78,5.68,5.68,0,0
20081112,5.51,5.68,5.42,5.42,0,0
20081113,5.28,5.51,5.09,5.42,0,0
20081114,5.45,5.45,5.45,5.45,0,0
20081117,5.58,5.58,5.45,5.45,0,0
20081118,5.15,5.28,5.09,5.28,0,0
20081119,5.25,5.25,5.15,5.15,0,0
20081120,5.15,5.15,4.66,4.66,0,0
20081121,4.59,4.86,4.59,4.73,0,0
20081124,4.59,5.22,4.59,5.22,0,0
20081125,5.22,5.22,4.96,5.12,0,0
20081126,5.09,5.15,4.96,5.15,0,0
20081127,5.32,5.32,5.12,5.19,0,0
20081128,5.25,5.25,5.25,5.25,0,0
20081201,4.92,5.25,4.92,5.19,0,0
20081202,4.82,5.22,4.82,5.22,0,0
20081203,5.22,5.25,5.15,5.25,0,0
20081204,5.15,5.48,5.09,5.42,0,0
20081205,5.45,5.45,5.02,5.25,0,0
20081208,5.28,5.38,5.15,5.35,0,0
20081209,5.19,5.61,4.99,5.51,0,0
20081210,5.58,5.58,5.15,5.48,0,0
20081211,5.22,5.42,5.22,5.42,0,0
20081212,5.25,5.25,5.22,5.22,0,0
20081215,5.15,5.38,5.15,5.19,0,0
20081216,5.19,5.19,5.12,5.12,0,0
20081217,5.12,5.35,4.99,5.09,0,0
20081218,4.86,4.92,4.59,4.63,0,0
20081219,4.82,4.82,4.53,4.76,0,0
20081222,4.43,4.76,4.43,4.76,0,0
20081223,4.46,4.59,4.46,4.56,0,0
20081229,4.27,4.73,4.27,4.73,0,0
20081230,4.53,4.82,4.53,4.82,0,0
20081231,4.43,4.82,4.43,4.82,0,0
20090105,4.82,5.09,4.82,5.05,0,0
20090106,5.02,5.19,5.02,5.19,0,0
20090107,5.09,5.09,5.09,5.09,0,0
20090108,4.92,4.92,4.92,4.92,0,0
20090109,4.86,5.05,4.86,5.05,0,0
20090112,4.92,5.09,4.92,5.09,0,0
20090113,5.09,5.35,4.92,5.35,0,0
20090114,5.25,5.25,5.05,5.05,0,0
20090115,4.99,5.05,4.99,5.02,0,0
20090116,5.02,5.09,5.02,5.09,0,0
20090119,4.96,5.05,4.96,4.96,0,0
20090120,4.89,4.99,4.89,4.99,0,0
20090121,4.92,5.02,4.89,5.02,0,0
20090122,4.99,5.19,4.92,4.92,0,0
20090123,4.92,4.92,4.89,4.89,0,0
20090127,4.89,4.89,4.82,4.82,0,0
20090128,4.86,5.12,4.82,5.12,0,0
20090129,5.05,5.35,5.05,5.19,0,0
20090130,5.28,5.28,4.96,5.22,0,0
20090202,5.25,5.32,5.25,5.28,0,0
20090203,5.25,5.25,4.99,5.25,0,0
20090204,4.99,5.25,4.79,5.09,0,0
20090205,5.09,5.19,4.99,4.99,0,0
20090206,5.15,5.15,5.15,5.15,0,0
20090209,4.99,5.25,4.76,5.22,0,0
20090210,5.19,6.43,5.19,6.4,0,0
20090211,5.94,6.73,5.94,6.63,0,0
20090212,6.63,6.63,5.58,5.58,0,0
20090213,5.68,5.87,5.42,5.48,0,0
20090216,5.48,5.55,5.48,5.55,0,0
20090217,5.32,5.55,5.32,5.51,0,0
20090218,5.25,5.45,5.25,5.35,0,0
20090219,5.35,6.04,5.35,5.38,0,0
20090220,5.28,5.58,5.22,5.32,0,0
20090223,5.55,5.58,5.32,5.58,0,0
20090224,5.65,5.65,5.65,5.65,0,0
20090225,5.42,5.42,5.25,5.25,0,0
20090226,5.25,5.45,5.09,5.45,0,0
20090227,5.38,5.38,5.38,5.38,0,0
20090302,5.38,5.38,4.86,5.09,0,0
20090303,4.63,4.99,4.63,4.99,0,0
20090304,4.92,5.19,4.92,5.19,0,0
20090305,5.32,5.32,4.99,4.99,0,0
20090306,4.92,5.22,4.86,5.12,0,0
20090310,4.99,4.99,4.86,4.99,0,0
20090311,4.86,5.38,4.86,5.02,0,0
20090312,5.09,5.58,5.09,5.25,0,0
20090313,5.42,5.71,5.42,5.48,0,0
20090316,5.71,5.74,5.45,5.74,0,0
20090317,5.65,5.74,5.45,5.48,0,0
20090318,5.71,5.71,5.48,5.48,0,0
20090319,5.48,5.48,4.99,5.32,0,0
20090320,5.32,5.91,5.32,5.91,0,0
20090323,6.07,6.53,6.07,6.24,0,0
20090324,6.4,6.47,6.14,6.14,0,0
20090325,5.91,6.37,5.91,6.17,0,0
20090326,6.14,6.47,6.14,6.37,0,0
20090327,6.43,6.89,6.43,6.47,0,0
20090330,6.47,6.56,6.4,6.56,0,0
20090331,6.76,6.76,6.2,6.53,0,0
20090401,6.24,6.24,5.91,5.97,0,0
20090402,6.33,6.89,5.97,6.76,0,0
20090403,6.73,7.42,6.56,6.96,0,0
20090406,7.42,7.42,6.93,7.15,0,0
20090407,7.12,7.42,6.99,7.22,0,0
20090408,7.22,7.25,6.79,7.09,0,0
20090409,7.38,7.38,6.99,7.02,0,0
20090414,7.06,7.55,6.86,6.86,0,0
20090415,7.12,7.84,7.12,7.55,0,0
20090416,7.78,8.43,7.55,7.71,0,0
20090417,7.55,7.55,7.15,7.38,0,0
20090420,7.35,7.48,7.12,7.48,0,0
20090421,7.45,7.48,6.89,7.35,0,0
20090422,7.45,7.55,7.45,7.45,0,0
20090423,7.22,7.52,7.22,7.32,0,0
20090424,7.61,7.61,7.06,7.06,0,0
20090427,7.06,7.09,7.06,7.09,0,0
20090429,7.19,7.19,6.93,6.96,0,0
20090430,6.99,7.06,6.99,6.99,0,0
20090504,7.02,7.22,7.02,7.02,0,0
20090505,7.25,7.38,7.25,7.32,0,0
20090506,7.22,7.29,7.12,7.12,0,0
20090507,7.15,7.22,7.15,7.22,0,0
20090508,7.12,7.12,7.12,7.12,0,0
20090511,7.06,7.06,6.4,6.7,0,0
20090512,6.73,6.93,6.63,6.66,0,0
20090513,6.99,6.99,6.66,6.86,0,0
20090514,6.6,6.86,6.6,6.6,0,0
20090515,6.6,6.6,6.56,6.6,0,0
20090518,6.83,6.83,6.56,6.83,0,0
20090519,6.83,7.19,6.73,6.79,0,0
20090520,6.79,6.79,6.56,6.73,0,0
20090521,6.7,6.7,6.7,6.7,0,0
20090522,6.6,6.6,6.6,6.6,0,0
20090525,6.73,6.73,6.6,6.63,0,0
20090526,6.37,6.37,6.37,6.37,0,0
20090527,6.99,6.99,6.37,6.99,0,0
20090528,6.83,6.83,6.83,6.83,0,0
20090529,6.6,6.73,6.6,6.63,0,0
20090601,6.63,6.79,6.63,6.79,0,0
20090602,6.73,6.73,6.6,6.6,0,0
20090603,6.66,6.73,6.47,6.73,0,0
20090604,6.66,6.86,6.37,6.6,0,0
20090605,6.86,6.86,6.86,6.86,0,0
20090608,6.83,6.83,6.37,6.37,0,0
20090609,6.66,6.89,6.66,6.89,0,0
20090610,6.89,7.58,6.66,7.35,0,0
20090612,7.52,8.5,7.12,8.34,0,0
20090615,8.5,8.99,8.21,8.96,0,0
20090616,8.83,8.83,8.3,8.37,0,0
20090617,8.37,8.6,7.75,7.75,0,0
20090618,7.71,8.07,7.71,8.07,0,0
20090622,8.01,8.01,7.29,7.29,0,0
20090623,7.38,7.55,7.12,7.55,0,0
20090624,7.88,7.88,7.88,7.88,0,0
20090625,7.84,7.84,7.42,7.45,0,0
20090626,7.75,7.78,7.48,7.78,0,0
20090629,7.88,8.17,7.88,8.17,0,0
20090630,8.01,8.14,8.01,8.14,0,0
20090701,8.01,8.14,7.42,8.01,0,0
20090702,8.01,8.01,7.38,7.81,0,0
20090703,7.45,7.81,7.45,7.65,0,0
20090706,7.55,7.94,7.55,7.84,0,0
20090707,7.81,8.14,7.81,8.14,0,0
20090708,7.55,8.04,7.55,8.04,0,0
20090709,8.04,8.04,8.04,8.04,0,0
20090710,7.88,7.88,7.45,7.45,0,0
20090713,8.04,8.04,7.48,7.71,0,0
20090714,7.84,7.84,7.84,7.84,0,0
20090715,7.55,7.81,7.55,7.81,0,0
20090716,7.84,7.84,7.55,7.55,0,0
20090717,7.55,7.55,7.38,7.55,0,0
20090720,7.55,7.71,7.38,7.52,0,0
20090721,7.71,7.71,7.71,7.71,0,0
20090722,7.55,7.71,7.38,7.71,0,0
20090723,7.81,7.81,7.71,7.71,0,0
20090724,7.71,7.88,7.71,7.88,0,0
20090727,7.88,7.88,7.71,7.88,0,0
20090728,7.88,8.07,7.88,8.07,0,0
20090729,8.07,8.86,8.07,8.6,0,0
20090730,9.03,9.85,9.03,9.48,0,0
20090731,9.85,9.85,8.93,8.93,0,0
20090803,8.93,9.62,8.57,8.86,0,0
20090804,8.89,9.03,8.7,8.86,0,0
20090805,8.93,9.68,8.86,9.03,0,0
20090806,8.96,9.29,8.53,8.96,0,0
20090807,8.8,9.52,8.8,9.16,0,0
20090810,9.22,9.45,9.16,9.42,0,0
20090811,9.39,9.39,8.7,9.12,0,0
20090812,8.73,9.12,8.73,8.83,0,0
20090813,8.99,9.32,8.96,8.96,0,0
20090814,8.99,9.19,8.99,8.99,0,0
20090817,8.73,8.93,8.73,8.89,0,0
20090818,8.89,8.89,8.83,8.86,0,0
20090819,8.76,8.86,8.76,8.86,0,0
20090820,8.89,8.99,8.8,8.96,0,0
20090821,9.09,9.32,8.86,9.32,0,0
20090824,9.32,9.32,9.29,9.29,0,0
20090825,9.06,9.26,9.06,9.19,0,0
20090826,9.12,9.12,8.89,9.03,0,0
20090827,8.86,9.03,8.86,9.03,0,0
20090828,8.93,9.55,8.89,9.52,0,0
20090831,9.32,9.42,8.99,8.99,0,0
20090901,8.89,8.89,8.53,8.86,0,0
20090902,8.53,8.86,8.21,8.5,0,0
20090903,8.47,8.47,8.47,8.47,0,0
20090904,8.43,8.53,8.43,8.53,0,0
20090907,8.6,9.35,8.5,9.35,0,0
20090908,9.48,10.83,9.48,9.98,0,0
20090909,10.04,10.24,9.85,9.85,0,0
20090910,9.88,10.21,9.16,9.16,0,0
20090911,9.65,9.68,8.93,8.93,0,0
20090914,8.93,8.93,8.53,8.57,0,0
20090915,8.73,8.73,8.47,8.73,0,0
20090916,8.99,9.75,8.99,9.06,0,0
20090917,9.58,9.85,9.06,9.78,0,0
20090918,10.21,10.24,9.52,9.78,0,0
20090921,9.55,9.98,9.19,9.29,0,0
20090922,9.35,9.71,9.19,9.71,0,0
20090923,9.68,10.11,9.55,9.91,0,0
20090924,9.94,10.01,9.52,9.85,0,0
20090925,9.52,9.78,9.35,9.45,0,0
20090928,9.75,9.78,9.45,9.45,0,0
20090929,9.78,9.85,9.52,9.85,0,0
20090930,9.48,9.48,9.45,9.45,0,0
20091001,9.78,9.78,9.42,9.45,0,0
20091002,9.39,9.65,9.32,9.65,0,0
20091005,9.68,9.78,9.42,9.42,0,0
20091006,9.85,9.85,9.45,9.45,0,0
20091007,9.78,9.78,9.45,9.78,0,0
20091008,9.48,9.94,9.45,9.62,0,0
20091009,9.94,9.94,9.62,9.85,0,0
20091012,9.98,10.17,9.62,10.14,0,0
20091013,10.08,10.17,9.78,9.88,0,0
20091014,10.21,10.31,9.98,9.98,0,0
20091015,10.17,10.17,9.98,10.11,0,0
20091016,10.14,10.47,9.98,10.34,0,0
20091019,9.81,10.47,9.81,10.34,0,0
20091020,10.44,10.44,9.98,10.44,0,0
20091021,10.44,10.44,10.04,10.34,0,0
20091022,10.34,10.34,10.27,10.27,0,0
20091023,10.01,10.27,9.48,9.62,0,0
20091026,9.52,9.62,9.32,9.32,0,0
20091027,9.39,9.62,9.32,9.55,0,0
20091028,9.52,9.52,9.03,9.52,0,0
20091029,9.48,9.48,9.32,9.48,0,0
20091030,9.48,9.48,9.22,9.32,0,0
20091102,9.52,9.52,9.06,9.42,0,0
20091103,9.42,9.48,9.35,9.48,0,0
20091104,9.52,9.81,9.52,9.81,0,0
20091105,9.78,9.78,9.78,9.78,0,0
20091106,9.78,10.14,9.78,10.04,0,0
20091109,10.01,10.11,10.01,10.11,0,0
20091110,10.04,10.08,9.88,9.88,0,0
20091112,9.88,10.24,9.58,10.14,0,0
20091113,10.21,10.44,10.21,10.21,0,0
20091116,10.44,10.76,10.44,10.5,0,0
20091117,10.76,11.16,10.76,11.03,0,0
20091118,10.86,11.03,10.8,10.93,0,0
20091119,10.96,11.32,10.96,11.29,0,0
20091120,11.29,11.45,10.34,10.34,0,0
20091123,10.67,10.7,10.34,10.67,0,0
20091124,10.73,11.19,10.73,11.09,0,0
20091125,11.09,11.32,11.09,11.26,0,0
20091126,11.29,11.29,11.26,11.26,0,0
20091127,10.5,11.16,10.44,11.16,0,0
20091130,11.16,11.26,11.16,11.26,0,0
20091201,11.45,11.78,11.26,11.26,0,0
20091202,11.65,11.65,11.26,11.52,0,0
20091203,11.49,11.55,11.39,11.55,0,0
20091204,11.49,11.59,11.16,11.45,0,0
20091207,11.55,11.91,11.49,11.78,0,0
20091208,11.78,11.78,11.49,11.78,0,0
20091209,11.82,11.85,10.83,11.65,0,0
20091210,11.68,11.68,11.03,11.39,0,0
20091211,11.49,11.49,10.54,10.6,0,0
20091214,10.8,10.8,10.21,10.5,0,0
20091215,10.6,10.6,9.85,10.17,0,0
20091216,10.27,10.27,9.78,9.78,0,0
20091217,9.81,9.94,9.62,9.85,0,0
20091218,10.11,10.11,9.55,9.85,0,0
20091221,9.85,9.85,9.42,9.42,0,0
20091222,9.42,9.75,9.39,9.75,0,0
20091223,9.48,9.75,9.29,9.62,0,0
20091228,9.52,9.62,9.42,9.62,0,0
20091229,9.52,9.65,9.42,9.65,0,0
20091230,9.39,9.55,9.35,9.42,0,0
20091231,9.42,9.55,9.39,9.55,0,0
20100104,9.52,9.68,9.52,9.68,0,0
20100105,9.81,10.31,9.81,10.24,0,0
20100106,10.24,10.5,10.08,10.34,0,0
20100107,10.24,10.24,9.85,9.88,0,0
20100108,9.78,10.11,9.78,10.11,0,0
20100111,9.75,10.34,9.75,10.24,0,0
20100112,10.24,10.24,9.85,9.94,0,0
20100113,9.85,10.93,9.85,10.44,0,0
20100114,10.63,10.63,10.24,10.57,0,0
20100115,10.7,10.7,10.37,10.67,0,0
20100118,10.5,11.29,10.44,10.96,0,0
20100119,11.03,11.82,10.96,11.82,0,0
20100120,11.82,14.15,11.82,14.15,0,0
20100121,13.72,16.74,13.36,16.67,0,0
20100122,16.67,20.12,16.67,20.12,0,0
20100125,21.33,24.62,17,17,0,0
20100126,16.8,16.8,12.8,13.06,0,0
20100127,12.8,14.08,12.64,14.01,0,0
20100128,14.24,14.6,13.78,13.78,0,0
20100129,13.49,13.59,13.03,13.1,0,0
20100201,13.16,13.72,13.03,13.29,0,0
20100202,13.29,13.42,12.96,12.96,0,0
20100203,12.96,13.26,12.47,12.47,0,0
20100204,12.54,12.96,11.78,11.78,0,0
20100205,11.68,11.68,10.67,11.13,0,0
20100208,12.93,12.96,12.11,12.77,0,0
20100209,12.8,12.8,12.41,12.77,0,0
20100210,12.8,12.8,12.18,12.24,0,0
20100211,12.24,13.46,11.75,12.8,0,0
20100212,12.96,13.59,12.7,13.19,0,0
20100215,13.19,13.98,13.19,13.29,0,0
20100216,13.72,13.75,13.13,13.13,0,0
20100217,13.26,13.26,12.93,12.93,0,0
20100218,13.23,13.23,12.64,13,0,0
20100219,12.5,12.93,12.5,12.93,0,0
20100222,12.64,13.26,12.64,12.8,0,0
20100223,13.06,13.06,12.08,12.14,0,0
20100224,12.27,12.31,12.08,12.31,0,0
20100225,11.98,12.37,11.98,12.24,0,0
20100226,11.98,12.47,11.98,12.27,0,0
20100301,12.27,12.6,12.14,12.47,0,0
20100302,12.67,12.67,11.95,11.95,0,0
20100303,12.14,12.27,11.82,12.01,0,0
20100304,12.01,12.01,11.62,11.85,0,0
20100305,11.78,12.08,11.62,11.82,0,0
20100308,12.04,12.41,11.91,12.11,0,0
20100309,12.18,12.6,12.11,12.47,0,0
20100310,12.47,13.39,12.47,13.39,0,0
20100311,13.52,15.1,13.46,14.05,0,0
20100312,14.15,14.44,13.42,13.55,0,0
20100315,13.55,13.55,13.03,13.26,0,0
20100316,13.46,14.01,13.29,13.75,0,0
20100317,13.98,14.05,13.46,13.59,0,0
20100318,13.65,13.65,13.03,13.13,0,0
20100319,13.06,13.06,12.64,12.77,0,0
20100322,12.6,13,12.5,12.77,0,0
20100323,12.8,13.39,12.8,13.1,0,0
20100324,13.36,13.36,12.73,12.73,0,0
20100325,13.06,13.1,12.8,13.06,0,0
20100326,13.06,13.06,12.64,12.64,0,0
20100329,13,13,12.54,12.64,0,0
20100330,12.73,13.13,12.54,13,0,0
20100331,13,13.29,12.9,12.9,0,0
20100401,12.96,13.16,12.77,12.77,0,0
20100406,12.8,13.13,12.77,12.77,0,0
20100407,12.77,12.77,12.64,12.77,0,0
20100408,12.77,12.77,12.54,12.67,0,0
20100409,12.73,12.9,12.6,12.83,0,0
20100412,12.77,12.8,12.57,12.73,0,0
20100413,12.8,12.8,12.67,12.73,0,0
20100414,12.87,13.65,12.64,13.65,0,0
20100415,14.08,14.08,13.36,13.65,0,0
20100416,13.62,13.62,13.13,13.23,0,0
20100419,12.77,12.93,12.7,12.8,0,0
20100420,12.73,13.1,12.73,13.1,0,0
20100421,13.26,13.29,12.83,13.1,0,0
20100422,12.8,13.06,12.8,12.9,0,0
20100423,12.83,13,12.83,12.96,0,0
20100426,13.03,13.46,12.96,13.26,0,0
20100427,13.26,13.42,13.13,13.19,0,0
20100428,13.1,13.1,12.8,12.96,0,0
20100429,12.96,13,12.83,13,0,0
20100430,13,13.13,12.87,13.06,0,0
20100504,13.16,13.52,12.9,13.1,0,0
20100505,12.83,13.23,12.77,12.8,0,0
20100506,12.47,13.06,12.47,12.93,0,0
20100507,12.47,12.64,12.18,12.57,0,0
20100510,12.73,13.1,12.5,12.73,0,0
20100511,12.9,12.9,12.6,12.73,0,0
20100512,12.8,12.87,12.6,12.8,0,0
20100513,12.7,12.73,12.7,12.73,0,0
20100514,12.73,12.73,12.04,12.37,0,0
20100517,11.88,12.37,11.88,12.14,0,0
20100518,12.37,12.37,12.08,12.27,0,0
20100519,12.14,12.14,11.22,11.98,0,0
20100520,11.98,11.98,11.36,11.68,0,0
20100521,11.59,11.65,11.22,11.42,0,0
20100524,11.42,11.68,10.96,11.68,0,0
20100525,11.03,11.49,11.03,11.16,0,0
20100526,10.93,11.49,10.93,11.26,0,0
20100527,11.39,11.39,10.96,11.16,0,0
20100528,11.29,12.14,11.09,11.75,0,0
20100531,11.88,11.88,11.65,11.65,0,0
20100601,11.42,11.68,11.42,11.68,0,0
20100602,11.68,11.68,11.29,11.49,0,0
20100604,11.49,11.55,11.22,11.26,0,0
20100607,11.16,11.32,10.99,11.29,0,0
20100608,10.99,11.13,10.99,11.13,0,0
20100609,11.26,11.49,11.13,11.29,0,0
20100610,11.16,11.22,10.93,11.22,0,0
20100611,11.03,11.22,10.9,10.9,0,0
20100614,10.93,11.13,10.83,11.13,0,0
20100615,10.83,11.03,10.8,11.03,0,0
20100616,10.83,11.03,10.83,10.86,0,0
20100617,10.83,10.83,10.27,10.57,0,0
20100618,10.4,10.7,10.31,10.34,0,0
20100621,10.31,10.5,10.11,10.14,0,0
20100622,10.17,10.17,9.71,9.78,0,0
20100623,9.62,9.62,9.09,9.09,0,0
20100624,9.45,9.45,8.96,9.32,0,0
20100625,9.52,9.52,8.99,8.99,0,0
20100628,8.99,9.16,8.93,9.12,0,0
20100629,9.12,9.19,8.83,9.16,0,0
20100630,9.09,9.12,8.73,8.86,0,0
20100701,8.86,9.12,8.7,8.86,0,0
20100702,8.96,8.96,8.86,8.96,0,0
20100705,8.96,9.06,8.93,9.06,0,0
20100706,9.06,9.45,9.06,9.45,0,0
20100707,9.35,9.39,8.86,9.29,0,0
20100708,9.39,11.82,9.22,11.82,0,0
20100709,12.18,12.18,11.06,11.36,0,0
20100712,11.55,11.55,10.67,10.7,0,0
20100713,10.73,11.16,10.4,11.16,0,0
20100714,11.22,11.22,10.67,10.96,0,0
20100715,10.9,11.09,10.6,11.09,0,0
20100716,11.09,11.09,10.6,10.83,0,0
20100719,10.76,10.76,10.44,10.7,0,0
20100720,10.99,11.42,10.83,10.96,0,0
20100721,11.26,11.26,10.83,11.06,0,0
20100722,10.96,11.42,10.83,11.32,0,0
20100723,11.42,11.52,11.16,11.36,0,0
20100726,11.49,11.49,11.16,11.36,0,0
20100727,11.16,11.32,11.03,11.22,0,0
20100728,11.13,11.19,10.86,11.19,0,0
20100729,11.09,11.26,10.9,11.22,0,0
20100730,11.22,11.22,11.16,11.16,0,0
20100802,11.26,11.45,11.16,11.16,0,0
20100803,11.55,13.26,11.55,12.64,0,0
20100804,12.21,12.57,11.98,12.11,0,0
20100805,12.14,12.18,11.85,12.18,0,0
20100806,12.14,12.14,11.59,11.78,0,0
20100809,11.82,12.04,11.65,11.95,0,0
20100810,11.82,11.82,11.32,11.49,0,0
20100811,11.29,11.42,11.22,11.42,0,0
20100812,11.32,11.32,11.06,11.13,0,0
20100813,11.68,11.68,11.32,11.49,0,0
20100816,11.49,11.52,11.22,11.29,0,0
20100817,11.49,11.65,11.36,11.65,0,0
20100818,11.75,11.78,11.55,11.78,0,0
20100819,11.78,11.98,11.55,11.78,0,0
20100820,11.95,11.95,11.49,11.52,0,0
20100823,11.32,11.95,11.32,11.82,0,0
20100824,11.91,11.91,11.62,11.78,0,0
20100825,11.65,11.78,11.49,11.78,0,0
20100826,11.78,11.88,11.55,11.82,0,0
20100827,11.55,11.88,11.55,11.72,0,0
20100830,11.82,11.91,11.26,11.82,0,0
20100831,11.55,11.75,11.49,11.75,0,0
20100901,11.65,11.65,11.36,11.49,0,0
20100902,11.62,11.62,11.32,11.62,0,0
20100903,11.49,12.04,11.49,11.95,0,0
20100906,12.08,13.13,11.98,12.34,0,0
20100907,12.5,12.5,11.85,12.04,0,0
20100908,12.14,12.14,11.85,11.98,0,0
20100909,11.85,12.6,11.82,12.44,0,0
20100910,12.47,12.93,12.31,12.8,0,0
20100913,12.87,13.39,12.73,12.96,0,0
20100914,12.96,12.96,12.5,12.77,0,0
20100915,12.8,12.8,12.47,12.7,0,0
20100916,12.57,13.1,12.57,13.06,0,0
20100917,13.1,13.36,12.9,12.96,0,0
20100920,12.9,13.26,12.6,12.67,0,0
20100921,12.67,12.67,12.44,12.47,0,0
20100922,12.5,12.5,12.37,12.37,0,0
20100923,12.34,12.37,12.24,12.24,0,0
20100924,12.21,12.8,12.14,12.8,0,0
20100927,12.8,12.8,12.6,12.64,0,0
20100928,12.6,12.9,11.98,12.47,0,0
20100929,12.47,12.47,12.18,12.34,0,0
20100930,12.14,12.27,12.14,12.14,0,0
20101001,12.41,12.41,12.37,12.37,0,0
20101004,12.18,12.21,12.14,12.21,0,0
20101005,12.41,12.83,12.41,12.41,0,0
20101006,12.47,12.6,12.21,12.44,0,0
20101007,12.34,12.5,12.14,12.21,0,0
20101008,12.31,12.31,12.11,12.31,0,0
20101011,12.24,12.27,12.21,12.27,0,0
20101012,12.18,12.18,11.91,12.14,0,0
20101013,11.91,12.11,11.39,12.11,0,0
20101014,12.47,12.47,12.47,12.47,0,0
20101015,12.41,12.73,12.14,12.73,0,0
20101018,12.73,12.87,12.18,12.44,0,0
20101019,12.5,12.5,12.08,12.27,0,0
20101020,11.98,12.27,11.98,12.24,0,0
20101021,11.85,12.11,11.85,11.91,0,0
20101022,11.91,12.14,11.88,12.14,0,0
20101025,11.88,12.21,11.82,12.21,0,0
20101026,12.08,12.11,11.95,12.11,0,0
20101027,11.85,12.11,11.82,11.88,0,0
20101028,12.14,12.14,11.78,12.04,0,0
20101029,11.82,11.98,11.82,11.95,0,0
20101102,11.95,12.14,11.95,12.11,0,0
20101103,12.01,12.73,11.95,12.5,0,0
20101104,12.31,12.6,12.21,12.37,0,0
20101105,12.18,12.64,12.18,12.37,0,0
20101108,12.37,12.57,12.37,12.5,0,0
20101109,12.54,12.7,12.31,12.47,0,0
20101110,12.47,12.87,12.31,12.44,0,0
20101112,12.14,12.6,12.14,12.37,0,0
20101115,12.37,12.54,12.37,12.47,0,0
20101116,12.67,12.93,12.47,12.7,0,0
20101117,12.7,14.57,12.7,14.28,0,0
20101118,14.24,14.24,13.62,13.69,0,0
20101119,13.62,14.34,13.32,14.28,0,0
20101122,14.31,14.31,13.19,13.26,0,0
20101123,13.39,13.39,12.47,12.47,0,0
20101124,12.41,12.64,12.41,12.64,0,0
20101125,12.57,12.64,12.14,12.34,0,0
20101126,12.37,12.37,12.14,12.21,0,0
20101129,12.14,12.14,11.98,12.14,0,0
20101130,12.14,12.47,12.14,12.34,0,0
20101201,12.21,12.64,12.21,12.47,0,0
20101202,12.6,12.6,12.08,12.21,0,0
20101203,12.31,12.44,12.21,12.31,0,0
20101206,12.31,12.6,12.31,12.54,0,0
20101207,12.77,12.77,12.44,12.6,0,0
20101208,12.6,12.6,12.37,12.6,0,0
20101209,12.73,12.73,12.64,12.64,0,0
20101210,12.37,12.64,12.37,12.54,0,0
20101213,12.5,12.5,12.34,12.37,0,0
20101214,12.37,12.37,12.08,12.14,0,0
20101215,12.08,12.21,12.08,12.21,0,0
20101216,12.21,12.44,11.75,12.08,0,0
20101217,11.75,12.08,11.62,11.82,0,0
20101220,11.82,11.82,11.49,11.62,0,0
20101221,11.49,11.65,11.06,11.13,0,0
20101222,11.16,11.75,11.13,11.49,0,0
20101223,11.62,11.72,11.49,11.65,0,0
20101227,11.65,11.65,11.22,11.45,0,0
20101228,11.45,11.49,11.13,11.49,0,0
20101229,11.22,11.49,11.22,11.45,0,0
20101230,11.45,11.75,11.45,11.75,0,0
20101231,11.82,12.08,11.82,12.04,0,0
20110103,12.08,12.08,11.82,11.98,0,0
20110104,11.98,11.98,11.65,11.91,0,0
20110105,11.68,12.04,11.68,11.72,0,0
20110107,11.68,11.68,11.68,11.68,0,0
20110110,11.98,11.98,11.65,11.95,0,0
20110111,11.95,11.95,11.95,11.95,0,0
20110112,11.95,11.98,11.91,11.91,0,0
20110113,11.91,11.98,11.91,11.98,0,0
20110114,11.62,11.95,11.62,11.95,0,0
20110117,11.98,11.98,11.65,11.91,0,0
20110118,11.75,11.78,11.62,11.78,0,0
20110119,11.78,11.91,11.59,11.91,0,0
20110120,11.59,11.88,11.59,11.88,0,0
20110121,11.82,11.91,11.82,11.82,0,0
20110124,11.82,11.82,11.75,11.82,0,0
20110125,11.65,11.65,11.65,11.65,0,0
20110126,11.82,11.91,11.68,11.68,0,0
20110127,11.65,11.65,11.55,11.55,0,0
20110128,11.78,11.78,11.78,11.78,0,0
20110131,11.65,11.68,11.49,11.68,0,0
20110201,11.52,11.65,11.49,11.62,0,0
20110202,11.49,11.68,11.49,11.68,0,0
20110203,11.52,11.72,11.49,11.72,0,0
20110204,11.72,11.72,11.55,11.55,0,0
20110207,11.72,11.88,11.55,11.78,0,0
20110208,11.75,11.78,11.55,11.75,0,0
20110209,11.65,11.75,11.52,11.52,0,0
20110211,11.52,11.52,11.52,11.52,0,0
20110214,11.52,11.52,10.99,11.19,0,0
20110215,11.32,11.52,11.19,11.45,0,0
20110216,11.45,11.62,11.45,11.62,0,0
20110217,11.32,11.65,11.32,11.65,0,0
20110218,11.39,11.39,11.32,11.32,0,0
20110221,11.49,11.55,11.32,11.55,0,0
20110222,11.39,12.34,11.39,12.18,0,0
20110223,12.14,12.14,11.82,11.98,0,0
20110224,11.82,12.04,11.78,12.04,0,0
20110225,11.82,12.14,11.82,12.08,0,0
20110228,12.11,12.31,11.75,12.24,0,0
20110301,12.31,12.31,11.65,12.18,0,0
20110302,11.82,11.82,11.62,11.65,0,0
20110303,11.75,11.78,11.62,11.65,0,0
20110304,11.52,11.65,11.32,11.36,0,0
20110307,11.65,11.65,11.09,11.09,0,0
20110308,11.16,11.78,11.09,11.78,0,0
20110309,11.78,12.04,11.55,12.04,0,0
20110310,11.95,12.04,11.39,11.42,0,0
20110311,11.42,11.42,11.32,11.36,0,0
20110314,11.26,11.26,11.06,11.09,0,0
20110315,11.09,11.09,10.57,11.06,0,0
20110316,11.13,11.68,11.13,11.49,0,0
20110317,11.49,11.49,11.09,11.45,0,0
20110318,11.45,11.45,11.19,11.22,0,0
20110321,11.42,11.42,11.42,11.42,0,0
20110322,11.32,11.49,11.32,11.32,0,0
20110323,11.16,11.32,11.09,11.32,0,0
20110324,11.32,11.32,11.03,11.16,0,0
20110325,11.29,11.75,11.16,11.75,0,0
20110328,11.72,11.82,11.55,11.78,0,0
20110329,11.75,11.88,11.52,11.82,0,0
20110330,11.55,11.82,11.49,11.49,0,0
20110331,11.75,11.75,11.49,11.75,0,0
20110401,11.49,11.75,11.49,11.72,0,0
20110404,11.52,11.75,11.45,11.75,0,0
20110405,11.49,11.75,11.16,11.75,0,0
20110406,11.29,11.65,11.13,11.26,0,0
20110407,11.42,11.42,11.22,11.22,0,0
20110408,11.32,11.32,11.22,11.32,0,0
20110411,11.42,11.42,11.32,11.39,0,0
20110412,11.39,11.39,11.06,11.32,0,0
20110413,11.32,11.45,10.99,11.09,0,0
20110414,10.99,11.16,10.83,11.16,0,0
20110415,11.16,11.16,10.76,11.13,0,0
20110418,11.16,11.16,11.16,11.16,0,0
20110419,11.16,11.16,11.13,11.13,0,0
20110420,10.93,11.29,10.93,11.29,0,0
20110421,10.99,11.19,10.96,11.19,0,0
20110426,10.96,11.19,10.57,10.96,0,0
20110427,10.9,10.96,10.67,10.83,0,0
20110428,10.83,10.83,10.76,10.76,0,0
20110429,10.83,10.83,10.5,10.83,0,0
20110502,10.63,10.83,10.47,10.57,0,0
20110504,10.57,10.57,10.57,10.57,0,0
20110505,10.44,10.76,10.44,10.5,0,0
20110506,10.5,10.73,10.5,10.73,0,0
20110509,10.76,10.83,10.76,10.83,0,0
20110510,10.9,10.96,10.54,10.96,0,0
20110511,10.9,10.96,10.6,10.8,0,0
20110512,10.44,10.5,10.17,10.4,0,0
20110513,10.21,10.86,9.91,10.76,0,0
20110516,10.83,10.83,10.76,10.83,0,0
20110518,9.98,10.83,9.94,10.5,0,0
20110519,10.08,10.34,10.08,10.34,0,0
20110520,9.91,10.34,9.91,10.27,0,0
20110523,10.08,10.24,10.04,10.24,0,0
20110524,9.94,10.24,9.58,9.58,0,0
20110525,9.52,10.01,9.52,9.85,0,0
20110526,9.68,9.85,9.45,9.68,0,0
20110527,9.78,9.78,9.32,9.71,0,0
20110530,9.75,10.24,9.75,10.08,0,0
20110531,9.98,10.14,9.91,9.91,0,0
20110601,9.91,10.11,9.85,9.91,0,0
20110602,9.88,9.88,9.58,9.85,0,0
20110603,9.85,9.85,9.58,9.85,0,0
20110606,9.65,9.78,9.65,9.78,0,0
20110607,9.65,9.78,9.52,9.78,0,0
20110609,9.58,9.71,9.35,9.71,0,0
20110610,9.45,9.71,9.45,9.58,0,0
20110613,9.58,9.81,9.58,9.81,0,0
20110614,9.62,9.81,9.58,9.58,0,0
20110615,9.29,9.65,9.29,9.65,0,0
20110616,9.29,9.62,9.12,9.42,0,0
20110617,9.42,9.42,9.03,9.42,0,0
20110620,9.39,9.42,9.06,9.39,0,0
20110621,9.06,9.32,9.06,9.32,0,0
20110622,8.83,9.32,8.83,9.26,0,0
20110624,9.12,9.19,8.8,9.19,0,0
20110627,8.89,8.99,8.8,8.99,0,0
20110628,8.86,8.99,8.7,8.8,0,0
20110629,9.06,9.06,9.06,9.06,0,0
20110630,9.03,9.03,8.86,8.86,0,0
20110701,9.39,9.39,8.8,9.29,0,0
20110704,9.19,9.35,9.19,9.35,0,0
20110705,9.06,9.32,9.06,9.32,0,0
20110707,9.12,9.29,9.12,9.29,0,0
20110708,8.73,9.35,8.73,9.35,0,0
20110711,9.29,9.29,8.8,8.83,0,0
20110712,8.73,8.73,8.11,8.53,0,0
20110713,8.73,8.73,8.66,8.66,0,0
20110714,8.53,8.53,8.53,8.53,0,0
20110715,8.24,8.53,8.24,8.53,0,0
20110718,8.53,8.53,7.94,8.21,0,0
20110719,8.21,8.5,8.21,8.47,0,0
20110720,8.5,8.5,8.5,8.5,0,0
20110721,7.75,8.5,7.75,8.5,0,0
20110722,8.53,8.53,8.53,8.53,0,0
20110725,8.53,8.53,8.01,8.37,0,0
20110726,8.07,8.07,8.04,8.04,0,0
20110727,8.37,8.37,8.21,8.21,0,0
20110728,8.04,8.93,8.04,8.47,0,0
20110729,8.7,8.7,8.7,8.7,0,0
20110801,8.3,8.3,7.88,8.01,0,0
20110802,8.04,8.3,8.04,8.3,0,0
20110803,7.88,8.3,7.88,7.88,0,0
20110804,7.84,7.88,7.09,7.45,0,0
20110805,6.7,7.45,6.7,7.06,0,0
20110808,6.79,6.89,6.4,6.66,0,0
20110809,6.56,6.56,5.91,6.2,0,0
20110810,6.27,6.73,6.1,6.1,0,0
20110811,6.47,7.02,6.24,7.02,0,0
20110812,6.99,7.32,6.89,7.25,0,0
20110816,7.15,7.55,7.15,7.48,0,0
20110817,7.15,7.52,7.15,7.52,0,0
20110818,7.19,7.19,6.5,6.56,0,0
20110819,6.1,7.02,6.1,7.02,0,0
20110822,6.96,6.96,6.3,6.93,0,0
20110823,6.93,7.19,6.93,7.06,0,0
20110824,7.02,7.06,6.56,7.02,0,0
20110829,7.06,7.06,7.06,7.06,0,0
20110830,6.73,7.19,6.73,7.19,0,0
20110831,7.12,7.15,6.63,6.89,0,0
20110901,7.22,7.65,6.89,7.25,0,0
20110902,6.96,7.22,6.96,7.22,0,0
20110905,6.96,7.22,6.73,6.89,0,0
20110906,6.96,7.15,6.2,6.6,0,0
20110907,7.12,7.12,6.6,7.12,0,0
20110908,6.89,6.89,6.73,6.73,0,0
20110909,7.12,7.12,6.89,6.89,0,0
20110912,6.73,7.06,6.24,6.73,0,0
20110913,7.06,7.06,6.27,6.89,0,0
20110914,7.06,7.06,6.86,6.86,0,0
20110915,6.89,6.89,6.89,6.89,0,0
20110916,6.86,6.89,6.86,6.86,0,0
20110919,6.86,6.86,6.86,6.86,0,0
20110920,6.86,6.86,6.4,6.86,0,0
20110921,6.86,6.86,6.86,6.86,0,0
20110922,6.79,6.79,6.79,6.79,0,0
20110923,6.43,6.79,6.43,6.79,0,0
20110926,6.79,7.06,6.73,6.73,0,0
20110927,6.99,6.99,6.73,6.96,0,0
20110928,6.89,6.89,6.73,6.73,0,0
20110929,6.93,6.93,6.33,6.56,0,0
20110930,6.76,6.76,6.56,6.76,0,0
20111003,6.73,6.73,6.73,6.73,0,0
20111004,6.33,6.33,5.91,6.07,0,0
20111005,6.27,6.27,5.91,6.01,0,0
20111006,5.97,6.01,5.87,5.87,0,0
20111007,5.84,5.84,5.32,5.32,0,0
20111010,5.32,5.32,5.25,5.25,0,0
20111011,5.25,5.25,5.02,5.02,0,0
20111012,4.96,4.96,4.82,4.82,0,0
20111013,4.76,4.76,4.69,4.69,0,0
20111014,4.59,4.76,4.59,4.76,0,0
20111017,5.09,5.22,5.09,5.22,0,0
20111018,5.25,5.25,5.25,5.25,0,0
20111019,5.25,5.25,5.25,5.25,0,0
20111020,4.99,5.25,4.99,5.05,0,0
20111024,5.38,5.38,5.38,5.38,0,0
20111025,5.38,5.38,5.22,5.22,0,0
20111026,5.09,5.22,5.09,5.09,0,0
20111027,4.82,4.82,4.82,4.82,0,0
20111028,5.09,5.09,5.09,5.09,0,0
20111031,5.25,5.25,5.09,5.25,0,0
20111103,5.09,5.09,5.09,5.09,0,0
20111104,5.09,5.25,5.09,5.25,0,0
20111107,5.12,5.38,5.12,5.38,0,0
20111108,5.38,5.42,5.38,5.42,0,0
20111109,5.15,5.15,5.15,5.15,0,0
20111114,5.42,5.42,5.42,5.42,0,0
20111115,5.19,5.19,4.92,4.92,0,0
20111116,4.92,4.92,4.69,4.69,0,0
20111117,4.89,4.89,4.69,4.89,0,0
20111118,4.53,4.59,4.53,4.59,0,0
20111121,4.89,4.89,4.46,4.46,0,0
20111122,4.46,4.46,4.46,4.46,0,0
20111123,4.33,4.46,4.33,4.33,0,0
20111124,4.59,4.59,4.33,4.33,0,0
20111125,4.59,4.59,4.59,4.59,0,0
20111129,4.37,4.59,4.37,4.37,0,0
20111130,4.53,4.53,4.53,4.53,0,0
20111201,4.43,4.43,4.43,4.43,0,0
20111202,4.43,4.46,4.43,4.46,0,0
20111206,4.56,4.56,4.56,4.56,0,0
20111208,4.43,4.56,4.43,4.56,0,0
20111209,4.43,4.43,4.43,4.43,0,0
20111212,4.43,4.46,4.43,4.46,0,0
20111214,4.43,4.43,4.43,4.43,0,0
20111215,4.07,4.43,4.07,4.43,0,0
20111219,4.43,4.43,4.43,4.43,0,0
20111220,4.07,4.07,4.07,4.07,0,0
20111221,3.77,4.07,3.77,4.07,0,0
20111223,4,4.07,3.94,3.94,0,0
20111227,3.94,3.94,3.81,3.81,0,0
20111228,4.07,4.07,3.81,4.07,0,0
20111229,4.37,4.37,4.1,4.1,0,0
20111230,4.37,4.4,4.37,4.4,0,0
20120102,4.82,4.82,4.82,4.82,0,0
20120103,4.73,4.73,4.73,4.73,0,0
20120104,4.73,4.73,4.73,4.73,0,0
20120105,4.73,4.73,4.73,4.73,0,0
20120109,4.96,4.99,4.96,4.99,0,0
20120111,4.99,4.99,4.99,4.99,0,0
20120113,4.3,4.3,4.3,4.3,0,0
20120116,4.69,4.69,4.69,4.69,0,0
20120117,4.69,4.69,4.69,4.69,0,0
20120123,4.3,4.59,4.3,4.59,0,0
20120124,4.37,4.59,4.37,4.59,0,0
20120126,4.4,4.59,4.4,4.59,0,0
20120127,4.46,4.46,4.46,4.46,0,0
20120130,4.46,4.5,4.46,4.5,0,0
20120131,4.76,4.92,4.5,4.92,0,0
20120201,4.96,4.96,4.96,4.96,0,0
20120202,4.96,5.22,4.96,5.22,0,0
20120203,5.28,5.28,5.19,5.19,0,0
20120206,5.28,5.32,5.19,5.32,0,0
20120207,5.38,5.58,5.38,5.58,0,0
20120208,5.58,5.68,5.58,5.68,0,0
20120209,5.71,5.71,5.68,5.71,0,0
20120210,5.91,5.91,5.84,5.84,0,0
20120213,5.91,6.01,5.91,6.01,0,0
20120214,5.68,5.91,5.68,5.91,0,0
20120215,6.17,6.3,5.91,6.3,0,0
20120216,6.37,6.37,6.3,6.3,0,0
20120217,6.3,6.7,6.3,6.7,0,0
20120220,6.56,6.73,6.56,6.73,0,0
20120221,6.76,6.86,6.76,6.86,0,0
20120222,6.86,6.86,6.56,6.56,0,0
20120223,6.56,6.56,6.56,6.56,0,0
20120224,6.7,6.7,6.7,6.7,0,0
20120229,6.76,6.76,6.76,6.76,0,0
20120301,7.02,7.02,6.76,7.02,0,0
20120305,5.94,5.94,5.94,5.94,0,0
20120306,6.3,6.3,6.3,6.3,0,0
20120307,6.86,6.86,6.76,6.76,0,0
20120308,6.1,6.43,6.1,6.43,0,0
20120309,6.56,6.56,6.43,6.43,0,0
20120312,6.24,6.24,6.24,6.24,0,0
20120313,6.53,6.53,6.53,6.53,0,0
20120314,6.56,6.63,6.56,6.63,0,0
20120315,6.56,6.56,6.56,6.56,0,0
20120316,6.63,6.63,6.63,6.63,0,0
20120320,7.02,7.02,6.63,7.02,0,0
20120322,7.15,7.15,7.15,7.15,0,0
20120323,6.66,6.66,6.66,6.66,0,0
20120326,6.76,6.76,6.76,6.76,0,0
20120328,6.89,6.89,6.76,6.89,0,0
20120329,7.29,7.29,6.89,7.29,0,0
20120330,7.55,7.75,7.29,7.75,0,0
20120402,7.61,7.61,7.61,7.61,0,0
20120404,7.32,7.32,7.32,7.32,0,0
20120405,6.76,6.79,6.76,6.79,0,0
20120410,7.06,7.06,7.06,7.06,0,0
20120411,7.29,7.29,7.29,7.29,0,0
20120412,8.14,8.14,7.88,7.88,0,0
20120413,7.78,7.78,7.78,7.78,0,0
20120416,7.75,7.78,7.75,7.78,0,0
20120417,8.21,8.53,8.21,8.53,0,0
20120418,8.7,8.86,8.7,8.86,0,0
20120419,9.03,9.03,7.15,7.15,0,0
20120420,7.68,7.68,7.19,7.19,0,0
20120423,7.22,7.52,7.22,7.52,0,0
20120424,7.22,7.22,6.56,6.56,0,0
20120425,6.89,6.89,6.66,6.66,0,0
20120426,6.66,6.73,6.66,6.73,0,0
20120427,6.86,6.86,6.73,6.86,0,0
20120430,6.89,6.89,6.86,6.89,0,0
20120502,7.55,7.55,7.55,7.55,0,0
20120504,7.45,7.55,7.45,7.45,0,0
20120507,7.38,7.38,7.38,7.38,0,0
20120508,6.3,6.86,6.3,6.86,0,0
20120509,6.6,6.73,6.6,6.73,0,0
20120510,6.86,6.86,6.86,6.86,0,0
20120511,6.86,7.35,6.86,7.35,0,0
20120514,7.29,7.35,7.29,7.29,0,0
20120515,7.12,7.12,6.43,6.43,0,0
20120516,6.33,6.33,6.24,6.24,0,0
20120517,6.2,6.2,6.2,6.2,0,0
20120518,6.4,6.4,6.2,6.24,0,0
20120521,6.04,6.07,6.04,6.07,0,0
20120522,6.4,6.4,5.48,5.48,0,0
20120523,5.74,6.07,5.74,6.07,0,0
20120524,6.53,6.53,6.53,6.53,0,0
20120604,5.55,5.55,5.55,5.55,0,0
20120605,5.28,5.55,5.28,5.28,0,0
20120608,5.81,5.81,5.81,5.81,0,0
20120611,6.3,6.3,6.3,6.3,0,0
20120612,6.3,6.3,6.3,6.3,0,0
20120613,6.24,6.24,6.24,6.24,0,0
20120614,6.24,6.24,6.24,6.24,0,0
20120615,5.25,5.25,5.25,5.25,0,0
20120618,5.28,5.28,5.28,5.28,0,0
20120620,6.17,6.17,6.17,6.17,0,0
20120621,5.91,5.91,5.91,5.91,0,0
20120622,5.91,5.91,5.91,5.91,0,0
20120702,5.71,5.71,5.71,5.71,0,0
20120703,5.71,5.71,5.71,5.71,0,0
20120704,5.74,5.74,5.74,5.74,0,0
20120705,5.74,5.74,5.74,5.74,0,0
20120706,5.74,5.74,5.74,5.74,0,0
20120709,6.24,6.24,6.24,6.24,0,0
20120710,6.24,6.24,6.24,6.24,0,0
20120711,6.04,6.24,6.04,6.04,0,0
20120712,6.04,6.04,6.04,6.04,0,0
20120716,6.37,6.37,6.37,6.37,0,0
20120717,6.37,6.37,6.37,6.37,0,0
20120718,6.17,6.17,6.17,6.17,0,0
20120719,6.17,6.5,6.17,6.5,0,0
20120720,6.53,6.53,6.53,6.53,0,0
20120724,6.47,6.47,6.47,6.47,0,0
20120727,5.58,5.58,5.58,5.58,0,0
20120730,6.4,6.4,6.4,6.4,0,0
20120731,6.04,6.04,6.04,6.04,0,0
20120801,6.07,6.07,6.04,6.07,0,0
20120802,6.07,6.07,6.07,6.07,0,0
20120803,6.2,6.2,6.2,6.2,0,0
20120806,6.47,6.47,6.47,6.47,0,0
20120808,5.91,5.91,5.91,5.91,0,0
20120809,5.71,5.91,5.71,5.71,0,0
20120810,5.68,5.71,5.68,5.71,0,0
20120814,5.91,5.91,5.68,5.91,0,0
20120816,5.91,5.91,5.91,5.91,0,0
20120824,5.42,5.91,5.42,5.42,0,0
20120827,5.25,5.25,5.25,5.25,0,0
20120828,5.22,5.22,5.22,5.22,0,0
20120829,4.92,4.92,4.92,4.92,0,0
20120830,4.92,4.92,4.92,4.92,0,0
20120903,4.46,4.89,4.46,4.89,0,0
20120904,4.89,4.89,4.86,4.86,0,0
20120905,4.86,4.86,4.56,4.56,0,0
20120906,4.46,4.56,4.46,4.46,0,0
20120910,4.4,4.46,4.4,4.4,0,0
20120911,4.43,4.43,4.4,4.43,0,0
20120914,4.79,4.82,4.79,4.82,0,0
20120917,4.79,4.82,4.79,4.79,0,0
20120918,4.66,4.79,4.66,4.66,0,0
20120919,4.46,4.73,4.46,4.73,0,0
20120921,4.1,4.1,4.1,4.1,0,0
20120924,4.56,4.56,4.56,4.56,0,0
20120928,4.56,4.56,4.56,4.56,0,0
20121003,4.46,4.56,4.46,4.46,0,0
20121004,4.56,4.56,4.46,4.56,0,0
20121011,4.56,4.56,4.56,4.56,0,0
20121017,4.5,4.5,4.5,4.5,0,0
20121019,4.5,4.59,4.5,4.59,0,0
20121022,4.86,4.86,4.59,4.86,0,0
20121023,4.43,4.86,4.43,4.86,0,0
20121024,4.82,4.82,4.82,4.82,0,0
20121025,4.43,4.73,4.43,4.73,0,0
20121026,4.69,4.69,4.69,4.69,0,0
20121029,4.69,4.69,4.43,4.43,0,0
20121031,4.4,4.4,4.4,4.4,0,0
20121102,4.43,4.59,4.43,4.59,0,0
20121105,4.69,4.69,4.69,4.69,0,0
20121115,4.59,4.69,4.59,4.59,0,0
20121116,4.14,4.14,4.14,4.14,0,0
20121120,4.14,4.5,4.14,4.5,0,0
20121122,4.5,4.5,4.5,4.5,0,0
20121126,4.17,4.5,4.14,4.14,0,0
20121127,4.46,4.46,4.14,4.14,0,0
20121128,4.14,4.14,4.14,4.14,0,0
20121129,4.27,4.27,4.14,4.27,0,0
20121130,4.14,4.14,4.14,4.14,0,0
20121203,4.27,4.27,4.27,4.27,0,0
20121204,4.14,4.14,4.14,4.14,0,0
20121205,4.14,4.14,4.14,4.14,0,0
20121206,4.14,4.14,4.14,4.14,0,0
20121207,4.14,4.14,4.14,4.14,0,0
20121210,3.94,3.94,3.94,3.94,0,0
20121211,3.94,3.94,3.94,3.94,0,0
20121212,3.94,3.94,3.94,3.94,0,0
20121213,3.94,3.94,3.94,3.94,0,0
20121214,3.94,4.14,3.94,4.14,0,0
20121217,4,4,4,4,0,0
20121218,4,4,4,4,0,0
20121219,4.04,4.1,4,4.1,0,0
20121220,4.07,4.07,3.97,3.97,0,0
20121227,3.94,4.23,3.94,4.23,0,0
20121228,4.2,4.2,4.2,4.2,0,0
20130102,4.27,4.27,4.27,4.27,0,0
20130103,4.33,4.37,4.33,4.37,0,0
20130104,4.53,4.53,4.37,4.53,0,0
20130107,4.73,4.73,4.73,4.73,0,0
20130109,4.59,4.59,4.59,4.59,0,0
20130111,4.73,4.73,4.73,4.73,0,0
20130114,4.66,4.73,4.66,4.66,0,0
20130115,4.76,4.89,4.76,4.89,0,0
20130117,4.89,4.89,4.89,4.89,0,0
20130122,4.89,4.89,4.89,4.89,0,0
20130124,4.66,4.66,4.63,4.63,0,0
20130125,4.89,4.89,4.89,4.89,0,0
20130128,4.63,4.89,4.63,4.89,0,0
20130130,4.89,4.89,4.89,4.89,0,0
20130131,4.89,4.89,4.89,4.89,0,0
20130201,4.59,4.89,4.59,4.86,0,0
20130204,4.82,4.82,4.82,4.82,0,0
20130206,4.76,4.76,4.59,4.59,0,0
20130207,4.92,4.92,4.59,4.82,0,0
20130211,4.76,4.76,4.76,4.76,0,0
20130212,4.79,4.79,4.79,4.79,0,0
20130213,4.79,4.79,4.79,4.79,0,0
20130214,5.19,5.19,5.02,5.02,0,0
20130215,5.32,5.42,5.32,5.42,0,0
20130218,5.55,5.84,5.55,5.84,0,0
20130219,5.58,5.58,5.58,5.58,0,0
20130220,6.24,6.24,6.2,6.2,0,0
20130221,6.2,6.2,6.2,6.2,0,0
20130225,5.68,5.68,5.68,5.68,0,0
20130226,5.68,5.68,5.65,5.65,0,0
20130227,5.58,5.58,5.58,5.58,0,0
20130228,5.32,5.32,5.32,5.32,0,0
20130301,5.25,5.32,5.25,5.25,0,0
20130304,5.25,5.42,5.25,5.42,0,0
20130306,5.15,5.58,5.15,5.58,0,0
20130308,5.87,5.87,5.58,5.87,0,0
20130311,5.91,5.91,5.91,5.91,0,0
20130313,5.91,5.91,5.91,5.91,0,0
20130314,5.74,5.91,5.74,5.91,0,0
20130315,6.07,6.07,6.07,6.07,0,0
20130318,6.07,6.07,6.07,6.07,0,0
20130325,6.07,6.07,6.07,6.07,0,0
20130327,5.58,6.07,5.58,6.07,0,0
20130402,5.42,5.87,5.42,5.42,0,0
20130403,5.42,5.42,5.42,5.42,0,0
20130408,5.25,5.25,5.25,5.25,0,0
20130423,5.42,5.42,5.42,5.42,0,0
20130508,5.25,5.25,5.25,5.25,0,0
20130517,4.86,4.86,4.86,4.86,0,0
20130521,4.63,4.63,4.59,4.59,0,0
20130522,4.43,4.56,4.43,4.56,0,0
20130524,4.56,4.56,4.56,4.56,0,0
20130528,4.79,4.79,4.79,4.79,0,0
20130529,4.66,4.66,4.66,4.66,0,0
20130531,4.66,4.66,4.66,4.66,0,0
20130605,4.5,4.66,4.5,4.5,0,0
20130606,4.46,4.73,4.46,4.73,0,0
20130611,4.59,4.59,4.59,4.59,0,0
20130612,4.66,4.66,4.59,4.59,0,0
20130614,4.82,4.82,4.82,4.82,0,0
20130617,4.59,4.66,4.59,4.66,0,0
20130620,4.27,4.27,4.27,4.27,0,0
20130621,4.53,4.53,4.27,4.27,0,0
20130626,4.27,4.27,4.27,4.27,0,0
20130627,4.2,4.2,4.2,4.2,0,0
20130628,4.27,4.27,4.27,4.27,0,0
20130701,4.27,4.27,4.27,4.27,0,0
20130705,4.27,4.27,4.27,4.27,0,0
20130708,4.27,4.27,4.27,4.27,0,0
20130717,3.87,3.87,3.87,3.87,0,0
20130719,3.84,3.84,3.84,3.84,0,0
20130725,3.84,3.84,3.84,3.84,0,0
20130726,3.77,3.77,3.77,3.77,0,0
20130730,3.45,3.77,3.28,3.28,0,0
20130731,3.45,3.45,3.45,3.45,0,0
20130801,3.48,3.61,3.48,3.61,0,0
20130802,3.61,3.61,3.61,3.61,0,0
20130806,3.41,3.41,3.28,3.28,0,0
20130807,3.38,3.38,3.38,3.38,0,0
20130809,3.45,3.45,3.38,3.45,0,0
20130812,3.58,3.58,3.58,3.58,0,0
20130813,3.61,3.61,3.61,3.61,0,0
20130814,3.61,3.61,3.58,3.58,0,0
20130816,3.91,3.97,3.58,3.97,0,0
20130821,3.91,3.91,3.84,3.84,0,0
20130826,3.28,3.31,3.28,3.31,0,0
20130827,3.28,3.28,3.28,3.28,0,0
20130828,3.58,3.58,3.28,3.58,0,0
20130829,3.84,3.84,3.84,3.84,0,0
20130902,3.31,3.31,3.31,3.31,0,0
20130903,3.28,3.28,3.28,3.28,0,0
20130904,3.58,3.74,3.58,3.74,0,0
20130905,3.91,3.91,3.28,3.28,0,0
20130910,3.61,3.61,3.58,3.58,0,0
20130911,3.58,3.58,3.51,3.51,0,0
20130912,3.77,3.77,3.51,3.77,0,0
20130916,3.45,3.45,3.45,3.45,0,0
20130917,3.71,3.71,3.45,3.71,0,0
20130918,3.45,3.45,3.45,3.45,0,0
20130920,3.68,3.68,3.68,3.68,0,0
20130923,3.38,3.38,3.38,3.38,0,0
20130924,3.38,3.38,3.38,3.38,0,0
20130926,3.28,3.28,3.28,3.28,0,0
20130930,3.28,3.28,3.28,3.28,0,0
20131001,3.28,3.28,3.02,3.02,0,0
20131002,3.25,3.25,3.25,3.25,0,0
20131003,3.02,3.28,3.02,3.28,0,0
20131004,3.12,3.12,3.12,3.12,0,0
20131007,3.25,3.25,3.25,3.25,0,0
20131009,3.25,3.28,3.25,3.28,0,0
20131010,3.38,3.38,3.38,3.38,0,0
20131011,3.31,3.31,3.31,3.31,0,0
20131015,3.28,3.28,3.28,3.28,0,0
20131017,3.12,3.12,3.12,3.12,0,0
20131018,3.12,3.12,3.12,3.12,0,0
20131022,3.15,3.15,3.15,3.15,0,0
20131023,3.15,3.28,3.15,3.28,0,0
20131024,3.12,3.12,3.12,3.12,0,0
20131028,3.05,3.28,3.05,3.28,0,0
20131030,3.12,3.28,3.12,3.28,0,0
20131031,3.28,3.28,3.28,3.28,0,0
20131104,3.28,3.28,3.28,3.28,0,0
20131105,3.15,3.15,3.15,3.15,0,0
20131106,3.28,3.28,3.28,3.28,0,0
20131107,3.28,3.28,3.28,3.28,0,0
20131108,3.25,3.28,3.25,3.25,0,0
20131112,3.25,3.25,3.15,3.15,0,0
20131113,3.15,3.15,2.95,2.95,0,0
20131114,3.15,3.15,2.79,2.79,0,0
20131115,2.63,2.63,2.63,2.63,0,0
20131118,2.79,2.79,2.72,2.72,0,0
20131119,2.63,2.72,2.63,2.72,0,0
20131120,2.76,2.76,2.76,2.76,0,0
20131121,2.63,2.63,2.63,2.63,0,0
20131122,2.69,2.69,2.69,2.69,0,0
20131126,2.66,2.66,2.66,2.66,0,0
20131127,2.66,2.66,2.63,2.63,0,0
20131128,2.59,2.59,2.59,2.59,0,0
20131204,2.56,2.56,2.56,2.56,0,0
20131206,2.53,2.53,2.53,2.53,0,0
20131211,2.53,2.53,2.53,2.53,0,0
20131212,2.46,2.46,2.46,2.46,0,0
20131213,2.36,2.36,2.36,2.36,0,0
20131216,2.13,2.13,2.13,2.13,0,0
20131217,2.46,2.46,2.13,2.46,0,0
20131218,2.13,2.46,2.13,2.46,0,0
20131220,2.46,2.46,2.46,2.46,0,0
20131223,2.49,2.49,2.46,2.49,0,0
20131227,2.53,2.53,2.53,2.53,0,0
20131230,2.53,2.59,2.53,2.59,0,0
20140102,2.59,2.59,2.59,2.59,0,0
20140107,2.59,2.59,2.59,2.59,0,0
20140108,2.13,2.59,2.13,2.59,0,0
20140109,2.79,2.79,2.79,2.79,0,0
20140110,2.79,2.86,2.79,2.79,0,0
20140113,2.86,2.89,2.86,2.89,0,0
20140114,2.89,2.89,2.89,2.89,0,0
20140115,2.92,2.95,2.92,2.95,0,0
20140117,3.22,3.22,3.18,3.18,0,0
20140120,3.18,3.18,3.18,3.18,0,0
20140121,3.09,3.15,3.09,3.15,0,0
20140122,3.05,3.15,3.02,3.02,0,0
20140123,2.89,3.02,2.82,2.82,0,0
20140128,3.05,3.05,3.05,3.05,0,0
20140130,3.12,3.12,3.05,3.12,0,0
20140131,3.18,3.18,3.18,3.18,0,0
20140203,3.28,3.28,3.28,3.28,0,0
20140207,3.25,3.25,3.22,3.22,0,0
20140212,3.28,3.28,3.25,3.25,0,0
20140213,3.22,3.25,3.12,3.12,0,0
20140214,3.35,3.48,3.35,3.48,0,0
20140217,3.28,3.28,3.28,3.28,0,0
20140218,3.28,3.45,3.28,3.45,0,0
20140219,3.28,3.41,3.28,3.41,0,0
20140220,3.41,3.41,3.41,3.41,0,0
20140224,3.45,3.45,3.45,3.45,0,0
20140225,3.41,3.41,3.28,3.28,0,0
20140226,3.38,3.38,3.28,3.28,0,0
20140227,3.28,3.28,3.28,3.28,0,0
20140228,3.28,3.28,3.28,3.28,0,0
20140305,3.28,3.28,3.12,3.12,0,0
20140307,3.12,3.12,3.12,3.12,0,0
20140311,3.12,3.12,3.12,3.12,0,0
20140312,3.12,3.12,3.12,3.12,0,0
20140321,3.12,3.12,3.12,3.12,0,0
20140326,3.28,3.28,3.28,3.28,0,0
20140328,3.28,3.28,3.28,3.28,0,0
20140331,3.28,3.28,3.28,3.28,0,0
20140401,3.31,3.35,3.31,3.35,0,0
20140402,3.35,3.35,3.35,3.35,0,0
20140403,3.28,3.28,3.28,3.28,0,0
20140404,3.28,3.28,3.28,3.28,0,0
20140407,3.28,3.28,3.28,3.28,0,0
20140409,3.28,3.28,3.28,3.28,0,0
20140411,3.18,3.51,3.18,3.51,0,0
20140414,3.45,3.45,3.45,3.45,0,0
20140416,3.28,3.28,3.28,3.28,0,0
20140417,3.38,3.38,3.38,3.38,0,0
20140423,3.28,3.28,3.28,3.28,0,0
20140424,3.28,3.28,3.28,3.28,0,0
20140428,3.35,3.35,3.35,3.35,0,0
20140502,3.02,3.35,3.02,3.02,0,0
20140505,3.02,3.02,3.02,3.02,0,0
20140512,2.79,2.79,2.79,2.79,0,0
20140514,2.33,2.33,2.33,2.33,0,0
20140515,2.59,2.59,2.59,2.59,0,0
20140519,2.59,2.59,2.59,2.59,0,0
20140520,2.59,2.59,2.59,2.59,0,0
20140526,2.46,2.46,2.46,2.46,0,0
20140528,2.33,2.33,2.33,2.33,0,0
20140529,2.92,2.92,2.92,2.92,0,0
20140603,2.86,2.86,2.86,2.86,0,0
20140604,2.46,2.86,2.46,2.86,0,0
20140605,2.86,2.86,2.86,2.86,0,0
20140616,2.46,2.46,2.46,2.46,0,0
20140617,2.79,2.79,2.46,2.79,0,0
20140623,2.76,2.79,2.59,2.79,0,0
20140624,2.72,2.72,2.72,2.72,0,0
20140625,2.49,2.49,2.4,2.4,0,0
20140627,2.49,2.49,2.49,2.49,0,0
20140630,2.4,2.4,2.4,2.4,0,0
20140701,2.59,2.59,2.56,2.56,0,0
20140703,2.4,2.4,2.4,2.4,0,0
20140704,2.4,2.4,2.3,2.3,0,0
20140707,2.4,2.4,2.4,2.4,0,0
20140709,2.13,2.13,2.1,2.1,0,0
20140710,2.26,2.26,1.97,1.97,0,0
20140711,2.23,2.23,2.23,2.23,0,0
20140714,1.64,1.64,1.64,1.64,0,0
20140715,1.81,1.81,1.81,1.81,0,0
20140716,1.81,1.81,1.81,1.81,0,0
20140722,2.1,2.1,2.1,2.1,0,0
20140725,2.1,2.1,2.1,2.1,0,0
20140728,1.81,1.87,1.81,1.87,0,0
20140729,1.84,1.84,1.84,1.84,0,0
20140730,1.77,1.77,1.77,1.77,0,0
20140731,1.64,1.64,1.58,1.58,0,0
20140801,1.48,1.48,1.44,1.44,0,0
20140804,1.31,1.31,1.15,1.15,0,0
20140805,1.44,1.44,1.44,1.44,0,0
20140806,1.38,1.38,1.38,1.38,0,0
20140807,1.51,1.51,1.51,1.51,0,0
20140813,1.54,1.54,1.54,1.54,0,0
20140814,1.31,1.31,1.31,1.31,0,0
20140820,1.31,1.31,1.31,1.31,0,0
20140821,1.31,1.31,1.31,1.31,0,0
20140825,1.31,1.31,1.31,1.31,0,0
20140828,1.18,1.18,1.18,1.18,0,0
20140829,1.08,1.08,1.08,1.08,0,0
20140901,1.08,1.08,1.08,1.08,0,0
20140902,1.08,1.08,1.08,1.08,0,0
20140904,1.08,1.08,1.08,1.08,0,0
20140905,1.08,1.12,1.08,1.12,0,0
20140910,1.18,1.18,1.18,1.18,0,0
20140912,1.18,1.18,1.18,1.18,0,0
20140916,1.18,1.18,1.08,1.08,0,0
20140917,1.18,1.18,1.18,1.18,0,0
20140918,1.08,1.08,1.08,1.08,0,0
20140919,1.18,1.18,1.18,1.18,0,0
20140922,1.18,1.18,1.18,1.18,0,0
20141001,1.12,1.12,1.12,1.12,0,0
20141002,1.08,1.08,1.08,1.08,0,0
20141006,1.05,1.05,1.05,1.05,0,0
20141007,1.08,1.08,1.08,1.08,0,0
20141009,1.18,1.18,1.18,1.18,0,0
20141010,1.18,1.18,1.18,1.18,0,0
20141014,1.12,1.12,1.12,1.12,0,0
20141015,1.08,1.08,1.08,1.08,0,0
20141017,1.08,1.08,1.08,1.08,0,0
20141022,1.08,1.08,1.08,1.08,0,0
20141023,1.08,1.08,1.08,1.08,0,0
20141027,1.08,1.08,1.08,1.08,0,0
20141028,1.12,1.12,1.12,1.12,0,0
20141031,1.18,1.18,1.18,1.18,0,0
20141103,1.08,1.08,1.08,1.08,0,0
20141104,1.08,1.08,1.08,1.08,0,0
20141105,1.02,1.02,1.02,1.02,0,0
20141112,1.12,1.12,1.12,1.12,0,0
20141117,0.95,0.95,0.95,0.95,0,0
20141119,0.92,1.02,0.92,1.02,0,0
20141121,0.92,0.92,0.92,0.92,0,0
20141124,1.02,1.02,1.02,1.02,0,0
20141125,0.89,0.89,0.89,0.89,0,0
20141127,0.89,0.89,0.82,0.82,0,0
20141128,0.82,0.82,0.82,0.82,0,0
20141202,0.82,0.82,0.82,0.82,0,0
20141203,0.72,0.72,0.72,0.72,0,0
20141204,0.72,0.72,0.72,0.72,0,0
20141205,0.72,0.72,0.72,0.72,0,0
20141208,0.69,0.69,0.69,0.69,0,0
20141209,0.66,0.66,0.62,0.62,0,0
20141210,0.56,0.56,0.56,0.56,0,0
20141211,0.56,0.56,0.56,0.56,0,0
20141212,0.59,0.62,0.59,0.62,0,0
20141215,0.69,0.69,0.69,0.69,0,0
20141216,0.79,0.79,0.79,0.79,0,0
20141218,0.66,0.75,0.66,0.75,0,0
20141219,0.72,0.72,0.72,0.72,0,0
20141222,0.72,0.72,0.66,0.66,0,0
20141223,0.66,0.75,0.66,0.75,0,0
20141230,0.75,0.82,0.75,0.82,0,0
