Date,Open,High,Low,Close,Volume,OpenInt
20080212,0.8,0.8,0.8,0.8,0,0
20080213,0.85,0.85,0.77,0.77,0,0
20080214,0.8,0.8,0.74,0.75,0,0
20080215,0.74,0.76,0.74,0.75,0,0
20080218,0.76,0.76,0.73,0.74,0,0
20080219,0.74,0.74,0.72,0.74,0,0
20080220,0.73,0.73,0.71,0.72,0,0
20080221,0.71,0.75,0.71,0.73,0,0
20080222,0.71,0.73,0.71,0.72,0,0
20080225,0.71,0.71,0.64,0.64,0,0
20080226,0.66,0.66,0.62,0.62,0,0
20080227,0.62,0.62,0.6,0.6,0,0
20080228,0.6,0.6,0.56,0.57,0,0
20080229,0.56,0.57,0.53,0.57,0,0
20080303,0.54,0.64,0.54,0.64,0,0
20080304,0.64,0.73,0.64,0.65,0,0
20080305,0.67,0.68,0.65,0.66,0,0
20080306,0.7,0.7,0.66,0.67,0,0
20080307,0.66,0.67,0.65,0.66,0,0
20080310,0.67,0.67,0.64,0.67,0,0
20080311,0.66,0.67,0.63,0.67,0,0
20080312,0.65,0.67,0.64,0.65,0,0
20080313,0.64,0.65,0.63,0.64,0,0
20080314,0.62,0.66,0.62,0.66,0,0
20080317,0.64,0.65,0.62,0.62,0,0
20080318,0.63,0.63,0.59,0.63,0,0
20080319,0.62,0.66,0.62,0.64,0,0
20080320,0.64,0.66,0.63,0.66,0,0
20080325,0.66,0.66,0.63,0.63,0,0
20080326,0.63,0.63,0.6,0.61,0,0
20080327,0.63,0.64,0.61,0.61,0,0
20080328,0.6,0.61,0.59,0.59,0,0
20080331,0.58,0.58,0.58,0.58,0,0
20080401,0.57,0.59,0.57,0.59,0,0
20080402,0.6,0.61,0.59,0.61,0,0
20080403,0.59,0.61,0.59,0.59,0,0
20080404,0.59,0.6,0.59,0.59,0,0
20080407,0.6,0.61,0.59,0.6,0,0
20080408,0.6,0.6,0.59,0.6,0,0
20080409,0.6,0.6,0.58,0.6,0,0
20080410,0.58,0.6,0.58,0.58,0,0
20080411,0.58,0.58,0.57,0.58,0,0
20080414,0.57,0.59,0.57,0.59,0,0
20080415,0.57,0.58,0.57,0.57,0,0
20080416,0.57,0.58,0.57,0.58,0,0
20080417,0.57,0.58,0.57,0.58,0,0
20080418,0.58,0.63,0.58,0.63,0,0
20080421,0.65,0.66,0.62,0.63,0,0
20080422,0.61,0.61,0.58,0.61,0,0
20080423,0.59,0.59,0.58,0.58,0,0
20080424,0.57,0.6,0.57,0.58,0,0
20080425,0.58,0.62,0.58,0.62,0,0
20080428,0.6,0.62,0.6,0.6,0,0
20080429,0.6,0.6,0.6,0.6,0,0
20080430,0.58,0.58,0.56,0.57,0,0
20080505,0.57,0.59,0.57,0.59,0,0
20080506,0.57,0.57,0.57,0.57,0,0
20080507,0.57,0.58,0.55,0.57,0,0
20080508,0.57,0.57,0.57,0.57,0,0
20080509,0.56,0.57,0.56,0.57,0,0
20080512,0.55,0.57,0.55,0.55,0,0
20080513,0.57,0.57,0.55,0.57,0,0
20080514,0.57,0.57,0.55,0.57,0,0
20080515,0.57,0.57,0.55,0.55,0,0
20080516,0.56,0.56,0.55,0.56,0,0
20080519,0.57,0.57,0.55,0.57,0,0
20080520,0.54,0.58,0.54,0.58,0,0
20080521,0.58,0.59,0.57,0.59,0,0
20080523,0.59,0.59,0.59,0.59,0,0
20080526,0.59,0.59,0.57,0.58,0,0
20080527,0.59,0.59,0.59,0.59,0,0
20080528,0.58,0.58,0.56,0.57,0,0
20080529,0.58,0.58,0.57,0.58,0,0
20080530,0.58,0.58,0.57,0.58,0,0
20080602,0.57,0.57,0.57,0.57,0,0
20080603,0.58,0.58,0.57,0.57,0,0
20080604,0.59,0.61,0.57,0.61,0,0
20080605,0.61,0.62,0.59,0.62,0,0
20080606,0.63,0.63,0.62,0.62,0,0
20080609,0.61,0.62,0.59,0.61,0,0
20080610,0.59,0.61,0.56,0.57,0,0
20080611,0.56,0.58,0.56,0.58,0,0
20080612,0.61,0.61,0.56,0.6,0,0
20080613,0.58,0.59,0.57,0.59,0,0
20080617,0.57,0.59,0.57,0.57,0,0
20080618,0.56,0.58,0.56,0.58,0,0
20080619,0.56,0.57,0.53,0.53,0,0
20080620,0.52,0.55,0.52,0.54,0,0
20080623,0.52,0.54,0.5,0.52,0,0
20080624,0.51,0.53,0.51,0.53,0,0
20080625,0.5,0.53,0.5,0.53,0,0
20080627,0.5,0.5,0.49,0.5,0,0
20080630,0.5,0.5,0.5,0.5,0,0
20080701,0.48,0.48,0.45,0.48,0,0
20080702,0.46,0.5,0.46,0.5,0,0
20080703,0.48,0.48,0.48,0.48,0,0
20080704,0.46,0.49,0.45,0.48,0,0
20080707,0.46,0.46,0.43,0.46,0,0
20080708,0.45,0.46,0.45,0.46,0,0
20080709,0.45,0.46,0.45,0.46,0,0
20080710,0.45,0.46,0.45,0.46,0,0
20080711,0.44,0.46,0.44,0.46,0,0
20080714,0.46,0.46,0.43,0.45,0,0
20080715,0.43,0.45,0.43,0.45,0,0
20080716,0.45,0.47,0.41,0.47,0,0
20080717,0.47,0.47,0.47,0.47,0,0
20080718,0.48,0.48,0.45,0.47,0,0
20080721,0.45,0.47,0.44,0.47,0,0
20080722,0.47,0.47,0.44,0.47,0,0
20080723,0.47,0.51,0.45,0.5,0,0
20080724,0.48,0.5,0.48,0.5,0,0
20080728,0.5,0.5,0.5,0.5,0,0
20080729,0.47,0.5,0.47,0.5,0,0
20080730,0.46,0.48,0.45,0.48,0,0
20080731,0.46,0.47,0.45,0.47,0,0
20080801,0.45,0.48,0.45,0.46,0,0
20080804,0.44,0.47,0.44,0.47,0,0
20080805,0.48,0.49,0.47,0.49,0,0
20080806,0.48,0.48,0.48,0.48,0,0
20080807,0.48,0.48,0.46,0.48,0,0
20080811,0.47,0.49,0.47,0.49,0,0
20080812,0.49,0.49,0.47,0.49,0,0
20080813,0.49,0.49,0.48,0.48,0,0
20080818,0.46,0.49,0.46,0.47,0,0
20080819,0.45,0.47,0.44,0.47,0,0
20080820,0.46,0.47,0.44,0.47,0,0
20080822,0.47,0.47,0.44,0.46,0,0
20080826,0.46,0.46,0.45,0.45,0,0
20080827,0.46,0.46,0.44,0.46,0,0
20080828,0.46,0.46,0.46,0.46,0,0
20080829,0.44,0.46,0.44,0.46,0,0
20080901,0.44,0.45,0.44,0.45,0,0
20080902,0.43,0.45,0.43,0.45,0,0
20080903,0.45,0.45,0.43,0.43,0,0
20080904,0.45,0.45,0.43,0.45,0,0
20080905,0.42,0.45,0.42,0.45,0,0
20080908,0.45,0.45,0.45,0.45,0,0
20080909,0.45,0.47,0.45,0.47,0,0
20080910,0.44,0.47,0.44,0.47,0,0
20080915,0.48,0.48,0.46,0.48,0,0
20080916,0.47,0.48,0.47,0.48,0,0
20080917,0.46,0.46,0.43,0.43,0,0
20080918,0.41,0.45,0.41,0.42,0,0
20080919,0.41,0.45,0.41,0.45,0,0
20080922,0.45,0.49,0.43,0.49,0,0
20080923,0.47,0.48,0.43,0.48,0,0
20080924,0.45,0.48,0.45,0.48,0,0
20080925,0.44,0.44,0.44,0.44,0,0
20080926,0.45,0.47,0.42,0.44,0,0
20080929,0.44,0.44,0.44,0.44,0,0
20080930,0.42,0.45,0.41,0.45,0,0
20081001,0.42,0.45,0.41,0.42,0,0
20081002,0.43,0.43,0.42,0.43,0,0
20081003,0.43,0.43,0.43,0.43,0,0
20081006,0.41,0.41,0.41,0.41,0,0
20081007,0.38,0.38,0.38,0.38,0,0
20081008,0.35,0.38,0.33,0.35,0,0
20081009,0.35,0.35,0.34,0.34,0,0
20081010,0.31,0.34,0.29,0.29,0,0
20081013,0.32,0.33,0.29,0.3,0,0
20081014,0.3,0.32,0.3,0.32,0,0
20081015,0.31,0.32,0.29,0.32,0,0
20081016,0.28,0.31,0.27,0.31,0,0
20081017,0.31,0.31,0.28,0.28,0,0
20081020,0.31,0.31,0.31,0.31,0,0
20081021,0.31,0.31,0.27,0.28,0,0
20081022,0.27,0.27,0.26,0.26,0,0
20081023,0.26,0.26,0.24,0.26,0,0
20081024,0.24,0.26,0.24,0.26,0,0
20081027,0.24,0.26,0.24,0.26,0,0
20081028,0.26,0.27,0.26,0.27,0,0
20081029,0.25,0.27,0.25,0.27,0,0
20081030,0.25,0.27,0.23,0.25,0,0
20081031,0.23,0.25,0.23,0.25,0,0
20081103,0.24,0.25,0.24,0.25,0,0
20081104,0.25,0.25,0.25,0.25,0,0
20081105,0.25,0.25,0.23,0.24,0,0
20081106,0.25,0.25,0.24,0.25,0,0
20081107,0.25,0.25,0.23,0.25,0,0
20081110,0.23,0.25,0.23,0.25,0,0
20081112,0.22,0.22,0.2,0.22,0,0
20081113,0.2,0.2,0.2,0.2,0,0
20081114,0.2,0.2,0.2,0.2,0,0
20081117,0.22,0.22,0.22,0.22,0,0
20081118,0.2,0.21,0.2,0.21,0,0
20081119,0.2,0.21,0.2,0.21,0,0
20081120,0.21,0.21,0.21,0.21,0,0
20081121,0.19,0.21,0.19,0.21,0,0
20081124,0.21,0.21,0.21,0.21,0,0
20081125,0.22,0.22,0.22,0.22,0,0
20081127,0.22,0.22,0.22,0.22,0,0
20081128,0.2,0.22,0.2,0.22,0,0
20081202,0.22,0.24,0.22,0.24,0,0
20081203,0.21,0.23,0.21,0.23,0,0
20081205,0.22,0.22,0.22,0.22,0,0
20081208,0.21,0.21,0.21,0.21,0,0
20081211,0.2,0.2,0.19,0.2,0,0
20081217,0.2,0.2,0.2,0.2,0,0
20081218,0.19,0.19,0.17,0.19,0,0
20081219,0.17,0.19,0.17,0.17,0,0
20081222,0.17,0.17,0.15,0.17,0,0
20081223,0.16,0.17,0.16,0.17,0,0
20081229,0.16,0.16,0.16,0.16,0,0
20081230,0.15,0.15,0.14,0.15,0,0
20081231,0.13,0.14,0.13,0.14,0,0
20090105,0.14,0.14,0.13,0.13,0,0
20090106,0.14,0.14,0.13,0.14,0,0
20090107,0.14,0.14,0.13,0.13,0,0
20090108,0.14,0.14,0.14,0.14,0,0
20090109,0.13,0.14,0.13,0.14,0,0
20090112,0.14,0.14,0.14,0.14,0,0
20090113,0.14,0.15,0.14,0.15,0,0
20090114,0.15,0.17,0.15,0.17,0,0
20090115,0.18,0.19,0.17,0.18,0,0
20090116,0.18,0.18,0.17,0.18,0,0
20090119,0.17,0.18,0.17,0.18,0,0
20090120,0.17,0.17,0.14,0.15,0,0
20090121,0.15,0.16,0.15,0.16,0,0
20090122,0.16,0.16,0.16,0.16,0,0
20090123,0.14,0.16,0.14,0.16,0,0
20090126,0.15,0.16,0.15,0.16,0,0
20090127,0.15,0.16,0.15,0.16,0,0
20090128,0.15,0.17,0.15,0.17,0,0
20090129,0.17,0.18,0.17,0.18,0,0
20090130,0.18,0.18,0.18,0.18,0,0
20090202,0.19,0.19,0.19,0.19,0,0
20090203,0.19,0.19,0.19,0.19,0,0
20090204,0.19,0.19,0.18,0.19,0,0
20090205,0.18,0.18,0.17,0.18,0,0
20090206,0.18,0.18,0.18,0.18,0,0
20090209,0.18,0.18,0.18,0.18,0,0
20090210,0.19,0.19,0.19,0.19,0,0
20090211,0.18,0.19,0.18,0.19,0,0
20090212,0.18,0.21,0.18,0.21,0,0
20090213,0.21,0.21,0.19,0.2,0,0
20090216,0.19,0.19,0.18,0.19,0,0
20090217,0.17,0.17,0.17,0.17,0,0
20090218,0.18,0.18,0.18,0.18,0,0
20090219,0.18,0.18,0.18,0.18,0,0
20090220,0.19,0.19,0.19,0.19,0,0
20090223,0.19,0.19,0.19,0.19,0,0
20090224,0.19,0.19,0.19,0.19,0,0
20090225,0.19,0.19,0.19,0.19,0,0
20090227,0.19,0.19,0.19,0.19,0,0
20090302,0.17,0.18,0.17,0.18,0,0
20090303,0.19,0.19,0.19,0.19,0,0
20090304,0.19,0.77,0.19,0.77,0,0
20090316,0.16,0.17,0.16,0.17,0,0
20090317,0.17,0.17,0.17,0.17,0,0
20090319,0.15,0.17,0.15,0.17,0,0
20090320,0.17,0.17,0.17,0.17,0,0
20090323,0.17,0.17,0.17,0.17,0,0
20090324,0.18,0.19,0.18,0.19,0,0
20090325,0.19,0.19,0.19,0.19,0,0
20090326,0.19,0.19,0.19,0.19,0,0
20090327,0.19,0.19,0.19,0.19,0,0
20090331,0.19,0.19,0.19,0.19,0,0
20090401,0.19,0.19,0.19,0.19,0,0
20090402,0.19,0.19,0.18,0.18,0,0
20090403,0.18,0.18,0.17,0.17,0,0
20090406,0.19,0.19,0.17,0.17,0,0
20090407,0.18,0.18,0.18,0.18,0,0
20090408,0.18,0.18,0.18,0.18,0,0
20090409,0.17,0.18,0.17,0.18,0,0
20090414,0.18,0.24,0.18,0.22,0,0
20090415,0.22,0.23,0.22,0.22,0,0
20090416,0.22,0.22,0.21,0.22,0,0
20090417,0.23,0.23,0.2,0.21,0,0
20090420,0.2,0.21,0.19,0.19,0,0
20090421,0.18,0.2,0.18,0.2,0,0
20090422,0.21,0.21,0.21,0.21,0,0
20090423,0.19,0.21,0.19,0.21,0,0
20090424,0.21,0.21,0.19,0.2,0,0
20090427,0.21,0.21,0.2,0.2,0,0
20090428,0.2,0.2,0.2,0.2,0,0
20090429,0.2,0.21,0.2,0.21,0,0
20090430,0.24,0.24,0.22,0.23,0,0
20090504,0.22,0.23,0.21,0.23,0,0
20090505,0.23,0.23,0.22,0.22,0,0
20090506,0.22,0.22,0.21,0.22,0,0
20090507,0.22,0.23,0.22,0.23,0,0
20090508,0.24,0.24,0.21,0.24,0,0
20090511,0.23,0.23,0.22,0.23,0,0
20090512,0.24,0.24,0.24,0.24,0,0
20090513,0.23,0.24,0.23,0.24,0,0
20090514,0.23,0.24,0.22,0.24,0,0
20090515,0.23,0.24,0.22,0.23,0,0
20090518,0.22,0.23,0.21,0.21,0,0
20090519,0.22,0.25,0.22,0.25,0,0
20090520,0.23,0.25,0.23,0.25,0,0
20090521,0.25,0.25,0.25,0.25,0,0
20090522,0.25,0.25,0.25,0.25,0,0
20090525,0.23,0.25,0.23,0.23,0,0
20090526,0.23,0.23,0.22,0.22,0,0
20090527,0.23,0.25,0.22,0.25,0,0
20090528,0.22,0.23,0.22,0.23,0,0
20090529,0.24,0.24,0.23,0.23,0,0
20090601,0.24,0.24,0.23,0.24,0,0
20090602,0.23,0.25,0.23,0.24,0,0
20090603,0.25,0.25,0.24,0.25,0,0
20090604,0.25,0.25,0.24,0.25,0,0
20090605,0.25,0.25,0.24,0.25,0,0
20090608,0.25,0.25,0.25,0.25,0,0
20090609,0.25,0.25,0.25,0.25,0,0
20090610,0.24,0.25,0.24,0.25,0,0
20090612,0.25,0.25,0.24,0.24,0,0
20090615,0.24,0.24,0.24,0.24,0,0
20090616,0.24,0.24,0.23,0.24,0,0
20090617,0.24,0.24,0.22,0.24,0,0
20090619,0.24,0.24,0.24,0.24,0,0
20090622,0.24,0.24,0.22,0.22,0,0
20090623,0.23,0.23,0.21,0.23,0,0
20090624,0.23,0.23,0.22,0.23,0,0
20090625,0.21,0.23,0.21,0.22,0,0
20090626,0.22,0.23,0.22,0.23,0,0
20090629,0.23,0.23,0.23,0.23,0,0
20090630,0.24,0.24,0.24,0.24,0,0
20090702,0.24,0.24,0.23,0.24,0,0
20090703,0.24,0.24,0.24,0.24,0,0
20090706,0.24,0.24,0.24,0.24,0,0
20090707,0.22,0.24,0.22,0.24,0,0
20090708,0.22,0.23,0.22,0.23,0,0
20090709,0.22,0.23,0.22,0.23,0,0
20090710,0.22,0.23,0.22,0.23,0,0
20090714,0.22,0.23,0.22,0.23,0,0
20090715,0.24,0.24,0.22,0.22,0,0
20090716,0.23,0.23,0.21,0.23,0,0
20090717,0.21,0.23,0.21,0.23,0,0
20090720,0.23,0.23,0.23,0.23,0,0
20090721,0.23,0.24,0.23,0.24,0,0
20090722,0.24,0.24,0.23,0.24,0,0
20090723,0.22,0.24,0.22,0.24,0,0
20090724,0.24,0.24,0.23,0.23,0,0
20090727,0.24,0.24,0.23,0.23,0,0
20090728,0.23,0.23,0.22,0.23,0,0
20090729,0.22,0.23,0.22,0.23,0,0
20090730,0.23,0.28,0.23,0.28,0,0
20090731,0.29,0.29,0.25,0.28,0,0
20090803,0.26,0.29,0.26,0.29,0,0
20090804,0.28,0.29,0.27,0.28,0,0
20090805,0.28,0.28,0.27,0.27,0,0
20090806,0.28,0.28,0.27,0.27,0,0
20090807,0.28,0.28,0.27,0.28,0,0
20090810,0.28,0.28,0.28,0.28,0,0
20090811,0.29,0.32,0.29,0.3,0,0
20090812,0.3,0.37,0.3,0.37,0,0
20090813,0.38,0.38,0.33,0.33,0,0
20090814,0.34,0.34,0.3,0.3,0,0
20090817,0.29,0.36,0.28,0.36,0,0
20090818,0.36,0.36,0.34,0.35,0,0
20090819,0.35,0.36,0.34,0.35,0,0
20090820,0.35,0.36,0.35,0.36,0,0
20090821,0.36,0.36,0.33,0.35,0,0
20090824,0.34,0.36,0.34,0.36,0,0
20090825,0.36,0.36,0.34,0.35,0,0
20090826,0.32,0.35,0.32,0.35,0,0
20090827,0.33,0.35,0.33,0.34,0,0
20090828,0.35,0.35,0.33,0.35,0,0
20090831,0.35,0.35,0.33,0.35,0,0
20090901,0.34,0.35,0.32,0.35,0,0
20090902,0.34,0.35,0.31,0.31,0,0
20090903,0.3,0.33,0.3,0.31,0,0
20090904,0.32,0.34,0.32,0.33,0,0
20090907,0.33,0.33,0.33,0.33,0,0
20090908,0.31,0.33,0.31,0.32,0,0
20090909,0.33,0.33,0.33,0.33,0,0
20090910,0.31,0.32,0.31,0.31,0,0
20090911,0.32,0.32,0.32,0.32,0,0
20090914,0.29,0.32,0.29,0.3,0,0
20090915,0.32,0.33,0.3,0.33,0,0
20090916,0.33,0.33,0.32,0.33,0,0
20090917,0.31,0.34,0.31,0.34,0,0
20090918,0.33,0.36,0.33,0.36,0,0
20090921,0.36,0.36,0.34,0.34,0,0
20090922,0.34,0.34,0.33,0.34,0,0
20090923,0.34,0.34,0.33,0.34,0,0
20090924,0.34,0.34,0.34,0.34,0,0
20090925,0.35,0.35,0.33,0.34,0,0
20090928,0.33,0.34,0.33,0.34,0,0
20090930,0.34,0.34,0.34,0.34,0,0
20091001,0.34,0.36,0.34,0.36,0,0
20091002,0.36,0.36,0.34,0.34,0,0
20091005,0.34,0.34,0.34,0.34,0,0
20091006,0.33,0.34,0.33,0.34,0,0
20091007,0.33,0.34,0.33,0.34,0,0
20091008,0.34,0.35,0.34,0.35,0,0
20091009,0.33,0.35,0.33,0.33,0,0
20091012,0.33,0.33,0.33,0.33,0,0
20091013,0.33,0.33,0.33,0.33,0,0
20091014,0.34,0.34,0.34,0.34,0,0
20091015,0.32,0.32,0.32,0.32,0,0
20091016,0.33,0.33,0.33,0.33,0,0
20091019,0.33,0.34,0.33,0.34,0,0
20091021,0.32,0.33,0.31,0.33,0,0
20091022,0.32,0.33,0.32,0.33,0,0
20091023,0.33,0.33,0.33,0.33,0,0
20091026,0.32,0.33,0.32,0.33,0,0
20091028,0.32,0.32,0.32,0.32,0,0
20091030,0.33,0.33,0.33,0.33,0,0
20091102,0.33,0.33,0.33,0.33,0,0
20091104,0.32,0.32,0.3,0.3,0,0
20091105,0.3,0.32,0.29,0.29,0,0
20091106,0.29,0.3,0.27,0.29,0,0
20091109,0.27,0.29,0.27,0.29,0,0
20091110,0.28,0.29,0.28,0.29,0,0
20091112,0.29,0.29,0.28,0.29,0,0
20091113,0.28,0.28,0.27,0.28,0,0
20091116,0.28,0.28,0.28,0.28,0,0
20091117,0.29,0.3,0.28,0.28,0,0
20091118,0.28,0.29,0.28,0.29,0,0
20091119,0.29,0.3,0.29,0.3,0,0
20091123,0.29,0.29,0.29,0.29,0,0
20091124,0.29,0.29,0.29,0.29,0,0
20091125,0.3,0.3,0.29,0.29,0,0
20091126,0.28,0.29,0.28,0.29,0,0
20091130,0.28,0.29,0.28,0.28,0,0
20091201,0.28,0.3,0.28,0.28,0,0
20091202,0.3,0.31,0.28,0.29,0,0
20091203,0.29,0.29,0.29,0.29,0,0
20091204,0.3,0.32,0.3,0.31,0,0
20091207,0.31,0.32,0.3,0.3,0,0
20091208,0.3,0.31,0.29,0.31,0,0
20091209,0.31,0.31,0.29,0.29,0,0
20091210,0.3,0.3,0.29,0.29,0,0
20091211,0.31,0.31,0.29,0.31,0,0
20091214,0.3,0.3,0.29,0.3,0,0
20091215,0.3,0.3,0.29,0.29,0,0
20091216,0.29,0.29,0.29,0.29,0,0
20091217,0.29,0.29,0.28,0.28,0,0
20091218,0.28,0.28,0.28,0.28,0,0
20091221,0.28,0.29,0.28,0.28,0,0
20091222,0.28,0.28,0.28,0.28,0,0
20091223,0.28,0.28,0.28,0.28,0,0
20091228,0.28,0.28,0.28,0.28,0,0
20091229,0.28,0.28,0.28,0.28,0,0
20091230,0.3,0.3,0.3,0.3,0,0
20091231,0.3,0.3,0.3,0.3,0,0
20100104,0.3,0.3,0.3,0.3,0,0
20100105,0.3,0.33,0.3,0.33,0,0
20100106,0.33,0.33,0.31,0.32,0,0
20100107,0.32,0.32,0.3,0.32,0,0
20100108,0.32,0.32,0.3,0.31,0,0
20100111,0.31,0.31,0.29,0.3,0,0
20100112,0.3,0.3,0.28,0.28,0,0
20100113,0.28,0.31,0.28,0.31,0,0
20100115,0.29,0.32,0.29,0.32,0,0
20100118,0.32,0.32,0.29,0.32,0,0
20100119,0.32,0.32,0.3,0.3,0,0
20100120,0.3,0.32,0.3,0.32,0,0
20100121,0.3,0.32,0.3,0.32,0,0
20100122,0.3,0.32,0.3,0.32,0,0
20100125,0.32,0.32,0.32,0.32,0,0
20100126,0.32,0.32,0.29,0.29,0,0
20100127,0.3,0.3,0.29,0.29,0,0
20100128,0.29,0.3,0.29,0.3,0,0
20100129,0.29,0.29,0.28,0.29,0,0
20100201,0.28,0.28,0.28,0.28,0,0
20100202,0.28,0.29,0.28,0.28,0,0
20100203,0.28,0.28,0.28,0.28,0,0
20100204,0.28,0.28,0.28,0.28,0,0
20100205,0.28,0.28,0.27,0.28,0,0
20100208,0.27,0.28,0.27,0.28,0,0
20100209,0.27,0.28,0.26,0.28,0,0
20100210,0.27,0.28,0.27,0.27,0,0
20100211,0.26,0.26,0.26,0.26,0,0
20100212,0.27,0.27,0.27,0.27,0,0
20100215,0.26,0.27,0.26,0.27,0,0
20100216,0.27,0.27,0.26,0.26,0,0
20100217,0.26,0.26,0.26,0.26,0,0
20100218,0.27,0.28,0.27,0.28,0,0
20100219,0.27,0.27,0.27,0.27,0,0
20100222,0.28,0.28,0.28,0.28,0,0
20100223,0.28,0.28,0.27,0.27,0,0
20100224,0.26,0.26,0.25,0.26,0,0
20100225,0.26,0.26,0.26,0.26,0,0
20100301,0.26,0.26,0.25,0.26,0,0
20100302,0.26,0.26,0.25,0.26,0,0
20100303,0.26,0.26,0.26,0.26,0,0
20100304,0.25,0.26,0.25,0.25,0,0
20100305,0.25,0.25,0.25,0.25,0,0
20100308,0.25,0.25,0.25,0.25,0,0
20100309,0.25,0.25,0.24,0.24,0,0
20100310,0.25,0.25,0.24,0.24,0,0
20100311,0.24,0.26,0.24,0.25,0,0
20100312,0.26,0.27,0.25,0.25,0,0
20100315,0.25,0.31,0.25,0.31,0,0
20100316,0.33,0.37,0.32,0.37,0,0
20100317,0.38,0.39,0.38,0.39,0,0
20100318,0.39,0.39,0.37,0.38,0,0
20100319,0.38,0.38,0.36,0.37,0,0
20100322,0.35,0.36,0.34,0.35,0,0
20100323,0.36,0.38,0.36,0.38,0,0
20100324,0.38,0.39,0.38,0.38,0,0
20100325,0.39,0.41,0.38,0.41,0,0
20100326,0.41,0.42,0.39,0.4,0,0
20100329,0.41,0.41,0.39,0.4,0,0
20100330,0.39,0.39,0.39,0.39,0,0
20100331,0.38,0.39,0.38,0.39,0,0
20100401,0.38,0.4,0.38,0.4,0,0
20100406,0.4,0.41,0.39,0.4,0,0
20100407,0.4,0.4,0.38,0.38,0,0
20100408,0.38,0.38,0.37,0.38,0,0
20100409,0.38,0.39,0.37,0.39,0,0
20100412,0.38,0.39,0.38,0.39,0,0
20100413,0.39,0.39,0.38,0.39,0,0
20100414,0.39,0.45,0.39,0.45,0,0
20100415,0.45,0.47,0.45,0.47,0,0
20100416,0.46,0.47,0.46,0.47,0,0
20100419,0.46,0.47,0.43,0.47,0,0
20100420,0.46,0.46,0.46,0.46,0,0
20100421,0.45,0.46,0.45,0.46,0,0
20100422,0.46,0.49,0.46,0.49,0,0
20100423,0.49,0.52,0.49,0.52,0,0
20100426,0.52,0.52,0.51,0.51,0,0
20100427,0.51,0.51,0.48,0.5,0,0
20100428,0.49,0.49,0.48,0.49,0,0
20100429,0.48,0.49,0.44,0.48,0,0
20100430,0.48,0.48,0.48,0.48,0,0
20100504,0.48,0.49,0.48,0.49,0,0
20100505,0.48,0.49,0.47,0.48,0,0
20100506,0.47,0.48,0.47,0.47,0,0
20100507,0.47,0.47,0.46,0.46,0,0
20100510,0.45,0.49,0.45,0.49,0,0
20100511,0.49,0.49,0.47,0.47,0,0
20100512,0.46,0.48,0.46,0.47,0,0
20100513,0.47,0.48,0.46,0.48,0,0
20100514,0.48,0.48,0.47,0.48,0,0
20100517,0.46,0.48,0.46,0.48,0,0
20100518,0.49,0.5,0.46,0.46,0,0
20100519,0.46,0.46,0.45,0.46,0,0
20100520,0.46,0.46,0.45,0.46,0,0
20100521,0.44,0.46,0.44,0.46,0,0
20100524,0.46,0.46,0.45,0.46,0,0
20100525,0.44,0.45,0.44,0.44,0,0
20100526,0.44,0.46,0.44,0.46,0,0
20100527,0.46,0.47,0.46,0.47,0,0
20100528,0.48,0.48,0.47,0.47,0,0
20100531,0.48,0.48,0.46,0.46,0,0
20100601,0.46,0.47,0.44,0.47,0,0
20100604,0.47,0.47,0.44,0.44,0,0
20100607,0.45,0.47,0.45,0.47,0,0
20100608,0.45,0.45,0.44,0.44,0,0
20100609,0.44,0.44,0.42,0.43,0,0
20100610,0.42,0.42,0.41,0.41,0,0
20100611,0.43,0.43,0.4,0.42,0,0
20100614,0.43,0.43,0.42,0.43,0,0
20100615,0.41,0.43,0.41,0.41,0,0
20100616,0.43,0.43,0.43,0.43,0,0
20100617,0.44,0.44,0.43,0.43,0,0
20100618,0.42,0.43,0.42,0.43,0,0
20100621,0.43,0.43,0.42,0.42,0,0
20100622,0.42,0.42,0.41,0.41,0,0
20100623,0.4,0.4,0.4,0.4,0,0
20100624,0.4,0.42,0.4,0.42,0,0
20100625,0.41,0.42,0.41,0.42,0,0
20100628,0.41,0.42,0.41,0.42,0,0
20100629,0.42,0.43,0.42,0.43,0,0
20100630,0.43,0.43,0.43,0.43,0,0
20100701,0.43,0.43,0.43,0.43,0,0
20100702,0.43,0.43,0.43,0.43,0,0
20100705,0.41,0.43,0.41,0.43,0,0
20100706,0.42,0.43,0.42,0.43,0,0
20100708,0.43,0.43,0.43,0.43,0,0
20100709,0.42,0.43,0.42,0.43,0,0
20100712,0.42,0.43,0.42,0.43,0,0
20100713,0.42,0.43,0.42,0.43,0,0
20100715,0.43,0.43,0.42,0.42,0,0
20100716,0.42,0.42,0.42,0.42,0,0
20100719,0.42,0.42,0.42,0.42,0,0
20100720,0.42,0.42,0.42,0.42,0,0
20100721,0.42,0.42,0.42,0.42,0,0
20100722,0.42,0.43,0.42,0.43,0,0
20100723,0.42,0.42,0.42,0.42,0,0
20100726,0.42,0.43,0.42,0.43,0,0
20100727,0.43,0.43,0.43,0.43,0,0
20100728,0.42,0.43,0.42,0.42,0,0
20100730,0.41,0.42,0.41,0.42,0,0
20100802,0.42,0.42,0.41,0.42,0,0
20100803,0.41,0.41,0.41,0.41,0,0
20100804,0.42,0.42,0.42,0.42,0,0
20100805,0.41,0.42,0.41,0.42,0,0
20100806,0.42,0.42,0.42,0.42,0,0
20100810,0.41,0.42,0.41,0.42,0,0
20100811,0.42,0.42,0.41,0.42,0,0
20100812,0.41,0.41,0.41,0.41,0,0
20100813,0.41,0.41,0.41,0.41,0,0
20100816,0.41,0.42,0.41,0.42,0,0
20100817,0.41,0.48,0.41,0.48,0,0
20100818,0.47,0.52,0.47,0.52,0,0
20100819,0.52,0.52,0.5,0.5,0,0
20100823,0.48,0.51,0.48,0.5,0,0
20100824,0.5,0.5,0.5,0.5,0,0
20100825,0.48,0.48,0.48,0.48,0,0
20100826,0.5,0.55,0.5,0.51,0,0
20100827,0.51,0.51,0.5,0.5,0,0
20100830,0.52,0.52,0.5,0.52,0,0
20100831,0.5,0.51,0.47,0.51,0,0
20100902,0.48,0.48,0.48,0.48,0,0
20100906,0.47,0.48,0.47,0.48,0,0
20100907,0.47,0.47,0.47,0.47,0,0
20100908,0.47,0.47,0.46,0.46,0,0
20100909,0.46,0.48,0.46,0.48,0,0
20100910,0.46,0.46,0.46,0.46,0,0
20100913,0.46,0.46,0.46,0.46,0,0
20100914,0.46,0.47,0.45,0.45,0,0
20100915,0.45,0.45,0.45,0.45,0,0
20100916,0.45,0.45,0.45,0.45,0,0
20100917,0.45,0.47,0.45,0.47,0,0
20100920,0.45,0.45,0.45,0.45,0,0
20100921,0.47,0.48,0.46,0.46,0,0
20100922,0.45,0.46,0.44,0.44,0,0
20100923,0.44,0.44,0.44,0.44,0,0
20100924,0.44,0.44,0.43,0.44,0,0
20100927,0.42,0.44,0.42,0.44,0,0
20100928,0.42,0.43,0.42,0.42,0,0
20100929,0.44,0.44,0.42,0.42,0,0
20100930,0.44,0.44,0.43,0.44,0,0
20101001,0.44,0.47,0.44,0.47,0,0
20101004,0.46,0.47,0.46,0.47,0,0
20101006,0.45,0.47,0.45,0.47,0,0
20101007,0.45,0.45,0.45,0.45,0,0
20101008,0.45,0.47,0.45,0.45,0,0
20101013,0.45,0.45,0.45,0.45,0,0
20101018,0.43,0.43,0.43,0.43,0,0
20101019,0.44,0.44,0.43,0.43,0,0
20101020,0.43,0.44,0.43,0.44,0,0
20101021,0.44,0.44,0.44,0.44,0,0
20101022,0.43,0.46,0.43,0.46,0,0
20101025,0.45,0.46,0.45,0.45,0,0
20101027,0.43,0.45,0.43,0.45,0,0
20101029,0.45,0.45,0.44,0.44,0,0
20101102,0.43,0.43,0.43,0.43,0,0
20101103,0.44,0.44,0.44,0.44,0,0
20101104,0.43,0.43,0.42,0.43,0,0
20101105,0.42,0.43,0.42,0.43,0,0
20101109,0.43,0.43,0.43,0.43,0,0
20101110,0.43,0.44,0.43,0.43,0,0
20101112,0.42,0.43,0.42,0.43,0,0
20101115,0.42,0.42,0.42,0.42,0,0
20101116,0.43,0.43,0.41,0.43,0,0
20101117,0.41,0.41,0.41,0.41,0,0
20101118,0.42,0.43,0.41,0.41,0,0
20101122,0.4,0.4,0.4,0.4,0,0
20101123,0.41,0.41,0.39,0.39,0,0
20101124,0.37,0.37,0.36,0.36,0,0
20101125,0.37,0.38,0.37,0.38,0,0
20101130,0.36,0.36,0.36,0.36,0,0
20101201,0.37,0.37,0.37,0.37,0,0
20101206,0.36,0.38,0.36,0.38,0,0
20101207,0.36,0.38,0.36,0.38,0,0
20101208,0.38,0.38,0.38,0.38,0,0
20101210,0.38,0.38,0.37,0.37,0,0
20101213,0.36,0.37,0.36,0.37,0,0
20101214,0.35,0.37,0.35,0.37,0,0
20101215,0.36,0.36,0.36,0.36,0,0
20101216,0.35,0.35,0.35,0.35,0,0
20101217,0.34,0.36,0.34,0.36,0,0
20101220,0.35,0.36,0.35,0.36,0,0
20101221,0.35,0.36,0.34,0.35,0,0
20101222,0.37,0.37,0.35,0.36,0,0
20101223,0.37,0.37,0.36,0.37,0,0
20101227,0.35,0.35,0.35,0.35,0,0
20101228,0.36,0.36,0.35,0.36,0,0
20101229,0.36,0.36,0.36,0.36,0,0
20101231,0.35,0.36,0.35,0.36,0,0
20110103,0.37,0.37,0.35,0.37,0,0
20110104,0.35,0.36,0.35,0.36,0,0
20110105,0.36,0.36,0.36,0.36,0,0
20110107,0.35,0.35,0.35,0.35,0,0
20110110,0.36,0.36,0.35,0.35,0,0
20110111,0.36,0.36,0.36,0.36,0,0
20110113,0.36,0.36,0.36,0.36,0,0
20110114,0.36,0.36,0.35,0.36,0,0
20110117,0.36,0.36,0.36,0.36,0,0
20110119,0.36,0.36,0.34,0.36,0,0
20110120,0.34,0.36,0.34,0.36,0,0
20110121,0.35,0.37,0.35,0.37,0,0
20110124,0.36,0.36,0.35,0.36,0,0
20110125,0.36,0.37,0.36,0.37,0,0
20110126,0.37,0.37,0.35,0.36,0,0
20110128,0.36,0.36,0.36,0.36,0,0
20110131,0.34,0.35,0.34,0.34,0,0
20110201,0.34,0.34,0.34,0.34,0,0
20110202,0.34,0.34,0.34,0.34,0,0
20110203,0.35,0.36,0.34,0.34,0,0
20110204,0.35,0.38,0.35,0.35,0,0
20110207,0.34,0.35,0.34,0.35,0,0
20110208,0.36,0.36,0.34,0.35,0,0
20110209,0.34,0.35,0.34,0.35,0,0
20110211,0.35,0.35,0.35,0.35,0,0
20110214,0.34,0.35,0.34,0.34,0,0
20110216,0.34,0.34,0.34,0.34,0,0
20110217,0.35,0.35,0.34,0.35,0,0
20110218,0.35,0.35,0.35,0.35,0,0
20110221,0.35,0.35,0.35,0.35,0,0
20110222,0.34,0.35,0.34,0.34,0,0
20110223,0.35,0.35,0.35,0.35,0,0
20110225,0.35,0.35,0.35,0.35,0,0
20110228,0.34,0.34,0.34,0.34,0,0
20110301,0.34,0.34,0.34,0.34,0,0
20110302,0.33,0.33,0.33,0.33,0,0
20110303,0.33,0.34,0.33,0.34,0,0
20110304,0.34,0.35,0.34,0.35,0,0
20110307,0.36,0.36,0.35,0.35,0,0
20110308,0.35,0.35,0.35,0.35,0,0
20110309,0.34,0.35,0.34,0.35,0,0
20110310,0.35,0.35,0.35,0.35,0,0
20110311,0.34,0.36,0.34,0.36,0,0
20110314,0.36,0.36,0.36,0.36,0,0
20110315,0.34,0.35,0.34,0.35,0,0
20110316,0.34,0.35,0.33,0.35,0,0
20110317,0.35,0.35,0.35,0.35,0,0
20110318,0.35,0.35,0.35,0.35,0,0
20110321,0.33,0.35,0.33,0.35,0,0
20110322,0.35,0.41,0.33,0.41,0,0
20110323,0.41,0.41,0.38,0.4,0,0
20110324,0.41,0.42,0.4,0.41,0,0
20110325,0.41,0.41,0.4,0.41,0,0
20110328,0.41,0.42,0.41,0.42,0,0
20110329,0.41,0.42,0.41,0.41,0,0
20110330,0.41,0.42,0.41,0.42,0,0
20110331,0.42,0.42,0.41,0.42,0,0
20110401,0.41,0.43,0.41,0.42,0,0
20110404,0.43,0.43,0.42,0.43,0,0
20110406,0.4,0.42,0.4,0.41,0,0
20110407,0.42,0.42,0.41,0.41,0,0
20110408,0.41,0.41,0.41,0.41,0,0
20110413,0.4,0.41,0.4,0.41,0,0
20110414,0.41,0.41,0.4,0.41,0,0
20110415,0.4,0.41,0.4,0.4,0,0
20110418,0.41,0.44,0.41,0.43,0,0
20110419,0.43,0.43,0.42,0.42,0,0
20110420,0.42,0.43,0.42,0.42,0,0
20110421,0.42,0.42,0.42,0.42,0,0
20110426,0.41,0.42,0.41,0.41,0,0
20110427,0.42,0.42,0.41,0.42,0,0
20110428,0.42,0.43,0.42,0.42,0,0
20110429,0.41,0.41,0.41,0.41,0,0
20110502,0.41,0.42,0.41,0.42,0,0
20110504,0.42,0.42,0.42,0.42,0,0
20110505,0.41,0.42,0.41,0.42,0,0
20110506,0.41,0.41,0.41,0.41,0,0
20110510,0.41,0.41,0.41,0.41,0,0
20110511,0.4,0.41,0.4,0.4,0,0
20110512,0.4,0.4,0.38,0.4,0,0
20110516,0.38,0.4,0.38,0.38,0,0
20110519,0.4,0.4,0.39,0.39,0,0
20110520,0.37,0.4,0.37,0.37,0,0
20110523,0.37,0.38,0.37,0.38,0,0
20110530,0.35,0.37,0.35,0.37,0,0
20110531,0.38,0.38,0.36,0.37,0,0
20110601,0.38,0.38,0.38,0.38,0,0
20110606,0.34,0.36,0.34,0.36,0,0
20110607,0.36,0.37,0.36,0.37,0,0
20110608,0.37,0.37,0.36,0.36,0,0
20110609,0.36,0.36,0.36,0.36,0,0
20110610,0.36,0.36,0.35,0.35,0,0
20110614,0.36,0.36,0.35,0.36,0,0
20110616,0.35,0.35,0.35,0.35,0,0
20110617,0.36,0.36,0.35,0.36,0,0
20110624,0.35,0.35,0.35,0.35,0,0
20110627,0.35,0.36,0.35,0.36,0,0
20110629,0.35,0.35,0.34,0.34,0,0
20110630,0.34,0.34,0.34,0.34,0,0
20110701,0.34,0.36,0.34,0.36,0,0
20110704,0.35,0.36,0.34,0.36,0,0
20110705,0.35,0.35,0.34,0.34,0,0
20110706,0.35,0.35,0.3,0.31,0,0
20110707,0.31,0.31,0.28,0.28,0,0
20110708,0.28,0.3,0.28,0.28,0,0
20110711,0.29,0.29,0.28,0.28,0,0
20110712,0.28,0.28,0.28,0.28,0,0
20110714,0.27,0.27,0.27,0.27,0,0
20110715,0.28,0.28,0.27,0.28,0,0
20110720,0.28,0.28,0.27,0.27,0,0
20110721,0.27,0.27,0.27,0.27,0,0
20110722,0.27,0.27,0.27,0.27,0,0
20110725,0.26,0.26,0.26,0.26,0,0
20110726,0.25,0.25,0.25,0.25,0,0
20110727,0.24,0.24,0.22,0.22,0,0
20110728,0.22,0.23,0.21,0.22,0,0
20110729,0.22,0.22,0.22,0.22,0,0
20110801,0.23,0.23,0.22,0.22,0,0
20110802,0.22,0.22,0.22,0.22,0,0
20110803,0.21,0.22,0.21,0.22,0,0
20110804,0.22,0.22,0.21,0.22,0,0
20110805,0.22,0.22,0.22,0.22,0,0
20110809,0.2,0.22,0.18,0.22,0,0
20110810,0.22,0.22,0.22,0.22,0,0
20110811,0.21,0.22,0.21,0.22,0,0
20110812,0.22,0.24,0.22,0.23,0,0
20110816,0.23,0.25,0.23,0.24,0,0
20110817,0.24,0.24,0.24,0.24,0,0
20110818,0.24,0.24,0.23,0.23,0,0
20110819,0.22,0.23,0.22,0.23,0,0
20110825,0.23,0.23,0.21,0.21,0,0
20110829,0.21,0.21,0.21,0.21,0,0
20110830,0.22,0.22,0.2,0.22,0,0
20110831,0.21,0.22,0.21,0.22,0,0
20110901,0.21,0.22,0.21,0.22,0,0
20110902,0.22,0.23,0.21,0.21,0,0
20110905,0.21,0.21,0.21,0.21,0,0
20110906,0.21,0.21,0.21,0.21,0,0
20110907,0.2,0.21,0.2,0.21,0,0
20110908,0.21,0.21,0.21,0.21,0,0
20110909,0.21,0.21,0.2,0.2,0,0
20110912,0.2,0.2,0.2,0.2,0,0
20110913,0.2,0.2,0.2,0.2,0,0
20110914,0.2,0.2,0.2,0.2,0,0
20110915,0.21,0.21,0.21,0.21,0,0
20110922,0.2,0.21,0.2,0.21,0,0
20110928,0.2,0.21,0.2,0.21,0,0
20110929,0.21,0.21,0.21,0.21,0,0
20110930,0.22,0.22,0.2,0.2,0,0
20111004,0.2,0.21,0.2,0.21,0,0
20111005,0.21,0.22,0.2,0.22,0,0
20111007,0.2,0.21,0.2,0.21,0,0
20111010,0.2,0.2,0.2,0.2,0,0
20111012,0.2,0.2,0.2,0.2,0,0
20111014,0.2,0.2,0.2,0.2,0,0
20111017,0.2,0.21,0.2,0.2,0,0
20111019,0.19,0.19,0.19,0.19,0,0
20111020,0.19,0.2,0.19,0.2,0,0
20111021,0.2,0.2,0.19,0.19,0,0
20111025,0.2,0.2,0.2,0.2,0,0
20111027,0.2,0.2,0.2,0.2,0,0
20111028,0.2,0.2,0.2,0.2,0,0
20111103,0.2,0.21,0.19,0.2,0,0
20111104,0.2,0.22,0.2,0.21,0,0
20111107,0.21,0.21,0.21,0.21,0,0
20111108,0.21,0.22,0.21,0.22,0,0
20111109,0.21,0.21,0.21,0.21,0,0
20111110,0.2,0.24,0.2,0.24,0,0
20111114,0.22,0.23,0.21,0.22,0,0
20111115,0.21,0.21,0.21,0.21,0,0
20111117,0.24,0.25,0.24,0.24,0,0
20111118,0.23,0.26,0.22,0.24,0,0
20111121,0.22,0.22,0.21,0.21,0,0
20111122,0.21,0.21,0.21,0.21,0,0
20111123,0.21,0.21,0.21,0.21,0,0
20111124,0.22,0.22,0.22,0.22,0,0
20111125,0.23,0.23,0.23,0.23,0,0
20111128,0.23,0.23,0.23,0.23,0,0
20111129,0.23,0.23,0.23,0.23,0,0
20111202,0.22,0.23,0.22,0.23,0,0
20111206,0.23,0.23,0.22,0.22,0,0
20111207,0.22,0.22,0.21,0.21,0,0
20111208,0.22,0.23,0.22,0.23,0,0
20111209,0.23,0.23,0.23,0.23,0,0
20111212,0.24,0.24,0.24,0.24,0,0
20111213,0.23,0.24,0.22,0.24,0,0
20111215,0.23,0.24,0.23,0.23,0,0
20111216,0.23,0.23,0.23,0.23,0,0
20111219,0.22,0.22,0.22,0.22,0,0
20111220,0.22,0.23,0.22,0.23,0,0
20111221,0.21,0.23,0.21,0.23,0,0
20111222,0.23,0.23,0.23,0.23,0,0
20111223,0.22,0.23,0.22,0.23,0,0
20111227,0.22,0.23,0.22,0.22,0,0
20111229,0.22,0.22,0.22,0.22,0,0
20120102,0.22,0.23,0.22,0.23,0,0
20120103,0.24,0.24,0.24,0.24,0,0
20120104,0.24,0.24,0.24,0.24,0,0
20120111,0.24,0.24,0.24,0.24,0,0
20120112,0.23,0.24,0.23,0.23,0,0
20120113,0.22,0.22,0.22,0.22,0,0
20120116,0.23,0.23,0.23,0.23,0,0
20120117,0.23,0.25,0.23,0.25,0,0
20120118,0.23,0.23,0.22,0.22,0,0
20120119,0.22,0.22,0.22,0.22,0,0
20120120,0.24,0.24,0.24,0.24,0,0
20120126,0.23,0.24,0.23,0.24,0,0
20120127,0.24,0.24,0.24,0.24,0,0
20120130,0.22,0.24,0.22,0.24,0,0
20120131,0.23,0.26,0.23,0.24,0,0
20120201,0.23,0.24,0.23,0.24,0,0
20120202,0.24,0.24,0.23,0.24,0,0
20120203,0.24,0.24,0.24,0.24,0,0
20120206,0.24,0.24,0.24,0.24,0,0
20120207,0.23,0.24,0.23,0.24,0,0
20120208,0.24,0.27,0.23,0.26,0,0
20120209,0.26,0.32,0.26,0.32,0,0
20120210,0.32,0.32,0.23,0.25,0,0
20120213,0.25,0.26,0.24,0.24,0,0
20120214,0.25,0.25,0.24,0.24,0,0
20120215,0.25,0.25,0.24,0.25,0,0
20120216,0.25,0.25,0.24,0.24,0,0
20120217,0.24,0.24,0.23,0.23,0,0
20120220,0.23,0.24,0.23,0.24,0,0
20120221,0.23,0.24,0.23,0.23,0,0
20120222,0.24,0.24,0.23,0.24,0,0
20120223,0.24,0.26,0.24,0.26,0,0
20120224,0.26,0.26,0.25,0.26,0,0
20120227,0.25,0.25,0.25,0.25,0,0
20120228,0.25,0.25,0.25,0.25,0,0
20120229,0.25,0.28,0.25,0.27,0,0
20120301,0.27,0.31,0.27,0.29,0,0
20120302,0.28,0.29,0.28,0.29,0,0
20120305,0.28,0.29,0.27,0.27,0,0
20120306,0.26,0.27,0.26,0.27,0,0
20120307,0.26,0.27,0.26,0.27,0,0
20120308,0.27,0.27,0.27,0.27,0,0
20120309,0.26,0.27,0.26,0.26,0,0
20120312,0.27,0.27,0.25,0.25,0,0
20120313,0.24,0.27,0.24,0.26,0,0
20120314,0.26,0.26,0.26,0.26,0,0
20120315,0.25,0.27,0.25,0.27,0,0
20120316,0.27,0.27,0.27,0.27,0,0
20120320,0.27,0.27,0.27,0.27,0,0
20120321,0.26,0.26,0.25,0.26,0,0
20120322,0.26,0.26,0.24,0.25,0,0
20120323,0.25,0.25,0.25,0.25,0,0
20120326,0.25,0.25,0.25,0.25,0,0
20120327,0.25,0.26,0.25,0.26,0,0
20120328,0.26,0.26,0.26,0.26,0,0
20120329,0.26,0.26,0.26,0.26,0,0
20120330,0.27,0.27,0.26,0.27,0,0
20120402,0.27,0.27,0.27,0.27,0,0
20120405,0.25,0.26,0.25,0.26,0,0
20120410,0.26,0.26,0.26,0.26,0,0
20120411,0.26,0.26,0.26,0.26,0,0
20120412,0.26,0.26,0.26,0.26,0,0
20120413,0.26,0.26,0.24,0.24,0,0
20120416,0.25,0.25,0.24,0.24,0,0
20120417,0.25,0.25,0.25,0.25,0,0
20120418,0.24,0.24,0.23,0.23,0,0
20120419,0.23,0.24,0.23,0.24,0,0
20120420,0.23,0.24,0.23,0.24,0,0
20120423,0.22,0.23,0.22,0.23,0,0
20120426,0.22,0.22,0.22,0.22,0,0
20120427,0.22,0.22,0.22,0.22,0,0
20120430,0.22,0.22,0.22,0.22,0,0
20120504,0.22,0.22,0.22,0.22,0,0
20120507,0.21,0.22,0.21,0.22,0,0
20120508,0.22,0.22,0.22,0.22,0,0
20120514,0.22,0.22,0.21,0.22,0,0
20120515,0.21,0.22,0.21,0.22,0,0
20120516,0.22,0.23,0.21,0.21,0,0
20120517,0.21,0.21,0.2,0.21,0,0
20120518,0.19,0.21,0.19,0.2,0,0
20120521,0.2,0.21,0.2,0.21,0,0
20120522,0.21,0.21,0.21,0.21,0,0
20120604,0.2,0.21,0.2,0.2,0,0
20120605,0.19,0.2,0.19,0.19,0,0
20120606,0.2,0.2,0.2,0.2,0,0
20120608,0.19,0.19,0.19,0.19,0,0
20120614,0.18,0.19,0.18,0.19,0,0
20120618,0.19,0.19,0.19,0.19,0,0
20120619,0.19,0.19,0.19,0.19,0,0
20120628,0.19,0.19,0.19,0.19,0,0
20120702,0.18,0.19,0.18,0.18,0,0
20120703,0.18,0.18,0.18,0.18,0,0
20120704,0.18,0.18,0.18,0.18,0,0
20120705,0.18,0.19,0.18,0.19,0,0
20120706,0.2,0.2,0.2,0.2,0,0
20120709,0.19,0.19,0.19,0.19,0,0
20120712,0.18,0.19,0.18,0.19,0,0
20120718,0.18,0.19,0.17,0.19,0,0
20120730,0.17,0.19,0.17,0.19,0,0
20120801,0.18,0.19,0.18,0.19,0,0
20120802,0.18,0.19,0.18,0.19,0,0
20120803,0.2,0.2,0.2,0.2,0,0
20120806,0.21,0.21,0.2,0.2,0,0
20120808,0.19,0.2,0.19,0.2,0,0
20120809,0.2,0.2,0.2,0.2,0,0
20120810,0.19,0.2,0.19,0.2,0,0
20120813,0.19,0.19,0.19,0.19,0,0
20120828,0.19,0.19,0.19,0.19,0,0
20120829,0.18,0.18,0.18,0.18,0,0
20120830,0.18,0.18,0.18,0.18,0,0
20120903,0.19,0.19,0.19,0.19,0,0
20120904,0.19,0.19,0.18,0.18,0,0
20120907,0.18,0.18,0.18,0.18,0,0
20120910,0.18,0.18,0.18,0.18,0,0
20120914,0.19,0.22,0.19,0.21,0,0
20120919,0.21,0.23,0.21,0.23,0,0
20120920,0.23,0.25,0.23,0.24,0,0
20120921,0.24,0.26,0.24,0.26,0,0
20120924,0.26,0.26,0.26,0.26,0,0
20120926,0.25,0.26,0.25,0.26,0,0
20120927,0.25,0.25,0.25,0.25,0,0
20121001,0.25,0.25,0.25,0.25,0,0
20121004,0.24,0.25,0.24,0.24,0,0
20121005,0.25,0.3,0.25,0.3,0,0
20121008,0.3,0.3,0.28,0.28,0,0
20121009,0.27,0.28,0.26,0.26,0,0
20121010,0.26,0.26,0.25,0.25,0,0
20121016,0.24,0.25,0.24,0.24,0,0
20121017,0.24,0.24,0.24,0.24,0,0
20121018,0.24,0.24,0.24,0.24,0,0
20121019,0.23,0.23,0.23,0.23,0,0
20121024,0.24,0.25,0.24,0.25,0,0
20121025,0.26,0.26,0.26,0.26,0,0
20121029,0.24,0.27,0.24,0.27,0,0
20121105,0.28,0.28,0.26,0.26,0,0
20121106,0.25,0.26,0.25,0.25,0,0
20121108,0.25,0.25,0.25,0.25,0,0
20121116,0.24,0.24,0.23,0.23,0,0
20121120,0.22,0.23,0.22,0.22,0,0
20121121,0.21,0.21,0.21,0.21,0,0
20121122,0.21,0.21,0.21,0.21,0,0
20121129,0.21,0.21,0.21,0.21,0,0
20121205,0.21,0.21,0.21,0.21,0,0
20121213,0.21,0.21,0.21,0.21,0,0
20121214,0.21,0.21,0.21,0.21,0,0
20121218,0.21,0.21,0.21,0.21,0,0
20121219,0.21,0.21,0.21,0.21,0,0
20121228,0.21,0.21,0.21,0.21,0,0
20130102,0.21,0.21,0.21,0.21,0,0
20130103,0.21,0.21,0.21,0.21,0,0
20130104,0.2,0.21,0.2,0.2,0,0
20130109,0.2,0.2,0.2,0.2,0,0
20130207,0.21,0.21,0.2,0.21,0,0
20130208,0.21,0.21,0.21,0.21,0,0
20130304,0.2,0.2,0.2,0.2,0,0
20130318,0.19,0.19,0.19,0.19,0,0
20130320,0.19,0.19,0.19,0.19,0,0
20130322,0.2,0.2,0.2,0.2,0,0
20130325,0.21,0.21,0.19,0.19,0,0
20130328,0.21,0.27,0.2,0.27,0,0
20130403,0.27,0.27,0.27,0.27,0,0
20130404,0.25,0.25,0.25,0.25,0,0
20130405,0.24,0.24,0.24,0.24,0,0
20130411,0.24,0.24,0.24,0.24,0,0
20130417,0.24,0.24,0.24,0.24,0,0
20130424,0.24,0.24,0.24,0.24,0,0
20130425,0.23,0.23,0.23,0.23,0,0
20130426,0.22,0.22,0.22,0.22,0,0
20130510,0.22,0.22,0.22,0.22,0,0
20130514,0.24,0.24,0.24,0.24,0,0
20130521,0.25,0.25,0.25,0.25,0,0
20130531,0.24,0.24,0.24,0.24,0,0
20130612,0.25,0.25,0.25,0.25,0,0
20130613,0.25,0.25,0.25,0.25,0,0
20130620,0.23,0.23,0.23,0.23,0,0
20130715,0.23,0.23,0.23,0.23,0,0
20130717,0.22,0.22,0.22,0.22,0,0
20130729,0.23,0.23,0.23,0.23,0,0
20130731,0.24,0.24,0.24,0.24,0,0
20130802,0.24,0.24,0.24,0.24,0,0
20130806,0.24,0.24,0.24,0.24,0,0
20130812,0.24,0.24,0.24,0.24,0,0
20130813,0.25,0.25,0.25,0.25,0,0
20130814,0.26,0.27,0.26,0.27,0,0
20130816,0.26,0.27,0.26,0.26,0,0
20130819,0.27,0.27,0.27,0.27,0,0
20130820,0.26,0.26,0.26,0.26,0,0
20130821,0.26,0.26,0.26,0.26,0,0
20130823,0.27,0.27,0.27,0.27,0,0
20130826,0.26,0.26,0.26,0.26,0,0
20130827,0.25,0.25,0.25,0.25,0,0
20130903,0.25,0.25,0.25,0.25,0,0
20130905,0.25,0.25,0.25,0.25,0,0
20130906,0.25,0.25,0.25,0.25,0,0
20130909,0.24,0.24,0.23,0.24,0,0
20130910,0.23,0.23,0.23,0.23,0,0
20130911,0.23,0.23,0.22,0.22,0,0
20130912,0.22,0.22,0.22,0.22,0,0
20130918,0.23,0.23,0.23,0.23,0,0
20130919,0.22,0.22,0.22,0.22,0,0
20130924,0.22,0.22,0.22,0.22,0,0
20130930,0.21,0.21,0.21,0.21,0,0
20131001,0.22,0.22,0.22,0.22,0,0
20131002,0.21,0.21,0.21,0.21,0,0
20131003,0.21,0.21,0.21,0.21,0,0
20131007,0.22,0.22,0.22,0.22,0,0
20131008,0.22,0.22,0.22,0.22,0,0
20131009,0.23,0.23,0.22,0.22,0,0
20131010,0.23,0.24,0.23,0.24,0,0
20131011,0.24,0.25,0.22,0.22,0,0
20131014,0.23,0.23,0.23,0.23,0,0
20131021,0.23,0.24,0.22,0.22,0,0
20131022,0.23,0.23,0.23,0.23,0,0
20131023,0.23,0.23,0.23,0.23,0,0
20131024,0.22,0.23,0.22,0.23,0,0
20131028,0.23,0.23,0.23,0.23,0,0
20131029,0.22,0.22,0.22,0.22,0,0
20131030,0.23,0.23,0.23,0.23,0,0
20131031,0.22,0.22,0.22,0.22,0,0
20131104,0.23,0.23,0.21,0.21,0,0
20131105,0.2,0.21,0.2,0.21,0,0
20131107,0.2,0.21,0.2,0.21,0,0
20131108,0.22,0.23,0.21,0.23,0,0
20131112,0.23,0.23,0.22,0.22,0,0
20131113,0.22,0.22,0.22,0.22,0,0
20131114,0.2,0.2,0.2,0.2,0,0
20131115,0.22,0.22,0.2,0.2,0,0
20131118,0.22,0.22,0.21,0.21,0,0
20131119,0.21,0.21,0.21,0.21,0,0
20131120,0.21,0.21,0.21,0.21,0,0
20131121,0.21,0.22,0.21,0.22,0,0
20131125,0.2,0.22,0.2,0.2,0,0
20131126,0.21,0.21,0.21,0.21,0,0
20131129,0.2,0.2,0.2,0.2,0,0
20131202,0.21,0.22,0.21,0.22,0,0
20131203,0.2,0.21,0.2,0.21,0,0
20131204,0.2,0.2,0.2,0.2,0,0
20131205,0.21,0.21,0.21,0.21,0,0
20131206,0.21,0.21,0.21,0.21,0,0
20131210,0.2,0.2,0.2,0.2,0,0
20131211,0.21,0.21,0.21,0.21,0,0
20131212,0.19,0.19,0.19,0.19,0,0
20131213,0.19,0.2,0.19,0.2,0,0
20131217,0.2,0.23,0.2,0.23,0,0
20131218,0.21,0.21,0.21,0.21,0,0
20131219,0.2,0.21,0.2,0.2,0,0
20131220,0.2,0.2,0.2,0.2,0,0
20131227,0.2,0.2,0.2,0.2,0,0
20131230,0.2,0.2,0.2,0.2,0,0
20140108,0.21,0.21,0.21,0.21,0,0
20140109,0.22,0.22,0.2,0.2,0,0
20140113,0.21,0.21,0.21,0.21,0,0
20140117,0.21,0.22,0.21,0.22,0,0
20140120,0.22,0.23,0.22,0.23,0,0
20140121,0.22,0.24,0.22,0.24,0,0
20140122,0.24,0.26,0.24,0.24,0,0
20140123,0.25,0.25,0.24,0.24,0,0
20140124,0.23,0.24,0.23,0.23,0,0
20140127,0.23,0.23,0.23,0.23,0,0
20140128,0.22,0.22,0.22,0.22,0,0
20140129,0.22,0.23,0.21,0.21,0,0
20140130,0.21,0.21,0.21,0.21,0,0
20140131,0.22,0.23,0.22,0.23,0,0
20140203,0.23,0.23,0.22,0.22,0,0
20140204,0.23,0.23,0.23,0.23,0,0
20140206,0.23,0.23,0.23,0.23,0,0
20140210,0.22,0.22,0.21,0.22,0,0
20140211,0.22,0.22,0.21,0.22,0,0
20140212,0.22,0.22,0.22,0.22,0,0
20140213,0.21,0.24,0.21,0.24,0,0
20140214,0.23,0.24,0.23,0.23,0,0
20140217,0.24,0.25,0.23,0.24,0,0
20140218,0.25,0.27,0.25,0.27,0,0
20140219,0.28,0.3,0.26,0.3,0,0
20140220,0.3,0.37,0.3,0.37,0,0
20140221,0.37,0.39,0.34,0.35,0,0
20140224,0.35,0.35,0.29,0.29,0,0
20140225,0.29,0.3,0.29,0.3,0,0
20140226,0.3,0.32,0.3,0.3,0,0
20140227,0.3,0.3,0.3,0.3,0,0
20140228,0.3,0.3,0.29,0.3,0,0
20140303,0.28,0.29,0.26,0.26,0,0
20140304,0.27,0.27,0.26,0.27,0,0
20140306,0.26,0.27,0.26,0.27,0,0
20140307,0.26,0.27,0.26,0.27,0,0
20140310,0.26,0.27,0.26,0.26,0,0
20140311,0.25,0.26,0.25,0.25,0,0
20140312,0.25,0.26,0.25,0.26,0,0
20140313,0.26,0.27,0.26,0.26,0,0
20140314,0.25,0.25,0.24,0.25,0,0
20140317,0.27,0.27,0.27,0.27,0,0
20140318,0.26,0.27,0.26,0.27,0,0
20140320,0.27,0.27,0.26,0.26,0,0
20140321,0.27,0.29,0.27,0.28,0,0
20140324,0.28,0.28,0.27,0.28,0,0
20140325,0.27,0.27,0.27,0.27,0,0
20140326,0.27,0.27,0.27,0.27,0,0
20140328,0.27,0.27,0.27,0.27,0,0
20140331,0.28,0.29,0.28,0.29,0,0
20140401,0.27,0.29,0.27,0.29,0,0
20140402,0.29,0.29,0.27,0.29,0,0
20140403,0.27,0.28,0.27,0.28,0,0
20140404,0.27,0.27,0.27,0.27,0,0
20140408,0.26,0.26,0.24,0.25,0,0
20140409,0.25,0.26,0.25,0.26,0,0
20140411,0.25,0.25,0.24,0.24,0,0
20140414,0.24,0.24,0.24,0.24,0,0
20140416,0.24,0.24,0.24,0.24,0,0
20140417,0.23,0.23,0.23,0.23,0,0
20140422,0.24,0.24,0.24,0.24,0,0
20140423,0.23,0.23,0.23,0.23,0,0
20140424,0.23,0.23,0.23,0.23,0,0
20140428,0.23,0.23,0.23,0.23,0,0
20140429,0.24,0.24,0.24,0.24,0,0
20140430,0.24,0.24,0.24,0.24,0,0
20140502,0.23,0.24,0.23,0.23,0,0
20140505,0.22,0.22,0.22,0.22,0,0
20140507,0.22,0.22,0.21,0.22,0,0
20140508,0.21,0.23,0.21,0.23,0,0
20140512,0.21,0.21,0.21,0.21,0,0
20140513,0.21,0.21,0.21,0.21,0,0
20140514,0.22,0.23,0.22,0.23,0,0
20140521,0.23,0.23,0.23,0.23,0,0
20140526,0.21,0.23,0.21,0.22,0,0
20140527,0.22,0.22,0.2,0.2,0,0
20140529,0.21,0.21,0.21,0.21,0,0
20140603,0.21,0.23,0.21,0.23,0,0
20140604,0.22,0.23,0.21,0.21,0,0
20140605,0.21,0.22,0.21,0.22,0,0
20140606,0.22,0.22,0.22,0.22,0,0
20140610,0.22,0.22,0.22,0.22,0,0
20140611,0.22,0.22,0.22,0.22,0,0
20140612,0.22,0.22,0.22,0.22,0,0
20140613,0.22,0.22,0.21,0.21,0,0
20140616,0.21,0.21,0.21,0.21,0,0
20140617,0.21,0.21,0.21,0.21,0,0
20140620,0.21,0.21,0.21,0.21,0,0
20140624,0.21,0.21,0.21,0.21,0,0
20140626,0.22,0.22,0.22,0.22,0,0
20140627,0.21,0.21,0.21,0.21,0,0
20140630,0.2,0.2,0.2,0.2,0,0
20140702,0.2,0.2,0.2,0.2,0,0
20140703,0.2,0.2,0.2,0.2,0,0
20140704,0.21,0.21,0.21,0.21,0,0
20140708,0.21,0.21,0.2,0.2,0,0
20140710,0.2,0.21,0.2,0.21,0,0
20140714,0.21,0.21,0.21,0.21,0,0
20140715,0.19,0.21,0.19,0.21,0,0
20140717,0.2,0.2,0.2,0.2,0,0
20140722,0.21,0.21,0.21,0.21,0,0
20140723,0.21,0.21,0.21,0.21,0,0
20140729,0.21,0.21,0.21,0.21,0,0
20140730,0.2,0.2,0.19,0.19,0,0
20140804,0.19,0.19,0.19,0.19,0,0
20140806,0.2,0.2,0.2,0.2,0,0
20140807,0.19,0.19,0.19,0.19,0,0
20140812,0.19,0.19,0.19,0.19,0,0
20140813,0.18,0.18,0.18,0.18,0,0
20140814,0.19,0.19,0.19,0.19,0,0
20140819,0.19,0.19,0.19,0.19,0,0
20140822,0.19,0.19,0.19,0.19,0,0
20140827,0.19,0.2,0.19,0.2,0,0
20140828,0.21,0.22,0.21,0.21,0,0
20140829,0.21,0.21,0.21,0.21,0,0
20140901,0.22,0.22,0.2,0.21,0,0
20140902,0.22,0.22,0.22,0.22,0,0
20140903,0.2,0.2,0.19,0.19,0,0
20140904,0.2,0.2,0.2,0.2,0,0
20140905,0.19,0.19,0.18,0.18,0,0
20140908,0.18,0.18,0.18,0.18,0,0
20140910,0.18,0.18,0.18,0.18,0,0
20140912,0.17,0.17,0.17,0.17,0,0
20140915,0.17,0.17,0.17,0.17,0,0
20140925,0.2,0.2,0.2,0.2,0,0
20140926,0.21,0.21,0.21,0.21,0,0
20140930,0.19,0.19,0.19,0.19,0,0
20141003,0.19,0.21,0.19,0.21,0,0
20141014,0.21,0.21,0.21,0.21,0,0
20141016,0.19,0.19,0.18,0.18,0,0
20141023,0.18,0.18,0.18,0.18,0,0
20141027,0.19,0.19,0.19,0.19,0,0
20141030,0.19,0.19,0.19,0.19,0,0
20141104,0.19,0.19,0.19,0.19,0,0
20141105,0.19,0.19,0.19,0.19,0,0
20141106,0.17,0.17,0.17,0.17,0,0
20141113,0.19,0.21,0.19,0.21,0,0
20141114,0.21,0.21,0.19,0.2,0,0
20141117,0.2,0.2,0.2,0.2,0,0
20141124,0.18,0.19,0.18,0.19,0,0
20141125,0.2,0.2,0.2,0.2,0,0
20141126,0.2,0.2,0.2,0.2,0,0
20141201,0.2,0.2,0.2,0.2,0,0
20141202,0.19,0.19,0.18,0.18,0,0
20141203,0.18,0.18,0.18,0.18,0,0
20141205,0.18,0.18,0.18,0.18,0,0
20141209,0.18,0.18,0.18,0.18,0,0
20141211,0.19,0.19,0.19,0.19,0,0
20141212,0.19,0.19,0.19,0.19,0,0
20141215,0.19,0.19,0.19,0.19,0,0
20141216,0.18,0.18,0.18,0.18,0,0
20141218,0.17,0.17,0.17,0.17,0,0
20141219,0.18,0.18,0.17,0.17,0,0
20141222,0.17,0.17,0.17,0.17,0,0
20141223,0.17,0.17,0.17,0.17,0,0
20141229,0.17,0.17,0.17,0.17,0,0
20141230,0.17,0.17,0.17,0.17,0,0
