Date,Open,High,Low,Close,Volume,OpenInt
20070813,4.65,4.65,4.65,4.65,0,0
20070814,4.54,4.54,4.54,4.54,0,0
20070816,3.64,3.64,3.64,3.64,0,0
20070817,3.73,3.73,3.73,3.73,0,0
20070820,4.03,4.03,4.03,4.03,0,0
20070821,3.84,3.84,3.84,3.84,0,0
20070822,4.08,4.08,4.08,4.08,0,0
20070823,4.19,4.19,4.19,4.19,0,0
20070824,4.3,4.3,4.3,4.3,0,0
20070827,4.54,4.54,4.54,4.54,0,0
20070828,4.47,4.47,4.47,4.47,0,0
20070829,4.41,4.41,4.41,4.41,0,0
20070830,4.38,4.38,4.38,4.38,0,0
20070831,4.51,4.51,4.51,4.51,0,0
20070903,4.65,4.65,4.65,4.65,0,0
20070904,4.69,4.69,4.69,4.69,0,0
20070905,4.54,4.54,4.54,4.54,0,0
20070906,4.45,4.45,4.45,4.45,0,0
20070907,4.36,4.36,4.36,4.36,0,0
20070910,4.05,4.05,4.05,4.05,0,0
20070911,4.05,4.05,4.05,4.05,0,0
20070912,4.1,4.1,4.1,4.1,0,0
20070913,4.01,4.01,4.01,4.01,0,0
20070914,3.99,3.99,3.99,3.99,0,0
20070917,3.99,3.99,3.99,3.99,0,0
20070918,4.03,4.03,4.03,4.03,0,0
20070919,5.15,5.15,5.15,5.15,0,0
20070920,5.76,5.76,5.76,5.76,0,0
20070921,5.7,5.7,5.7,5.7,0,0
20070924,5.44,5.44,5.44,5.44,0,0
20070925,5.13,5.13,5.13,5.13,0,0
20070926,5.44,5.44,5.44,5.44,0,0
20070927,5.44,5.44,5.44,5.44,0,0
20070928,5.35,5.35,5.35,5.35,0,0
20071001,5.15,5.15,5.15,5.15,0,0
20071002,5.15,5.15,5.15,5.15,0,0
20071003,5.06,5.06,5.06,5.06,0,0
20071004,5.46,5.46,5.46,5.46,0,0
20071005,5.44,5.44,5.44,5.44,0,0
20071008,5.48,5.48,5.48,5.48,0,0
20071009,5.59,5.59,5.59,5.59,0,0
20071010,5.54,5.54,5.54,5.54,0,0
20071011,5.46,5.46,5.46,5.46,0,0
20071012,5.33,5.33,5.33,5.33,0,0
20071015,5.33,5.33,5.33,5.33,0,0
20071016,5.19,5.19,5.19,5.19,0,0
20071017,5.24,5.24,5.24,5.24,0,0
20071018,5.17,5.17,5.17,5.17,0,0
20071019,5.26,5.26,5.26,5.26,0,0
20071022,5.17,5.17,5.17,5.17,0,0
20071023,5.24,5.24,5.24,5.24,0,0
20071024,5.15,5.15,5.15,5.15,0,0
20071025,5.28,5.28,5.28,5.28,0,0
20071026,5.3,5.3,5.3,5.3,0,0
20071029,5.17,5.17,5.17,5.17,0,0
20071030,4.95,4.95,4.95,4.95,0,0
20071031,4.97,4.97,4.97,4.97,0,0
20071102,4.87,4.87,4.87,4.87,0,0
20071105,26.48,26.48,26.48,26.48,0,0
20071106,24.8,24.8,24.8,24.8,0,0
20071107,21.45,21.45,21.45,21.45,0,0
20071108,23,23,23,23,0,0
20071109,23.61,24.44,21.7,22.89,0,0
20071112,22.17,24.44,22.17,23.85,0,0
20071113,23.85,24.68,23.73,23.85,0,0
20071114,22.06,23.01,22.06,22.65,0,0
20071115,22.54,22.65,21.11,21.11,0,0
20071116,20.03,21.11,19.32,19.91,0,0
20071119,20.87,20.87,19.08,19.32,0,0
20071120,19.08,19.08,17.29,18.13,0,0
20071121,17.88,17.88,15.86,15.86,0,0
20071122,15.5,17.29,13.12,17.29,0,0
20071123,17.64,18,17.17,17.88,0,0
20071126,19.08,19.08,16.69,17.4,0,0
20071127,16.93,17.64,16.58,17.4,0,0
20071128,17.4,18.24,16.81,18.24,0,0
20071129,19.08,19.19,17.77,18,0,0
20071130,18,18.84,17.88,18.84,0,0
20071203,18.72,18.72,17.88,18.24,0,0
20071204,17.88,17.88,17.4,17.64,0,0
20071205,17.53,18.48,17.53,18.37,0,0
20071206,18.24,18.84,18.13,18.48,0,0
20071207,18.48,18.72,18.37,18.37,0,0
20071210,18.72,21.11,18.48,21.11,0,0
20071211,21.46,21.46,19.67,19.67,0,0
20071212,19.08,20.75,18.48,19.67,0,0
20071213,19.19,19.19,18.13,18.13,0,0
20071214,18.13,18.6,17.64,18.6,0,0
20071217,18,18.13,17.4,17.4,0,0
20071218,17.17,17.53,16.69,17.17,0,0
20071219,17.4,17.4,16.69,16.69,0,0
20071220,16.45,17.17,16.34,16.58,0,0
20071221,16.58,16.93,16.58,16.69,0,0
20071227,17.29,17.53,17.05,17.29,0,0
20071228,17.4,19.56,17.4,18.72,0,0
20080102,18.72,19.56,18.72,19.32,0,0
20080103,19.08,19.08,18.24,18.72,0,0
20080104,18.72,19.19,18.48,18.48,0,0
20080107,18.48,18.48,17.53,18.37,0,0
20080108,18,18.13,17.64,17.88,0,0
20080109,17.64,17.64,16.69,17.29,0,0
20080110,17.53,17.53,16.21,16.21,0,0
20080111,15.02,16.1,15.02,15.26,0,0
20080114,14.42,14.42,14.42,14.42,0,0
20080115,14.19,15.02,14.19,14.66,0,0
20080116,14.42,16.69,14.31,15.26,0,0
20080117,16.21,21.22,16.21,21.22,0,0
20080118,20.87,26.71,20.87,25.75,0,0
20080121,25.52,29.81,23.85,24.68,0,0
20080122,23.49,27.66,23.49,27.42,0,0
20080123,32.43,36.96,32.31,36.96,0,0
20080124,40.65,41.97,36.96,36.96,0,0
20080125,38.15,38.27,33.98,36.96,0,0
20080128,37.8,45.07,37.67,45.07,0,0
20080129,45.31,49,45.07,47.93,0,0
20080130,47.69,48.05,45.31,46.5,0,0
20080131,46.5,46.5,42.81,42.92,0,0
20080201,43.52,47.69,42.33,47.58,0,0
20080204,48.64,49,47.1,47.69,0,0
20080205,48.05,48.4,45.07,45.07,0,0
20080206,43.28,47.34,43.16,47.34,0,0
20080207,50.08,51.27,47.93,47.93,0,0
20080208,49.72,49.72,45.07,45.42,0,0
20080211,46.38,46.38,41.73,41.73,0,0
20080212,41.73,43.16,38.99,41.02,0,0
20080213,40.3,40.3,36.61,36.61,0,0
20080214,36.85,42.33,36.85,42.33,0,0
20080215,41.73,47.33,41.02,47.33,0,0
20080218,48,48,46,46.67,0,0
20080219,46.67,48.54,46.67,46.94,0,0
20080220,46.94,47.2,46,46.94,0,0
20080221,47.6,48.27,46.13,47.6,0,0
20080222,47.06,48,46.13,46.13,0,0
20080225,46.67,48.54,45.73,47.06,0,0
20080226,48.27,48.27,46.67,46.67,0,0
20080227,47.2,47.2,46,46.4,0,0
20080228,46.13,46.67,43.33,43.6,0,0
20080229,48,49.6,45.06,45.2,0,0
20080303,43.73,46.27,43.73,44.67,0,0
20080304,45.33,45.33,41.87,42.27,0,0
20080305,43.6,43.6,40.67,42.4,0,0
20080306,42.4,42.4,38.94,39.2,0,0
20080307,37.46,38,34.94,36.67,0,0
20080310,36.54,37.87,35.87,36.4,0,0
20080311,36.67,44.67,36.67,44.67,0,0
20080312,46.67,48.13,44.67,46.94,0,0
20080313,46.27,46.94,39.6,40.4,0,0
20080314,42,43.2,41.6,42.13,0,0
20080317,38.67,42.54,38.67,41.06,0,0
20080318,41.33,42.27,41.06,41.87,0,0
20080319,43.33,43.33,40.4,41.06,0,0
20080320,41.06,44.8,41.06,42.94,0,0
20080325,43.87,43.87,42.94,43.6,0,0
20080326,43.33,43.33,41.87,41.87,0,0
20080327,41.87,43.06,41.6,42.4,0,0
20080328,42.4,44.67,41.6,44.54,0,0
20080331,43.46,43.46,43.46,43.46,0,0
20080401,44,44.27,43.2,43.73,0,0
20080402,44.54,44.54,43.2,43.2,0,0
20080403,42.54,43.46,42.54,43.06,0,0
20080404,43.2,43.33,42.67,42.8,0,0
20080407,43.33,44.4,43.33,44.4,0,0
20080408,44.27,44.27,43.33,43.6,0,0
20080409,43.33,43.46,42.94,43.46,0,0
20080410,43.33,43.87,41.87,42.67,0,0
20080411,42.8,42.8,41.2,41.33,0,0
20080414,41.46,41.46,38.4,39.33,0,0
20080415,39.6,39.6,37.46,38.27,0,0
20080416,39.2,43.06,38.27,42,0,0
20080417,41.33,41.87,39.73,39.73,0,0
20080418,40,40.67,39.2,39.87,0,0
20080421,39.33,39.6,37.87,38.8,0,0
20080422,38.67,38.67,36.27,36.8,0,0
20080423,37.33,38.54,36,36.8,0,0
20080424,36.8,37.6,36,36.54,0,0
20080425,37.33,37.33,36.4,37.2,0,0
20080428,36.67,37.46,36.54,37.2,0,0
20080429,37.2,37.2,36.27,36.67,0,0
20080430,36.67,37.2,35.33,36.54,0,0
20080505,36.27,37.06,36.13,37.06,0,0
20080506,36.94,47.15,35.87,47.15,0,0
20080507,46.99,47.15,45.76,46.99,0,0
20080508,45.93,46.28,43.66,43.83,0,0
20080509,43.83,43.83,41.04,41.92,0,0
20080512,42.62,50.82,42.62,48.9,0,0
20080513,51.17,51.17,47.15,47.15,0,0
20080514,47.15,47.15,44.89,46.11,0,0
20080515,45.41,45.76,43.83,44.7,0,0
20080516,45.24,45.24,43.66,44.7,0,0
20080519,45.24,45.24,42.79,44.37,0,0
20080520,44.37,44.37,41.92,42.79,0,0
20080521,42.62,47.15,41.39,45.93,0,0
20080523,44.54,45.93,44.01,45.06,0,0
20080526,44.54,45.41,44.18,44.37,0,0
20080527,44.01,47.68,43.49,45.93,0,0
20080528,45.41,45.76,44.54,44.7,0,0
20080529,45.41,45.41,44.01,44.7,0,0
20080530,44.54,44.7,42.44,43.31,0,0
20080602,42.79,43.14,40.69,41.39,0,0
20080603,39.46,42.27,39.46,40.69,0,0
20080604,40.69,40.87,37.38,37.72,0,0
20080605,37.72,38.42,36.85,37.38,0,0
20080606,37.2,37.38,34.93,34.93,0,0
20080609,34.58,37.03,33.89,35.45,0,0
20080610,34.93,35.45,31.79,31.79,0,0
20080611,30.56,32.83,30.04,31.08,0,0
20080612,31.27,32.48,30.92,31.96,0,0
20080613,31.44,31.44,30.56,31.27,0,0
20080616,31.61,31.96,30.56,30.92,0,0
20080617,31.44,31.61,29.52,30.56,0,0
20080618,30.39,30.56,28.82,29.69,0,0
20080619,29.17,30.92,28.46,30.04,0,0
20080620,30.04,30.73,30.04,30.21,0,0
20080623,30.56,30.56,29.34,30.04,0,0
20080624,29.17,30.04,28.46,28.99,0,0
20080625,29.34,29.69,28.3,29.34,0,0
20080626,29.34,29.34,28.3,29.17,0,0
20080627,28.82,28.99,27.07,28.65,0,0
20080630,28.65,33.54,28.65,31.27,0,0
20080701,32.31,32.31,28.3,29.34,0,0
20080702,30.04,30.56,29.34,30.04,0,0
20080703,29.86,29.86,28.46,29.52,0,0
20080704,29.86,30.56,28.82,29.34,0,0
20080707,28.46,29.52,27.94,29.17,0,0
20080708,28.46,28.46,27.07,28.46,0,0
20080709,28.65,29.34,28.3,29.17,0,0
20080710,28.99,28.99,27.94,27.94,0,0
20080711,27.94,28.46,26.2,26.37,0,0
20080714,26.37,27.42,24.8,24.8,0,0
20080715,24.62,24.62,22,22,0,0
20080716,22.18,23.58,22,22.87,0,0
20080717,23.23,24.45,23.23,24.45,0,0
20080718,24.8,27.07,24.8,25.85,0,0
20080721,26.03,27.24,26.03,26.2,0,0
20080722,26.37,27.07,25.85,26.37,0,0
20080723,27.07,27.94,26.37,27.59,0,0
20080724,27.94,27.94,26.55,27.24,0,0
20080725,25.85,26.9,25.85,26.9,0,0
20080728,26.55,26.9,26.2,26.55,0,0
20080729,26.03,26.55,25.68,26.2,0,0
20080730,26.72,29.17,26.37,28.11,0,0
20080731,28.65,31.79,28.65,29.86,0,0
20080801,31.44,31.44,29.52,29.86,0,0
20080804,29.52,30.21,28.46,28.46,0,0
20080805,27.59,30.04,27.42,29.52,0,0
20080806,29.86,36.36,29.69,36.36,0,0
20080807,36.78,37.2,33.63,35.1,0,0
20080808,35.1,35.73,34.47,34.68,0,0
20080811,35.73,35.73,34.25,35.31,0,0
20080812,35.31,35.31,33.83,34.47,0,0
20080813,34.05,34.05,32.37,33.2,0,0
20080814,32.78,34.68,32.15,33.42,0,0
20080818,33.63,33.63,32.15,33,0,0
20080819,32.37,32.37,30.68,31.95,0,0
20080820,30.68,31.73,30.68,31.73,0,0
20080821,30.9,31.73,30.68,31.32,0,0
20080822,31.1,33.42,30.9,33.42,0,0
20080825,33.42,33.83,32.37,32.37,0,0
20080826,32.37,33,32.37,32.78,0,0
20080827,33,33,32.15,32.78,0,0
20080828,32.15,33,31.95,33,0,0
20080829,33.2,34.47,33,33.42,0,0
20080901,34.68,35.31,32.78,34.68,0,0
20080902,34.68,34.68,33.42,34.47,0,0
20080903,34.68,34.68,33.42,34.25,0,0
20080904,34.25,34.25,33.42,33.42,0,0
20080905,32.15,32.58,31.95,32.37,0,0
20080908,32.37,32.78,31.95,32.58,0,0
20080909,32.78,32.78,30.9,32.15,0,0
20080910,31.95,31.95,31.1,31.53,0,0
20080911,31.1,31.53,30.9,31.53,0,0
20080912,31.53,32.37,31.53,32.15,0,0
20080915,31.95,31.95,29.63,29.63,0,0
20080916,29.63,29.63,27.95,28.37,0,0
20080917,29.22,29.22,24.59,25.85,0,0
20080918,24.59,25.22,24.17,25.22,0,0
20080919,25.85,26.47,25.22,26.27,0,0
20080922,26.47,26.69,25.64,26.69,0,0
20080923,25.85,26.07,25.22,26.07,0,0
20080924,25.85,26.07,25.22,25.42,0,0
20080925,25.85,26.69,25.64,26.69,0,0
20080926,27.12,28.8,26.9,26.9,0,0
20080929,27.32,27.32,25.22,25.22,0,0
20080930,24.37,25.85,24.37,25.22,0,0
20081001,26.07,26.07,25.22,25.42,0,0
20081002,24.8,25.64,24.8,24.8,0,0
20081003,24.8,25.22,24.37,25.22,0,0
20081006,24.8,93.86,22.27,93.86,0,0
20081007,96.57,96.57,88.57,93,0,0
20081008,86.79,93,81.5,89.43,0,0
20081009,90.36,91.21,86.79,90.36,0,0
20081010,83.29,84.14,75.29,82.36,0,0
20081013,84.14,88.57,82.36,85,0,0
20081014,92.14,95.64,90.36,95.64,0,0
20081015,96.57,96.57,87.71,87.71,0,0
20081016,84.14,87.71,83.29,85,0,0
20081017,92.14,92.14,83.29,86.79,0,0
20081020,88.57,92.14,86.79,88.57,0,0
20081021,89.43,91.21,87.71,90.36,0,0
20081022,89.43,89.43,86.79,86.79,0,0
20081023,86.79,86.79,83.29,85.93,0,0
20081024,86.79,86.79,81.5,81.5,0,0
20081027,82.36,84.14,77.93,84.14,0,0
20081028,85.93,86.79,84.14,86.79,0,0
20081029,90.36,92.14,87.71,91.21,0,0
20081030,91.21,91.21,87.71,88.57,0,0
20081031,89.43,89.43,87.71,88.57,0,0
20081103,87.71,94.79,87.71,92.14,0,0
20081104,93.86,103.64,93,103.64,0,0
20081105,103.64,104.5,100.07,101,0,0
20081106,98.29,101,93.86,101,0,0
20100511,2.01,2.01,2.01,2.01,0,0
20100512,2.01,2.03,1.98,2.02,0,0
20100513,2.01,2.01,1.98,2.01,0,0
20100514,1.97,1.98,1.94,1.94,0,0
20100517,1.91,1.94,1.9,1.94,0,0
20100518,1.95,1.98,1.94,1.94,0,0
20100519,1.94,1.94,1.86,1.91,0,0
20100520,1.91,1.91,1.83,1.84,0,0
20100521,1.8,1.85,1.79,1.85,0,0
20100524,1.81,1.85,1.81,1.85,0,0
20100525,1.84,1.84,1.79,1.83,0,0
20100526,1.85,1.89,1.83,1.88,0,0
20100527,1.88,1.89,1.84,1.88,0,0
20100528,1.9,1.9,1.85,1.9,0,0
20100531,1.9,1.9,1.84,1.85,0,0
20100601,1.85,1.85,1.82,1.85,0,0
20100602,1.82,1.85,1.82,1.85,0,0
20100604,1.85,1.85,1.81,1.82,0,0
20100607,1.8,1.8,1.77,1.79,0,0
20100608,1.79,1.82,1.79,1.81,0,0
20100609,1.8,1.83,1.79,1.81,0,0
20100610,1.79,1.81,1.77,1.81,0,0
20100611,1.81,1.81,1.78,1.78,0,0
20100614,1.78,1.78,1.76,1.76,0,0
20100615,1.76,1.76,1.7,1.74,0,0
20100616,1.74,1.74,1.71,1.74,0,0
20100617,1.74,1.74,1.7,1.74,0,0
20100618,1.74,1.74,1.67,1.68,0,0
20100621,1.71,1.71,1.62,1.65,0,0
20100622,1.65,1.66,1.59,1.61,0,0
20100623,1.58,1.59,1.53,1.56,0,0
20100624,1.57,1.59,1.5,1.54,0,0
20100625,1.56,1.84,1.56,1.78,0,0
20100628,1.75,1.75,1.63,1.64,0,0
20100629,1.63,1.65,1.58,1.6,0,0
20100630,1.59,1.63,1.58,1.59,0,0
20100701,1.6,1.7,1.6,1.63,0,0
20100702,1.64,1.66,1.62,1.62,0,0
20100705,1.66,1.66,1.6,1.6,0,0
20100706,1.61,1.67,1.61,1.63,0,0
20100707,1.64,1.67,1.62,1.65,0,0
20100708,1.66,1.7,1.65,1.68,0,0
20100709,1.68,1.71,1.64,1.66,0,0
20100712,1.65,1.67,1.63,1.63,0,0
20100713,1.63,1.67,1.63,1.63,0,0
20100714,1.67,1.67,1.64,1.65,0,0
20100715,1.67,1.76,1.65,1.7,0,0
20100716,1.68,1.76,1.68,1.71,0,0
20100719,1.73,1.75,1.73,1.75,0,0
20100720,1.77,1.77,1.73,1.74,0,0
20100721,1.75,1.76,1.72,1.75,0,0
20100722,1.75,1.75,1.72,1.74,0,0
20100723,1.74,1.76,1.74,1.74,0,0
20100726,1.75,1.75,1.71,1.72,0,0
20100727,1.72,1.74,1.71,1.74,0,0
20100728,1.75,1.75,1.72,1.74,0,0
20100729,1.74,1.75,1.7,1.75,0,0
20100730,1.74,1.74,1.71,1.73,0,0
20100802,1.74,1.8,1.73,1.73,0,0
20100803,1.75,1.78,1.74,1.75,0,0
20100804,1.77,1.77,1.73,1.76,0,0
20100805,1.76,1.77,1.73,1.73,0,0
20100806,1.76,1.76,1.72,1.75,0,0
20100809,1.74,1.76,1.74,1.74,0,0
20100810,1.74,1.75,1.71,1.74,0,0
20100811,1.74,1.74,1.68,1.7,0,0
20100812,1.7,1.72,1.66,1.67,0,0
20100813,1.68,1.71,1.66,1.71,0,0
20100816,1.67,1.7,1.65,1.7,0,0
20100817,1.7,1.8,1.67,1.76,0,0
20100818,1.78,1.78,1.74,1.77,0,0
20100819,1.76,1.76,1.73,1.73,0,0
20100820,1.75,1.76,1.72,1.72,0,0
20100823,1.76,1.78,1.7,1.74,0,0
20100824,1.74,2.9,1.68,2.9,0,0
20100825,2.86,2.92,2.86,2.92,0,0
20100826,2.85,2.92,2.85,2.92,0,0
20100827,2.92,2.92,2.85,2.9,0,0
20100830,2.92,2.94,2.88,2.92,0,0
20100831,2.9,2.9,2.83,2.85,0,0
20100901,2.85,2.9,2.83,2.88,0,0
20100902,2.85,2.92,2.85,2.88,0,0
20100903,2.9,2.97,2.88,2.94,0,0
20100906,2.99,3.48,2.9,3.42,0,0
20100907,3.4,3.4,3.1,3.1,0,0
20100908,3.12,3.17,3.06,3.06,0,0
20100909,3.1,3.13,3.04,3.06,0,0
20100910,3.13,3.21,3.08,3.15,0,0
20100913,3.15,3.17,3.08,3.1,0,0
20100914,3.08,3.13,3.06,3.12,0,0
20100915,3.15,3.15,3.06,3.1,0,0
20100916,3.15,3.17,3.1,3.17,0,0
20100917,3.28,3.28,3.15,3.15,0,0
20100920,3.17,3.21,3.13,3.17,0,0
20100921,3.15,3.15,3.1,3.13,0,0
20100922,3.12,3.13,3.08,3.12,0,0
20100923,3.12,3.13,3.06,3.13,0,0
20100924,3.15,3.15,3.08,3.13,0,0
20100927,3.1,3.13,3.08,3.08,0,0
20100928,3.12,3.12,3.04,3.04,0,0
20100929,3.06,3.1,2.99,3.04,0,0
20100930,3.03,3.04,2.97,3.03,0,0
20101001,3.03,3.03,2.99,3.03,0,0
20101004,2.97,3.03,2.97,3.01,0,0
20101005,2.99,3.01,2.97,2.99,0,0
20101006,3.01,3.01,2.9,2.97,0,0
20101007,2.92,3.01,2.92,2.97,0,0
20101008,2.92,2.97,2.92,2.95,0,0
20101011,2.94,2.94,2.9,2.94,0,0
20101012,2.9,2.94,2.88,2.88,0,0
20101013,2.88,2.92,2.88,2.92,0,0
20101014,2.88,2.88,2.83,2.83,0,0
20101015,2.88,2.92,2.81,2.9,0,0
20101018,2.85,2.88,2.83,2.85,0,0
20101019,2.83,2.86,2.74,2.74,0,0
20101020,2.79,2.9,2.74,2.86,0,0
20101021,2.88,2.88,2.77,2.85,0,0
20101022,2.77,2.85,2.72,2.81,0,0
20101025,2.81,2.81,2.77,2.77,0,0
20101026,2.77,2.79,2.74,2.74,0,0
20101027,2.76,2.76,2.7,2.7,0,0
20101028,2.74,2.79,2.74,2.77,0,0
20101029,2.76,2.76,2.72,2.76,0,0
20101102,2.76,2.76,2.7,2.74,0,0
20101103,2.74,2.76,2.7,2.74,0,0
20101104,2.74,2.74,2.7,2.74,0,0
20101105,2.74,2.74,2.7,2.74,0,0
20101108,2.74,2.74,2.7,2.72,0,0
20101109,2.76,2.77,2.7,2.76,0,0
20101110,2.72,2.85,2.72,2.79,0,0
20101112,2.77,2.79,2.74,2.79,0,0
20101115,2.79,2.79,2.74,2.74,0,0
20101116,2.77,2.92,2.23,2.23,0,0
20101117,2.23,2.24,2.19,2.2,0,0
20101118,2.2,2.24,2.19,2.2,0,0
20101119,2.19,2.23,2.19,2.2,0,0
20101122,2.16,2.17,2.16,2.16,0,0
20101123,2.16,2.17,2.13,2.13,0,0
20101124,2.11,2.11,2.06,2.11,0,0
20101125,2.1,2.11,2.07,2.1,0,0
20101126,2.11,2.16,2.09,2.13,0,0
20101129,2.14,2.14,2.07,2.13,0,0
20101130,2.06,2.11,2.06,2.11,0,0
20101201,2.11,2.14,2.07,2.11,0,0
20101202,2.13,2.13,2.1,2.11,0,0
20101203,2.13,2.2,2.1,2.17,0,0
20101206,2.17,2.2,2.11,2.11,0,0
20101207,2.14,2.14,2.1,2.13,0,0
20101208,2.1,2.14,2.09,2.13,0,0
20101209,2.14,2.16,2.13,2.14,0,0
20101210,2.11,2.14,2.11,2.11,0,0
20101213,2.1,2.11,2.1,2.11,0,0
20101214,2.14,2.16,2.11,2.16,0,0
20101215,2.14,6.47,2.11,6.47,0,0
20101216,6.47,6.47,6.34,6.39,0,0
20101217,6.34,6.43,6.3,6.43,0,0
20101220,6.43,6.43,6.34,6.43,0,0
20101221,6.43,6.47,6.3,6.43,0,0
20101222,6.34,6.43,6.34,6.34,0,0
20101223,6.34,6.43,6.17,6.17,0,0
20101227,6.17,6.26,6.09,6.13,0,0
20101228,6.17,6.47,6.08,6.17,0,0
20101229,6.26,6.65,6.17,6.47,0,0
20101230,6.43,6.43,6.26,6.39,0,0
20101231,6.39,6.43,6.26,6.3,0,0
20110103,6.43,6.6,6.3,6.47,0,0
20110104,6.39,6.52,6.34,6.39,0,0
20110105,6.82,6.9,6.39,6.9,0,0
20110107,6.9,6.95,6.69,6.69,0,0
20110110,6.69,6.73,6.6,6.69,0,0
20110111,6.73,6.73,6.56,6.65,0,0
20110112,6.6,6.69,6.56,6.56,0,0
20110113,6.56,6.73,6.56,6.73,0,0
20110114,6.73,6.78,6.52,6.6,0,0
20110117,6.52,6.73,6.47,6.6,0,0
20110118,6.65,7.03,6.43,7.03,0,0
20110119,6.99,7.03,6.82,6.99,0,0
20110120,6.86,6.99,6.82,6.99,0,0
20110121,6.99,8.24,6.99,7.98,0,0
20110124,7.34,7.34,6.82,6.95,0,0
20110125,7.08,7.08,6.6,6.82,0,0
20110126,6.82,6.86,6.65,6.78,0,0
20110127,6.78,6.82,6.56,6.65,0,0
20110128,6.6,6.6,6.6,6.6,0,0
20110131,6.56,6.56,6.39,6.56,0,0
20110201,6.39,6.52,6.39,6.39,0,0
20110202,6.39,6.43,6.13,6.26,0,0
20110203,6.3,6.47,6.26,6.39,0,0
20110204,6.47,6.47,6.34,6.39,0,0
20110207,6.43,6.56,6.34,6.43,0,0
20110208,6.47,6.47,6.3,6.34,0,0
20110209,6.43,6.43,6.34,6.43,0,0
20110210,6.39,6.43,6.26,6.34,0,0
20110211,6.39,6.39,6.26,6.34,0,0
20110214,6.34,6.39,6.26,6.39,0,0
20110215,6.39,6.39,6.26,6.39,0,0
20110216,6.39,6.39,6.04,6.17,0,0
20110217,6.22,6.26,6.13,6.17,0,0
20110218,6.22,6.26,6.04,6.26,0,0
20110221,6.17,6.34,6.04,6.17,0,0
20110222,6.17,6.17,6.04,6.17,0,0
20110223,6.17,6.17,6.04,6.13,0,0
20110224,6.08,6.13,6.04,6.13,0,0
20110225,6.13,6.17,6.04,6.17,0,0
20110228,6.13,6.17,6.04,6.17,0,0
20110301,6.17,6.17,6.04,6.04,0,0
20110302,6.13,6.13,6,6.08,0,0
20110303,6.08,6.17,6.04,6.17,0,0
20110304,6.17,6.17,6.04,6.13,0,0
20110307,6.13,6.13,6.04,6.13,0,0
20110308,6.08,6.23,5.87,6.23,0,0
20110309,6.18,6.23,6.14,6.23,0,0
20110310,6.23,6.23,6.18,6.23,0,0
20110311,6.18,6.23,6.1,6.18,0,0
20110314,6.23,6.23,6.05,6.18,0,0
20110315,6.1,6.23,5.83,6.05,0,0
20110316,6.05,6.14,6.01,6.05,0,0
20110317,6.01,6.14,5.78,5.96,0,0
20110318,5.96,6.54,5.96,6.23,0,0
20110321,6.23,6.36,6.18,6.23,0,0
20110322,6.27,6.36,2.95,2.95,0,0
20110323,2.95,2.97,2.93,2.93,0,0
20110324,2.93,3.18,2.89,3.11,0,0
20110325,3.11,3.24,3.07,3.11,0,0
20110328,3.18,3.18,3.01,3.07,0,0
20110329,3.07,3.11,2.99,3.03,0,0
20110330,3.03,3.03,2.91,2.97,0,0
20110331,2.99,3.05,2.97,3.03,0,0
20110401,3.03,3.05,2.8,2.97,0,0
20110404,2.89,2.95,2.76,2.91,0,0
20110405,2.91,3.13,2.8,3.13,0,0
20110406,2.84,2.93,2.84,2.87,0,0
20110407,2.87,2.87,2.8,2.84,0,0
20110408,2.87,2.99,2.8,2.91,0,0
20110411,2.89,2.95,2.87,2.89,0,0
20110412,2.91,2.91,2.84,2.91,0,0
20110413,2.84,2.89,2.82,2.87,0,0
20110414,2.87,2.87,2.7,2.72,0,0
20110415,2.74,2.74,2.62,2.7,0,0
20110418,2.7,2.78,2.7,2.72,0,0
20110419,2.76,2.76,2.72,2.76,0,0
20110420,2.76,2.76,2.7,2.74,0,0
20110421,2.72,2.76,2.66,2.72,0,0
20110426,2.68,2.74,2.66,2.7,0,0
20110427,2.7,2.7,2.64,2.68,0,0
20110428,2.7,2.7,2.66,2.68,0,0
20110429,2.7,2.7,2.64,2.68,0,0
20110502,2.68,2.68,2.6,2.66,0,0
20110504,2.62,2.64,2.6,2.64,0,0
20110505,2.6,2.66,2.55,2.6,0,0
20110506,2.55,2.6,2.55,2.55,0,0
20110509,2.57,2.62,2.55,2.6,0,0
20110510,2.55,2.6,2.45,2.45,0,0
20110511,2.47,2.51,2.39,2.41,0,0
20110512,2.39,2.39,2.33,2.37,0,0
20110513,2.31,2.37,2.19,2.19,0,0
20110516,2.07,2.19,1.99,2.07,0,0
20110517,2.01,2.05,1.97,1.99,0,0
20110518,1.99,2.03,1.97,2.03,0,0
20110519,2.03,2.05,1.99,2.01,0,0
20110520,2.01,2.05,2.01,2.03,0,0
20110523,2.03,2.03,1.97,2.01,0,0
20110524,1.99,2.01,1.97,2.01,0,0
20110525,1.99,2.21,1.99,2.01,0,0
20110526,2.05,2.09,2.01,2.03,0,0
20110527,2.05,2.07,2.01,2.05,0,0
20110530,2.07,2.07,2.03,2.07,0,0
20110531,2.07,2.11,2.01,2.05,0,0
20110601,2.05,2.05,2.01,2.05,0,0
20110602,2.01,2.03,1.99,2.03,0,0
20110603,2.03,2.03,1.99,2.01,0,0
20110606,1.99,1.99,1.95,1.99,0,0
20110607,1.99,2.01,1.95,1.99,0,0
20110608,1.95,1.97,1.93,1.97,0,0
20110609,1.97,1.99,1.93,1.95,0,0
20110610,1.95,1.97,1.87,1.95,0,0
20110613,1.95,1.97,1.93,1.97,0,0
20110614,1.91,1.97,1.91,1.95,0,0
20110615,1.95,1.95,1.89,1.91,0,0
20110616,1.93,1.97,1.79,1.81,0,0
20110617,1.85,1.85,1.79,1.83,0,0
20110620,1.81,1.83,1.77,1.77,0,0
20110621,1.75,1.75,1.65,1.73,0,0
20110622,1.67,1.73,1.65,1.69,0,0
20110624,1.65,1.71,1.65,1.67,0,0
20110627,1.67,1.67,1.59,1.59,0,0
20110628,1.57,1.59,1.45,1.49,0,0
20110629,1.47,1.49,1.41,1.45,0,0
20110630,1.45,1.67,1.45,1.53,0,0
20110701,1.57,1.57,1.49,1.51,0,0
20110704,1.51,1.51,1.45,1.51,0,0
20110705,1.49,1.49,1.45,1.49,0,0
20110706,1.47,1.47,1.41,1.45,0,0
20110707,1.49,1.49,1.41,1.41,0,0
20110708,1.43,1.45,1.41,1.41,0,0
20110711,1.41,1.43,1.37,1.43,0,0
20110712,1.41,1.41,1.37,1.41,0,0
20110713,1.39,1.43,1.37,1.43,0,0
20110714,1.43,1.43,1.43,1.43,0,0
20110715,1.43,1.43,1.39,1.43,0,0
20110718,1.43,1.43,1.41,1.43,0,0
20110719,1.43,1.53,1.39,1.45,0,0
20110720,1.45,1.49,1.45,1.49,0,0
20110721,1.45,4.54,1.41,4.54,0,0
20110722,4.54,4.54,4.54,4.54,0,0
20110725,4.36,4.54,4.36,4.42,0,0
20110726,4.24,4.42,4.18,4.36,0,0
20110727,4.24,4.36,4.24,4.3,0,0
20110728,4.3,4.3,4.18,4.24,0,0
20110729,4.3,4.36,4.24,4.36,0,0
20110801,4.36,4.36,4.3,4.36,0,0
20110802,4.3,4.3,4.18,4.24,0,0
20110803,4.18,4.3,4.06,4.06,0,0
20110804,4.12,4.12,3.59,3.83,0,0
20110805,3.11,3.83,3.11,3.47,0,0
20110808,3.41,3.47,3.23,3.35,0,0
20110809,3.23,3.23,2.87,3.05,0,0
20110810,3.23,3.29,3.11,3.11,0,0
20110811,3.05,3.23,2.99,3.23,0,0
20110812,3.23,3.41,3.23,3.35,0,0
20110816,3.35,3.53,3.35,3.35,0,0
20110817,3.47,3.53,3.29,3.47,0,0
20110818,3.35,3.35,3.05,3.23,0,0
20110819,3.23,3.23,3.05,3.17,0,0
20110822,3.23,3.29,3.23,3.29,0,0
20110823,3.29,3.47,3.23,3.35,0,0
20110824,3.35,3.35,3.23,3.35,0,0
20110825,3.23,3.35,3.23,3.29,0,0
20110826,3.35,3.35,3.29,3.35,0,0
20110829,3.23,3.41,3.23,3.41,0,0
20110830,3.35,3.41,3.35,3.41,0,0
20110831,3.35,3.47,3.35,3.41,0,0
20110901,3.41,3.41,3.35,3.41,0,0
20110902,3.41,3.41,3.29,3.29,0,0
20110905,3.17,3.29,0.49,0.49,0,0
20110906,0.52,0.52,0.49,0.49,0,0
20110907,0.5,0.53,0.49,0.53,0,0
20110908,0.53,0.53,0.51,0.53,0,0
20110909,0.54,0.55,0.52,0.54,0,0
20110912,0.52,0.54,0.52,0.52,0,0
20110913,0.53,0.55,0.5,0.52,0,0
20110914,0.5,0.5,0.49,0.49,0,0
20110915,0.52,0.52,0.52,0.52,0,0
20110916,0.52,0.52,0.51,0.52,0,0
20110919,0.53,0.53,0.48,0.48,0,0
20110920,0.49,0.49,0.47,0.47,0,0
20110921,0.49,0.5,0.47,0.48,0,0
20110922,0.48,0.49,0.47,0.49,0,0
20110923,0.47,0.49,0.44,0.46,0,0
20110926,0.44,0.46,0.42,0.43,0,0
20110927,0.43,0.43,0.4,0.42,0,0
20110928,0.4,0.42,0.39,0.39,0,0
20110929,0.37,0.39,0.35,0.37,0,0
20110930,0.38,0.39,0.37,0.39,0,0
20111003,0.38,0.38,0.36,0.37,0,0
20111004,0.36,0.36,0.35,0.35,0,0
20111005,0.35,0.38,0.35,0.36,0,0
20111006,0.36,0.39,0.36,0.37,0,0
20111007,0.39,0.39,0.37,0.37,0,0
20111010,0.37,0.39,0.37,0.38,0,0
20111011,0.37,0.39,0.37,0.37,0,0
20111012,0.37,0.42,0.37,0.39,0,0
20111013,0.38,0.43,0.38,0.42,0,0
20111014,0.41,0.43,0.4,0.4,0,0
20111017,0.4,0.43,0.4,0.4,0,0
20111018,0.4,0.4,0.38,0.39,0,0
20111019,0.41,0.41,0.39,0.4,0,0
20111020,0.39,0.41,0.37,0.37,0,0
20111021,0.37,0.4,0.37,0.38,0,0
20111024,0.4,0.41,0.39,0.39,0,0
20111025,0.4,0.41,0.39,0.39,0,0
20111026,0.4,0.4,0.39,0.39,0,0
20111027,0.39,0.42,0.39,0.4,0,0
20111028,0.41,0.42,0.4,0.4,0,0
20111031,0.4,0.42,0.39,0.39,0,0
20111102,0.38,0.39,0.37,0.38,0,0
20111103,0.38,0.41,0.38,0.4,0,0
20111104,0.41,0.43,0.4,0.4,0,0
20111107,0.4,0.42,0.4,0.42,0,0
20111108,0.41,0.46,0.41,0.44,0,0
20111109,0.45,0.46,0.42,0.43,0,0
20111110,0.42,0.42,0.4,0.41,0,0
20111114,0.41,0.41,0.41,0.41,0,0
20111115,0.41,0.41,0.36,0.36,0,0
20111116,0.36,0.37,0.36,0.36,0,0
20111117,0.36,0.49,0.36,0.49,0,0
20111118,0.49,0.62,0.48,0.62,0,0
20111121,0.68,0.71,0.51,0.52,0,0
20111122,0.52,0.65,0.5,0.65,0,0
20111123,0.66,0.79,0.65,0.76,0,0
20111124,0.69,0.99,0.69,0.99,0,0
20111125,0.9,1.07,0.8,0.8,0,0
20111128,0.75,1.01,0.75,1.01,0,0
20111129,0.91,1.03,0.82,0.87,0,0
20111130,0.79,0.82,0.71,0.71,0,0
20111201,0.68,0.71,0.56,0.6,0,0
20111202,0.56,0.63,0.56,0.58,0,0
20111205,0.58,0.59,0.55,0.57,0,0
20111206,0.57,0.57,0.51,0.51,0,0
20111207,0.52,0.54,0.5,0.53,0,0
20111208,0.54,0.55,0.51,0.52,0,0
20111209,0.51,0.55,0.51,0.55,0,0
20111212,0.56,0.63,0.55,0.63,0,0
20111213,0.57,0.58,0.52,0.52,0,0
20111214,0.47,0.47,0.42,0.44,0,0
20111215,0.43,0.47,0.42,0.44,0,0
20111216,0.44,0.45,0.42,0.42,0,0
20111219,0.43,0.44,0.41,0.42,0,0
20111220,0.42,0.43,0.39,0.41,0,0
20111221,0.41,0.42,0.39,0.41,0,0
20111222,0.41,0.41,0.39,0.41,0,0
20111223,0.41,0.41,0.39,0.41,0,0
20111227,0.41,0.41,0.38,0.4,0,0
20111228,0.39,0.4,0.38,0.4,0,0
20111229,0.38,0.4,0.38,0.39,0,0
20111230,0.4,0.4,0.39,0.4,0,0
20120102,0.39,0.42,0.38,0.41,0,0
20120103,0.42,0.49,0.42,0.47,0,0
20120104,0.48,0.52,0.47,0.49,0,0
20120105,0.48,0.48,0.45,0.48,0,0
20120109,0.46,0.48,0.45,0.47,0,0
20120110,0.47,0.47,0.44,0.45,0,0
20120111,0.44,0.45,0.44,0.44,0,0
20120112,0.44,0.45,0.44,0.45,0,0
20120113,0.45,0.52,0.45,0.48,0,0
20120116,0.48,0.5,0.47,0.48,0,0
20120117,0.48,0.51,0.48,0.51,0,0
20120118,0.46,0.47,0.42,0.44,0,0
20120119,0.4,0.41,0.36,0.37,0,0
20120120,0.37,0.4,0.37,0.38,0,0
20120123,0.39,0.39,0.36,0.36,0,0
20120124,0.36,0.36,0.35,0.36,0,0
20120125,0.36,0.36,0.35,0.36,0,0
20120126,0.36,0.36,0.36,0.36,0,0
20120127,0.36,0.36,0.36,0.36,0,0
20120130,0.36,0.36,0.36,0.36,0,0
20120131,0.36,0.39,0.36,0.37,0,0
20120201,0.37,0.38,0.37,0.38,0,0
20120202,0.38,0.38,0.36,0.37,0,0
20120203,0.37,0.38,0.36,0.38,0,0
20120206,0.38,0.4,0.38,0.39,0,0
20120207,0.4,0.4,0.38,0.39,0,0
20120208,0.39,0.4,0.38,0.39,0,0
20120209,0.39,0.39,0.38,0.38,0,0
20120210,0.38,0.38,0.37,0.37,0,0
20120213,0.37,0.38,0.36,0.38,0,0
20120214,0.38,0.38,0.37,0.38,0,0
20120215,0.38,0.39,0.37,0.39,0,0
20120216,0.38,0.39,0.37,0.38,0,0
20120217,0.38,0.44,0.37,0.42,0,0
20120220,0.43,0.49,0.43,0.49,0,0
20120221,0.51,0.52,0.46,0.46,0,0
20120222,0.48,0.51,0.48,0.49,0,0
20120223,0.45,0.45,0.39,0.4,0,0
20120224,0.4,0.43,0.39,0.43,0,0
20120227,0.39,0.39,0.36,0.36,0,0
20120228,0.36,0.36,0.35,0.36,0,0
20120229,0.36,0.36,0.36,0.36,0,0
20120301,0.36,0.36,0.35,0.36,0,0
20120302,0.36,0.37,0.35,0.36,0,0
20120305,0.36,0.37,0.36,0.37,0,0
20120306,0.37,0.37,0.35,0.36,0,0
20120307,0.36,0.36,0.35,0.36,0,0
20120308,0.36,0.36,0.35,0.36,0,0
20120309,0.36,0.36,0.35,0.36,0,0
20120312,0.36,0.36,0.35,0.36,0,0
20120313,0.36,0.37,0.36,0.37,0,0
20120314,0.37,0.37,0.36,0.36,0,0
20120315,0.36,0.37,0.36,0.37,0,0
20120316,0.36,0.37,0.36,0.36,0,0
20120319,0.36,0.37,0.36,0.37,0,0
20120320,0.37,0.39,0.37,0.39,0,0
20120321,0.39,0.4,0.37,0.37,0,0
20120322,0.38,0.61,0.36,0.61,0,0
20120323,0.61,0.62,0.59,0.59,0,0
20120326,0.59,0.61,0.59,0.59,0,0
20120327,0.61,0.61,0.59,0.59,0,0
20120328,0.59,0.61,0.58,0.61,0,0
20120329,0.59,0.61,0.58,0.59,0,0
20120330,0.59,0.59,0.58,0.59,0,0
20120402,0.59,0.59,0.58,0.59,0,0
20120403,0.59,0.59,0.58,0.59,0,0
20120404,0.58,0.59,0.56,0.58,0,0
20120405,0.56,0.58,0.56,0.56,0,0
20120410,0.56,0.58,0.55,0.55,0,0
20120411,0.55,0.55,0.53,0.53,0,0
20120412,0.55,0.56,0.53,0.56,0,0
20120413,0.55,0.58,0.55,0.58,0,0
20120416,0.58,0.61,0.56,0.61,0,0
20120417,0.61,0.61,0.58,0.59,0,0
20120418,0.59,0.59,0.56,0.56,0,0
20120419,0.58,0.58,0.56,0.56,0,0
20120420,0.56,0.56,0.55,0.56,0,0
20120423,0.55,0.55,0.52,0.53,0,0
20120424,0.53,0.55,0.52,0.55,0,0
20120425,0.59,0.62,0.56,0.59,0,0
20120426,0.59,0.59,0.56,0.58,0,0
20120427,0.56,0.58,0.56,0.56,0,0
20120430,0.56,0.58,0.55,0.56,0,0
20120502,0.56,0.56,0.55,0.56,0,0
20120504,0.55,0.56,0.55,0.56,0,0
20120507,0.55,0.56,0.53,0.55,0,0
20120508,0.55,0.56,0.55,0.56,0,0
20120509,0.55,0.56,0.53,0.56,0,0
20120510,0.55,0.62,0.53,0.62,0,0
20120511,0.56,1.6,0.52,1.6,0,0
20120514,1.47,1.6,1.3,1.39,0,0
20120515,1.34,1.43,1.34,1.39,0,0
20120516,1.34,1.34,0.91,0.91,0,0
20120517,0.91,0.94,0.83,0.83,0,0
20120518,0.77,0.83,0.71,0.8,0,0
20120521,0.88,0.88,0.8,0.86,0,0
20120522,0.86,0.88,0.83,0.86,0,0
20120523,0.86,0.88,0.83,0.86,0,0
20120524,0.83,0.86,0.8,0.83,0,0
20120525,0.83,0.86,0.8,0.8,0,0
20120528,0.83,0.86,0.8,0.83,0,0
20120529,0.83,0.86,0.8,0.86,0,0
20120530,0.83,0.86,0.8,0.83,0,0
20120531,0.8,0.83,0.8,0.83,0,0
20120601,0.83,0.83,0.77,0.77,0,0
20120604,0.8,0.8,0.74,0.77,0,0
20120605,0.77,0.77,0.68,0.68,0,0
20120606,0.71,0.77,0.71,0.74,0,0
20120608,0.74,0.74,0.71,0.74,0,0
20120611,0.74,0.77,0.71,0.74,0,0
20120612,0.74,0.77,0.71,0.74,0,0
20120613,0.74,0.77,0.71,0.74,0,0
20120614,0.74,0.74,0.68,0.71,0,0
20120615,0.71,0.71,0.68,0.71,0,0
20120618,0.71,0.71,0.68,0.68,0,0
20120619,0.68,0.71,0.65,0.68,0,0
20120620,0.68,0.71,0.68,0.68,0,0
20120621,0.71,0.71,0.68,0.71,0,0
20120622,0.71,0.71,0.68,0.71,0,0
20120625,0.71,0.71,0.65,0.71,0,0
20120626,0.68,0.71,0.68,0.71,0,0
20120627,0.68,0.71,0.65,0.68,0,0
20120628,0.68,0.68,0.62,0.65,0,0
20120629,0.65,0.68,0.62,0.65,0,0
20120702,0.65,0.68,0.62,0.65,0,0
20120703,0.65,0.65,0.59,0.62,0,0
20120704,0.62,0.65,0.59,0.62,0,0
20120705,0.62,0.65,0.59,0.62,0,0
20120706,0.62,0.71,0.62,0.71,0,0
20120709,0.68,0.71,0.65,0.68,0,0
20120710,0.68,0.68,0.62,0.62,0,0
20120711,0.65,0.65,0.62,0.65,0,0
20120712,0.62,0.65,0.59,0.59,0,0
20120713,0.59,0.65,0.59,0.62,0,0
20120716,0.62,0.62,0.59,0.62,0,0
20120717,0.62,0.62,0.59,0.59,0,0
20120718,0.59,0.62,0.56,0.62,0,0
20120719,0.59,0.62,0.59,0.62,0,0
20120720,0.62,0.62,0.59,0.62,0,0
20120723,0.59,0.62,0.59,0.62,0,0
20120724,0.59,0.62,0.59,0.62,0,0
20120725,0.59,0.62,0.56,0.59,0,0
20120726,0.59,0.62,0.56,0.59,0,0
20120727,0.59,0.62,0.56,0.62,0,0
20120730,0.62,0.62,0.59,0.59,0,0
20120731,0.59,0.62,0.59,0.62,0,0
20120801,0.62,0.68,0.59,0.62,0,0
20120802,0.62,0.65,0.62,0.65,0,0
20120803,0.65,0.65,0.62,0.62,0,0
20120806,0.65,0.65,0.59,0.62,0,0
20120807,0.59,0.62,0.59,0.62,0,0
20120808,0.62,0.62,0.62,0.62,0,0
20120809,0.62,0.62,0.59,0.62,0,0
20120810,0.62,0.62,0.59,0.62,0,0
20120813,0.62,0.62,0.59,0.62,0,0
20120814,0.59,0.62,0.59,0.62,0,0
20120816,0.62,0.62,0.59,0.62,0,0
20120817,0.62,0.62,0.59,0.62,0,0
20120820,0.62,0.62,0.59,0.62,0,0
20120821,0.62,0.62,0.59,0.59,0,0
20120822,0.62,0.62,0.59,0.62,0,0
20120823,0.62,0.62,0.59,0.59,0,0
20120824,0.62,0.62,0.59,0.62,0,0
20120827,0.62,0.62,0.59,0.62,0,0
20120828,0.59,0.62,0.59,0.62,0,0
20120829,0.59,0.62,0.59,0.62,0,0
20120830,0.62,0.62,0.56,0.59,0,0
20120831,0.59,0.59,0.59,0.59,0,0
20120903,0.59,0.62,0.59,0.62,0,0
20120904,0.59,0.62,0.34,0.34,0,0
20120905,0.34,0.34,0.32,0.34,0,0
20120906,0.34,0.34,0.34,0.34,0,0
20120907,0.32,0.34,0.32,0.32,0,0
20120910,0.34,0.34,0.32,0.34,0,0
20120911,0.34,0.34,0.32,0.32,0,0
20120912,0.3,0.34,0.3,0.32,0,0
20120913,0.3,0.34,0.3,0.34,0,0
20120914,0.34,0.34,0.32,0.32,0,0
20120917,0.34,0.34,0.32,0.34,0,0
20120918,0.32,0.34,0.3,0.3,0,0
20120919,0.32,0.34,0.32,0.32,0,0
20120920,0.32,0.4,0.32,0.4,0,0
20120921,0.4,0.42,0.37,0.37,0,0
20120924,0.39,0.39,0.35,0.37,0,0
20120925,0.37,0.37,0.34,0.35,0,0
20120926,0.35,0.39,0.34,0.37,0,0
20120927,0.37,0.4,0.35,0.39,0,0
20120928,0.39,0.42,0.37,0.39,0,0
20121001,0.42,0.47,0.39,0.45,0,0
20121002,0.45,0.52,0.45,0.5,0,0
20121003,0.52,0.54,0.5,0.5,0,0
20121004,0.52,0.52,0.5,0.52,0,0
20121005,0.5,0.52,0.5,0.5,0,0
20121008,0.5,0.7,0.5,0.7,0,0
20121009,0.74,0.87,0.64,0.64,0,0
20121010,0.64,0.75,0.64,0.74,0,0
20121011,0.74,0.74,0.67,0.7,0,0
20121012,0.7,0.7,0.64,0.65,0,0
20121015,0.67,0.67,0.5,0.54,0,0
20121016,0.55,0.55,0.45,0.49,0,0
20121017,0.49,0.49,0.39,0.39,0,0
20121018,0.39,0.47,0.39,0.47,0,0
20121019,0.49,0.5,0.42,0.44,0,0
20121022,0.45,0.47,0.39,0.42,0,0
20121023,0.42,0.42,0.35,0.42,0,0
20121024,0.35,0.37,0.35,0.37,0,0
20121112,0.37,0.37,0.34,0.35,0,0
20121113,0.34,0.34,0.3,0.32,0,0
20121114,0.3,0.32,0.29,0.29,0,0
20121115,0.3,0.32,0.25,0.25,0,0
20121116,0.25,0.26,0.18,0.18,0,0
20121119,0.18,0.23,0.17,0.22,0,0
20121120,0.22,0.25,0.2,0.22,0,0
20121121,0.22,0.23,0.2,0.22,0,0
20121122,0.2,0.22,0.2,0.2,0,0
20121123,0.2,0.22,0.2,0.22,0,0
20121126,0.22,0.22,0.2,0.2,0,0
20121127,0.2,0.22,0.2,0.22,0,0
20121128,0.2,0.22,0.2,0.2,0,0
20121129,0.2,0.22,0.2,0.22,0,0
20121130,0.2,0.22,0.2,0.22,0,0
20121203,0.2,0.22,0.18,0.2,0,0
20121204,0.2,0.22,0.18,0.2,0,0
20121205,0.2,0.22,0.2,0.2,0,0
20121206,0.18,0.2,0.18,0.18,0,0
20121207,0.18,0.2,0.18,0.18,0,0
20121210,0.2,0.2,0.18,0.2,0,0
20121211,0.2,0.2,0.18,0.2,0,0
20121212,0.2,0.2,0.18,0.2,0,0
20121213,0.18,0.2,0.18,0.2,0,0
20121214,0.18,0.2,0.18,0.18,0,0
20121217,0.2,0.2,0.18,0.2,0,0
20121218,0.18,0.2,0.18,0.18,0,0
20121219,0.2,0.22,0.18,0.2,0,0
20121220,0.2,0.2,0.18,0.18,0,0
20121221,0.2,0.2,0.18,0.18,0,0
20121227,0.2,0.2,0.18,0.18,0,0
20121228,0.2,0.2,0.18,0.2,0,0
20130102,0.2,0.22,0.2,0.2,0,0
20130103,0.2,0.22,0.2,0.22,0,0
20130104,0.22,0.22,0.2,0.22,0,0
20130107,0.22,0.22,0.2,0.22,0,0
20130108,0.22,0.22,0.2,0.2,0,0
20130109,0.2,0.22,0.2,0.2,0,0
20130110,0.2,0.22,0.2,0.22,0,0
20130111,0.22,0.25,0.22,0.23,0,0
20130114,0.23,0.26,0.23,0.26,0,0
20130115,0.26,0.26,0.23,0.23,0,0
20130116,0.25,0.25,0.23,0.23,0,0
20130117,0.25,0.25,0.23,0.25,0,0
20130118,0.23,0.25,0.23,0.23,0,0
20130121,0.25,0.25,0.23,0.25,0,0
20130122,0.25,0.25,0.23,0.23,0,0
20130123,0.23,0.25,0.22,0.23,0,0
20130124,0.23,0.23,0.22,0.23,0,0
20130125,0.23,0.23,0.22,0.23,0,0
20130128,0.23,0.23,0.22,0.22,0,0
20130129,0.22,0.23,0.22,0.22,0,0
20130130,0.22,0.23,0.22,0.23,0,0
20130131,0.23,0.23,0.22,0.22,0,0
20130201,0.22,0.22,0.2,0.22,0,0
20130204,0.22,0.22,0.2,0.22,0,0
20130205,0.22,0.22,0.2,0.2,0,0
20130206,0.22,0.22,0.2,0.22,0,0
20130207,0.2,0.22,0.2,0.2,0,0
20130208,0.22,0.22,0.22,0.22,0,0
20130211,0.22,0.22,0.2,0.2,0,0
20130212,0.2,0.2,0.18,0.2,0,0
20130213,0.2,0.2,0.18,0.2,0,0
20130214,0.18,0.2,0.18,0.18,0,0
20130215,0.18,0.2,0.18,0.18,0,0
20130218,0.18,0.2,0.18,0.18,0,0
20130219,0.18,0.2,0.18,0.2,0,0
20130220,0.18,0.2,0.18,0.2,0,0
20130221,0.18,0.2,0.18,0.2,0,0
20130222,0.18,0.2,0.18,0.2,0,0
20130225,0.18,0.2,0.18,0.2,0,0
20130226,0.18,0.18,0.17,0.18,0,0
20130227,0.2,0.2,0.18,0.2,0,0
20130228,0.2,0.2,0.18,0.2,0,0
20130301,0.2,0.2,0.18,0.2,0,0
20130304,0.18,0.2,0.18,0.18,0,0
20130305,0.18,0.2,0.18,0.18,0,0
20130306,0.2,0.2,0.18,0.2,0,0
20130307,0.18,0.2,0.18,0.2,0,0
20130308,0.2,0.2,0.18,0.18,0,0
20130311,0.18,0.2,0.18,0.18,0,0
20130312,0.2,0.2,0.18,0.2,0,0
20130313,0.2,0.2,0.18,0.18,0,0
20130314,0.2,0.22,0.2,0.2,0,0
20130315,0.2,0.22,0.18,0.2,0,0
20130318,0.2,0.2,0.18,0.2,0,0
20130319,0.2,0.2,0.18,0.18,0,0
20130320,0.2,0.2,0.18,0.18,0,0
20130321,0.2,0.22,0.18,0.2,0,0
20130322,0.22,0.22,0.18,0.2,0,0
20130325,0.2,0.21,0.18,0.21,0,0
20130326,0.21,0.21,0.2,0.21,0,0
20130327,0.21,0.21,0.2,0.21,0,0
20130328,0.2,0.21,0.2,0.21,0,0
20130402,0.2,0.21,0.2,0.2,0,0
20130403,0.2,0.2,0.18,0.18,0,0
20130404,0.18,0.2,0.16,0.2,0,0
20130405,0.2,0.2,0.18,0.18,0,0
20130408,0.18,0.18,0.16,0.18,0,0
20130409,0.16,0.18,0.16,0.18,0,0
20130410,0.18,0.18,0.16,0.16,0,0
20130411,0.16,0.18,0.15,0.18,0,0
20130412,0.16,0.18,0.16,0.16,0,0
20130415,0.16,0.16,0.16,0.16,0,0
20130417,0.16,0.16,0.15,0.16,0,0
20130418,0.15,0.16,0.15,0.15,0,0
20130419,0.16,0.16,0.15,0.16,0,0
20130422,0.15,0.18,0.15,0.16,0,0
20130423,0.16,0.16,0.15,0.15,0,0
20130424,0.15,0.16,0.15,0.15,0,0
20130425,0.16,0.16,0.15,0.15,0,0
20130426,0.15,0.16,0.15,0.16,0,0
20130429,0.15,0.16,0.15,0.16,0,0
20130430,0.16,0.16,0.15,0.16,0,0
20130502,0.16,0.18,0.16,0.16,0,0
20130506,0.16,0.18,0.15,0.16,0,0
20130507,0.16,0.18,0.16,0.18,0,0
20130508,0.18,0.18,0.16,0.18,0,0
20130509,0.16,0.18,0.16,0.18,0,0
20130510,0.16,0.18,0.16,0.16,0,0
20130513,0.16,0.18,0.16,0.16,0,0
20130514,0.16,0.18,0.16,0.16,0,0
20130515,0.18,0.18,0.16,0.16,0,0
20130516,0.18,0.18,0.16,0.18,0,0
20130517,0.16,0.18,0.16,0.18,0,0
20130520,0.18,0.2,0.18,0.18,0,0
20130521,0.18,0.2,0.18,0.18,0,0
20130522,0.18,0.18,0.16,0.18,0,0
20130523,0.16,0.18,0.16,0.18,0,0
20130524,0.16,0.18,0.16,0.18,0,0
20130527,0.16,0.27,0.16,0.27,0,0
20130528,0.24,0.29,0.24,0.29,0,0
20130529,0.29,0.29,0.27,0.29,0,0
20130531,0.29,0.29,0.27,0.29,0,0
20130603,0.27,0.29,0.27,0.29,0,0
20130604,0.27,0.29,0.27,0.27,0,0
20130605,0.27,0.29,0.24,0.27,0,0
20130606,0.27,0.27,0.24,0.27,0,0
20130607,0.27,0.27,0.24,0.24,0,0
20130610,0.24,0.27,0.24,0.24,0,0
20130611,0.24,0.27,0.24,0.24,0,0
20130612,0.24,0.27,0.24,0.24,0,0
20130613,0.24,0.27,0.24,0.24,0,0
20130614,0.24,0.27,0.24,0.27,0,0
20130617,0.27,0.27,0.24,0.24,0,0
20130618,0.27,0.27,0.24,0.27,0,0
20130619,0.27,0.27,0.24,0.27,0,0
20130620,0.24,0.24,0.22,0.24,0,0
20130621,0.24,0.27,0.24,0.24,0,0
20130624,0.24,0.27,0.24,0.24,0,0
20130625,0.24,0.24,0.24,0.24,0,0
20130626,0.24,0.27,0.22,0.27,0,0
20130627,0.24,0.27,0.22,0.24,0,0
20130628,0.24,0.24,0.22,0.24,0,0
20130701,0.22,0.24,0.22,0.24,0,0
20130702,0.24,0.24,0.24,0.24,0,0
20130703,0.24,0.24,0.22,0.22,0,0
20130704,0.22,0.24,0.22,0.24,0,0
20130705,0.22,0.24,0.22,0.24,0,0
20130708,0.22,0.24,0.22,0.24,0,0
20130709,0.24,0.24,0.22,0.24,0,0
20130710,0.22,0.24,0.22,0.24,0,0
20130711,0.24,0.24,0.22,0.24,0,0
20130712,0.24,0.24,0.22,0.22,0,0
20130715,0.22,0.24,0.22,0.24,0,0
20130716,0.22,0.24,0.22,0.22,0,0
20130717,0.22,0.24,0.22,0.24,0,0
20130718,0.24,0.24,0.24,0.24,0,0
20130719,0.22,0.24,0.19,0.24,0,0
20130722,0.22,0.24,0.22,0.24,0,0
20130723,0.22,0.24,0.22,0.24,0,0
20130724,0.22,0.24,0.22,0.24,0,0
20130725,0.22,0.24,0.22,0.24,0,0
20130726,0.22,0.24,0.22,0.22,0,0
20130729,0.22,0.24,0.22,0.24,0,0
20130730,0.22,0.24,0.22,0.24,0,0
20130731,0.22,0.24,0.22,0.24,0,0
20130801,0.24,0.24,0.19,0.24,0,0
20130802,0.24,0.24,0.24,0.24,0,0
20130805,0.22,0.24,0.22,0.24,0,0
20130806,0.22,0.24,0.22,0.24,0,0
20130807,0.24,0.24,0.22,0.24,0,0
20130808,0.22,0.24,0.22,0.22,0,0
20130809,0.24,0.24,0.22,0.22,0,0
20130812,0.22,0.24,0.22,0.24,0,0
20130813,0.24,0.24,0.22,0.24,0,0
20130814,0.24,0.24,0.22,0.24,0,0
20130816,0.24,0.24,0.22,0.22,0,0
20130819,0.24,0.27,0.22,0.24,0,0
20130820,0.24,0.27,0.24,0.24,0,0
20130821,0.24,0.24,0.22,0.24,0,0
20130822,0.24,0.24,0.22,0.24,0,0
20130823,0.22,0.24,0.22,0.24,0,0
20130826,0.22,0.24,0.22,0.22,0,0
20130827,0.22,0.24,0.22,0.24,0,0
20130828,0.24,0.24,0.22,0.22,0,0
20130829,0.22,0.24,0.22,0.24,0,0
20130830,0.22,0.24,0.22,0.24,0,0
20130902,0.24,0.24,0.22,0.24,0,0
20130903,0.24,0.25,0.22,0.25,0,0
20130904,0.22,0.25,0.22,0.25,0,0
20130905,0.22,0.22,0.22,0.22,0,0
20130906,0.22,0.25,0.22,0.25,0,0
20130909,0.22,0.25,0.22,0.25,0,0
20130910,0.25,0.25,0.22,0.25,0,0
20130911,0.22,0.25,0.22,0.25,0,0
20130912,0.22,0.25,0.22,0.25,0,0
20130913,0.22,0.25,0.22,0.25,0,0
20130916,0.22,0.25,0.22,0.25,0,0
20130917,0.22,0.25,0.22,0.25,0,0
20130918,0.22,0.25,0.22,0.25,0,0
20130919,0.22,0.25,0.22,0.25,0,0
20130920,0.22,0.25,0.22,0.25,0,0
20130923,0.22,0.25,0.22,0.22,0,0
20130924,0.22,0.25,0.22,0.25,0,0
20130925,0.22,0.25,0.22,0.22,0,0
20130926,0.22,0.25,0.22,0.25,0,0
20130927,0.22,0.25,0.22,0.25,0,0
20130930,0.25,0.25,0.22,0.25,0,0
20131001,0.22,0.22,0.22,0.22,0,0
20131002,0.25,0.25,0.22,0.25,0,0
20131003,0.25,0.25,0.22,0.25,0,0
20131004,0.25,0.25,0.22,0.25,0,0
20131007,0.22,0.25,0.22,0.25,0,0
20131008,0.25,0.25,0.22,0.25,0,0
20131009,0.22,0.25,0.22,0.25,0,0
20131010,0.22,0.25,0.22,0.25,0,0
20131011,0.22,0.25,0.22,0.22,0,0
20131014,0.22,0.25,0.22,0.25,0,0
20131015,0.25,0.25,0.22,0.22,0,0
20131016,0.22,0.25,0.22,0.25,0,0
20131017,0.22,0.25,0.22,0.25,0,0
20131018,0.22,0.25,0.22,0.22,0,0
20131021,0.22,0.25,0.22,0.25,0,0
20131022,0.22,0.25,0.22,0.25,0,0
20131023,0.25,0.25,0.22,0.25,0,0
20131024,0.22,0.25,0.22,0.25,0,0
20131025,0.22,0.25,0.22,0.25,0,0
20131028,0.25,0.25,0.22,0.25,0,0
20131029,0.22,0.25,0.22,0.22,0,0
20131030,0.25,0.25,0.22,0.25,0,0
20131031,0.22,0.25,0.22,0.25,0,0
20131104,0.25,0.27,0.25,0.27,0,0
20131105,0.27,0.27,0.25,0.27,0,0
20131106,0.27,0.27,0.22,0.25,0,0
20131107,0.25,0.25,0.22,0.25,0,0
20131108,0.25,0.25,0.25,0.25,0,0
20131112,0.25,0.25,0.22,0.25,0,0
20131113,0.22,0.25,0.22,0.22,0,0
20131114,0.22,0.25,0.22,0.25,0,0
20131115,0.25,0.25,0.22,0.25,0,0
20131118,0.25,0.25,0.22,0.25,0,0
20131119,0.25,0.25,0.22,0.25,0,0
20131120,0.22,0.25,0.22,0.22,0,0
20131121,0.25,0.25,0.22,0.25,0,0
20131122,0.22,0.25,0.22,0.22,0,0
20131125,0.22,0.25,0.22,0.25,0,0
20131126,0.22,0.25,0.22,0.22,0,0
20131127,0.22,0.25,0.22,0.22,0,0
20131128,0.22,0.25,0.22,0.22,0,0
20131129,0.22,0.25,0.22,0.22,0,0
20131202,0.22,0.25,0.22,0.25,0,0
20131203,0.22,0.25,0.22,0.25,0,0
20131204,0.25,0.25,0.22,0.25,0,0
20131205,0.22,0.25,0.22,0.25,0,0
20131206,0.22,0.25,0.22,0.25,0,0
20131209,0.22,0.25,0.22,0.22,0,0
20131210,0.25,0.25,0.22,0.25,0,0
20131211,0.22,0.25,0.22,0.22,0,0
20131212,0.22,0.25,0.22,0.25,0,0
20131213,0.22,0.25,0.22,0.25,0,0
20131216,0.22,0.25,0.22,0.25,0,0
20131217,0.22,0.25,0.22,0.25,0,0
20131218,0.22,0.25,0.2,0.22,0,0
20131219,0.22,0.25,0.22,0.22,0,0
20131220,0.22,0.25,0.22,0.22,0,0
20131223,0.25,0.25,0.22,0.25,0,0
20131227,0.25,0.25,0.22,0.25,0,0
20131230,0.22,0.25,0.22,0.22,0,0
20140102,0.25,0.25,0.22,0.25,0,0
20140103,0.22,0.25,0.22,0.25,0,0
20140107,0.22,0.25,0.22,0.25,0,0
20140108,0.22,0.25,0.22,0.25,0,0
20140109,0.25,0.25,0.22,0.25,0,0
20140110,0.22,0.25,0.22,0.25,0,0
20140113,0.22,0.25,0.22,0.25,0,0
20140114,0.22,0.25,0.22,0.22,0,0
20140115,0.22,0.29,0.22,0.27,0,0
20140116,0.29,0.29,0.27,0.29,0,0
20140117,0.29,0.29,0.27,0.29,0,0
20140120,0.29,0.29,0.27,0.27,0,0
20140121,0.27,0.29,0.27,0.29,0,0
20140122,0.29,0.42,0.29,0.42,0,0
20140123,0.44,0.44,0.34,0.37,0,0
20140124,0.37,0.37,0.34,0.34,0,0
20140127,0.37,0.39,0.34,0.34,0,0
20140128,0.39,0.39,0.37,0.37,0,0
20140129,0.37,0.39,0.34,0.37,0,0
20140130,0.37,0.37,0.34,0.37,0,0
20140131,0.37,0.39,0.34,0.34,0,0
20140203,0.34,0.37,0.34,0.37,0,0
20140204,0.34,0.37,0.32,0.32,0,0
20140205,0.34,0.37,0.34,0.34,0,0
20140206,0.34,0.34,0.32,0.34,0,0
20140207,0.34,0.34,0.32,0.34,0,0
20140210,0.34,0.34,0.32,0.32,0,0
20140211,0.32,0.34,0.32,0.34,0,0
20140212,0.34,0.34,0.32,0.34,0,0
20140213,0.34,0.34,0.32,0.32,0,0
20140214,0.32,0.34,0.32,0.34,0,0
20140306,0.37,0.38,0.34,0.35,0,0
20140307,0.35,0.35,0.32,0.32,0,0
20140310,0.31,0.32,0.28,0.29,0,0
20140311,0.28,0.29,0.26,0.26,0,0
20140312,0.26,0.3,0.26,0.28,0,0
20140313,0.28,0.28,0.27,0.27,0,0
20140314,0.27,0.27,0.26,0.26,0,0
20140317,0.27,0.28,0.26,0.27,0,0
20140318,0.27,0.29,0.27,0.27,0,0
20140319,0.28,0.28,0.27,0.28,0,0
20140320,0.27,0.28,0.27,0.28,0,0
20140321,0.28,0.28,0.27,0.28,0,0
20140324,0.27,0.28,0.27,0.27,0,0
20140325,0.27,0.27,0.26,0.27,0,0
20140326,0.28,0.34,0.28,0.34,0,0
20140327,0.34,0.36,0.32,0.36,0,0
20140328,0.36,0.36,0.33,0.33,0,0
20140331,0.34,0.35,0.34,0.35,0,0
20140401,0.35,0.35,0.32,0.33,0,0
20140402,0.33,0.34,0.33,0.34,0,0
20140403,0.34,0.34,0.33,0.33,0,0
20140404,0.33,0.33,0.33,0.33,0,0
20140407,0.33,0.35,0.33,0.34,0,0
20140408,0.34,0.34,0.33,0.33,0,0
20140409,0.33,0.33,0.33,0.33,0,0
20140410,0.33,0.34,0.33,0.33,0,0
20140411,0.32,0.33,0.32,0.33,0,0
20140414,0.32,0.33,0.31,0.32,0,0
20140415,0.32,0.32,0.31,0.31,0,0
20140416,0.31,0.32,0.31,0.32,0,0
20140417,0.32,0.33,0.32,0.32,0,0
20140422,0.33,0.33,0.32,0.32,0,0
20140423,0.32,0.32,0.31,0.32,0,0
20140424,0.32,0.32,0.31,0.31,0,0
20140425,0.31,0.32,0.31,0.31,0,0
20140428,0.31,0.32,0.31,0.32,0,0
20140429,0.32,0.34,0.32,0.34,0,0
20140430,0.34,0.35,0.33,0.34,0,0
20140502,0.33,0.34,0.33,0.34,0,0
20140505,0.34,0.34,0.33,0.33,0,0
20140506,0.33,0.33,0.31,0.32,0,0
20140507,0.31,0.32,0.29,0.31,0,0
20140508,0.31,0.32,0.3,0.31,0,0
20140509,0.31,0.31,0.3,0.3,0,0
20140512,0.3,0.3,0.3,0.3,0,0
20140513,0.3,0.32,0.3,0.3,0,0
20140514,0.3,0.31,0.3,0.31,0,0
20140515,0.3,0.31,0.3,0.3,0,0
20140516,0.3,0.31,0.3,0.31,0,0
20140519,0.31,0.31,0.3,0.3,0,0
20140520,0.3,0.3,0.29,0.29,0,0
20140521,0.29,0.29,0.28,0.29,0,0
20140522,0.28,0.3,0.28,0.29,0,0
20140523,0.29,0.3,0.28,0.29,0,0
20140526,0.29,0.3,0.29,0.29,0,0
20140527,0.29,0.3,0.29,0.29,0,0
20140528,0.29,0.29,0.28,0.28,0,0
20140529,0.29,0.3,0.28,0.3,0,0
20140530,0.3,0.3,0.29,0.29,0,0
20140602,0.3,0.32,0.3,0.32,0,0
20140603,0.32,0.32,0.31,0.32,0,0
20140604,0.32,0.32,0.3,0.3,0,0
20140605,0.29,0.31,0.29,0.3,0,0
20140606,0.3,0.3,0.29,0.3,0,0
20140609,0.3,0.3,0.29,0.3,0,0
20140610,0.3,0.3,0.3,0.3,0,0
20140611,0.3,0.3,0.29,0.3,0,0
20140612,0.3,0.3,0.29,0.29,0,0
20140613,0.3,0.3,0.29,0.29,0,0
20140616,0.3,0.3,0.29,0.29,0,0
20140617,0.29,0.3,0.29,0.3,0,0
20140618,0.3,0.3,0.29,0.29,0,0
20140620,0.29,0.29,0.29,0.29,0,0
20140623,0.29,0.29,0.29,0.29,0,0
20140624,0.29,0.29,0.28,0.29,0,0
20140625,0.29,0.29,0.28,0.28,0,0
20140626,0.28,0.29,0.28,0.29,0,0
20140627,0.28,0.29,0.28,0.28,0,0
20140630,0.28,0.29,0.28,0.29,0,0
20140701,0.29,0.29,0.28,0.29,0,0
20140702,0.28,0.29,0.28,0.28,0,0
20140703,0.28,0.29,0.28,0.28,0,0
20140704,0.28,0.28,0.28,0.28,0,0
20140707,0.28,0.28,0.28,0.28,0,0
20140708,0.28,0.28,0.28,0.28,0,0
20140709,0.28,0.3,0.28,0.29,0,0
20140710,0.28,0.29,0.28,0.28,0,0
20140711,0.28,0.29,0.28,0.29,0,0
20140714,0.28,0.29,0.28,0.28,0,0
20140715,0.28,0.29,0.28,0.29,0,0
20140716,0.29,0.29,0.29,0.29,0,0
20140717,0.28,0.29,0.28,0.28,0,0
20140718,0.28,0.29,0.28,0.29,0,0
20140721,0.29,0.29,0.28,0.29,0,0
20140722,0.28,0.28,0.28,0.28,0,0
20140723,0.28,0.28,0.28,0.28,0,0
20140724,0.28,0.28,0.28,0.28,0,0
20140725,0.28,0.28,0.28,0.28,0,0
20140728,0.28,0.28,0.28,0.28,0,0
20140729,0.28,0.29,0.28,0.29,0,0
20140730,0.28,0.28,0.28,0.28,0,0
20140731,0.28,0.28,0.26,0.27,0,0
20140801,0.27,0.28,0.26,0.27,0,0
20140804,0.27,0.27,0.27,0.27,0,0
20140805,0.27,0.27,0.26,0.27,0,0
20140806,0.27,0.27,0.26,0.26,0,0
20140807,0.26,0.26,0.25,0.25,0,0
20140808,0.25,0.25,0.24,0.25,0,0
20140811,0.25,0.25,0.25,0.25,0,0
20140812,0.24,0.25,0.24,0.24,0,0
20140813,0.24,0.28,0.24,0.28,0,0
20140814,0.28,0.28,0.25,0.26,0,0
20140818,0.26,0.27,0.25,0.27,0,0
20140819,0.27,0.27,0.27,0.27,0,0
20140820,0.26,0.27,0.26,0.26,0,0
20140821,0.26,0.27,0.25,0.27,0,0
20140822,0.27,0.27,0.26,0.26,0,0
20140825,0.26,0.27,0.25,0.26,0,0
20140826,0.26,0.26,0.25,0.25,0,0
20140827,0.26,0.26,0.25,0.25,0,0
20140828,0.25,0.27,0.25,0.26,0,0
20140829,0.27,0.28,0.26,0.26,0,0
20140901,0.24,0.26,0.24,0.26,0,0
20140902,0.26,0.26,0.24,0.25,0,0
20140903,0.25,0.25,0.25,0.25,0,0
20140904,0.25,0.25,0.24,0.25,0,0
20140905,0.24,0.24,0.24,0.24,0,0
20140908,0.24,0.24,0.24,0.24,0,0
20140909,0.24,0.25,0.24,0.24,0,0
20140910,0.24,0.26,0.24,0.25,0,0
20140911,0.26,0.26,0.25,0.26,0,0
20140912,0.25,0.26,0.24,0.26,0,0
20140915,0.26,0.26,0.25,0.25,0,0
20140916,0.25,0.25,0.25,0.25,0,0
20140917,0.25,0.25,0.24,0.25,0,0
20140918,0.24,0.25,0.24,0.25,0,0
20140919,0.25,0.25,0.25,0.25,0,0
20140922,0.25,0.25,0.24,0.25,0,0
20140923,0.24,0.24,0.24,0.24,0,0
20140924,0.24,0.24,0.23,0.24,0,0
20140925,0.24,0.24,0.24,0.24,0,0
20140926,0.24,0.24,0.24,0.24,0,0
20140929,0.24,0.25,0.24,0.25,0,0
20140930,0.25,0.25,0.25,0.25,0,0
20141001,0.25,0.25,0.25,0.25,0,0
20141002,0.25,0.25,0.25,0.25,0,0
20141003,0.25,0.25,0.25,0.25,0,0
20141006,0.26,0.29,0.26,0.28,0,0
20141007,0.28,0.28,0.26,0.27,0,0
20141008,0.27,0.27,0.26,0.27,0,0
20141009,0.27,0.27,0.26,0.26,0,0
20141010,0.26,0.27,0.25,0.26,0,0
20141013,0.26,0.27,0.26,0.26,0,0
20141014,0.26,0.27,0.26,0.27,0,0
20141015,0.27,0.27,0.26,0.27,0,0
20141016,0.27,0.27,0.26,0.27,0,0
20141017,0.26,0.26,0.26,0.26,0,0
20141020,0.26,0.26,0.25,0.26,0,0
20141021,0.26,0.26,0.26,0.26,0,0
20141022,0.26,0.27,0.26,0.27,0,0
20141023,0.27,0.27,0.26,0.27,0,0
20141024,0.26,0.27,0.26,0.26,0,0
20141027,0.27,0.27,0.26,0.27,0,0
20141028,0.27,0.27,0.26,0.26,0,0
20141029,0.26,0.27,0.26,0.26,0,0
20141030,0.26,0.27,0.26,0.26,0,0
20141031,0.27,0.28,0.27,0.28,0,0
20141103,0.28,0.28,0.27,0.27,0,0
20141104,0.27,0.27,0.26,0.27,0,0
20141105,0.27,0.27,0.26,0.27,0,0
20141106,0.26,0.27,0.26,0.27,0,0
20141107,0.26,0.27,0.25,0.25,0,0
20141110,0.24,0.25,0.24,0.24,0,0
20141112,0.24,0.24,0.24,0.24,0,0
20141113,0.23,0.24,0.23,0.24,0,0
20141114,0.23,0.24,0.23,0.24,0,0
20141117,0.24,0.24,0.23,0.24,0,0
20141118,0.24,0.24,0.23,0.24,0,0
20141119,0.24,0.24,0.23,0.24,0,0
20141120,0.23,0.24,0.23,0.24,0,0
20141121,0.24,0.24,0.23,0.24,0,0
20141124,0.24,0.24,0.23,0.23,0,0
20141125,0.23,0.24,0.23,0.23,0,0
20141126,0.23,0.24,0.23,0.24,0,0
20141127,0.24,0.24,0.23,0.23,0,0
20141128,0.23,0.23,0.23,0.23,0,0
20141201,0.23,0.23,0.23,0.23,0,0
20141202,0.23,0.23,0.23,0.23,0,0
20141203,0.23,0.23,0.23,0.23,0,0
20141204,0.23,0.23,0.23,0.23,0,0
20141205,0.23,0.23,0.23,0.23,0,0
20141208,0.23,0.23,0.23,0.23,0,0
20141209,0.23,0.23,0.22,0.22,0,0
20141210,0.23,0.23,0.22,0.23,0,0
20141211,0.22,0.23,0.22,0.23,0,0
20141212,0.22,0.23,0.22,0.23,0,0
20141215,0.22,0.22,0.22,0.22,0,0
20141216,0.22,0.22,0.22,0.22,0,0
20141217,0.22,0.23,0.21,0.23,0,0
20141218,0.23,0.23,0.22,0.22,0,0
20141219,0.22,0.22,0.21,0.22,0,0
20141222,0.21,0.22,0.21,0.21,0,0
20141223,0.21,0.22,0.2,0.21,0,0
20141229,0.21,0.22,0.21,0.22,0,0
20141230,0.22,0.22,0.21,0.22,0,0
