Date,Open,High,Low,Close,Volume,OpenInt
20070813,1294.48,1294.48,1294.48,1294.48,0,0
20070814,1303.88,1303.88,1303.88,1303.88,0,0
20070816,1191.04,1191.04,1191.04,1191.04,0,0
20070817,1131.49,1131.49,1131.49,1131.49,0,0
20070820,1135.88,1135.88,1135.88,1135.88,0,0
20070821,1115.82,1115.82,1115.82,1115.82,0,0
20070822,1159.7,1159.7,1159.7,1159.7,0,0
20070823,1195.43,1195.43,1195.43,1195.43,0,0
20070824,1253.73,1253.73,1253.73,1253.73,0,0
20070827,1285.07,1285.07,1285.07,1285.07,0,0
20070828,1266.27,1266.27,1266.27,1266.27,0,0
20070829,1309.52,1309.52,1309.52,1309.52,0,0
20070830,1309.52,1309.52,1309.52,1309.52,0,0
20070831,1331.46,1331.46,1331.46,1331.46,0,0
20070903,1323.94,1323.94,1323.94,1323.94,0,0
20070904,1347.76,1347.76,1347.76,1347.76,0,0
20070905,1310.15,1310.15,1310.15,1310.15,0,0
20070906,1285.07,1285.07,1285.07,1285.07,0,0
20070907,1266.27,1266.27,1266.27,1266.27,0,0
20070910,1241.19,1241.19,1241.19,1241.19,0,0
20070911,1247.46,1247.46,1247.46,1247.46,0,0
20070912,1243.07,1243.07,1243.07,1243.07,0,0
20070913,1240.57,1240.57,1240.57,1240.57,0,0
20070914,1241.19,1241.19,1241.19,1241.19,0,0
20070917,1212.36,1212.36,1212.36,1212.36,0,0
20070918,1209.85,1209.85,1209.85,1209.85,0,0
20070919,1209.85,1209.85,1209.85,1209.85,0,0
20070920,1212.98,1212.98,1212.98,1212.98,0,0
20070921,1219.25,1219.25,1219.25,1219.25,0,0
20070924,1217.37,1217.37,1217.37,1217.37,0,0
20070925,1191.04,1191.04,1191.04,1191.04,0,0
20070926,1191.04,1191.04,1191.04,1191.04,0,0
20070927,1191.04,1191.04,1191.04,1191.04,0,0
20070928,1163.46,1163.46,1163.46,1163.46,0,0
20071001,1159.7,1159.7,1159.7,1159.7,0,0
20071002,1172.24,1172.24,1172.24,1172.24,0,0
20071003,1175.37,1175.37,1175.37,1175.37,0,0
20071004,1177.88,1177.88,1177.88,1177.88,0,0
20071005,1187.91,1187.91,1187.91,1187.91,0,0
20071008,1180.39,1180.39,1180.39,1180.39,0,0
20071009,1188.54,1188.54,1188.54,1188.54,0,0
20071010,1194.18,1194.18,1194.18,1194.18,0,0
20071011,1221.76,1221.76,1221.76,1221.76,0,0
20071012,1216.12,1216.12,1216.12,1216.12,0,0
20071015,1219.25,1219.25,1219.25,1219.25,0,0
20071016,1216.75,1216.75,1216.75,1216.75,0,0
20071017,1219.25,1219.25,1219.25,1219.25,0,0
20071018,1191.04,1191.04,1191.04,1191.04,0,0
20071019,1191.04,1191.04,1191.04,1191.04,0,0
20071022,1159.7,1159.7,1159.7,1159.7,0,0
20071023,1140.9,1140.9,1140.9,1140.9,0,0
20071024,1128.36,1128.36,1128.36,1128.36,0,0
20071025,1134,1134,1134,1134,0,0
20071026,1134.63,1134.63,1134.63,1134.63,0,0
20071029,1134.63,1134.63,1134.63,1134.63,0,0
20071030,1128.36,1128.36,1128.36,1128.36,0,0
20071031,1110.81,1110.81,1110.81,1110.81,0,0
20071102,1084.48,1084.48,1084.48,1084.48,0,0
20071105,1065.67,1065.67,1065.67,1065.67,0,0
20071106,1004.24,1004.24,1004.24,1004.24,0,0
20071107,937.16,937.16,937.16,937.16,0,0
20071108,924,924,924,924,0,0
20071109,924.63,929.01,878.24,885.76,0,0
20071112,853.16,885.76,853.16,866.95,0,0
20071113,852.54,864.45,833.73,854.42,0,0
20071114,871.34,878.87,846.27,846.27,0,0
20071115,846.27,846.27,796.75,803.64,0,0
20071116,789.22,803.64,759.13,783.58,0,0
20071119,796.12,805.52,758.51,771.04,0,0
20071120,761.64,761.64,700.21,729.67,0,0
20071121,720.27,720.27,655.7,673.25,0,0
20071122,663.85,719.64,615.58,719.64,0,0
20071123,720.9,752.24,714.63,719.64,0,0
20071126,752.24,752.24,705.85,705.85,0,0
20071127,653.19,714.63,653.19,695.19,0,0
20071128,711.49,724.66,689.55,724.66,0,0
20071129,734.06,750.98,705.22,720.9,0,0
20071130,727.16,758.51,720.9,720.9,0,0
20071203,740.95,851.28,740.95,815.55,0,0
20071204,841.88,846.27,808.66,808.66,0,0
20071205,789.85,841.25,789.85,834.36,0,0
20071206,843.76,843.76,804.9,818.69,0,0
20071207,828.72,828.72,810.54,814.93,0,0
20071210,813.67,814.93,789.85,789.85,0,0
20071211,784.21,794.24,775.43,777.31,0,0
20071212,814.93,843.13,798,799.25,0,0
20071213,808.03,808.03,767.91,775.43,0,0
20071214,764.78,773.55,752.24,756,0,0
20071217,730.3,740.95,715.25,740.33,0,0
20071218,731.55,734.69,702.09,734.69,0,0
20071219,728.42,752.24,728.42,731.55,0,0
20071220,730.93,739.7,722.78,729.67,0,0
20071221,731.55,758.51,718.39,718.39,0,0
20071227,745.34,747.22,727.79,734.06,0,0
20071228,742.84,758.51,727.79,747.22,0,0
20080102,756,774.18,752.24,764.78,0,0
20080103,772.3,772.3,739.7,749.1,0,0
20080104,743.46,761.64,736.57,736.57,0,0
20080107,727.16,727.16,717.76,727.16,0,0
20080108,719.01,726.54,709.61,719.64,0,0
20080109,708.36,708.36,683.28,683.91,0,0
20080110,698.95,698.95,630,630,0,0
20080111,639.4,639.4,623.1,625.61,0,0
20080114,611.19,611.19,611.19,611.19,0,0
20080115,614.33,614.33,571.7,582.98,0,0
20080116,533.46,573.58,533.46,540.98,0,0
20080117,551.64,557.28,532.84,544.12,0,0
20080118,526.57,565.43,526.57,554.78,0,0
20080121,554.15,588.63,542.87,554.15,0,0
20080122,532.84,554.78,532.84,554.78,0,0
20080123,564.81,576.72,554.78,573.58,0,0
20080124,601.79,613.07,589.25,595.52,0,0
20080125,614.33,614.33,582.98,595.52,0,0
20080128,582.98,583.61,571.07,571.07,0,0
20080129,582.36,597.4,582.36,597.4,0,0
20080130,597.4,597.4,589.25,589.25,0,0
20080131,597.4,597.4,576.72,582.98,0,0
20080201,589.88,601.79,589.88,589.88,0,0
20080204,598.66,608.69,589.25,594.9,0,0
20080205,589.88,589.88,570.45,581.1,0,0
20080206,564.18,581.1,564.18,580.48,0,0
20080207,577.97,593.64,572.33,584.24,0,0
20080208,582.98,586.12,574.21,585.49,0,0
20080211,582.98,601.16,576.72,583.61,0,0
20080212,586.12,625.61,586.12,625.61,0,0
20080213,609.31,614.33,604.93,614.33,0,0
20080214,618.72,623.73,602.42,611.82,0,0
20080215,601.79,601.79,589.25,594.9,0,0
20080218,601.16,601.16,582.98,586.12,0,0
20080219,579.85,588.63,576.72,579.85,0,0
20080220,569.82,588,569.19,569.82,0,0
20080221,577.34,584.87,569.82,576.72,0,0
20080222,576.72,598.66,576.72,581.73,0,0
20080225,588.63,588.63,573.58,573.58,0,0
20080226,576.09,576.72,560.42,575.46,0,0
20080227,576.09,576.09,570.45,573.58,0,0
20080228,566.69,572.33,564.18,569.82,0,0
20080229,570.45,570.45,533.46,533.46,0,0
20080303,533.46,533.46,492.72,495.22,0,0
20080304,504,504,482.69,492.09,0,0
20080305,485.82,491.46,479.55,485.82,0,0
20080306,492.09,498.36,485.82,487.07,0,0
20080307,488.96,497.73,474.54,483.94,0,0
20080310,483.94,485.82,479.55,482.69,0,0
20080311,476.42,488.96,476.42,488.96,0,0
20080312,504,504,483.94,488.96,0,0
20080313,488.33,488.96,470.78,488.33,0,0
20080314,488.96,500.87,476.42,476.42,0,0
20080317,470.15,479.55,461.37,470.15,0,0
20080318,470.15,470.15,460.75,461.37,0,0
20080319,470.15,470.15,463.88,468.27,0,0
20080320,470.15,470.15,463.88,463.88,0,0
20080325,476.42,476.42,473.28,475.16,0,0
20080326,480.18,486.45,475.79,486.45,0,0
20080327,490.84,517.16,486.45,507.76,0,0
20080328,514.66,514.66,504.63,513.4,0,0
20080331,506.51,506.51,506.51,506.51,0,0
20080401,506.51,506.51,491.46,498.98,0,0
20080402,501.49,501.49,492.72,496.48,0,0
20080403,500.87,500.87,494.6,497.73,0,0
20080404,491.46,504.63,491.46,504.63,0,0
20080407,501.49,504.63,492.09,492.09,0,0
20080408,504,504,492.09,495.22,0,0
20080409,495.22,495.85,488.96,488.96,0,0
20080410,495.22,496.48,470.15,470.15,0,0
20080411,482.69,482.69,470.78,474.54,0,0
20080414,476.42,477.67,469.52,472.66,0,0
20080415,472.66,472.66,463.88,472.03,0,0
20080416,477.67,478.93,462,462,0,0
20080417,468.27,475.16,465.13,472.66,0,0
20080418,466.39,466.39,463.25,463.25,0,0
20080421,469.52,469.52,431.91,442.57,0,0
20080422,438.81,438.81,413.73,413.73,0,0
20080423,410.6,445.07,410.6,445.07,0,0
20080424,443.82,456.98,443.82,450.09,0,0
20080425,451.34,495.22,446.33,488.96,0,0
20080428,488.96,500.87,488.96,492.09,0,0
20080429,492.09,492.09,475.79,488.96,0,0
20080430,493.97,501.49,475.79,498.36,0,0
20080505,504.63,509.64,501.49,503.37,0,0
20080506,504,504,495.85,498.36,0,0
20080507,504,504,495.22,501.49,0,0
20080508,495.22,501.49,489.58,489.58,0,0
20080509,489.58,495.22,477.04,488.96,0,0
20080512,494.6,495.22,482.69,492.09,0,0
20080513,495.22,495.22,482.69,490.21,0,0
20080514,483.94,498.36,476.42,482.69,0,0
20080515,476.42,476.42,445.7,450.09,0,0
20080516,432.54,432.54,411.85,413.73,0,0
20080519,411.22,415.61,381.76,396.81,0,0
20080520,394.93,394.93,382.39,386.78,0,0
20080521,382.39,382.39,375.49,379.25,0,0
20080523,379.88,397.43,379.25,387.4,0,0
20080526,388.66,391.16,387.4,388.66,0,0
20080527,388.66,392.42,388.66,389.28,0,0
20080528,379.25,394.93,379.25,394.3,0,0
20080529,394.93,394.93,375.49,386.78,0,0
20080530,385.52,385.52,347.28,347.28,0,0
20080602,372.98,372.98,307.79,307.79,0,0
20080603,300.27,305.28,294.63,300.9,0,0
20080604,300.9,300.9,286.48,296.51,0,0
20080605,292.75,292.75,274.57,285.22,0,0
20080606,282.09,282.09,269.55,269.55,0,0
20080609,265.16,269.55,250.75,255.76,0,0
20080610,252,255.76,223.16,225.67,0,0
20080611,225.67,227.55,206.87,206.87,0,0
20080612,203.73,216.27,203.1,209.37,0,0
20080613,208.12,211.25,201.85,211.25,0,0
20080616,211.88,219.4,211.88,214.39,0,0
20080617,216.27,226.93,214.39,224.42,0,0
20080618,226.3,233.19,225.67,230.69,0,0
20080619,230.06,233.82,227.55,230.69,0,0
20080620,230.69,232.57,223.79,224.42,0,0
20080623,221.91,233.19,221.91,232.57,0,0
20080624,232.57,232.57,209.37,226.93,0,0
20080625,226.93,228.81,219.4,226.93,0,0
20080626,223.79,225.67,211.25,219.4,0,0
20080627,217.52,217.52,210,215.64,0,0
20080630,213.13,217.52,211.88,211.88,0,0
20080701,211.25,211.25,201.85,204.36,0,0
20080702,201.22,202.48,193.7,194.96,0,0
20080703,191.82,191.82,181.79,181.79,0,0
20080704,182.42,183.04,173.01,173.64,0,0
20080707,176.15,189.31,174.27,188.06,0,0
20080708,188.06,205.61,188.06,188.06,0,0
20080709,199.97,201.22,188.06,188.06,0,0
20080710,188.06,195.58,181.79,181.79,0,0
20080711,181.79,184.93,178.66,183.04,0,0
20080714,184.93,189.94,183.67,184.93,0,0
20080715,183.67,189.94,182.42,186.18,0,0
20080716,186.18,189.31,186.18,188.69,0,0
20080717,190.57,193.7,188.06,193.07,0,0
20080718,193.07,193.07,179.91,184.3,0,0
20080721,185.55,200.6,185.55,198.72,0,0
20080722,196.21,198.72,188.06,188.06,0,0
20080723,189.94,196.21,188.06,194.33,0,0
20080724,196.84,216.27,195.58,199.97,0,0
20080725,197.46,230.69,197.46,219.4,0,0
20080728,218.78,234.45,218.78,221.91,0,0
20080729,219.4,234.45,218.15,231.94,0,0
20080730,241.34,251.37,238.21,250.75,0,0
20080731,258.9,258.9,238.21,243.22,0,0
20080801,241.97,243.22,225.67,225.67,0,0
20080804,223.16,224.42,213.76,213.76,0,0
20080805,211.25,222.54,211.25,217.52,0,0
20080806,223.16,223.79,210.63,217.52,0,0
20080807,210.63,215.01,198.72,199.34,0,0
20080808,195.58,201.85,193.7,197.46,0,0
20080811,201.85,205.61,196.21,203.1,0,0
20080812,205.61,210.63,201.22,203.73,0,0
20080813,203.73,204.99,200.6,203.73,0,0
20080814,204.99,204.99,198.72,198.72,0,0
20080818,202.48,202.48,191.82,196.84,0,0
20080819,190.57,190.57,187.43,187.43,0,0
20080820,188.06,194.33,188.06,191.19,0,0
20080821,191.19,191.19,186.18,189.94,0,0
20080822,191.19,193.07,189.94,192.45,0,0
20080825,188.06,199.34,188.06,193.07,0,0
20080826,193.07,193.07,188.06,191.19,0,0
20080827,191.19,195.58,188.06,188.69,0,0
20080828,192.45,192.45,188.69,190.57,0,0
20080829,193.7,193.7,189.31,192.45,0,0
20080901,191.19,193.07,188.06,189.94,0,0
20080902,189.94,199.34,189.94,194.96,0,0
20080903,195.58,197.46,193.07,194.33,0,0
20080904,193.07,194.33,191.19,193.07,0,0
20080905,188.06,190.57,183.04,183.04,0,0
20080908,184.93,191.82,184.93,186.18,0,0
20080909,186.18,190.57,183.67,186.18,0,0
20080910,184.3,187.43,183.67,187.43,0,0
20080911,190.57,190.57,184.93,188.06,0,0
20080912,192.45,192.45,187.43,189.31,0,0
20080915,188.06,190.57,183.67,188.06,0,0
20080916,183.67,187.43,181.79,186.18,0,0
20080917,183.67,186.18,182.42,184.93,0,0
20080918,181.79,186.81,179.28,184.3,0,0
20080919,188.06,191.19,184.3,191.19,0,0
20080922,192.45,194.33,188.06,191.19,0,0
20080923,190.57,190.57,184.93,184.93,0,0
20080924,187.43,197.46,184.93,191.19,0,0
20080925,191.82,201.22,191.82,200.6,0,0
20080926,200.6,210,200.6,201.22,0,0
20080929,201.85,201.85,188.69,188.69,0,0
20080930,182.42,193.07,182.42,188.69,0,0
20081001,189.31,205.61,188.69,204.36,0,0
20081002,206.87,206.87,197.46,197.46,0,0
20081003,197.46,203.1,195.58,200.6,0,0
20081006,199.34,199.34,183.67,184.3,0,0
20081007,189.31,189.31,172.39,174.27,0,0
20081008,168.63,174.27,152.33,168.63,0,0
20081009,173.01,174.27,166.12,173.64,0,0
20081010,166.12,173.64,157.97,162.99,0,0
20081013,167.37,169.25,162.99,166.12,0,0
20081014,171.13,172.39,167.37,168,0,0
20081015,169.25,169.25,157.34,160.48,0,0
20081016,153.58,157.34,149.82,151.07,0,0
20081017,156.72,156.72,146.06,150.45,0,0
20081020,156.72,156.72,149.82,153.58,0,0
20081021,151.7,159.85,147.94,150.45,0,0
20081022,149.82,149.82,142.93,144.18,0,0
20081023,140.42,144.18,132.27,136.66,0,0
20081024,131.64,136.66,128.51,131.64,0,0
20081027,129.13,129.13,120.36,125.37,0,0
20081028,129.13,131.01,119.1,119.1,0,0
20081029,125.37,126.63,122.24,125.37,0,0
20081030,131.01,132.27,125.37,129.13,0,0
20081031,127.88,129.76,125.37,129.76,0,0
20081103,131.64,132.9,129.76,129.76,0,0
20081104,132.27,139.16,130.39,138.54,0,0
20081105,143.55,143.55,137.91,137.91,0,0
20081106,135.4,137.91,130.39,130.39,0,0
20081107,130.39,133.52,130.39,132.27,0,0
20081110,131.64,136.03,131.01,134.15,0,0
20081112,133.52,133.52,124.75,125.37,0,0
20081113,125.37,125.37,119.73,122.87,0,0
20081114,131.01,131.01,123.49,127.88,0,0
20081117,127.25,127.25,120.99,122.87,0,0
20081118,126.63,126.63,119.1,122.24,0,0
20081119,125.37,125.37,120.36,123.49,0,0
20081120,119.1,120.99,116.6,120.36,0,0
20081121,117.22,120.36,114.72,117.85,0,0
20081124,114.72,115.97,111.58,115.97,0,0
20081125,119.1,119.1,116.6,117.85,0,0
20081126,114.09,115.97,112.21,115.97,0,0
20081127,115.97,118.48,115.34,117.85,0,0
20081128,119.1,119.1,115.97,117.22,0,0
20081201,119.1,119.1,115.34,117.22,0,0
20081202,114.09,117.22,114.09,117.22,0,0
20081203,115.34,120.36,115.34,120.36,0,0
20081204,119.1,120.99,117.85,120.36,0,0
20081205,120.36,125.37,119.73,125.37,0,0
20081208,126.63,131.01,126.63,131.01,0,0
20081209,131.64,137.28,129.13,132.9,0,0
20081210,132.9,160.48,129.13,152.96,0,0
20081211,154.21,155.46,144.18,153.58,0,0
20081212,147.31,150.45,145.43,146.69,0,0
20081215,151.07,151.07,139.79,139.79,0,0
20081216,138.54,144.18,137.91,137.91,0,0
20081217,139.79,141.04,131.64,131.64,0,0
20081218,131.64,136.03,126,128.51,0,0
20081219,126.63,134.15,126.63,129.76,0,0
20081222,131.01,131.01,125.37,125.37,0,0
20081223,114.09,123.49,114.09,122.87,0,0
20081229,124.75,127.25,124.75,126.63,0,0
20081230,127.25,127.88,125.37,127.25,0,0
20081231,127.25,131.64,126,131.64,0,0
20090105,129.13,136.03,129.13,136.03,0,0
20090106,136.66,141.67,136.66,141.04,0,0
20090107,142.3,147.31,142.3,145.43,0,0
20090108,144.81,146.06,142.93,144.18,0,0
20090109,142.93,144.18,141.67,144.18,0,0
20090112,138.54,144.18,138.54,144.18,0,0
20090113,144.18,151.07,144.18,148.57,0,0
20090114,150.45,161.73,150.45,153.58,0,0
20090115,145.43,153.58,145.43,149.19,0,0
20090116,150.45,156.09,143.55,155.46,0,0
20090119,156.72,159.85,153.58,155.46,0,0
20090120,151.7,151.7,144.18,146.69,0,0
20090121,141.04,141.04,129.13,137.28,0,0
20090122,132.9,137.28,132.9,136.03,0,0
20090123,129.76,136.03,129.76,135.4,0,0
20090126,136.03,136.03,135.4,135.4,0,0
20090127,143.55,143.55,135.4,140.42,0,0
20090128,135.4,140.42,135.4,136.66,0,0
20090129,137.28,140.42,135.4,137.28,0,0
20090130,140.42,140.42,133.52,138.54,0,0
20090202,134.78,137.28,128.51,128.51,0,0
20090203,131.01,134.78,125.37,131.01,0,0
20090204,131.64,134.15,129.13,131.64,0,0
20090205,134.15,134.15,130.39,133.52,0,0
20090206,134.15,137.28,130.39,133.52,0,0
20090209,137.28,140.42,134.15,140.42,0,0
20090210,139.79,142.3,138.54,139.79,0,0
20090211,133.52,140.42,133.52,139.79,0,0
20090212,139.79,139.79,131.64,131.64,0,0
20090213,131.64,135.4,131.64,135.4,0,0
20090216,134.78,136.66,129.13,134.15,0,0
20090217,134.15,134.78,130.39,131.01,0,0
20090218,131.64,132.9,125.37,132.9,0,0
20090219,132.9,137.28,131.64,136.66,0,0
20090220,134.78,134.78,130.39,134.78,0,0
20090223,132.9,137.91,132.9,137.28,0,0
20090224,132.9,137.91,132.27,136.66,0,0
20090225,137.28,137.28,134.15,136.66,0,0
20090226,137.28,137.28,136.03,136.03,0,0
20090227,129.13,137.28,129.13,136.03,0,0
20090302,135.4,136.03,130.39,136.03,0,0
20090303,130.39,132.9,130.39,132.9,0,0
20090304,130.39,133.52,127.88,131.01,0,0
20090305,133.52,133.52,123.49,132.9,0,0
20090306,131.01,131.01,127.88,129.76,0,0
20090309,131.64,134.15,130.39,134.15,0,0
20090310,134.15,136.66,132.27,136.66,0,0
20090311,137.28,137.28,131.64,132.9,0,0
20090312,133.52,133.52,129.76,131.64,0,0
20090313,132.27,132.27,127.88,129.13,0,0
20090316,132.27,132.27,127.25,128.51,0,0
20090317,130.39,130.39,125.37,127.25,0,0
20090318,126,127.88,124.75,127.25,0,0
20090319,126.63,127.88,125.37,127.88,0,0
20090320,128.51,129.76,127.88,128.51,0,0
20090323,129.76,137.91,129.76,137.28,0,0
20090324,138.54,141.67,134.78,134.78,0,0
20090325,136.66,142.3,132.27,140.42,0,0
20090326,141.67,144.81,134.78,136.66,0,0
20090327,136.66,137.28,132.27,133.52,0,0
20090330,134.15,152.96,134.15,146.06,0,0
20090331,150.45,155.46,146.06,146.69,0,0
20090401,146.69,153.58,142.93,151.07,0,0
20090402,156.09,166.12,151.07,163.61,0,0
20090403,168.63,184.93,168.63,178.03,0,0
20090406,187.43,193.07,172.39,181.79,0,0
20090407,181.16,181.16,167.37,167.37,0,0
20090408,169.25,174.9,169.25,173.01,0,0
20090409,176.15,178.66,169.25,177.4,0,0
20090414,181.79,191.19,177.4,183.67,0,0
20090415,184.93,184.93,176.15,184.93,0,0
20090416,185.55,186.81,174.9,175.52,0,0
20090417,175.52,175.52,168.63,168.63,0,0
20090420,171.76,171.76,156.72,156.72,0,0
20090421,155.46,165.49,153.58,155.46,0,0
20090422,157.97,170.51,157.97,163.61,0,0
20090423,164.24,168.63,164.24,164.87,0,0
20090424,168.63,168.63,162.99,166.12,0,0
20090427,166.75,169.25,163.61,163.61,0,0
20090428,160.48,160.48,154.21,156.72,0,0
20090429,158.6,165.49,158.6,165.49,0,0
20090430,170.51,177.4,170.51,173.64,0,0
20090504,178.03,178.66,172.39,174.9,0,0
20090505,175.52,175.52,164.24,164.24,0,0
20090506,166.75,166.75,161.1,161.1,0,0
20090507,164.24,168.63,164.24,164.24,0,0
20090508,164.24,164.24,159.85,161.1,0,0
20090511,161.1,164.24,161.1,163.61,0,0
20090512,162.99,164.24,160.48,162.99,0,0
20090513,165.49,165.49,155.46,159.85,0,0
20090514,156.72,159.85,154.21,156.72,0,0
20090515,157.34,164.87,157.34,161.1,0,0
20090518,162.99,167.37,162.99,164.87,0,0
20090519,169.25,169.25,157.34,158.6,0,0
20090520,170.51,177.4,165.49,169.25,0,0
20090521,168.63,170.51,162.36,162.99,0,0
20090522,166.12,166.12,159.22,159.85,0,0
20090525,159.85,164.24,151.7,151.7,0,0
20090526,151.07,152.96,147.31,150.45,0,0
20090527,156.72,156.72,150.45,153.58,0,0
20090528,154.21,154.21,151.7,152.96,0,0
20090529,152.96,156.09,152.96,154.84,0,0
20090601,157.97,159.85,154.84,158.6,0,0
20090602,159.22,159.22,156.72,157.97,0,0
20090603,158.6,158.6,156.72,157.97,0,0
20090604,158.6,159.85,156.72,157.97,0,0
20090605,159.22,160.48,156.72,157.97,0,0
20090608,156.72,156.72,152.33,153.58,0,0
20090609,157.34,157.34,154.84,155.46,0,0
20090610,155.46,157.97,155.46,156.72,0,0
20090612,158.6,159.85,156.72,157.34,0,0
20090615,162.36,173.64,162.36,169.25,0,0
20090616,166.12,176.15,166.12,172.39,0,0
20090617,174.9,174.9,161.73,161.73,0,0
20090618,163.61,164.24,157.97,160.48,0,0
20090619,159.85,165.49,158.6,164.24,0,0
20090622,161.73,161.73,156.72,156.72,0,0
20090623,155.46,156.09,150.45,152.33,0,0
20090624,154.84,164.24,153.58,163.61,0,0
20090625,165.49,165.49,159.22,161.1,0,0
20090626,162.99,166.12,161.73,163.61,0,0
20090629,164.24,164.24,161.73,164.24,0,0
20090630,164.87,166.12,161.73,161.73,0,0
20090701,161.73,162.36,158.6,162.36,0,0
20090702,163.61,163.61,158.6,159.85,0,0
20090703,159.85,159.85,154.84,154.84,0,0
20090706,153.58,155.46,153.58,154.21,0,0
20090707,152.96,156.72,151.7,151.7,0,0
20090708,152.33,154.84,149.82,154.84,0,0
20090709,156.09,157.97,155.46,157.97,0,0
20090710,155.46,156.09,152.33,153.58,0,0
20090713,154.84,154.84,150.45,151.07,0,0
20090714,154.21,154.21,152.33,153.58,0,0
20090715,154.84,156.72,152.96,154.21,0,0
20090716,156.72,164.87,154.21,158.6,0,0
20090717,161.73,165.49,156.72,157.97,0,0
20090720,157.97,159.85,151.7,152.33,0,0
20090721,152.96,155.46,151.7,154.21,0,0
20090722,154.84,155.46,152.96,153.58,0,0
20090723,156.09,157.34,152.96,155.46,0,0
20090724,157.97,161.73,154.84,156.72,0,0
20090727,157.97,159.22,156.09,159.22,0,0
20090728,158.6,174.9,158.6,174.9,0,0
20090729,174.27,175.52,166.12,166.12,0,0
20090730,168.63,183.04,168.63,178.66,0,0
20090731,183.67,188.06,179.28,179.91,0,0
20090803,184.3,200.6,184.3,198.72,0,0
20090804,201.22,216.9,198.72,216.9,0,0
20090805,219.4,219.4,204.36,204.36,0,0
20090806,208.75,208.75,198.09,199.97,0,0
20090807,202.48,205.61,196.84,202.48,0,0
20090810,206.24,209.37,201.85,202.48,0,0
20090811,205.61,210,197.46,197.46,0,0
20090812,193.07,197.46,189.31,194.33,0,0
20090813,198.72,198.72,193.07,194.96,0,0
20090814,197.46,197.46,191.19,192.45,0,0
20090817,192.45,192.45,184.93,188.06,0,0
20090818,189.94,192.45,188.06,191.19,0,0
20090819,189.94,204.99,188.06,203.73,0,0
20090820,206.87,214.39,206.87,212.51,0,0
20090821,213.76,215.01,205.61,206.87,0,0
20090824,208.75,211.25,206.87,209.37,0,0
20090825,206.87,216.27,206.87,213.13,0,0
20090826,213.13,235.07,213.13,235.07,0,0
20090827,236.96,247.61,236.96,237.58,0,0
20090828,242.6,245.1,236.96,240.09,0,0
20090831,247.61,280.84,247.61,277.07,0,0
20090901,290.24,314.69,288.36,314.69,0,0
20090902,303.4,314.69,278.33,286.48,0,0
20090903,297.13,309.67,297.13,300.27,0,0
20090904,310.3,310.93,299.64,300.27,0,0
20090907,305.91,307.79,301.52,307.16,0,0
20090908,309.04,353.55,309.04,353.55,0,0
20090909,356.69,391.79,356.69,381.13,0,0
20090910,394.93,394.93,365.46,374.87,0,0
20090911,379.88,379.88,366.72,376.12,0,0
20090914,360.45,369.85,349.79,351.04,0,0
20090915,366.72,366.72,342.27,351.04,0,0
20090916,359.82,404.33,359.82,404.33,0,0
20090917,425.64,432.54,404.33,413.73,0,0
20090918,421.25,421.25,410.6,418.75,0,0
20090921,436.93,436.93,418.75,421.25,0,0
20090922,423.13,465.13,409.97,428.15,0,0
20090923,438.18,438.18,409.34,413.73,0,0
20090924,398.69,424.39,398.06,410.6,0,0
20090925,413.73,417.49,409.34,411.85,0,0
20090928,414.36,414.36,393.67,394.93,0,0
20090929,400.57,400.57,391.79,393.67,0,0
20090930,391.79,391.79,363.58,366.72,0,0
20091001,372.98,379.25,369.85,376.12,0,0
20091002,362.96,364.21,350.42,360.45,0,0
20091005,356.06,363.58,323.46,341.64,0,0
20091006,354.18,366.72,347.91,366.72,0,0
20091007,384.27,386.78,371.1,374.87,0,0
20091008,385.52,401.19,385.52,394.93,0,0
20091009,406.21,406.21,387.4,391.16,0,0
20091012,386.78,393.67,379.25,388.66,0,0
20091013,384.9,388.66,366.09,366.72,0,0
20091014,372.36,383.01,369.85,378.63,0,0
20091015,386.15,386.78,375.49,376.12,0,0
20091016,376.12,379.25,367.34,372.98,0,0
20091019,372.36,372.98,364.84,369.85,0,0
20091020,372.98,373.61,359.82,359.82,0,0
20091021,357.31,357.31,347.91,357.31,0,0
20091022,351.04,354.18,345.4,348.54,0,0
20091023,356.69,379.25,356.69,375.49,0,0
20091026,376.75,376.75,363.58,374.24,0,0
20091027,369.85,370.48,361.07,366.72,0,0
20091028,364.21,371.1,361.07,366.72,0,0
20091029,357.31,373.61,357.31,373.61,0,0
20091030,374.87,385.52,369.85,369.85,0,0
20091102,360.45,370.48,360.45,369.85,0,0
20091103,369.85,369.85,362.33,367.97,0,0
20091104,369.85,372.36,367.97,370.48,0,0
20091105,368.6,377.37,368.6,369.85,0,0
20091106,372.98,372.98,363.58,367.34,0,0
20091109,369.85,418.12,367.97,418.12,0,0
20091110,426.27,426.27,408.09,413.73,0,0
20091112,413.73,453.85,413.73,451.34,0,0
20091113,462.63,465.76,442.57,460.75,0,0
20091116,453.22,501.49,453.22,495.22,0,0
20091117,498.98,505.25,477.67,477.67,0,0
20091118,482.06,494.6,476.42,482.06,0,0
20091119,487.7,492.09,473.28,475.79,0,0
20091120,475.79,485.19,454.48,463.25,0,0
20091123,479.55,481.43,460.75,472.66,0,0
20091124,471.4,473.28,464.51,470.15,0,0
20091125,471.4,473.91,463.88,469.52,0,0
20091126,470.15,470.15,438.18,446.96,0,0
20091127,420.63,448.21,420.63,448.21,0,0
20091130,451.97,462,448.84,454.48,0,0
20091201,463.88,463.88,457.61,459.49,0,0
20091202,466.39,466.39,441.94,449.46,0,0
20091203,451.34,451.34,437.55,441.94,0,0
20091204,441.94,443.19,434.42,441.94,0,0
20091207,445.07,445.07,435.67,440.69,0,0
20091208,438.81,440.06,429.4,430.03,0,0
20091209,426.9,426.9,416.87,417.49,0,0
20091210,420,420,407.46,409.97,0,0
20091211,416.87,447.58,409.97,447.58,0,0
20091214,457.61,463.88,454.48,460.12,0,0
20091215,476.42,476.42,440.06,450.09,0,0
20091216,451.34,451.34,438.81,447.58,0,0
20091217,440.06,445.07,427.52,427.52,0,0
20091218,426.9,441.31,426.27,441.31,0,0
20091221,448.21,448.21,428.15,439.43,0,0
20091222,437.55,439.43,426.9,426.9,0,0
20091223,426.27,426.9,394.93,394.93,0,0
20091228,395.55,412.48,374.24,411.22,0,0
20091229,413.73,429.4,411.22,425.01,0,0
20091230,423.13,423.13,406.84,409.34,0,0
20091231,409.34,411.22,408.09,409.34,0,0
20100104,407.46,421.88,403.7,403.7,0,0
20100105,94.03,112.84,94.03,112.84,0,0
20100106,119.1,120.36,115.97,115.97,0,0
20100107,117.85,117.85,106.57,109.07,0,0
20100108,110.96,114.72,109.7,111.58,0,0
20100111,112.84,112.84,109.7,111.58,0,0
20100112,110.96,110.96,105.31,105.31,0,0
20100113,103.43,105.31,101.55,105.31,0,0
20100114,105.31,106.57,104.69,106.57,0,0
20100115,106.57,106.57,104.06,105.31,0,0
20100118,104.06,105.31,103.43,105.31,0,0
20100119,104.06,104.69,102.81,104.69,0,0
20100120,105.31,105.31,102.18,102.18,0,0
20100121,102.81,102.81,99.67,100.3,0,0
20100122,97.79,99.67,95.28,96.54,0,0
20100125,95.28,95.28,92.78,94.66,0,0
20100126,92.78,92.78,88.39,88.39,0,0
20100127,89.01,93.4,88.39,89.64,0,0
20100128,91.52,96.54,91.52,94.03,0,0
20100129,94.03,100.3,92.78,100.3,0,0
20100201,100.93,102.18,96.54,97.79,0,0
20100202,99.67,100.3,97.16,98.42,0,0
20100203,100.3,100.3,96.54,96.54,0,0
20100204,96.54,97.79,92.78,92.78,0,0
20100205,90.27,90.9,85.88,89.64,0,0
20100208,91.52,94.66,87.76,92.15,0,0
20100209,91.52,94.03,91.52,94.03,0,0
20100210,94.66,95.28,93.4,93.4,0,0
20100211,94.03,94.66,92.15,92.78,0,0
20100212,94.03,94.03,91.52,93.4,0,0
20100215,94.03,94.66,93.4,94.66,0,0
20100216,96.54,96.54,92.78,94.66,0,0
20100217,96.54,100.3,95.28,99.67,0,0
20100218,99.67,99.67,96.54,97.79,0,0
20100219,97.79,99.04,96.54,99.04,0,0
20100222,99.67,99.67,97.79,98.42,0,0
20100223,99.04,99.67,98.42,98.42,0,0
20100224,97.16,98.42,97.16,97.16,0,0
20100225,99.67,101.55,97.79,98.42,0,0
20100226,99.67,101.55,99.67,100.3,0,0
20100301,102.18,102.18,99.04,100.3,0,0
20100302,100.3,100.93,99.04,99.04,0,0
20100303,100.3,109.7,97.79,109.7,0,0
20100304,108.45,110.96,107.19,107.19,0,0
20100305,108.45,110.33,107.82,110.33,0,0
20100308,111.58,112.21,106.57,106.57,0,0
20100309,104.06,104.06,98.42,99.04,0,0
20100310,97.79,98.42,95.91,97.16,0,0
20100311,97.16,100.3,96.54,96.54,0,0
20100312,99.04,100.93,96.54,100.3,0,0
20100315,102.18,102.18,99.67,100.93,0,0
20100316,102.18,105.31,102.18,105.31,0,0
20100317,105.94,107.82,105.31,106.57,0,0
20100318,106.57,106.57,103.43,104.06,0,0
20100319,104.06,105.94,102.81,102.81,0,0
20100322,105.31,105.31,102.18,102.81,0,0
20100323,104.69,105.31,103.43,103.43,0,0
20100324,104.69,109.07,104.69,107.19,0,0
20100325,108.45,134.78,108.45,134.78,0,0
20100326,137.91,144.18,137.91,139.16,0,0
20100329,138.54,141.67,137.28,138.54,0,0
20100330,139.16,139.16,131.64,132.27,0,0
20100331,131.01,131.01,122.87,124.12,0,0
20100401,124.12,135.4,124.12,132.27,0,0
20100406,136.03,144.18,136.03,144.18,0,0
20100407,146.06,149.19,143.55,144.81,0,0
20100408,146.69,146.69,139.79,140.42,0,0
20100409,144.18,145.43,142.93,144.18,0,0
20100412,142.93,147.31,142.93,147.31,0,0
20100413,146.69,146.69,141.04,144.81,0,0
20100414,145.43,145.43,142.93,144.18,0,0
20100415,144.18,144.18,136.03,137.28,0,0
20100416,134.78,134.78,129.76,131.64,0,0
20100419,126,126.63,123.49,126.63,0,0
20100420,130.39,134.15,127.25,133.52,0,0
20100421,137.28,137.28,132.27,134.15,0,0
20100422,134.78,134.78,127.88,127.88,0,0
20100423,128.51,131.64,128.51,131.64,0,0
20100426,132.9,134.15,132.9,134.15,0,0
20100427,134.15,134.78,131.64,134.78,0,0
20100428,131.01,132.9,129.76,132.9,0,0
20100429,130.39,132.27,130.39,131.01,0,0
20100430,134.78,134.78,132.27,132.27,0,0
20100504,132.9,132.9,126.63,126.63,0,0
20100505,125.37,127.88,123.49,126,0,0
20100506,122.24,127.25,122.24,124.12,0,0
20100507,119.1,119.1,116.6,116.6,0,0
20100510,120.99,127.88,120.99,127.88,0,0
20100511,130.39,130.39,125.37,125.37,0,0
20100512,125.37,131.01,125.37,129.13,0,0
20100513,131.01,132.27,129.13,129.13,0,0
20100514,131.01,132.27,127.25,127.25,0,0
20100517,126,126.63,125.37,125.37,0,0
20100518,128.51,128.51,125.37,126,0,0
20100519,125.37,125.37,119.73,120.36,0,0
20100520,121.61,121.61,112.21,112.21,0,0
20100521,112.21,115.97,107.19,115.97,0,0
20100524,120.36,120.36,116.6,116.6,0,0
20100525,110.96,669.49,110.33,669.49,0,0
20100526,695.82,722.15,684.54,722.15,0,0
20100527,722.15,722.15,710.87,714.63,0,0
20100528,729.67,756,729.67,737.19,0,0
20100531,737.19,740.95,729.67,729.67,0,0
20100601,725.91,729.67,703.34,729.67,0,0
20100602,725.91,733.43,722.15,733.43,0,0
20100604,759.76,801.13,752.24,771.04,0,0
20100607,756,808.66,752.24,804.9,0,0
20100608,819.94,819.94,793.61,816.18,0,0
20100609,827.46,827.46,812.42,812.42,0,0
20100610,804.9,812.42,797.37,812.42,0,0
20100611,827.46,827.46,804.9,827.46,0,0
20100614,838.75,853.79,827.46,831.22,0,0
20100615,827.46,827.46,812.42,816.18,0,0
20100616,823.7,823.7,801.13,804.9,0,0
20100617,797.37,797.37,759.76,774.81,0,0
20100618,782.33,782.33,759.76,782.33,0,0
20100621,793.61,797.37,786.09,793.61,0,0
20100622,782.33,782.33,763.52,767.28,0,0
20100623,752.24,759.76,737.19,737.19,0,0
20100624,748.48,748.48,714.63,737.19,0,0
20100625,725.91,808.66,725.91,808.66,0,0
20100628,827.46,827.46,778.57,778.57,0,0
20100629,759.76,778.57,756,759.76,0,0
20100630,744.72,789.85,744.72,763.52,0,0
20100701,756,774.81,752.24,763.52,0,0
20100702,774.81,774.81,759.76,767.28,0,0
20100705,767.28,789.85,767.28,789.85,0,0
20100706,823.7,823.7,808.66,816.18,0,0
20100707,812.42,812.42,789.85,801.13,0,0
20100708,812.42,812.42,793.61,797.37,0,0
20100709,801.13,823.7,801.13,812.42,0,0
20100712,812.42,831.22,812.42,823.7,0,0
20100713,827.46,827.46,812.42,819.94,0,0
20100714,823.7,823.7,812.42,816.18,0,0
20100715,816.18,819.94,804.9,816.18,0,0
20100716,808.66,823.7,801.13,812.42,0,0
20100719,801.13,846.27,801.13,827.46,0,0
20100720,842.51,846.27,831.22,838.75,0,0
20100721,842.51,876.36,842.51,876.36,0,0
20100722,880.12,1008,880.12,1008,0,0
20100723,1008,1071.94,1008,1045.61,0,0
20100726,1034.33,1068.18,1034.33,1056.9,0,0
20100727,1094.51,1132.12,1090.75,1124.6,0,0
20100728,1173.49,1173.49,1094.51,1128.36,0,0
20100729,1124.6,1124.6,1109.55,1117.07,0,0
20100730,1105.79,1128.36,1105.79,1128.36,0,0
20100802,1147.16,1256.24,1128.36,1128.36,0,0
20100803,1256.24,1278.81,1226.15,1229.91,0,0
20100804,1241.19,1263.76,1188.54,1256.24,0,0
20100805,1263.76,1290.09,1260,1267.52,0,0
20100806,1267.52,1271.28,1233.67,1241.19,0,0
20100809,1229.91,1237.43,1143.4,1162.21,0,0
20100810,1147.16,1147.16,1086.98,1113.31,0,0
20100811,1124.6,1150.93,1124.6,1143.4,0,0
20100812,1143.4,1143.4,1109.55,1132.12,0,0
20100813,1147.16,1181.01,1147.16,1177.25,0,0
20100816,1188.54,1196.06,1162.21,1177.25,0,0
20100817,1184.78,1188.54,1169.73,1184.78,0,0
20100818,1188.54,1188.54,1139.64,1154.69,0,0
20100819,1147.16,1154.69,1124.6,1147.16,0,0
20100820,1128.36,1165.97,1128.36,1165.97,0,0
20100823,1165.97,1188.54,1165.97,1177.25,0,0
20100824,1177.25,1184.78,1173.49,1181.01,0,0
20100825,1184.78,1214.87,1184.78,1203.58,0,0
20100826,1248.72,1316.42,1248.72,1308.9,0,0
20100827,1331.46,1331.46,1293.85,1308.9,0,0
20100830,1323.94,1421.73,1308.9,1399.16,0,0
20100831,1391.64,1500.72,1391.64,1466.87,0,0
20100901,1496.95,1575.94,1496.95,1575.94,0,0
20100902,1617.31,1842.98,1617.31,1775.28,0,0
20100903,1854.27,1854.27,1715.1,1797.85,0,0
20100906,1824.18,1824.18,1711.34,1722.63,0,0
20100907,1711.34,1711.34,1594.75,1669.97,0,0
20100908,1669.97,1812.89,1669.97,1812.89,0,0
20100909,1809.13,1846.75,1790.33,1797.85,0,0
20100910,1797.85,1831.7,1782.81,1805.37,0,0
20100913,1816.66,1816.66,1745.19,1748.95,0,0
20100914,1730.15,1767.76,1700.06,1767.76,0,0
20100915,1764,1790.33,1741.43,1779.04,0,0
20100916,1782.81,1786.57,1767.76,1775.28,0,0
20100917,1786.57,1786.57,1741.43,1767.76,0,0
20100920,1764,1812.89,1737.67,1790.33,0,0
20100921,1771.52,1831.7,1771.52,1801.61,0,0
20100922,1812.89,1812.89,1782.81,1805.37,0,0
20100923,1827.94,1827.94,1790.33,1790.33,0,0
20100924,1786.57,1801.61,1786.57,1797.85,0,0
20100927,1801.61,1801.61,1764,1790.33,0,0
20100928,1767.76,1782.81,1756.48,1782.81,0,0
20100929,1790.33,1816.66,1771.52,1779.04,0,0
20100930,1767.76,1797.85,1760.24,1797.85,0,0
20101001,1797.85,1820.42,1775.28,1805.37,0,0
20101004,1805.37,1816.66,1790.33,1797.85,0,0
20101005,1797.85,1839.22,1797.85,1839.22,0,0
20101006,827.46,827.46,744.72,756,0,0
20101007,763.52,763.52,725.91,737.19,0,0
20101008,737.19,752.24,737.19,748.48,0,0
20101011,748.48,748.48,733.43,748.48,0,0
20101012,737.19,748.48,737.19,748.48,0,0
20101013,740.95,759.76,740.95,740.95,0,0
20101014,744.72,744.72,733.43,740.95,0,0
20101015,740.95,748.48,733.43,740.95,0,0
20101018,744.72,744.72,729.67,733.43,0,0
20101019,729.67,729.67,707.1,718.39,0,0
20101020,707.1,725.91,707.1,714.63,0,0
20101021,714.63,718.39,710.87,714.63,0,0
20101022,714.63,729.67,710.87,729.67,0,0
20101025,737.19,740.95,737.19,737.19,0,0
20101026,737.19,737.19,725.91,737.19,0,0
20101027,737.19,744.72,737.19,744.72,0,0
20101028,752.24,756,744.72,752.24,0,0
20101029,752.24,756,744.72,752.24,0,0
20101102,756,763.52,752.24,759.76,0,0
20101103,763.52,767.28,756,767.28,0,0
20101104,771.04,816.18,771.04,808.66,0,0
20101105,816.18,861.31,816.18,850.03,0,0
20101108,883.88,883.88,865.07,868.84,0,0
20101109,880.12,880.12,850.03,861.31,0,0
20101110,872.6,872.6,857.55,857.55,0,0
20101112,857.55,857.55,838.75,850.03,0,0
20101115,827.46,827.46,778.57,786.09,0,0
20101116,789.85,804.9,786.09,786.09,0,0
20101117,778.57,786.09,767.28,774.81,0,0
20101118,774.81,774.81,767.28,771.04,0,0
20101119,771.04,782.33,763.52,771.04,0,0
20101122,771.04,774.81,767.28,774.81,0,0
20101123,771.04,771.04,752.24,752.24,0,0
20101124,756,786.09,752.24,786.09,0,0
20101125,804.9,812.42,786.09,797.37,0,0
20101126,793.61,801.13,767.28,789.85,0,0
20101129,789.85,789.85,771.04,771.04,0,0
20101130,771.04,804.9,771.04,804.9,0,0
20101201,801.13,804.9,793.61,801.13,0,0
20101202,804.9,816.18,797.37,801.13,0,0
20101203,808.66,808.66,789.85,797.37,0,0
20101206,793.61,793.61,778.57,786.09,0,0
20101207,786.09,786.09,771.04,771.04,0,0
20101208,778.57,778.57,767.28,778.57,0,0
20101209,778.57,782.33,774.81,782.33,0,0
20101210,782.33,782.33,763.52,767.28,0,0
20101213,771.04,771.04,752.24,767.28,0,0
20101214,767.28,771.04,759.76,767.28,0,0
20101215,767.28,771.04,759.76,771.04,0,0
20101216,771.04,774.81,767.28,767.28,0,0
20101217,767.28,771.04,763.52,767.28,0,0
20101220,767.28,771.04,756,759.76,0,0
20101221,759.76,763.52,740.95,740.95,0,0
20101222,740.95,740.95,710.87,710.87,0,0
20101223,710.87,740.95,710.87,740.95,0,0
20101227,740.95,744.72,737.19,740.95,0,0
20101228,740.95,744.72,725.91,729.67,0,0
20101229,729.67,733.43,718.39,725.91,0,0
20101230,725.91,744.72,722.15,744.72,0,0
20101231,740.95,2256.72,740.95,2256.72,0,0
20110103,2268,2358.27,2256.72,2324.42,0,0
20110104,2335.7,2335.7,2301.85,2301.85,0,0
20110105,2301.85,2313.13,2245.43,2268,0,0
20110107,2279.28,2279.28,2245.43,2268,0,0
20110110,2256.72,2256.72,2211.58,2245.43,0,0
20110111,2234.15,2268,2234.15,2256.72,0,0
20110112,2256.72,2268,2245.43,2245.43,0,0
20110113,2256.72,2268,2234.15,2245.43,0,0
20110114,2245.43,2245.43,2200.3,2211.58,0,0
20110117,2189.01,2222.86,2177.73,2200.3,0,0
20110118,2211.58,2245.43,2211.58,2245.43,0,0
20110119,2268,2313.13,2256.72,2268,0,0
20110120,2279.28,2290.57,2256.72,2268,0,0
20110121,2268,2268,2234.15,2268,0,0
20110124,2268,2268,2222.86,2222.86,0,0
20110125,2211.58,2211.58,2189.01,2200.3,0,0
20110126,2211.58,2222.86,2189.01,2200.3,0,0
20110127,2200.3,2211.58,2189.01,2200.3,0,0
20110128,2222.86,2222.86,2222.86,2222.86,0,0
20110131,2189.01,2245.43,2189.01,2245.43,0,0
20110201,2256.72,2256.72,2200.3,2211.58,0,0
20110202,2222.86,2222.86,2200.3,2211.58,0,0
20110203,2211.58,2211.58,2189.01,2200.3,0,0
20110204,2177.73,2200.3,2177.73,2189.01,0,0
20110207,2189.01,2200.3,2155.16,2166.45,0,0
20110208,2155.16,2166.45,2110.03,2121.31,0,0
20110209,2121.31,2121.31,2008.48,2008.48,0,0
20110210,2008.48,2110.03,2008.48,2076.18,0,0
20110211,2076.18,2132.6,2019.76,2087.46,0,0
20110214,2121.31,2121.31,2064.89,2076.18,0,0
20110215,2064.89,2087.46,2053.61,2064.89,0,0
20110216,2064.89,2064.89,2008.48,2019.76,0,0
20110217,2031.04,2031.04,1952.06,1985.91,0,0
20110218,1952.06,2019.76,1952.06,1997.19,0,0
20110221,2008.48,2200.3,1997.19,2200.3,0,0
20110222,2211.58,2211.58,2121.31,2177.73,0,0
20110223,2143.88,2166.45,2121.31,2155.16,0,0
20110224,2132.6,2189.01,2121.31,2166.45,0,0
20110225,2189.01,2200.3,2166.45,2200.3,0,0
20110228,2200.3,2324.42,2200.3,2268,0,0
20110301,2301.85,2301.85,2189.01,2211.58,0,0
20110302,2177.73,2256.72,2177.73,2222.86,0,0
20110303,2222.86,2279.28,2222.86,2256.72,0,0
20110304,2268,2290.57,2256.72,2268,0,0
20110307,2268,2290.57,2256.72,2256.72,0,0
20110308,2279.28,2279.28,2245.43,2245.43,0,0
20110309,2245.43,2256.72,2200.3,2222.86,0,0
20110310,2211.58,2245.43,2200.3,2234.15,0,0
20110311,2211.58,2245.43,2211.58,2222.86,0,0
20110314,2256.72,2279.28,2234.15,2256.72,0,0
20110315,2222.86,2222.86,2143.88,2177.73,0,0
20110316,2189.01,2222.86,2177.73,2211.58,0,0
20110317,2222.86,2222.86,2166.45,2166.45,0,0
20110318,2189.01,2200.3,2166.45,2189.01,0,0
20110321,2200.3,2211.58,2177.73,2200.3,0,0
20110322,2200.3,2200.3,2177.73,2189.01,0,0
20110323,2189.01,2200.3,2177.73,2189.01,0,0
20110324,2189.01,2234.15,2177.73,2234.15,0,0
20110325,2234.15,2301.85,2234.15,2301.85,0,0
20110328,2324.42,2324.42,2279.28,2313.13,0,0
20110329,2313.13,2538.81,2313.13,2459.82,0,0
20110330,2471.1,2471.1,2425.97,2471.1,0,0
20110331,2471.1,2527.52,2471.1,2482.39,0,0
20110401,2493.67,2493.67,2459.82,2482.39,0,0
20110404,2482.39,2482.39,2459.82,2482.39,0,0
20110405,2482.39,2504.95,2471.1,2482.39,0,0
20110406,2482.39,2482.39,2459.82,2471.1,0,0
20110407,2459.82,2471.1,2369.55,2459.82,0,0
20110408,2437.25,2459.82,2414.69,2448.54,0,0
20110411,2425.97,2437.25,2403.4,2437.25,0,0
20110412,2425.97,2437.25,2369.55,2425.97,0,0
20110413,1331.46,1342.75,1263.76,1297.61,0,0
20110414,1320.18,1320.18,1275.04,1297.61,0,0
20110415,1297.61,1308.9,1286.33,1297.61,0,0
20110418,1297.61,1297.61,1252.48,1263.76,0,0
20110419,1241.19,1263.76,1229.91,1229.91,0,0
20110420,1241.19,1241.19,1196.06,1196.06,0,0
20110421,1184.78,1196.06,1128.36,1128.36,0,0
20110426,1128.36,1150.93,1105.79,1150.93,0,0
20110427,1150.93,1150.93,1128.36,1139.64,0,0
20110428,1139.64,1150.93,1128.36,1150.93,0,0
20110429,1162.21,1218.63,1162.21,1218.63,0,0
20110502,1229.91,1308.9,1218.63,1263.76,0,0
20110504,1252.48,1252.48,1218.63,1252.48,0,0
20110505,1252.48,1263.76,1207.34,1207.34,0,0
20110506,1196.06,1196.06,1162.21,1162.21,0,0
20110509,1162.21,1184.78,1150.93,1150.93,0,0
20110510,1162.21,1162.21,1139.64,1162.21,0,0
20110511,1162.21,1173.49,1150.93,1173.49,0,0
20110512,1173.49,1173.49,1139.64,1173.49,0,0
20110513,1173.49,1173.49,1150.93,1173.49,0,0
20110516,1173.49,1173.49,1139.64,1150.93,0,0
20110517,1150.93,1162.21,1128.36,1139.64,0,0
20110518,1139.64,1150.93,1128.36,1128.36,0,0
20110519,1128.36,1162.21,1117.07,1162.21,0,0
20110520,1162.21,1162.21,1139.64,1150.93,0,0
20110523,1150.93,1162.21,1150.93,1150.93,0,0
20110524,1162.21,1173.49,1150.93,1150.93,0,0
20110525,1162.21,1162.21,1139.64,1150.93,0,0
20110526,1162.21,1173.49,1150.93,1173.49,0,0
20110527,1173.49,1218.63,1173.49,1196.06,0,0
20110530,1207.34,1218.63,1196.06,1196.06,0,0
20110531,1196.06,1218.63,1184.78,1218.63,0,0
20110601,1229.91,1229.91,1207.34,1207.34,0,0
20110602,1207.34,1207.34,1162.21,1184.78,0,0
20110603,1173.49,1184.78,1162.21,1173.49,0,0
20110606,1173.49,1173.49,1139.64,1139.64,0,0
20110607,1139.64,1162.21,1139.64,1139.64,0,0
20110608,1139.64,1150.93,1128.36,1150.93,0,0
20110609,1150.93,1150.93,1128.36,1128.36,0,0
20110610,1117.07,1162.21,1105.79,1162.21,0,0
20110613,1162.21,1162.21,1128.36,1139.64,0,0
20110614,1139.64,1150.93,1128.36,1128.36,0,0
20110615,1128.36,1128.36,1038.09,1049.37,0,0
20110616,1015.52,1015.52,970.39,981.67,0,0
20110617,981.67,1004.24,970.39,992.95,0,0
20110620,992.95,992.95,959.1,981.67,0,0
20110621,981.67,981.67,947.82,959.1,0,0
20110622,947.82,981.67,936.54,981.67,0,0
20110624,981.67,992.95,959.1,959.1,0,0
20110627,947.82,947.82,913.97,925.25,0,0
20110628,925.25,936.54,913.97,936.54,0,0
20110629,936.54,1015.52,936.54,1015.52,0,0
20110630,1026.81,1071.94,1015.52,1026.81,0,0
20110701,1015.52,1015.52,992.95,1004.24,0,0
20110704,1015.52,1049.37,1015.52,1049.37,0,0
20110705,1049.37,1071.94,1026.81,1071.94,0,0
20110706,1071.94,1071.94,1038.09,1060.66,0,0
20110707,1060.66,1060.66,1038.09,1060.66,0,0
20110708,1060.66,1071.94,1049.37,1049.37,0,0
20110711,1049.37,1049.37,1015.52,1015.52,0,0
20110712,1004.24,1004.24,959.1,981.67,0,0
20110713,981.67,1015.52,959.1,1015.52,0,0
20110714,1015.52,1015.52,992.95,992.95,0,0
20110715,981.67,992.95,970.39,970.39,0,0
20110718,959.1,959.1,913.97,936.54,0,0
20110719,936.54,959.1,902.69,913.97,0,0
20110720,925.25,947.82,925.25,936.54,0,0
20110721,936.54,936.54,902.69,902.69,0,0
20110722,902.69,913.97,891.4,913.97,0,0
20110725,913.97,981.67,902.69,959.1,0,0
20110726,970.39,1004.24,970.39,992.95,0,0
20110727,1004.24,1038.09,981.67,981.67,0,0
20110728,970.39,1004.24,970.39,992.95,0,0
20110729,992.95,1004.24,981.67,992.95,0,0
20110801,1026.81,1038.09,1015.52,1015.52,0,0
20110802,1004.24,1015.52,981.67,992.95,0,0
20110803,970.39,992.95,925.25,947.82,0,0
20110804,947.82,959.1,868.84,868.84,0,0
20110805,778.57,891.4,778.57,823.7,0,0
20110808,801.13,846.27,722.15,744.72,0,0
20110809,744.72,744.72,609.31,699.58,0,0
20110810,756,756,654.45,665.73,0,0
20110811,699.58,722.15,654.45,710.87,0,0
20110812,733.43,767.28,710.87,756,0,0
20110816,778.57,789.85,756,778.57,0,0
20110817,767.28,801.13,767.28,801.13,0,0
20110818,789.85,789.85,677.01,722.15,0,0
20110819,677.01,733.43,677.01,722.15,0,0
20110822,710.87,744.72,710.87,710.87,0,0
20110823,710.87,722.15,677.01,688.3,0,0
20110824,688.3,1399.16,688.3,1399.16,0,0
20110825,1421.73,1444.3,1376.6,1399.16,0,0
20110826,1399.16,1421.73,1354.03,1421.73,0,0
20110829,1444.3,1489.43,1421.73,1489.43,0,0
20110830,1534.57,1534.57,1466.87,1512,0,0
20110831,1534.57,1579.7,1512,1534.57,0,0
20110901,1534.57,1534.57,1421.73,1421.73,0,0
20110902,1421.73,1421.73,1331.46,1376.6,0,0
20110905,1308.9,1376.6,1286.33,1286.33,0,0
20110906,1286.33,1308.9,1241.19,1286.33,0,0
20110907,1286.33,1331.46,1286.33,1308.9,0,0
20110908,1308.9,1308.9,1263.76,1286.33,0,0
20110909,1263.76,1263.76,1196.06,1196.06,0,0
20110912,1128.36,1128.36,1015.52,1083.22,0,0
20110913,1105.79,1105.79,992.95,1015.52,0,0
20110914,992.95,992.95,880.12,880.12,0,0
20110915,880.12,992.95,880.12,970.39,0,0
20110916,1038.09,1128.36,970.39,1105.79,0,0
20110919,1060.66,1083.22,992.95,1038.09,0,0
20110920,992.95,1105.79,992.95,1105.79,0,0
20110921,1128.36,1150.93,1083.22,1105.79,0,0
20110922,1038.09,1060.66,992.95,1015.52,0,0
20110923,992.95,1015.52,947.82,1015.52,0,0
20110926,970.39,1038.09,970.39,1015.52,0,0
20110927,1038.09,1060.66,1015.52,1015.52,0,0
20110928,1015.52,1038.09,992.95,992.95,0,0
20110929,992.95,1038.09,992.95,1038.09,0,0
20110930,1015.52,1038.09,992.95,992.95,0,0
20111003,970.39,992.95,947.82,992.95,0,0
20111004,970.39,1038.09,970.39,1038.09,0,0
20111005,1038.09,1060.66,1038.09,1038.09,0,0
20111006,1038.09,1105.79,1038.09,1105.79,0,0
20111007,1105.79,1150.93,1060.66,1150.93,0,0
20111010,1173.49,1286.33,1173.49,1286.33,0,0
20111011,1308.9,1354.03,1263.76,1331.46,0,0
20111012,1331.46,1466.87,1331.46,1444.3,0,0
20111013,1421.73,1512,1421.73,1421.73,0,0
20111014,1444.3,1466.87,1376.6,1444.3,0,0
20111017,1489.43,1489.43,1421.73,1421.73,0,0
20111018,1376.6,1444.3,1376.6,1421.73,0,0
20111019,1444.3,1466.87,1421.73,1466.87,0,0
20111020,1421.73,1466.87,1376.6,1421.73,0,0
20111021,1421.73,1466.87,1421.73,1444.3,0,0
20111024,1466.87,1512,1444.3,1512,0,0
20111025,1512,1534.57,1466.87,1489.43,0,0
20111026,1466.87,1512,1444.3,1512,0,0
20111027,1557.13,1669.97,1557.13,1669.97,0,0
20111028,1692.54,1805.37,1692.54,1805.37,0,0
20111031,1782.81,1850.51,1782.81,1827.94,0,0
20111102,1647.4,1782.81,1647.4,1782.81,0,0
20111103,1737.67,1827.94,1737.67,1805.37,0,0
20111104,1805.37,1850.51,1782.81,1805.37,0,0
20111107,1805.37,1850.51,1782.81,1850.51,0,0
20111108,1850.51,2008.48,1850.51,2008.48,0,0
20111109,2076.18,2143.88,1940.78,2008.48,0,0
20111110,1918.21,2008.48,1918.21,1963.34,0,0
20111114,2053.61,2098.75,2008.48,2031.04,0,0
20111115,2008.48,2031.04,1963.34,1985.91,0,0
20111116,1963.34,2008.48,1963.34,2008.48,0,0
20111117,1963.34,2008.48,1963.34,2008.48,0,0
20111118,2008.48,2008.48,1963.34,1985.91,0,0
20111121,1985.91,1985.91,1805.37,1805.37,0,0
20111122,1782.81,1782.81,1669.97,1737.67,0,0
20111123,1669.97,1737.67,1579.7,1579.7,0,0
20111124,1624.84,1669.97,1602.27,1647.4,0,0
20111125,1669.97,1669.97,1624.84,1624.84,0,0
20111128,1669.97,1760.24,1669.97,1737.67,0,0
20111129,1760.24,1760.24,1715.1,1737.67,0,0
20111130,1715.1,1805.37,1692.54,1782.81,0,0
20111201,1805.37,1805.37,1737.67,1737.67,0,0
20111202,1760.24,1782.81,1647.4,1647.4,0,0
20111205,1669.97,1669.97,1647.4,1647.4,0,0
20111206,1624.84,1624.84,1534.57,1602.27,0,0
20111207,1602.27,1602.27,1534.57,1557.13,0,0
20111208,1557.13,1579.7,1534.57,1534.57,0,0
20111209,1512,1534.57,1466.87,1512,0,0
20111212,1512,1512,1421.73,1421.73,0,0
20111213,1399.16,1466.87,1376.6,1421.73,0,0
20111214,1399.16,1421.73,1354.03,1376.6,0,0
20111215,1399.16,1444.3,1376.6,1399.16,0,0
20111216,1421.73,1444.3,1399.16,1421.73,0,0
20111219,1399.16,1421.73,1376.6,1399.16,0,0
20111220,1399.16,1421.73,1376.6,1399.16,0,0
20111221,1421.73,1466.87,1399.16,1444.3,0,0
20111222,1444.3,1489.43,1421.73,1444.3,0,0
20111223,1466.87,1489.43,1399.16,1421.73,0,0
20111227,1421.73,1421.73,1376.6,1376.6,0,0
20111228,1376.6,1399.16,1354.03,1399.16,0,0
20111229,1399.16,1399.16,1376.6,1399.16,0,0
20111230,1399.16,1444.3,1399.16,1421.73,0,0
20120102,1444.3,1489.43,1444.3,1466.87,0,0
20120103,1489.43,1512,1489.43,1512,0,0
20120104,1512,1557.13,1512,1557.13,0,0
20120105,1557.13,1579.7,1534.57,1557.13,0,0
20120109,1534.57,1624.84,1534.57,1579.7,0,0
20120110,1602.27,1602.27,1557.13,1579.7,0,0
20120111,1579.7,1579.7,1512,1557.13,0,0
20120112,1534.57,1579.7,1512,1557.13,0,0
20120113,1579.7,1579.7,1534.57,1557.13,0,0
20120116,1534.57,1602.27,1534.57,1602.27,0,0
20120117,1624.84,1669.97,1602.27,1647.4,0,0
20120118,1647.4,1669.97,1624.84,1669.97,0,0
20120119,1669.97,1737.67,1669.97,1692.54,0,0
20120120,1692.54,1715.1,1669.97,1692.54,0,0
20120123,1692.54,1715.1,1669.97,1692.54,0,0
20120124,1692.54,1692.54,1647.4,1669.97,0,0
20120125,1669.97,1692.54,1647.4,1669.97,0,0
20120126,1669.97,1737.67,1669.97,1669.97,0,0
20120127,1669.97,1669.97,1624.84,1669.97,0,0
20120130,1647.4,1669.97,1624.84,1647.4,0,0
20120131,1669.97,1692.54,1647.4,1692.54,0,0
20120201,1692.54,1715.1,1669.97,1715.1,0,0
20120202,1715.1,1737.67,1692.54,1715.1,0,0
20120203,1715.1,1760.24,1715.1,1760.24,0,0
20120206,1737.67,1805.37,1737.67,1805.37,0,0
20120207,1805.37,1850.51,1805.37,1850.51,0,0
20120208,1873.07,1963.34,1873.07,1940.78,0,0
20120209,1985.91,2008.48,1918.21,1918.21,0,0
20120210,1918.21,1918.21,1873.07,1895.64,0,0
20120213,1918.21,1940.78,1895.64,1895.64,0,0
20120214,1895.64,1940.78,1895.64,1918.21,0,0
20120215,1940.78,1940.78,1895.64,1918.21,0,0
20120216,1895.64,1895.64,1873.07,1895.64,0,0
20120217,1895.64,1918.21,1873.07,1918.21,0,0
20120220,1918.21,1918.21,1895.64,1895.64,0,0
20120221,1895.64,1895.64,1850.51,1873.07,0,0
20120222,1873.07,1895.64,1827.94,1850.51,0,0
20120223,1827.94,1827.94,1782.81,1805.37,0,0
20120224,1805.37,1827.94,1805.37,1827.94,0,0
20120227,1827.94,1827.94,1782.81,1805.37,0,0
20120228,1805.37,1827.94,1805.37,1827.94,0,0
20120229,1850.51,1895.64,1805.37,1805.37,0,0
20120301,1805.37,1827.94,1782.81,1827.94,0,0
20120302,1827.94,1873.07,1805.37,1850.51,0,0
20120305,1850.51,1850.51,1805.37,1827.94,0,0
20120306,1827.94,1827.94,1782.81,1782.81,0,0
20120307,1760.24,1805.37,1760.24,1805.37,0,0
20120308,1805.37,1850.51,1805.37,1827.94,0,0
20120309,1827.94,1850.51,1805.37,1850.51,0,0
20120312,1827.94,1850.51,1805.37,1805.37,0,0
20120313,1782.81,1782.81,1715.1,1782.81,0,0
20120314,1782.81,1827.94,1782.81,1782.81,0,0
20120315,1782.81,1805.37,1760.24,1805.37,0,0
20120316,1805.37,1827.94,1760.24,1782.81,0,0
20120319,1782.81,1805.37,1760.24,1805.37,0,0
20120320,1805.37,1805.37,1760.24,1805.37,0,0
20120321,1805.37,1827.94,1782.81,1782.81,0,0
20120322,1760.24,1782.81,1692.54,1715.1,0,0
20120323,1692.54,1737.67,1669.97,1737.67,0,0
20120326,1715.1,1760.24,1715.1,1760.24,0,0
20120327,1760.24,1782.81,1715.1,1760.24,0,0
20120328,1737.67,1760.24,1715.1,1715.1,0,0
20120329,1692.54,1715.1,1669.97,1692.54,0,0
20120330,1692.54,1715.1,1669.97,1692.54,0,0
20120402,1692.54,1715.1,1669.97,1692.54,0,0
20120403,1669.97,1692.54,1647.4,1647.4,0,0
20120404,1624.84,1624.84,1579.7,1624.84,0,0
20120405,1602.27,1624.84,1557.13,1579.7,0,0
20120410,1557.13,1557.13,1512,1512,0,0
20120411,1489.43,1624.84,1444.3,1624.84,0,0
20120412,1624.84,1827.94,1624.84,1805.37,0,0
20120413,1782.81,1782.81,1669.97,1669.97,0,0
20120416,1669.97,1737.67,1647.4,1669.97,0,0
20120417,1692.54,1760.24,1669.97,1715.1,0,0
20120418,1737.67,1760.24,1669.97,1692.54,0,0
20120419,1692.54,1715.1,1669.97,1692.54,0,0
20120420,1692.54,1692.54,1647.4,1692.54,0,0
20120423,1669.97,1669.97,1579.7,1579.7,0,0
20120424,1602.27,1624.84,1579.7,1602.27,0,0
20120425,1602.27,1624.84,1579.7,1602.27,0,0
20120426,1624.84,1647.4,1557.13,1602.27,0,0
20120427,1602.27,1602.27,1579.7,1579.7,0,0
20120430,1602.27,1602.27,1579.7,1579.7,0,0
20120502,1579.7,1602.27,1557.13,1579.7,0,0
20120504,1579.7,1602.27,1579.7,1602.27,0,0
20120507,1557.13,1602.27,1557.13,1602.27,0,0
20120508,1602.27,1647.4,1579.7,1624.84,0,0
20120509,1624.84,1624.84,1579.7,1602.27,0,0
20120510,1579.7,1602.27,1579.7,1579.7,0,0
20120511,1579.7,1602.27,1557.13,1579.7,0,0
20120514,1579.7,1579.7,1534.57,1579.7,0,0
20120515,1579.7,1579.7,1534.57,1557.13,0,0
20120516,1512,1557.13,1466.87,1489.43,0,0
20120517,1489.43,1512,1399.16,1399.16,0,0
20120518,1354.03,1399.16,1331.46,1354.03,0,0
20120521,1354.03,1421.73,1354.03,1399.16,0,0
20120522,1421.73,1421.73,1376.6,1399.16,0,0
20120523,1376.6,1376.6,1308.9,1331.46,0,0
20120524,1331.46,1354.03,1308.9,1354.03,0,0
20120525,1354.03,1354.03,1331.46,1354.03,0,0
20120528,1354.03,1354.03,1331.46,1331.46,0,0
20120529,1331.46,1354.03,1308.9,1354.03,0,0
20120530,1331.46,1354.03,1308.9,1331.46,0,0
20120531,1331.46,1376.6,1331.46,1354.03,0,0
20120601,1354.03,1376.6,1331.46,1331.46,0,0
20120604,1331.46,1376.6,1331.46,1354.03,0,0
20120605,1354.03,1354.03,1331.46,1354.03,0,0
20120606,1354.03,1354.03,1331.46,1354.03,0,0
20120608,1354.03,1399.16,1331.46,1376.6,0,0
20120611,1399.16,1421.73,1376.6,1376.6,0,0
20120612,1376.6,1421.73,1376.6,1399.16,0,0
20120613,1399.16,1444.3,1399.16,1421.73,0,0
20120614,1421.73,1421.73,1399.16,1399.16,0,0
20120615,1399.16,1421.73,1376.6,1399.16,0,0
20120618,1421.73,1444.3,1399.16,1421.73,0,0
20120619,1421.73,1512,1421.73,1512,0,0
20120620,1512,1512,1466.87,1466.87,0,0
20120621,1444.3,1466.87,1421.73,1421.73,0,0
20120622,1399.16,1421.73,1399.16,1399.16,0,0
20120625,1399.16,1399.16,1376.6,1399.16,0,0
20120626,1399.16,1421.73,1376.6,1376.6,0,0
20120627,1376.6,1399.16,1376.6,1399.16,0,0
20120628,1399.16,1399.16,1354.03,1376.6,0,0
20120629,1376.6,1399.16,1354.03,1354.03,0,0
20120702,1376.6,1376.6,1354.03,1354.03,0,0
20120703,1376.6,1376.6,1331.46,1354.03,0,0
20120704,1354.03,1354.03,1308.9,1331.46,0,0
20120705,1331.46,1354.03,1308.9,1354.03,0,0
20120706,1354.03,1354.03,1331.46,1354.03,0,0
20120709,1354.03,1354.03,1308.9,1331.46,0,0
20120710,1308.9,1331.46,1308.9,1331.46,0,0
20120711,1308.9,1331.46,1263.76,1286.33,0,0
20120712,1263.76,1286.33,1196.06,1241.19,0,0
20120713,1241.19,1286.33,1241.19,1263.76,0,0
20120716,1263.76,1263.76,1241.19,1241.19,0,0
20120717,1263.76,1263.76,1173.49,1263.76,0,0
20120718,1263.76,1263.76,1241.19,1263.76,0,0
20120719,1241.19,1263.76,1241.19,1241.19,0,0
20120720,1241.19,1263.76,1196.06,1218.63,0,0
20120723,1196.06,1196.06,1150.93,1173.49,0,0
20120724,1150.93,1173.49,1150.93,1150.93,0,0
20120725,1150.93,1196.06,1150.93,1196.06,0,0
20120726,1196.06,1241.19,1173.49,1173.49,0,0
20120727,1196.06,1218.63,1173.49,1196.06,0,0
20120730,1196.06,1196.06,1173.49,1196.06,0,0
20120731,1173.49,1218.63,1173.49,1196.06,0,0
20120801,1218.63,1218.63,1196.06,1196.06,0,0
20120802,1196.06,1218.63,1173.49,1196.06,0,0
20120803,1196.06,1196.06,1173.49,1173.49,0,0
20120806,1196.06,1196.06,1173.49,1173.49,0,0
20120807,1173.49,1196.06,1150.93,1173.49,0,0
20120808,1150.93,1173.49,1150.93,1173.49,0,0
20120809,1173.49,1173.49,1150.93,1173.49,0,0
20120810,1173.49,1173.49,1128.36,1173.49,0,0
20120813,1150.93,1173.49,1150.93,1173.49,0,0
20120814,1173.49,1173.49,1128.36,1150.93,0,0
20120816,1128.36,1150.93,1105.79,1128.36,0,0
20120817,1128.36,1128.36,1105.79,1105.79,0,0
20120820,1105.79,1150.93,1105.79,1128.36,0,0
20120821,1150.93,1196.06,1128.36,1196.06,0,0
20120822,1196.06,1196.06,1150.93,1173.49,0,0
20120823,1173.49,1173.49,1150.93,1150.93,0,0
20120824,1173.49,1196.06,1150.93,1150.93,0,0
20120827,1150.93,1173.49,1128.36,1150.93,0,0
20120828,1150.93,1150.93,1128.36,1150.93,0,0
20120829,1128.36,1150.93,1105.79,1128.36,0,0
20120830,1128.36,1173.49,1105.79,1173.49,0,0
20120831,1128.36,1173.49,1128.36,1173.49,0,0
20120903,1173.49,1173.49,1128.36,1150.93,0,0
20120904,1128.36,1150.93,1128.36,1150.93,0,0
20120905,1150.93,1150.93,1105.79,1128.36,0,0
20120906,1128.36,1150.93,1105.79,1128.36,0,0
20120907,1150.93,1150.93,1105.79,1105.79,0,0
20120910,1105.79,1128.36,1105.79,1128.36,0,0
20120911,1105.79,1128.36,1105.79,1128.36,0,0
20120912,1128.36,1150.93,1128.36,1150.93,0,0
20120913,1150.93,1173.49,1128.36,1150.93,0,0
20120914,1173.49,1196.06,1150.93,1196.06,0,0
20120917,1196.06,1196.06,1173.49,1196.06,0,0
20120918,1196.06,1263.76,1173.49,1263.76,0,0
20120919,1263.76,1286.33,1263.76,1263.76,0,0
20120920,1241.19,1263.76,1218.63,1241.19,0,0
20120921,1263.76,1263.76,1241.19,1241.19,0,0
20120924,1241.19,1263.76,1218.63,1218.63,0,0
20120925,1218.63,1241.19,1218.63,1241.19,0,0
20120926,1218.63,1241.19,1196.06,1218.63,0,0
20120927,1241.19,1263.76,1218.63,1263.76,0,0
20120928,1263.76,1331.46,1263.76,1286.33,0,0
20121001,1286.33,1308.9,1286.33,1308.9,0,0
20121002,1331.46,1399.16,1308.9,1399.16,0,0
20121003,1399.16,1421.73,1376.6,1399.16,0,0
20121004,1376.6,1421.73,1376.6,1421.73,0,0
20121005,1421.73,1444.3,1399.16,1421.73,0,0
20121008,1421.73,1421.73,1376.6,1376.6,0,0
20121009,1376.6,1376.6,1308.9,1308.9,0,0
20121010,1308.9,1354.03,1308.9,1331.46,0,0
20121011,1331.46,1354.03,1308.9,1331.46,0,0
20121012,1331.46,1354.03,1308.9,1331.46,0,0
20121015,1331.46,1354.03,1331.46,1331.46,0,0
20121016,1354.03,1354.03,1331.46,1331.46,0,0
20121017,1331.46,1354.03,1286.33,1308.9,0,0
20121018,1308.9,1308.9,1263.76,1263.76,0,0
20121019,1263.76,1286.33,1218.63,1241.19,0,0
20121022,1241.19,1263.76,1218.63,1241.19,0,0
20121023,1241.19,1241.19,1173.49,1241.19,0,0
20121024,1218.63,1218.63,1173.49,1218.63,0,0
20121025,1218.63,1241.19,1196.06,1196.06,0,0
20121026,1218.63,1218.63,1196.06,1218.63,0,0
20121029,1196.06,1218.63,1173.49,1196.06,0,0
20121030,1218.63,1218.63,1196.06,1218.63,0,0
20121031,1218.63,1218.63,1196.06,1196.06,0,0
20121102,1218.63,1263.76,1218.63,1241.19,0,0
20121105,1241.19,1263.76,1218.63,1241.19,0,0
20121106,1241.19,1241.19,1218.63,1241.19,0,0
20121107,1241.19,1241.19,1218.63,1241.19,0,0
20121108,1241.19,1241.19,1196.06,1218.63,0,0
20121109,1218.63,1218.63,1196.06,1218.63,0,0
20121112,1241.19,1241.19,1196.06,1196.06,0,0
20121113,1173.49,1218.63,1173.49,1218.63,0,0
20121114,1196.06,1218.63,1173.49,1196.06,0,0
20121115,1173.49,1196.06,1150.93,1173.49,0,0
20121116,1173.49,1173.49,1128.36,1128.36,0,0
20121119,1128.36,1173.49,1128.36,1173.49,0,0
20121120,1150.93,1173.49,1150.93,1150.93,0,0
20121121,1173.49,1173.49,1150.93,1150.93,0,0
20121122,1173.49,1173.49,1150.93,1150.93,0,0
20121123,1173.49,1173.49,1150.93,1173.49,0,0
20121126,1173.49,1196.06,1150.93,1196.06,0,0
20121127,1196.06,1218.63,1173.49,1173.49,0,0
20121128,1173.49,1196.06,1150.93,1196.06,0,0
20121129,1196.06,1196.06,1150.93,1173.49,0,0
20121130,1150.93,1173.49,1150.93,1150.93,0,0
20121203,1150.93,1173.49,1150.93,1173.49,0,0
20121204,1173.49,1196.06,1173.49,1196.06,0,0
20121205,1196.06,1218.63,1196.06,1196.06,0,0
20121206,1196.06,1218.63,1196.06,1196.06,0,0
20121207,1196.06,1218.63,1173.49,1196.06,0,0
20121210,1173.49,1218.63,1173.49,1196.06,0,0
20121211,1196.06,1218.63,1173.49,1173.49,0,0
20121212,1173.49,1196.06,1150.93,1196.06,0,0
20121213,1196.06,1196.06,1173.49,1196.06,0,0
20121214,1196.06,1218.63,1173.49,1218.63,0,0
20121217,1196.06,1218.63,1196.06,1218.63,0,0
20121218,1196.06,1218.63,1196.06,1218.63,0,0
20121219,1218.63,1241.19,1218.63,1241.19,0,0
20121220,1241.19,1286.33,1218.63,1263.76,0,0
20121221,1263.76,1354.03,1263.76,1331.46,0,0
20121227,1331.46,1376.6,1331.46,1376.6,0,0
20121228,1399.16,1421.73,1376.6,1399.16,0,0
20130102,1421.73,1421.73,1376.6,1376.6,0,0
20130103,1376.6,1376.6,1308.9,1308.9,0,0
20130104,1286.33,1354.03,1263.76,1331.46,0,0
20130107,1331.46,1331.46,1308.9,1331.46,0,0
20130108,1331.46,1331.46,1286.33,1308.9,0,0
20130109,1308.9,1308.9,1263.76,1286.33,0,0
20130110,1286.33,1308.9,1263.76,1263.76,0,0
20130111,1263.76,1286.33,1241.19,1286.33,0,0
20130114,1263.76,1286.33,1241.19,1263.76,0,0
20130115,1241.19,1263.76,1241.19,1263.76,0,0
20130116,1286.33,1286.33,1263.76,1263.76,0,0
20130117,1286.33,1331.46,1263.76,1308.9,0,0
20130118,1308.9,1308.9,1286.33,1308.9,0,0
20130121,1308.9,1308.9,1286.33,1286.33,0,0
20130122,1308.9,1308.9,1263.76,1263.76,0,0
20130123,1263.76,1286.33,1263.76,1286.33,0,0
20130124,1286.33,1308.9,1263.76,1308.9,0,0
20130125,1308.9,1308.9,1286.33,1308.9,0,0
20130128,1286.33,1308.9,1263.76,1286.33,0,0
20130129,1286.33,1308.9,1263.76,1286.33,0,0
20130130,1308.9,1308.9,1263.76,1263.76,0,0
20130131,1263.76,1263.76,1218.63,1263.76,0,0
20130201,1241.19,1286.33,1241.19,1263.76,0,0
20130204,1241.19,1286.33,1241.19,1241.19,0,0
20130205,1218.63,1263.76,1218.63,1241.19,0,0
20130206,1241.19,1241.19,1173.49,1173.49,0,0
20130207,1173.49,1173.49,1128.36,1128.36,0,0
20130208,1150.93,1173.49,1128.36,1150.93,0,0
20130211,1150.93,1150.93,1083.22,1083.22,0,0
20130212,1105.79,1105.79,1038.09,1083.22,0,0
20130213,1083.22,1083.22,947.82,1060.66,0,0
20130214,1060.66,1083.22,1038.09,1060.66,0,0
20130215,1060.66,1083.22,1038.09,1060.66,0,0
20130218,1060.66,1105.79,1038.09,1105.79,0,0
20130219,1105.79,1150.93,1083.22,1128.36,0,0
20130220,1128.36,1128.36,1083.22,1105.79,0,0
20130221,1105.79,1105.79,1060.66,1083.22,0,0
20130222,1083.22,1105.79,1060.66,1060.66,0,0
20130225,1060.66,1083.22,1038.09,1038.09,0,0
20130226,1038.09,1060.66,1015.52,1038.09,0,0
20130227,1038.09,1038.09,1015.52,1038.09,0,0
20130228,1038.09,1060.66,1015.52,1038.09,0,0
20130301,1038.09,1038.09,1015.52,1015.52,0,0
20130304,1038.09,1060.66,1015.52,1060.66,0,0
20130305,1083.22,1105.79,1083.22,1105.79,0,0
20130306,1105.79,1128.36,1083.22,1105.79,0,0
20130307,1128.36,1128.36,1083.22,1105.79,0,0
20130308,1105.79,1105.79,1083.22,1083.22,0,0
20130311,1105.79,1105.79,1083.22,1083.22,0,0
20130312,1083.22,1083.22,1060.66,1083.22,0,0
20130313,1083.22,1083.22,1060.66,1083.22,0,0
20130314,1083.22,1105.79,1060.66,1083.22,0,0
20130315,1105.79,1105.79,1060.66,1060.66,0,0
20130318,1060.66,1060.66,1038.09,1060.66,0,0
20130319,1060.66,1060.66,1038.09,1060.66,0,0
20130320,1060.66,1083.22,1060.66,1083.22,0,0
20130321,1060.66,1105.79,1060.66,1083.22,0,0
20130322,1083.22,1083.22,1015.52,1060.66,0,0
20130325,1060.66,1060.66,1015.52,1015.52,0,0
20130326,1015.52,1038.09,970.39,992.95,0,0
20130327,970.39,992.95,947.82,992.95,0,0
20130328,970.39,1015.52,970.39,992.95,0,0
20130402,992.95,992.95,970.39,992.95,0,0
20130403,992.95,992.95,947.82,970.39,0,0
20130404,970.39,970.39,947.82,970.39,0,0
20130405,970.39,970.39,925.25,947.82,0,0
20130408,947.82,970.39,925.25,947.82,0,0
20130409,970.39,1015.52,947.82,970.39,0,0
20130410,992.95,1038.09,970.39,1015.52,0,0
20130411,1015.52,1038.09,992.95,1038.09,0,0
20130412,1038.09,1038.09,992.95,1038.09,0,0
20130415,1015.52,1038.09,992.95,1015.52,0,0
20130417,1015.52,1038.09,970.39,992.95,0,0
20130418,970.39,1038.09,970.39,1015.52,0,0
20130419,1015.52,1060.66,1015.52,1038.09,0,0
20130422,1038.09,1060.66,992.95,992.95,0,0
20130423,992.95,1015.52,902.69,925.25,0,0
20130424,947.82,970.39,925.25,947.82,0,0
20130425,947.82,1015.52,947.82,992.95,0,0
20130426,992.95,1015.52,992.95,1015.52,0,0
20130429,1015.52,1038.09,992.95,1038.09,0,0
20130430,1015.52,1038.09,992.95,1038.09,0,0
20130502,1015.52,1038.09,992.95,1015.52,0,0
20130506,1015.52,1015.52,970.39,970.39,0,0
20130507,970.39,970.39,947.82,947.82,0,0
20130508,947.82,947.82,925.25,925.25,0,0
20130509,902.69,947.82,902.69,925.25,0,0
20130510,925.25,947.82,902.69,902.69,0,0
20130513,902.69,902.69,880.12,880.12,0,0
20130514,880.12,925.25,880.12,925.25,0,0
20130515,925.25,925.25,902.69,925.25,0,0
20130516,902.69,902.69,880.12,880.12,0,0
20130517,902.69,925.25,880.12,925.25,0,0
20130520,925.25,925.25,902.69,925.25,0,0
20130521,925.25,925.25,902.69,925.25,0,0
20130522,925.25,925.25,880.12,902.69,0,0
20130523,880.12,902.69,880.12,880.12,0,0
20130524,880.12,902.69,857.55,880.12,0,0
20130527,880.12,902.69,880.12,902.69,0,0
20130528,902.69,925.25,902.69,925.25,0,0
20130529,925.25,925.25,902.69,925.25,0,0
20130531,902.69,947.82,902.69,902.69,0,0
20130603,902.69,925.25,880.12,902.69,0,0
20130604,902.69,902.69,880.12,902.69,0,0
20130605,902.69,902.69,880.12,902.69,0,0
20130606,902.69,925.25,880.12,902.69,0,0
20130607,902.69,925.25,902.69,925.25,0,0
20130610,925.25,947.82,925.25,925.25,0,0
20130611,925.25,947.82,925.25,947.82,0,0
20130612,947.82,1015.52,925.25,1015.52,0,0
20130613,992.95,1038.09,992.95,1015.52,0,0
20130614,1015.52,1038.09,992.95,992.95,0,0
20130617,992.95,1015.52,947.82,970.39,0,0
20130618,970.39,992.95,947.82,970.39,0,0
20130619,992.95,992.95,970.39,992.95,0,0
20130620,970.39,970.39,925.25,947.82,0,0
20130621,925.25,970.39,880.12,947.82,0,0
20130624,880.12,902.69,880.12,880.12,0,0
20130625,880.12,925.25,880.12,925.25,0,0
20130626,925.25,947.82,902.69,947.82,0,0
20130627,947.82,947.82,925.25,947.82,0,0
20130628,947.82,947.82,902.69,902.69,0,0
20130701,902.69,947.82,902.69,947.82,0,0
20130702,947.82,992.95,925.25,970.39,0,0
20130703,992.95,1015.52,970.39,992.95,0,0
20130704,1015.52,1038.09,1015.52,1038.09,0,0
20130705,1038.09,1038.09,992.95,992.95,0,0
20130708,992.95,1015.52,992.95,1015.52,0,0
20130709,1015.52,1015.52,992.95,1015.52,0,0
20130710,1015.52,1015.52,992.95,1015.52,0,0
20130711,1015.52,1038.09,1015.52,1038.09,0,0
20130712,1038.09,1060.66,1038.09,1060.66,0,0
20130715,1060.66,1105.79,1060.66,1083.22,0,0
20130716,1083.22,1105.79,1083.22,1105.79,0,0
20130717,1083.22,1105.79,1038.09,1060.66,0,0
20130718,1060.66,1060.66,1034,1034,0,0
20130719,1034,1056,1034,1056,0,0
20130722,1056,1056,1034,1056,0,0
20130723,1056,1078,1012,1034,0,0
20130724,1034,1056,1034,1056,0,0
20130725,1056,1056,1034,1056,0,0
20130726,1034,1078,1034,1056,0,0
20130729,1034,1056,1034,1034,0,0
20130730,1034,1034,1012,1012,0,0
20130731,1012,1012,990,1012,0,0
20130801,990,1012,968,1012,0,0
20130802,1012,1056,990,1034,0,0
20130805,1056,1056,1034,1056,0,0
20130806,1056,1078,1034,1078,0,0
20130807,1078,1122,1078,1122,0,0
20130808,1100,1166,1100,1144,0,0
20130809,1144,1166,1122,1144,0,0
20130812,1144,1166,1100,1100,0,0
20130813,1122,1144,1100,1122,0,0
20130814,1122,1166,1122,1122,0,0
20130816,1100,1122,1100,1122,0,0
20130819,1100,1122,1100,1122,0,0
20130820,1100,1100,1078,1078,0,0
20130821,1078,1122,1056,1100,0,0
20130822,1078,1122,1078,1078,0,0
20130823,1100,1122,1100,1122,0,0
20130826,1122,1122,1078,1078,0,0
20130827,1078,1122,1078,1078,0,0
20130828,1078,1100,1078,1100,0,0
20130829,1100,1100,1078,1100,0,0
20130830,1078,1100,1056,1056,0,0
20130902,1056,1078,1056,1078,0,0
20130903,1078,1122,1056,1078,0,0
20130904,1078,1100,1056,1078,0,0
20130905,1056,1078,1034,1078,0,0
20130906,1056,1100,1056,1078,0,0
20130909,1078,1100,1056,1078,0,0
20130910,1078,1100,1078,1078,0,0
20130911,1078,1078,1056,1078,0,0
20130912,1056,1100,1056,1100,0,0
20130913,1100,1166,1100,1144,0,0
20130916,1144,1210,1144,1210,0,0
20130917,1210,1210,1166,1188,0,0
20130918,1188,1210,1188,1188,0,0
20130919,1188,1232,1188,1210,0,0
20130920,1210,1232,1210,1232,0,0
20130923,1232,1276,1232,1254,0,0
20130924,1254,1276,1232,1254,0,0
20130925,1254,1254,1210,1254,0,0
20130926,1254,1276,1232,1254,0,0
20130927,1276,1276,1232,1254,0,0
20130930,1254,1276,1232,1254,0,0
20131001,1232,1254,1210,1232,0,0
20131002,1210,1210,1188,1210,0,0
20131003,1188,1210,1166,1210,0,0
20131004,1188,1210,1166,1166,0,0
20131007,1144,1188,1144,1166,0,0
20131008,1166,1166,1144,1166,0,0
20131009,1166,1188,1144,1188,0,0
20131010,1188,1210,1166,1210,0,0
20131011,1210,1210,1188,1188,0,0
20131014,1188,1188,1144,1188,0,0
20131015,1166,1188,1144,1166,0,0
20131016,1166,1188,1144,1188,0,0
20131017,1188,1188,1166,1166,0,0
20131018,1166,1188,1144,1188,0,0
20131021,1188,1210,1188,1210,0,0
20131022,1210,1232,1188,1210,0,0
20131023,1210,1232,1188,1210,0,0
20131024,1210,1232,1166,1166,0,0
20131025,1166,1166,1144,1144,0,0
20131028,1144,1144,1122,1144,0,0
20131029,1144,1166,1144,1144,0,0
20131030,1166,1166,1144,1166,0,0
20131031,1144,1166,1144,1144,0,0
20131104,1144,1166,1122,1144,0,0
20131105,1144,1144,1122,1122,0,0
20131106,1122,1144,1100,1122,0,0
20131107,1122,1144,1122,1144,0,0
20131108,1144,1144,1122,1122,0,0
20131112,1122,1144,1122,1144,0,0
20131113,1144,1144,1122,1144,0,0
20131114,1144,1144,1122,1144,0,0
20131115,1144,1144,1122,1144,0,0
20131118,1144,1144,1122,1144,0,0
20131119,1122,1144,1122,1144,0,0
20131120,1144,1144,1100,1122,0,0
20131121,1122,1144,1122,1122,0,0
20131122,1122,1144,1100,1122,0,0
20131125,1100,1144,1100,1122,0,0
20131126,1144,1166,1144,1144,0,0
20131127,1166,1188,1166,1188,0,0
20131128,1188,1210,1188,1210,0,0
20131129,1210,1210,1166,1210,0,0
20131202,1188,1210,1166,1188,0,0
20131203,1188,1210,1166,1188,0,0
20131204,1166,1210,1144,1188,0,0
20131205,1166,1210,1166,1210,0,0
20131206,1210,1232,1210,1210,0,0
20131209,1210,1254,1210,1254,0,0
20131210,1232,1232,1210,1232,0,0
20131211,1210,1232,1210,1210,0,0
20131212,1210,1232,1188,1188,0,0
20131213,1188,1210,1166,1188,0,0
20131216,1188,1210,1166,1188,0,0
20131217,1188,1188,1144,1188,0,0
20131218,1166,1188,1166,1166,0,0
20131219,1188,1188,1144,1144,0,0
20131220,1144,1166,1122,1144,0,0
20131223,1166,1166,1122,1122,0,0
20131227,1122,1144,1078,1122,0,0
20131230,1122,1122,1100,1100,0,0
20140102,1122,1122,1100,1100,0,0
20140103,1122,1122,1100,1122,0,0
20140107,1100,1144,1100,1122,0,0
20140108,1100,1122,1100,1122,0,0
20140109,1122,1122,1100,1100,0,0
20140110,1100,1122,1078,1100,0,0
20140113,1122,1122,1100,1122,0,0
20140114,1100,1100,1078,1078,0,0
20140115,1100,1122,1100,1100,0,0
20140116,1100,1122,1100,1122,0,0
20140117,1122,1122,1100,1100,0,0
20140120,1100,1122,1100,1122,0,0
20140121,1122,1144,1100,1144,0,0
20140122,1144,1144,1122,1144,0,0
20140123,1144,1188,1144,1166,0,0
20140124,1166,1166,1122,1122,0,0
20140127,1100,1122,1100,1122,0,0
20140128,1122,1122,1100,1122,0,0
20140129,1100,1144,1078,1144,0,0
20140130,1122,1166,1122,1166,0,0
20140131,1166,1188,1144,1166,0,0
20140203,1166,1188,1122,1122,0,0
20140204,1122,1144,1122,1144,0,0
20140205,1122,1144,1100,1122,0,0
20140206,1122,1144,1122,1144,0,0
20140207,1144,1144,1122,1122,0,0
20140210,1122,1144,1122,1122,0,0
20140211,1122,1144,1122,1122,0,0
20140212,1144,1144,1122,1144,0,0
20140213,1122,1144,1100,1122,0,0
20140214,1122,1166,1122,1144,0,0
20140217,1144,1166,1144,1166,0,0
20140218,1166,1188,1166,1188,0,0
20140219,1188,1232,1188,1210,0,0
20140220,1210,1232,1188,1232,0,0
20140221,1232,1232,1210,1210,0,0
20140224,1210,1210,1188,1188,0,0
20140225,1188,1232,1188,1210,0,0
20140226,1210,1232,1188,1188,0,0
20140227,1188,1210,1166,1210,0,0
20140228,1188,1232,1188,1232,0,0
20140303,1188,1210,1166,1166,0,0
20140304,1166,1188,1166,1188,0,0
20140305,1188,1210,1166,1166,0,0
20140306,1188,1188,1166,1188,0,0
20140307,1188,1188,1166,1166,0,0
20140310,1144,1166,1122,1144,0,0
20140311,1144,1144,1122,1122,0,0
20140312,1122,1144,1100,1122,0,0
20140313,1122,1122,1078,1078,0,0
20140314,1056,1056,1012,1034,0,0
20140402,1148.4,1148.4,1133,1144,0,0
20140403,1144,1144,1111,1115.4,0,0
20140404,1126.4,1126.4,1102.2,1126.4,0,0
20140407,1111,1130.8,1100,1100,0,0
20140408,1097.8,1108.8,1095.6,1095.6,0,0
20140409,1093.4,1100,1058.2,1058.2,0,0
20140410,1060.4,1067,1025.2,1025.2,0,0
20140411,1023,1031.8,1018.6,1029.6,0,0
20140414,1027.4,1031.8,998.8,1009.8,0,0
20140415,1003.2,1020.8,1001,1007.6,0,0
20140416,1003.2,1012,994.4,1007.6,0,0
20140417,998.8,1018.6,998.8,1012,0,0
20140422,1018.6,1047.2,1018.6,1047.2,0,0
20140423,1051.6,1053.8,1034,1034,0,0
20140424,1038.4,1038.4,1020.8,1025.2,0,0
20140425,1025.2,1025.2,1012,1025.2,0,0
20140428,1012,1018.6,981.2,987.8,0,0
20140429,990,990,972.4,974.6,0,0
20140430,974.6,976.8,950.4,968,0,0
20140502,965.8,976.8,965.8,976.8,0,0
20140505,970.2,981.2,919.6,943.8,0,0
20140506,930.6,948.2,928.4,930.6,0,0
20140507,928.4,930.6,877.8,899.8,0,0
20140508,899.8,928.4,893.2,906.4,0,0
20140509,908.6,926.2,908.6,913,0,0
20140512,921.8,926.2,917.4,926.2,0,0
20140513,930.6,957,930.6,957,0,0
20140514,957,974.6,957,972.4,0,0
20140515,972.4,1007.6,972.4,985.6,0,0
20140516,990,1001,968,992.2,0,0
20140519,998.8,1005.4,990,992.2,0,0
20140520,992.2,992.2,976.8,985.6,0,0
20140521,983.4,996.6,981.2,996.6,0,0
20140522,990,1012,990,1012,0,0
20140523,1014.2,1025.2,1014.2,1023,0,0
20140526,1027.4,1029.6,1016.4,1020.8,0,0
20140527,1027.4,1027.4,1012,1025.2,0,0
20140528,1027.4,1040.6,1025.2,1034,0,0
20140529,1036.2,1060.4,1036.2,1058.2,0,0
20140530,1060.4,1095.6,1060.4,1078,0,0
20140602,1086.8,1102.2,1086.8,1091.2,0,0
20140603,1095.6,1104.4,1082.4,1102.2,0,0
20140604,1102.2,1137.4,1102.2,1133,0,0
20140605,1135.2,1137.4,1128.6,1133,0,0
20140606,1133,1144,1133,1144,0,0
20140609,1146.2,1183.6,1146.2,1166,0,0
20140610,1166,1166,1166,1166,0,0
20140611,1166,1170.4,1128.6,1148.4,0,0
20140612,1150.6,1161.6,1150.6,1161.6,0,0
20140613,1150.6,1170.4,1150.6,1170.4,0,0
20140616,1157.2,1181.4,1157.2,1177,0,0
20140617,1177,1181.4,1168.2,1179.2,0,0
20140618,1174.8,1181.4,1166,1174.8,0,0
20140620,1166,1181.4,1166,1177,0,0
20140623,1177,1181.4,1170.4,1177,0,0
20140624,1168.2,1179.2,1168.2,1168.2,0,0
20140625,1168.2,1177,1144,1163.8,0,0
20140626,1163.8,1172.6,1163.8,1170.4,0,0
20140627,1170.4,1177,1168.2,1177,0,0
20140630,1170.4,1181.4,1170.4,1179.2,0,0
20140701,1177,1179.2,1174.8,1177,0,0
20140702,1177,1179.2,1172.6,1177,0,0
20140703,1168.2,1179.2,1161.6,1161.6,0,0
20140704,1161.6,1170.4,1157.2,1170.4,0,0
20140707,1159.4,1177,1159.4,1168.2,0,0
20140708,1170.4,1170.4,1161.6,1166,0,0
20140709,1166,1170.4,1159.4,1166,0,0
20140710,1166,1166,1111,1122,0,0
20140711,1111,1146.2,1111,1146.2,0,0
20140714,1144,1161.6,1144,1161.6,0,0
20140715,1161.6,1166,1161.6,1163.8,0,0
20140716,1163.8,1207.8,1163.8,1205.6,0,0
20140717,1203.4,1205.6,1183.6,1196.8,0,0
20140718,1188,1188,1170.4,1177,0,0
20140721,1168.2,1177,1157.2,1166,0,0
20140722,1161.6,1177,1161.6,1170.4,0,0
20140723,1170.4,1174.8,1166,1172.6,0,0
20140724,1168.2,1174.8,1166,1174.8,0,0
20140725,1174.8,1179.2,1166,1177,0,0
20140728,1177,1188,1177,1179.2,0,0
20140729,1181.4,1192.4,1179.2,1183.6,0,0
20140730,1183.6,1185.8,1166,1181.4,0,0
20140731,1172.6,1183.6,1172.6,1183.6,0,0
20140801,1183.6,1207.8,1181.4,1207.8,0,0
20140804,1207.8,1247.4,1207.8,1247.4,0,0
20140805,1245.2,1284.8,1245.2,1284.8,0,0
20140806,1287,1328.8,1278.2,1302.4,0,0
20140807,1293.6,1320,1293.6,1309,0,0
20140808,1298,1315.6,1298,1315.6,0,0
20140811,1315.6,1328.8,1313.4,1326.6,0,0
20140812,1326.6,1339.8,1320,1331,0,0
20140813,1331,1357.4,1331,1344.2,0,0
20140814,1344.2,1355.2,1333.2,1333.2,0,0
20140818,1333.2,1346.4,1333.2,1344.2,0,0
20140819,1350.8,1370.6,1350.8,1359.6,0,0
20140820,1357.4,1366.2,1353,1361.8,0,0
20140821,1355.2,1372.8,1355.2,1372.8,0,0
20140822,1375,1379.4,1359.6,1372.8,0,0
20140825,1372.8,1375,1359.6,1364,0,0
20140826,1366.2,1366.2,1353,1361.8,0,0
20140827,1357.4,1364,1357.4,1364,0,0
20140828,1364,1368.4,1295.8,1357.4,0,0
20140829,1353,1361.8,1348.6,1353,0,0
20140901,1355.2,1361.8,1346.4,1348.6,0,0
20140902,1348.6,1357.4,1348.6,1353,0,0
20140903,1353,1375,1350.8,1375,0,0
20140904,1379.4,1390.4,1379.4,1383.8,0,0
20140905,1386,1403.6,1386,1397,0,0
20140908,1405.8,1405.8,1399.2,1401.4,0,0
20140909,1408,1408,1399.2,1401.4,0,0
20140910,1403.6,1416.8,1397,1416.8,0,0
20140911,1419,1425.6,1416.8,1425.6,0,0
20140912,1427.8,1432.2,1425.6,1430,0,0
20140915,1432.2,1432.2,1427.8,1430,0,0
20140916,1434.4,1438.8,1430,1438.8,0,0
20140917,1432.2,1467.4,1432.2,1467.4,0,0
20140918,1474,1518,1474,1507,0,0
20140919,1507,1544.4,1507,1535.6,0,0
20140922,1540,1544.4,1507,1535.6,0,0
20140923,1540,1542.2,1529,1537.8,0,0
20140924,1529,1544.4,1529,1540,0,0
20140925,1551,1551,1537.8,1540,0,0
20140926,1540,1542.2,1518,1520.2,0,0
20140929,1518,1518,1493.8,1502.6,0,0
20140930,1496,1502.6,1489.4,1496,0,0
20141001,1496,1498.2,1489.4,1489.4,0,0
20141002,1485,1485,1392.6,1408,0,0
20141003,1394.8,1394.8,1342,1390.4,0,0
20141006,1397,1414.6,1379.4,1390.4,0,0
20141007,1390.4,1390.4,1383.8,1386,0,0
20141008,1386,1386,1372.8,1377.2,0,0
20141009,1383.8,1392.6,1372.8,1377.2,0,0
20141010,1377.2,1403.6,1377.2,1397,0,0
20141013,1401.4,1447.6,1401.4,1441,0,0
20141014,1438.8,1458.6,1425.6,1438.8,0,0
20141015,1449.8,1449.8,1405.8,1405.8,0,0
20141016,1405.8,1416.8,1342,1390.4,0,0
20141017,1397,1414.6,1397,1412.4,0,0
20141020,1419,1425.6,1403.6,1412.4,0,0
20141021,1419,1419,1408,1414.6,0,0
20141022,1416.8,1419,1403.6,1410.2,0,0
20141023,1419,1436.6,1410.2,1430,0,0
20141024,1430,1432.2,1423.4,1430,0,0
20141027,1430,1430,1421.2,1427.8,0,0
20141028,1425.6,1430,1423.4,1425.6,0,0
20141029,1427.8,1427.8,1414.6,1416.8,0,0
20141030,1414.6,1414.6,1375,1394.8,0,0
20141031,1397,1408,1397,1408,0,0
20141103,1412.4,1412.4,1405.8,1408,0,0
20141104,1412.4,1421.2,1412.4,1414.6,0,0
20141105,1419,1536,1405.8,1536,0,0
20141106,1536,1536,1524,1533.6,0,0
20141107,1521.6,1543.2,1521.6,1531.2,0,0
20141110,1538.4,1545.6,1528.8,1536,0,0
20141112,1543.2,1543.2,1524,1533.6,0,0
20141113,1538.4,1545.6,1519.2,1536,0,0
20141114,1536,1543.2,1531.2,1536,0,0
20141117,1555.2,1569.6,1538.4,1550.4,0,0
20141118,1552.8,1552.8,1540.8,1545.6,0,0
20141119,1545.6,1545.6,1531.2,1531.2,0,0
20141120,1540.8,1540.8,1512,1512,0,0
20141121,1516.8,1516.8,1483.2,1497.6,0,0
20141124,1488,1504.8,1476,1476,0,0
20141125,1464,1483.2,1461.6,1464,0,0
20141126,1468.8,1497.6,1466.4,1488,0,0
20141127,1488,1519.2,1488,1507.2,0,0
20141128,1502.4,1516.8,1502.4,1509.6,0,0
20141201,1514.4,1519.2,1495.2,1512,0,0
20141202,1512,1524,1504.8,1512,0,0
20141203,1521.6,1526.4,1488,1500,0,0
20141204,1500,1512,1500,1512,0,0
20141205,1502.4,1512,1502.4,1512,0,0
20141208,1507.2,1524,1504.8,1512,0,0
20141209,1500,1512,1464,1497.6,0,0
20141210,1502.4,1509.6,1490.4,1492.8,0,0
20141211,1466.4,1500,1464,1473.6,0,0
20141212,1476,1485.6,1464,1476,0,0
20141215,1452,1478.4,1406.4,1449.6,0,0
20141216,1444.8,1449.6,1372.8,1408.8,0,0
20141217,1408.8,1420.8,1406.4,1406.4,0,0
20141218,1404,1416,1382.4,1406.4,0,0
20141219,1382.4,1411.2,1382.4,1406.4,0,0
20141222,1399.2,1413.6,1384.8,1384.8,0,0
20141223,1384.8,1389.6,1351.2,1351.2,0,0
20141229,1344,1363.2,1339.2,1353.6,0,0
20141230,1358.4,1375.2,1351.2,1375.2,0,0
