Date,Open,High,Low,Close,Volume,OpenInt
20070813,30.186,30.186,30.186,30.186,0,0
20070814,27.095,27.095,27.095,27.095,0,0
20070816,24.707,24.707,24.707,24.707,0,0
20070817,25.973,25.973,25.973,25.973,0,0
20070820,28.08,28.08,28.08,28.08,0,0
20070821,29.903,29.903,29.903,29.903,0,0
20070822,36.64,36.64,36.64,36.64,0,0
20070823,35.1,35.1,35.1,35.1,0,0
20070824,34.68,34.68,34.68,34.68,0,0
20070827,35.938,35.938,35.938,35.938,0,0
20070828,36.367,36.367,36.367,36.367,0,0
20070829,37.206,37.206,37.206,37.206,0,0
20070830,36.787,36.787,36.787,36.787,0,0
20070831,37.77,37.77,37.77,37.77,0,0
20070903,38.19,38.19,38.19,38.19,0,0
20070904,40.715,40.715,40.715,40.715,0,0
20070905,41.983,41.983,41.983,41.983,0,0
20070906,40.579,40.579,40.579,40.579,0,0
20070907,37.77,37.77,37.77,37.77,0,0
20070910,35.938,35.938,35.938,35.938,0,0
20070911,40.013,40.013,40.013,40.013,0,0
20070912,40.715,40.715,40.715,40.715,0,0
20070913,41.837,41.837,41.837,41.837,0,0
20070914,41.837,41.837,41.837,41.837,0,0
20070917,41.983,41.983,41.983,41.983,0,0
20070918,42.12,42.12,42.12,42.12,0,0
20070919,42.685,42.685,42.685,42.685,0,0
20070920,42.256,42.256,42.256,42.256,0,0
20070921,42.685,42.685,42.685,42.685,0,0
20070924,42.539,42.539,42.539,42.539,0,0
20070925,41.7,41.7,41.7,41.7,0,0
20070926,41.983,41.983,41.983,41.983,0,0
20070927,42.12,42.12,42.12,42.12,0,0
20070928,42.12,42.12,42.12,42.12,0,0
20071001,40.852,40.852,40.852,40.852,0,0
20071002,40.013,40.013,40.013,40.013,0,0
20071003,39.175,39.175,39.175,39.175,0,0
20071004,39.311,39.311,39.311,39.311,0,0
20071005,51.637,51.637,51.637,51.637,0,0
20071008,50.416,50.416,50.416,50.416,0,0
20071009,52.512,52.512,52.512,52.512,0,0
20071010,52.34,52.34,52.34,52.34,0,0
20071011,51.291,51.291,51.291,51.291,0,0
20071012,51.291,51.291,51.291,51.291,0,0
20071015,50.935,50.935,50.935,50.935,0,0
20071016,52.34,52.34,52.34,52.34,0,0
20071017,52.167,52.167,52.167,52.167,0,0
20071018,50.763,50.763,50.763,50.763,0,0
20071019,50.763,50.763,50.763,50.763,0,0
20071022,49.368,49.368,49.368,49.368,0,0
20071023,49.714,49.714,49.714,49.714,0,0
20071024,47.089,47.089,47.089,47.089,0,0
20071025,49.012,49.012,49.012,49.012,0,0
20071026,49.012,49.012,49.012,49.012,0,0
20071029,48.31,48.31,48.31,48.31,0,0
20071030,48.137,48.137,48.137,48.137,0,0
20071031,48.666,48.666,48.666,48.666,0,0
20071102,54.09,54.09,54.09,54.09,0,0
20071105,50.243,50.243,50.243,50.243,0,0
20071106,49.012,49.012,49.012,49.012,0,0
20071107,46.213,46.213,46.213,46.213,0,0
20071108,45.511,45.511,45.511,45.511,0,0
20071109,45.685,45.685,42.366,42.886,0,0
20071112,41.135,42.886,40.433,40.962,0,0
20071113,41.309,43.761,40.26,43.414,0,0
20071114,45.165,45.165,42.01,43.241,0,0
20071115,43.588,43.588,37.808,38.336,0,0
20071116,38.163,40.26,35.884,40.26,0,0
20071119,40.26,40.26,38.51,38.865,0,0
20071120,36.412,39.211,36.412,38.163,0,0
20071121,36.586,37.114,35.182,35.364,0,0
20071122,35.182,39.385,33.258,39.385,0,0
20071123,37.808,42.184,37.808,42.184,0,0
20071126,42.184,43.761,40.789,42.184,0,0
20071127,41.664,41.664,39.74,40.615,0,0
20071128,40.962,42.886,40.433,42.886,0,0
20071129,43.761,44.463,43.761,43.761,0,0
20071130,44.116,44.463,43.761,44.29,0,0
20071203,44.116,44.116,41.664,43.761,0,0
20071204,41.49,43.241,41.49,43.241,0,0
20071205,43.414,44.636,43.414,44.636,0,0
20071206,43.934,43.934,42.886,42.886,0,0
20071207,42.886,43.761,41.49,42.886,0,0
20071210,42.184,42.886,42.184,42.184,0,0
20071211,43.761,43.761,41.837,43.059,0,0
20071212,41.837,42.886,41.309,42.886,0,0
20071213,42.01,43.059,42.01,43.059,0,0
20071214,42.184,43.414,41.309,43.059,0,0
20071217,41.49,41.664,40.26,41.135,0,0
20071218,40.26,41.837,39.913,41.49,0,0
20071219,40.087,41.49,39.038,41.49,0,0
20071220,40.433,41.135,38.865,39.558,0,0
20071221,39.558,39.74,36.239,38.51,0,0
20071227,38.865,41.135,37.99,41.135,0,0
20071228,40.26,42.366,40.26,42.366,0,0
20080102,42.539,42.539,41.309,41.664,0,0
20080103,41.49,41.49,40.433,41.135,0,0
20080104,42.01,42.01,40.26,41.135,0,0
20080107,40.26,40.615,40.26,40.615,0,0
20080108,40.615,40.615,40.26,40.615,0,0
20080109,40.26,40.26,37.99,39.74,0,0
20080110,37.99,38.51,37.461,38.336,0,0
20080111,37.114,38.51,37.114,38.163,0,0
20080114,37.288,37.288,37.288,37.288,0,0
20080115,36.057,37.99,35.009,36.057,0,0
20080116,30.988,35.009,30.988,35.009,0,0
20080117,35.009,35.884,35.009,35.71,0,0
20080118,35.009,36.586,32.383,36.586,0,0
20080121,35.364,35.364,33.613,34.489,0,0
20080122,34.133,36.932,33.258,35.009,0,0
20080123,36.412,36.412,32.911,35.009,0,0
20080124,35.71,37.461,35.364,36.759,0,0
20080125,38.163,42.886,38.163,42.366,0,0
20080128,39.211,39.74,39.038,39.74,0,0
20080129,41.664,42.539,41.135,41.837,0,0
20080130,41.837,41.837,39.385,40.789,0,0
20080131,41.135,42.366,39.211,39.385,0,0
20080201,39.385,40.789,39.038,40.087,0,0
20080204,40.26,40.26,39.038,39.211,0,0
20080205,38.51,39.038,36.239,36.239,0,0
20080206,36.057,36.239,35.009,36.239,0,0
20080207,35.884,36.239,35.009,36.239,0,0
20080208,36.239,36.239,35.71,35.71,0,0
20080211,35.71,36.932,35.71,36.586,0,0
20080212,36.586,36.932,35.537,36.932,0,0
20080213,36.759,39.913,36.586,39.913,0,0
20080214,40.26,40.26,38.683,38.865,0,0
20080215,37.634,40.087,37.288,37.808,0,0
20080218,37.114,37.634,36.759,37.461,0,0
20080219,36.759,37.99,36.759,37.99,0,0
20080220,36.759,36.759,36.239,36.759,0,0
20080221,37.808,37.99,36.759,37.288,0,0
20080222,36.759,37.634,36.412,36.412,0,0
20080225,36.759,37.288,36.759,36.759,0,0
20080226,36.586,36.759,36.586,36.586,0,0
20080227,36.586,36.932,36.586,36.932,0,0
20080228,37.461,37.461,36.412,36.932,0,0
20080229,36.412,36.412,34.835,34.835,0,0
20080303,34.662,35.009,34.133,34.835,0,0
20080304,35.009,35.364,33.96,34.489,0,0
20080305,34.662,34.835,34.133,34.835,0,0
20080306,34.307,35.884,34.307,35.182,0,0
20080307,34.307,35.182,33.613,35.009,0,0
20080310,35.182,35.71,33.96,35.71,0,0
20080311,35.884,36.412,35.009,36.412,0,0
20080312,37.288,37.288,35.537,36.759,0,0
20080313,36.239,36.759,35.009,35.182,0,0
20080314,34.835,34.835,33.613,34.835,0,0
20080317,33.431,34.489,33.258,34.489,0,0
20080318,34.662,34.662,33.613,34.489,0,0
20080319,33.787,34.307,33.258,34.307,0,0
20080320,34.133,34.307,33.431,33.613,0,0
20080325,33.613,33.613,32.21,32.383,0,0
20080326,32.556,32.556,31.161,31.161,0,0
20080327,30.988,33.787,30.988,32.556,0,0
20080328,33.258,33.258,31.681,32.738,0,0
20080331,32.738,32.738,32.738,32.738,0,0
20080401,33.258,33.613,33.258,33.613,0,0
20080402,33.787,33.787,32.911,33.258,0,0
20080403,33.258,33.258,32.738,33.085,0,0
20080404,32.556,33.96,32.556,33.96,0,0
20080407,33.085,33.613,33.085,33.613,0,0
20080408,32.911,33.613,32.911,33.613,0,0
20080409,33.431,35.364,33.085,35.364,0,0
20080410,36.468,41.071,35.364,40.15,0,0
20080411,39.969,40.15,37.206,38.309,0,0
20080414,37.935,38.309,36.832,38.127,0,0
20080415,37.388,38.127,36.65,38.127,0,0
20080416,36.832,37.752,35.911,37.014,0,0
20080417,35.911,36.285,35.364,35.729,0,0
20080418,35.364,36.468,34.99,36.468,0,0
20080421,35.547,36.65,34.808,34.808,0,0
20080422,33.149,34.443,32.228,34.443,0,0
20080423,34.251,34.443,32.602,34.443,0,0
20080424,34.07,34.07,33.149,33.523,0,0
20080425,33.523,34.251,33.523,33.705,0,0
20080428,34.07,34.626,33.705,34.626,0,0
20080429,35.911,35.911,34.808,34.808,0,0
20080430,35.364,35.729,34.626,35.729,0,0
20080505,34.808,35.729,34.808,35.729,0,0
20080506,34.99,35.364,34.443,34.808,0,0
20080507,34.443,34.626,33.149,33.888,0,0
20080508,33.523,33.888,33.523,33.705,0,0
20080509,33.331,33.523,32.967,33.149,0,0
20080512,33.149,33.149,32.228,33.149,0,0
20080513,32.784,32.784,30.204,30.569,0,0
20080514,30.943,31.681,30.943,31.125,0,0
20080515,31.307,31.307,30.022,30.943,0,0
20080516,30.569,32.228,30.569,31.307,0,0
20080519,30.569,30.569,29.283,29.283,0,0
20080520,29.283,29.283,27.442,27.624,0,0
20080521,27.624,27.624,26.703,27.077,0,0
20080523,26.521,27.077,25.235,25.418,0,0
20080526,25.235,25.235,24.123,24.679,0,0
20080527,24.679,24.679,23.576,23.941,0,0
20080528,23.941,25.044,23.941,24.862,0,0
20080529,24.862,25.235,24.314,25.044,0,0
20080530,24.497,25.965,24.497,25.782,0,0
20080602,25.782,25.782,24.862,25.235,0,0
20080603,24.862,27.259,24.314,26.703,0,0
20080604,26.156,26.156,24.679,25.6,0,0
20080605,25.235,26.156,24.497,25.418,0,0
20080606,25.044,25.418,24.314,24.862,0,0
20080609,24.123,24.862,22.473,23.576,0,0
20080610,22.282,23.576,19.519,19.702,0,0
20080611,18.972,19.154,18.051,18.051,0,0
20080612,17.677,18.416,17.677,18.416,0,0
20080613,18.416,18.598,18.233,18.416,0,0
20080616,18.972,19.702,18.972,18.972,0,0
20080617,19.154,20.075,18.972,20.075,0,0
20080618,20.44,20.631,19.893,20.075,0,0
20080619,19.519,21.734,19.154,21.734,0,0
20080620,21.178,22.282,21.178,21.178,0,0
20080623,21.178,21.734,20.631,21.178,0,0
20080624,20.996,20.996,19.893,20.996,0,0
20080625,19.702,20.631,19.519,20.631,0,0
20080626,20.44,20.813,19.702,20.813,0,0
20080627,19.519,20.44,19.337,20.257,0,0
20080630,19.702,20.257,19.337,20.075,0,0
20080701,21.178,21.178,18.781,19.893,0,0
20080702,18.781,19.893,18.781,19.893,0,0
20080703,19.702,19.702,18.781,19.519,0,0
20080704,18.781,19.702,18.416,18.416,0,0
20080707,18.416,18.598,18.233,18.416,0,0
20080708,18.233,18.781,18.233,18.781,0,0
20080709,19.154,19.702,18.416,19.702,0,0
20080710,19.702,20.257,19.337,20.075,0,0
20080711,19.893,19.893,18.233,18.598,0,0
20080714,18.972,19.337,18.416,19.337,0,0
20080715,19.519,19.519,17.86,19.154,0,0
20080716,18.972,19.154,18.416,18.972,0,0
20080717,18.416,19.519,18.416,19.337,0,0
20080718,18.781,19.337,18.598,19.337,0,0
20080721,19.337,20.075,19.154,20.075,0,0
20080722,19.519,20.44,19.519,20.44,0,0
20080723,20.813,20.813,18.972,20.257,0,0
20080724,19.337,20.075,19.337,19.893,0,0
20080725,19.154,20.075,19.154,20.075,0,0
20080728,19.154,20.257,19.154,19.893,0,0
20080729,19.893,20.631,19.893,20.257,0,0
20080730,20.257,24.123,20.257,23.758,0,0
20080731,23.576,26.338,23.576,24.123,0,0
20080801,23.758,24.862,23.393,24.862,0,0
20080804,23.576,23.576,22.837,23.202,0,0
20080805,23.576,24.123,22.655,23.393,0,0
20080806,22.837,23.758,22.837,23.393,0,0
20080807,22.837,23.576,22.837,23.393,0,0
20080808,23.202,23.393,23.202,23.393,0,0
20080811,23.758,23.758,23.393,23.393,0,0
20080813,23.02,23.02,23.02,23.02,0,0
20080814,23.02,23.02,23.02,23.02,0,0
20080818,22.473,23.02,21.178,23.02,0,0
20080819,23.02,23.02,22.099,22.099,0,0
20080820,22.099,23.393,22.099,23.393,0,0
20080821,23.393,23.393,21.552,21.734,0,0
20080822,22.655,22.655,22.655,22.655,0,0
20080825,22.837,22.837,22.655,22.655,0,0
20080826,22.282,22.282,21.917,21.917,0,0
20080827,22.099,22.099,22.099,22.099,0,0
20080828,22.099,22.099,22.099,22.099,0,0
20080829,23.02,23.941,23.02,23.941,0,0
20080901,23.941,24.679,23.941,24.679,0,0
20080902,24.679,24.679,22.837,22.837,0,0
20080903,23.941,24.314,23.393,24.314,0,0
20080904,23.941,24.314,23.393,24.314,0,0
20080905,24.123,24.123,22.473,23.758,0,0
20080908,23.758,23.941,23.02,23.941,0,0
20080909,22.837,23.941,22.837,23.941,0,0
20080911,23.202,23.202,23.202,23.202,0,0
20080912,22.655,22.655,22.655,22.655,0,0
20080915,22.282,22.282,21.917,22.099,0,0
20080916,21.552,21.917,21.361,21.917,0,0
20080917,22.473,22.473,22.473,22.473,0,0
20080918,22.099,22.099,22.099,22.099,0,0
20080919,22.473,23.02,21.178,22.837,0,0
20080922,22.837,22.837,22.655,22.655,0,0
20080923,22.655,22.837,20.996,22.099,0,0
20080925,20.996,22.099,20.996,22.099,0,0
20080926,23.202,23.202,21.734,22.655,0,0
20080929,22.099,22.473,22.099,22.473,0,0
20080930,20.257,22.282,20.257,22.099,0,0
20081001,21.361,22.099,21.361,22.099,0,0
20081002,22.655,23.941,22.099,23.202,0,0
20081003,23.202,23.576,23.202,23.576,0,0
20081006,22.099,23.393,20.996,23.393,0,0
20081007,21.361,21.917,18.416,18.416,0,0
20081008,18.781,20.996,18.416,20.44,0,0
20081009,20.257,20.996,19.702,19.702,0,0
20081010,18.972,20.813,18.972,19.702,0,0
20081013,20.257,21.178,19.702,21.178,0,0
20081014,21.178,23.02,21.178,23.02,0,0
20081015,22.837,22.837,20.257,22.282,0,0
20081016,20.44,22.099,20.257,22.099,0,0
20081017,21.178,21.734,20.257,21.178,0,0
20081020,21.178,21.552,20.257,21.361,0,0
20081021,21.361,21.361,19.337,21.178,0,0
20081022,20.257,21.178,19.337,19.337,0,0
20081023,19.337,19.893,17.495,19.893,0,0
20081024,21.178,21.178,18.416,18.972,0,0
20081027,17.495,20.075,17.495,20.075,0,0
20081028,19.519,20.813,19.519,20.813,0,0
20081029,19.702,20.813,19.519,20.813,0,0
20081030,20.813,21.178,19.337,20.44,0,0
20081031,20.257,20.257,19.519,20.257,0,0
20081103,20.257,20.257,19.519,19.519,0,0
20081104,19.154,20.813,19.154,20.631,0,0
20081105,20.631,20.813,19.702,20.813,0,0
20081106,20.257,20.813,19.337,19.337,0,0
20081107,19.337,20.257,19.337,20.257,0,0
20081110,20.257,20.813,19.337,20.631,0,0
20081112,20.257,20.257,19.519,19.519,0,0
20081113,19.154,19.893,18.972,19.893,0,0
20081114,19.337,19.337,18.781,18.781,0,0
20081117,20.631,20.631,19.337,19.702,0,0
20081118,18.972,20.257,18.972,20.257,0,0
20081119,20.44,20.44,19.337,20.075,0,0
20081120,18.972,18.972,18.781,18.781,0,0
20081121,18.972,19.337,18.416,19.337,0,0
20081124,19.154,19.154,18.598,18.598,0,0
20081125,18.781,19.154,18.416,18.972,0,0
20081126,19.154,19.154,18.416,18.972,0,0
20081127,19.337,19.337,18.416,18.416,0,0
20081128,18.416,19.154,18.416,19.154,0,0
20081201,18.416,19.154,18.416,18.416,0,0
20081202,18.051,18.972,18.051,18.972,0,0
20081203,18.598,18.598,17.495,18.598,0,0
20081204,18.598,19.337,18.416,18.781,0,0
20081205,18.781,19.337,18.598,18.598,0,0
20081208,18.416,18.972,18.051,18.233,0,0
20081209,18.233,18.972,18.233,18.781,0,0
20081210,18.416,20.257,18.416,19.893,0,0
20081211,19.893,19.893,18.972,18.972,0,0
20081212,18.781,19.702,18.598,19.519,0,0
20081215,19.519,19.702,19.519,19.702,0,0
20081216,19.519,19.519,18.972,19.519,0,0
20081217,19.519,19.702,18.598,19.337,0,0
20081218,19.519,19.519,18.598,19.154,0,0
20081219,19.519,19.893,19.337,19.519,0,0
20081222,19.893,20.075,18.972,19.702,0,0
20081223,18.781,19.702,18.781,18.972,0,0
20081229,19.702,19.702,18.781,18.972,0,0
20081230,19.154,19.702,19.154,19.702,0,0
20081231,19.337,23.02,19.337,23.02,0,0
20090105,21.178,23.02,20.075,20.44,0,0
20090106,20.257,21.361,20.257,20.813,0,0
20090107,21.734,21.734,20.44,20.44,0,0
20090108,20.996,20.996,19.702,20.631,0,0
20090109,20.075,23.202,19.702,22.837,0,0
20090112,22.473,22.473,20.813,21.178,0,0
20090113,21.178,22.099,20.257,20.813,0,0
20090114,20.44,21.178,20.257,20.257,0,0
20090115,21.361,21.361,20.257,20.257,0,0
20090116,20.996,21.178,19.519,19.519,0,0
20090119,20.813,20.813,19.519,20.44,0,0
20090120,19.702,19.893,19.702,19.893,0,0
20090121,19.893,19.893,19.893,19.893,0,0
20090122,19.519,20.44,19.519,19.519,0,0
20090123,19.337,20.075,18.598,18.598,0,0
20090126,18.598,19.337,18.598,19.154,0,0
20090127,19.154,19.154,19.154,19.154,0,0
20090128,18.781,20.44,18.781,20.257,0,0
20090129,19.154,20.257,18.598,19.702,0,0
20090130,19.702,20.075,19.154,20.075,0,0
20090202,20.075,20.075,18.972,19.154,0,0
20090203,19.893,19.893,18.598,19.702,0,0
20090204,18.781,19.702,18.781,19.702,0,0
20090205,19.519,19.702,19.519,19.702,0,0
20090206,19.702,19.702,19.337,19.337,0,0
20090209,18.972,19.702,18.972,19.337,0,0
20090210,19.893,21.734,19.519,20.996,0,0
20090211,20.996,20.996,19.702,20.257,0,0
20090212,20.996,20.996,20.996,20.996,0,0
20090213,23.02,23.758,20.996,21.552,0,0
20090216,20.996,20.996,20.257,20.257,0,0
20090217,20.075,20.631,19.702,19.893,0,0
20090218,19.519,20.257,19.337,20.257,0,0
20090219,19.702,20.996,19.702,20.813,0,0
20090220,20.257,20.44,19.893,20.44,0,0
20090223,20.44,21.361,20.44,21.361,0,0
20090224,20.996,20.996,19.702,19.702,0,0
20090225,20.813,20.813,19.893,19.893,0,0
20090226,20.813,20.813,20.631,20.631,0,0
20090227,20.44,20.44,19.702,19.893,0,0
20090302,19.702,20.257,19.702,20.257,0,0
20090303,20.44,20.631,19.893,20.631,0,0
20090304,20.075,20.631,20.075,20.631,0,0
20090305,20.257,20.631,20.075,20.075,0,0
20090306,20.075,20.257,19.702,20.257,0,0
20090309,20.075,20.257,20.075,20.075,0,0
20090310,19.702,20.075,19.702,20.075,0,0
20090311,20.257,20.631,20.257,20.44,0,0
20090312,20.075,20.075,20.075,20.075,0,0
20090313,20.813,20.813,19.893,20.813,0,0
20090316,20.631,20.813,20.257,20.813,0,0
20090317,20.996,21.734,20.996,21.178,0,0
20090318,22.099,22.099,21.361,21.734,0,0
20090319,22.099,22.655,21.917,22.473,0,0
20090320,21.734,22.099,21.361,22.099,0,0
20090323,22.473,23.02,21.552,23.02,0,0
20090324,23.393,23.393,22.473,23.02,0,0
20090325,23.02,23.576,22.473,23.202,0,0
20090326,23.758,23.758,22.282,22.655,0,0
20090327,22.655,23.393,22.473,23.393,0,0
20090330,22.473,23.393,22.473,23.393,0,0
20090331,23.202,23.393,23.202,23.202,0,0
20090401,22.282,22.655,22.282,22.655,0,0
20090402,21.917,22.655,21.917,22.655,0,0
20090403,22.655,23.758,22.655,23.758,0,0
20090406,23.941,24.123,23.02,23.758,0,0
20090407,23.758,25.965,22.837,25.6,0,0
20090408,25.782,26.156,24.679,25.6,0,0
20090409,26.156,27.998,25.418,27.624,0,0
20090414,27.807,28.363,26.886,26.886,0,0
20090415,26.703,27.624,25.965,27.077,0,0
20090416,27.998,27.998,26.886,27.077,0,0
20090417,26.886,26.886,25.6,25.6,0,0
20090420,25.965,27.807,25.235,25.235,0,0
20090421,24.862,25.782,24.862,25.782,0,0
20090422,25.418,27.077,25.418,26.521,0,0
20090423,26.521,26.521,25.965,25.965,0,0
20090424,25.965,25.965,25.965,25.965,0,0
20090427,25.782,25.782,25.044,25.044,0,0
20090428,24.497,24.497,23.758,24.314,0,0
20090429,24.679,26.156,24.679,26.156,0,0
20090430,27.442,27.442,25.782,27.442,0,0
20090504,27.624,27.624,25.965,26.886,0,0
20090505,27.077,29.466,26.886,27.077,0,0
20090506,28.18,28.18,27.259,27.624,0,0
20090507,27.998,27.998,27.077,27.442,0,0
20090508,27.259,28.545,27.259,27.624,0,0
20090511,27.442,27.442,27.077,27.077,0,0
20090512,27.077,27.807,26.521,27.077,0,0
20090513,27.259,27.624,26.703,27.259,0,0
20090514,27.077,27.442,26.703,27.442,0,0
20090515,27.442,27.442,27.442,27.442,0,0
20090518,26.703,27.442,26.703,27.259,0,0
20090519,27.259,27.442,27.077,27.259,0,0
20090520,27.259,27.807,27.077,27.807,0,0
20090521,28.363,28.363,27.442,27.807,0,0
20090522,27.442,27.624,27.442,27.624,0,0
20090525,27.259,27.807,27.259,27.807,0,0
20090526,27.624,27.807,27.259,27.807,0,0
20090527,27.807,28.18,27.259,27.807,0,0
20090528,27.807,28.363,27.624,28.363,0,0
20090529,29.101,31.125,28.363,29.466,0,0
20090601,29.466,30.943,29.466,30.569,0,0
20090602,30.569,34.07,30.569,32.602,0,0
20090603,32.228,32.602,30.204,31.681,0,0
20090604,30.76,32.228,30.76,31.125,0,0
20090605,30.943,30.943,30.022,30.022,0,0
20090608,29.466,32.046,29.466,32.046,0,0
20090609,32.046,32.046,30.943,31.307,0,0
20090610,30.569,31.681,30.569,31.49,0,0
20090612,31.681,31.681,30.387,31.681,0,0
20090615,31.681,31.863,30.76,30.76,0,0
20090616,31.49,31.49,30.204,30.204,0,0
20090617,29.466,30.76,28.545,29.466,0,0
20090618,29.283,29.283,27.807,28.918,0,0
20090619,28.545,30.387,28.18,30.387,0,0
20090622,30.569,30.569,27.624,27.624,0,0
20090623,27.624,28.18,26.886,27.077,0,0
20090624,28.18,28.18,27.259,28.18,0,0
20090625,27.624,27.998,26.886,27.998,0,0
20090626,28.18,28.545,27.998,28.363,0,0
20090629,28.18,28.18,27.998,28.18,0,0
20090630,27.624,28.363,27.442,27.442,0,0
20090701,27.442,31.307,27.442,30.943,0,0
20090702,29.839,30.387,29.101,30.387,0,0
20090703,29.466,30.387,28.545,28.545,0,0
20090706,28.363,29.283,27.807,27.998,0,0
20090707,29.283,30.569,29.283,29.283,0,0
20090708,28.545,29.466,28.545,29.466,0,0
20090709,30.569,30.569,30.204,30.204,0,0
20090710,29.101,30.204,28.727,30.204,0,0
20090713,28.918,30.022,28.545,28.545,0,0
20090714,30.204,30.943,28.545,29.648,0,0
20090715,28.918,30.022,28.727,29.839,0,0
20090716,29.839,29.839,28.727,29.101,0,0
20090717,28.918,29.101,28.727,29.101,0,0
20090720,29.283,29.283,28.727,28.727,0,0
20090721,28.545,29.283,28.363,29.283,0,0
20090722,29.466,29.648,28.727,29.283,0,0
20090723,29.101,29.466,29.101,29.466,0,0
20090724,28.727,29.648,28.727,29.283,0,0
20090727,28.918,29.283,27.998,29.283,0,0
20090728,28.363,29.648,28.363,29.648,0,0
20090729,29.839,30.76,29.466,30.76,0,0
20090730,31.307,31.681,31.125,31.125,0,0
20090731,31.307,31.307,30.387,30.76,0,0
20090803,30.76,32.41,29.839,31.49,0,0
20090804,31.863,31.863,30.204,31.307,0,0
20090805,30.76,31.49,30.569,30.76,0,0
20090806,31.125,31.49,30.022,30.943,0,0
20090807,30.943,31.307,30.569,31.307,0,0
20090810,31.49,31.681,30.569,31.681,0,0
20090811,30.943,31.49,30.76,30.943,0,0
20090812,30.387,30.943,30.387,30.76,0,0
20090813,30.943,31.125,30.569,30.569,0,0
20090814,31.307,31.307,30.76,31.125,0,0
20090817,30.76,31.125,30.022,31.125,0,0
20090818,30.022,31.307,30.022,31.307,0,0
20090819,30.943,31.49,30.569,31.49,0,0
20090820,31.681,31.863,30.943,31.863,0,0
20090821,31.863,31.863,30.76,31.125,0,0
20090824,31.307,32.228,30.943,32.228,0,0
20090825,32.046,33.888,32.046,33.888,0,0
20090826,33.888,33.888,31.681,32.967,0,0
20090827,32.228,33.331,32.046,32.967,0,0
20090828,33.149,33.149,32.228,32.228,0,0
20090831,32.228,32.228,31.125,31.681,0,0
20090901,30.76,30.76,29.466,30.204,0,0
20090902,29.648,30.204,27.807,29.283,0,0
20090903,27.807,29.283,27.807,29.283,0,0
20090904,28.545,30.569,28.545,28.918,0,0
20090907,28.545,30.387,28.545,30.387,0,0
20090908,30.204,30.204,29.466,29.839,0,0
20090909,29.466,29.466,28.918,29.466,0,0
20090910,29.466,29.648,29.101,29.648,0,0
20090911,29.101,30.387,28.727,29.648,0,0
20090914,29.101,29.101,28.545,28.545,0,0
20090915,28.545,29.101,28.545,29.101,0,0
20090916,29.101,29.283,29.101,29.283,0,0
20090917,29.283,29.283,29.283,29.283,0,0
20090918,29.466,30.387,29.101,30.387,0,0
20090921,29.101,30.387,28.918,30.387,0,0
20090922,30.569,30.76,29.283,29.283,0,0
20090923,29.466,29.466,29.466,29.466,0,0
20090924,29.648,29.839,29.283,29.283,0,0
20090925,28.918,29.466,28.918,29.466,0,0
20090928,29.466,29.466,28.918,29.466,0,0
20090929,28.918,29.283,28.545,29.283,0,0
20090930,28.727,29.466,28.545,29.466,0,0
20091001,29.466,29.466,28.545,29.283,0,0
20091002,28.18,28.545,27.807,28.545,0,0
20091005,27.807,28.545,27.807,28.545,0,0
20091006,28.545,28.727,28.545,28.727,0,0
20091007,28.18,29.283,28.18,28.918,0,0
20091008,28.363,29.101,28.363,29.101,0,0
20091009,28.545,29.101,28.545,29.101,0,0
20091012,28.363,28.727,28.363,28.727,0,0
20091013,28.363,28.918,28.18,28.918,0,0
20091014,28.363,29.101,28.363,29.101,0,0
20091015,29.283,29.466,29.283,29.283,0,0
20091016,28.363,29.101,28.18,28.18,0,0
20091019,27.998,28.727,27.998,28.545,0,0
20091020,27.998,28.18,27.624,28.18,0,0
20091021,28.545,28.545,27.077,27.624,0,0
20091022,27.259,28.363,26.703,27.624,0,0
20091023,26.703,28.18,26.703,28.18,0,0
20091026,27.624,28.18,26.338,28.18,0,0
20091027,27.077,28.545,27.077,28.363,0,0
20091028,27.624,28.918,27.624,28.918,0,0
20091029,27.998,28.918,27.807,28.727,0,0
20091030,28.18,29.466,27.998,28.727,0,0
20091102,27.998,28.918,27.998,28.727,0,0
20091103,27.998,28.727,27.998,28.727,0,0
20091104,28.918,30.204,28.918,29.648,0,0
20091105,28.918,29.283,28.918,29.101,0,0
20091106,29.648,29.648,29.101,29.466,0,0
20091109,28.918,29.283,28.545,29.101,0,0
20091110,28.727,29.839,28.727,29.839,0,0
20091112,28.727,30.387,28.727,29.839,0,0
20091113,28.918,30.022,28.918,30.022,0,0
20091116,30.387,31.125,30.387,31.125,0,0
20091117,31.125,32.228,30.204,31.681,0,0
20091118,31.681,31.681,30.76,31.307,0,0
20091119,31.307,31.307,29.283,29.283,0,0
20091120,28.918,29.283,28.545,29.283,0,0
20091123,29.283,29.283,28.727,29.283,0,0
20091124,28.918,29.283,28.545,29.283,0,0
20091125,28.727,29.283,28.727,29.283,0,0
20091126,28.918,28.918,28.545,28.918,0,0
20091127,27.998,28.727,27.998,28.727,0,0
20091130,28.727,28.727,28.363,28.727,0,0
20091201,28.18,28.727,28.18,28.727,0,0
20091202,28.18,28.545,28.18,28.545,0,0
20091203,28.363,28.918,28.363,28.918,0,0
20091204,28.545,29.839,28.545,29.466,0,0
20091207,28.545,29.466,28.545,29.466,0,0
20091208,29.466,29.839,27.807,28.918,0,0
20091209,29.648,29.839,28.918,29.648,0,0
20091210,29.648,29.648,28.363,29.466,0,0
20091211,28.545,29.466,28.545,28.545,0,0
20091214,28.545,29.101,28.363,29.101,0,0
20091215,28.363,28.545,28.18,28.545,0,0
20091216,28.18,28.545,26.886,28.545,0,0
20091217,27.998,28.545,27.624,28.363,0,0
20091218,28.363,28.545,27.624,28.363,0,0
20091221,27.807,28.545,27.807,28.545,0,0
20091222,27.998,28.545,27.998,28.545,0,0
20091223,27.998,28.545,27.998,28.545,0,0
20091228,28.918,28.918,27.807,27.998,0,0
20091229,27.998,28.18,27.807,28.18,0,0
20091230,27.998,28.727,27.998,28.545,0,0
20091231,27.998,28.727,27.998,28.727,0,0
20100104,28.727,30.76,28.363,30.76,0,0
20100105,30.569,31.49,29.648,30.76,0,0
20100106,30.943,31.681,30.387,31.49,0,0
20100107,31.307,31.307,30.569,30.569,0,0
20100108,30.76,32.41,30.76,31.125,0,0
20100111,31.863,31.863,30.943,30.943,0,0
20100112,30.943,32.41,30.387,30.943,0,0
20100113,30.569,31.681,30.569,31.681,0,0
20100114,31.681,31.681,30.76,31.307,0,0
20100115,30.943,31.307,30.76,30.76,0,0
20100118,31.307,31.307,30.022,30.387,0,0
20100119,30.387,30.76,29.648,30.387,0,0
20100120,30.204,30.76,29.648,30.76,0,0
20100121,30.569,30.569,29.839,29.839,0,0
20100122,30.022,30.022,29.101,29.466,0,0
20100125,29.101,30.204,28.727,29.466,0,0
20100126,29.466,29.466,28.918,29.283,0,0
20100127,29.101,29.839,28.727,29.839,0,0
20100128,29.839,29.839,28.727,28.727,0,0
20100129,28.545,29.283,28.545,29.101,0,0
20100201,28.918,29.283,28.363,29.101,0,0
20100202,28.918,29.101,28.918,28.918,0,0
20100203,29.283,29.283,28.727,29.101,0,0
20100204,29.283,29.283,28.545,28.545,0,0
20100205,28.363,30.204,27.442,29.839,0,0
20100208,30.387,30.569,28.545,28.545,0,0
20100209,28.727,29.283,28.363,28.727,0,0
20100210,28.727,28.727,27.807,28.363,0,0
20100211,28.18,29.839,28.18,28.727,0,0
20100212,28.918,29.648,28.918,29.648,0,0
20100215,29.648,30.387,29.648,29.839,0,0
20100216,30.022,30.022,29.466,29.839,0,0
20100217,29.839,30.022,29.101,29.839,0,0
20100218,29.101,30.022,29.101,29.839,0,0
20100219,29.283,29.839,29.283,29.839,0,0
20100222,29.466,29.466,27.998,28.727,0,0
20100223,28.18,29.101,28.18,28.918,0,0
20100224,28.918,29.101,28.727,29.101,0,0
20100225,28.545,29.466,28.545,29.466,0,0
20100226,28.918,29.466,28.918,29.101,0,0
20100301,28.727,29.101,28.727,28.918,0,0
20100302,28.727,29.839,28.727,29.839,0,0
20100303,29.283,29.839,29.283,29.839,0,0
20100304,29.283,29.839,29.101,29.466,0,0
20100305,29.101,29.466,29.101,29.466,0,0
20100308,29.839,30.204,29.466,30.022,0,0
20100309,29.466,30.76,29.466,30.387,0,0
20100310,30.387,31.681,29.839,31.307,0,0
20100311,31.307,31.49,30.76,30.943,0,0
20100312,30.387,30.569,29.839,30.204,0,0
20100315,30.387,30.387,29.839,30.387,0,0
20100316,30.569,31.681,30.569,31.681,0,0
20100317,32.967,39.594,32.967,35.729,0,0
20100318,36.285,36.285,33.523,34.07,0,0
20100319,35.729,36.832,34.443,36.65,0,0
20100322,35.364,36.65,35.364,36.468,0,0
20100323,35.911,38.127,35.729,37.752,0,0
20100324,37.206,37.57,36.285,36.285,0,0
20100325,36.65,37.206,36.285,36.832,0,0
20100326,36.468,36.65,35.547,36.093,0,0
20100329,35.911,35.911,34.99,34.99,0,0
20100330,34.99,34.99,33.523,33.705,0,0
20100331,34.808,34.808,33.888,34.626,0,0
20100401,34.251,34.626,33.705,33.705,0,0
20100406,34.07,34.808,34.07,34.251,0,0
20100407,33.888,34.07,33.523,34.07,0,0
20100408,33.705,33.705,32.228,32.784,0,0
20100409,32.602,34.07,32.228,33.888,0,0
20100412,34.07,34.07,32.784,34.07,0,0
20100413,32.967,34.07,32.967,33.523,0,0
20100414,33.523,34.99,32.967,34.99,0,0
20100415,34.99,34.99,33.705,33.888,0,0
20100416,34.443,34.443,33.331,33.331,0,0
20100419,33.331,33.331,32.41,33.149,0,0
20100420,32.602,32.967,32.602,32.967,0,0
20100421,33.149,34.808,32.602,34.443,0,0
20100422,33.705,34.808,32.967,32.967,0,0
20100423,32.784,33.523,32.784,33.149,0,0
20100426,33.149,33.149,32.967,32.967,0,0
20100427,32.967,32.967,32.967,32.967,0,0
20100428,32.967,32.967,32.046,32.228,0,0
20100429,32.228,32.967,31.681,32.967,0,0
20100430,32.41,32.41,32.046,32.046,0,0
20100504,31.863,32.228,30.76,30.76,0,0
20100505,30.569,30.943,30.204,30.387,0,0
20100506,30.387,31.681,30.387,30.387,0,0
20100507,30.387,31.307,29.466,30.204,0,0
20100510,31.125,31.863,30.569,31.307,0,0
20100511,31.307,31.49,30.943,30.943,0,0
20100512,31.307,31.863,31.307,31.681,0,0
20100513,31.681,32.602,31.49,32.228,0,0
20100514,31.681,31.681,31.307,31.307,0,0
20100517,31.307,32.784,30.569,32.784,0,0
20100518,32.228,33.705,32.228,33.331,0,0
20100519,33.331,33.331,31.863,32.784,0,0
20100520,31.863,32.784,31.49,32.784,0,0
20100521,31.125,32.784,31.125,32.784,0,0
20100524,32.784,32.784,32.046,32.046,0,0
20100525,31.863,31.863,31.681,31.863,0,0
20100526,31.681,32.784,31.681,31.863,0,0
20100527,31.863,32.41,31.863,32.046,0,0
20100528,31.863,32.784,31.49,31.681,0,0
20100531,31.49,32.228,30.943,30.943,0,0
20100601,30.76,31.125,30.569,31.125,0,0
20100602,30.76,31.863,30.76,31.863,0,0
20100604,30.943,31.307,30.204,30.943,0,0
20100607,30.204,30.204,29.283,30.204,0,0
20100608,29.839,30.76,29.839,30.387,0,0
20100609,30.76,30.943,30.204,30.943,0,0
20100610,30.569,30.569,30.569,30.569,0,0
20100611,30.204,30.204,30.022,30.022,0,0
20100614,29.648,30.387,29.648,29.839,0,0
20100615,29.648,29.648,28.363,29.101,0,0
20100616,29.466,29.466,29.101,29.101,0,0
20100617,30.204,30.204,28.727,28.727,0,0
20100618,29.101,29.101,28.545,28.545,0,0
20100621,29.648,30.204,29.648,29.648,0,0
20100622,29.466,30.204,29.101,30.204,0,0
20100623,29.466,29.466,29.466,29.466,0,0
20100624,29.466,29.466,28.18,29.466,0,0
20100625,30.022,30.022,27.624,29.466,0,0
20100628,29.283,29.466,28.545,29.466,0,0
20100629,28.545,28.727,28.545,28.727,0,0
20100630,28.18,29.466,27.998,29.283,0,0
20100702,28.727,29.283,27.807,29.283,0,0
20100705,29.466,29.466,28.363,28.545,0,0
20100706,29.283,29.466,28.363,28.363,0,0
20100707,28.363,28.363,28.363,28.363,0,0
20100708,28.545,28.545,28.545,28.545,0,0
20100709,29.283,29.283,28.363,28.363,0,0
20100712,29.101,29.466,28.18,28.918,0,0
20100713,28.18,29.101,28.18,29.101,0,0
20100714,28.727,28.727,28.545,28.545,0,0
20100715,28.363,29.101,28.363,29.101,0,0
20100716,29.101,29.283,29.101,29.283,0,0
20100719,29.283,29.283,29.283,29.283,0,0
20100720,29.283,29.283,28.545,29.283,0,0
20100721,29.466,29.466,29.466,29.466,0,0
20100722,29.466,29.466,28.727,29.466,0,0
20100723,29.466,29.839,28.727,29.839,0,0
20100726,29.466,29.466,28.918,29.101,0,0
20100727,29.466,31.681,29.283,30.569,0,0
20100728,31.307,31.307,29.839,30.76,0,0
20100729,30.569,30.569,29.466,30.022,0,0
20100730,30.022,30.204,29.648,30.204,0,0
20100802,30.022,30.569,29.101,30.204,0,0
20100803,29.839,29.839,28.918,29.466,0,0
20100804,29.466,29.648,28.18,28.545,0,0
20100805,28.545,29.101,28.18,28.18,0,0
20100806,28.18,28.18,27.624,27.998,0,0
20100809,27.998,28.363,27.807,27.998,0,0
20100810,28.18,28.363,27.998,28.18,0,0
20100811,28.18,28.545,27.998,28.545,0,0
20100812,28.18,28.18,27.998,28.18,0,0
20100813,27.807,28.18,27.259,28.18,0,0
20100816,28.18,28.18,27.442,27.998,0,0
20100817,27.998,28.18,27.998,28.18,0,0
20100818,28.18,28.18,27.259,27.442,0,0
20100819,27.442,27.624,26.703,27.259,0,0
20100820,27.259,27.259,26.521,26.521,0,0
20100823,27.259,27.259,26.886,27.259,0,0
20100824,27.442,27.998,27.259,27.259,0,0
20100825,27.259,27.998,27.259,27.442,0,0
20100826,27.624,27.998,27.624,27.624,0,0
20100827,27.998,28.18,27.624,28.18,0,0
20100830,27.998,29.283,27.624,27.998,0,0
20100831,28.727,28.727,27.807,28.727,0,0
20100901,28.918,30.022,28.918,29.466,0,0
20100902,29.466,29.466,28.918,28.918,0,0
20100903,29.101,29.466,29.101,29.466,0,0
20100906,29.648,29.648,28.727,28.727,0,0
20100907,29.283,29.283,28.727,28.727,0,0
20100908,29.101,29.839,29.101,29.839,0,0
20100909,29.839,29.839,29.466,29.466,0,0
20100910,29.839,30.022,29.283,29.648,0,0
20100913,29.648,30.387,29.648,30.022,0,0
20100914,30.022,31.125,29.648,30.204,0,0
20100915,30.76,31.863,30.387,31.681,0,0
20100916,32.046,32.046,31.307,32.046,0,0
20100917,31.863,32.228,31.307,32.228,0,0
20100920,32.228,32.602,31.863,32.41,0,0
20100921,32.046,32.046,30.387,31.125,0,0
20100922,30.569,31.681,30.204,30.387,0,0
20100923,30.76,31.863,30.76,31.681,0,0
20100924,31.681,32.046,31.681,32.046,0,0
20100927,32.228,32.967,31.863,32.602,0,0
20100928,32.41,32.967,32.046,32.046,0,0
20100929,31.863,32.41,31.307,32.046,0,0
20100930,31.307,31.49,31.307,31.49,0,0
20101001,31.49,32.228,31.49,32.046,0,0
20101004,32.228,32.41,31.49,31.49,0,0
20101005,31.49,31.681,31.125,31.307,0,0
20101006,31.307,31.307,31.307,31.307,0,0
20101007,31.307,31.307,31.125,31.125,0,0
20101008,31.125,31.125,29.839,29.839,0,0
20101011,30.569,31.125,30.569,30.76,0,0
20101012,31.125,31.125,31.125,31.125,0,0
20101013,31.307,31.307,30.76,31.125,0,0
20101014,30.76,31.681,30.76,30.76,0,0
20101015,30.569,30.76,30.569,30.569,0,0
20101018,30.204,30.387,30.204,30.387,0,0
20101019,30.569,31.125,29.648,29.648,0,0
20101020,30.204,30.387,29.466,29.466,0,0
20101021,29.466,30.204,29.466,29.839,0,0
20101022,29.466,31.307,29.466,31.125,0,0
20101025,31.49,31.49,30.387,31.125,0,0
20101026,30.76,30.76,30.022,30.387,0,0
20101027,29.839,30.943,29.648,30.387,0,0
20101028,30.387,30.387,29.283,29.839,0,0
20101029,29.839,30.387,29.839,30.387,0,0
20101102,30.387,30.569,30.204,30.569,0,0
20101103,30.387,30.387,29.466,29.648,0,0
20101104,29.466,30.022,29.466,29.648,0,0
20101105,29.648,30.022,29.466,29.466,0,0
20101108,29.283,29.839,28.727,29.839,0,0
20101109,29.466,29.839,29.283,29.466,0,0
20101110,29.466,29.466,28.918,28.918,0,0
20101112,28.918,29.101,28.727,29.101,0,0
20101115,28.918,28.918,28.363,28.727,0,0
20101116,28.918,30.022,28.918,28.918,0,0
20101117,29.101,29.839,28.918,29.839,0,0
20101118,29.839,29.839,29.283,29.283,0,0
20101119,29.283,29.283,29.283,29.283,0,0
20101122,29.101,29.648,28.918,29.283,0,0
20101123,29.283,29.283,28.727,28.727,0,0
20101124,28.545,28.918,28.363,28.918,0,0
20101125,28.918,28.918,28.545,28.727,0,0
20101126,28.918,28.918,27.807,28.727,0,0
20101129,28.727,28.727,27.807,27.998,0,0
20101130,27.807,29.101,27.807,28.18,0,0
20101201,27.998,28.918,27.998,28.545,0,0
20101202,28.918,29.101,28.18,28.18,0,0
20101203,29.101,29.101,28.363,28.727,0,0
20101206,28.363,28.727,27.998,28.727,0,0
20101207,28.363,28.727,28.363,28.727,0,0
20101208,28.363,28.918,28.363,28.918,0,0
20101209,28.918,29.101,28.545,28.545,0,0
20101210,28.545,28.918,27.807,28.545,0,0
20101213,28.545,28.727,27.998,28.727,0,0
20101214,28.727,28.727,27.624,28.545,0,0
20101215,28.363,28.363,27.442,28.18,0,0
20101216,27.624,27.998,27.624,27.807,0,0
20101217,27.624,27.998,27.442,27.998,0,0
20101220,27.624,27.998,27.259,27.624,0,0
20101221,27.259,27.624,27.077,27.624,0,0
20101222,27.624,27.624,27.077,27.077,0,0
20101223,27.442,27.442,26.521,27.442,0,0
20101227,27.259,27.259,26.521,27.259,0,0
20101228,26.886,27.259,26.156,26.156,0,0
20101229,26.338,26.886,26.156,26.886,0,0
20101230,26.338,27.442,26.338,26.703,0,0
20101231,26.521,27.259,26.521,27.259,0,0
20110103,26.886,27.442,26.886,27.442,0,0
20110104,27.998,28.363,27.442,28.363,0,0
20110105,27.624,28.18,27.624,28.18,0,0
20110107,28.545,28.545,26.703,28.18,0,0
20110110,28.18,28.18,28.18,28.18,0,0
20110111,27.624,27.998,27.624,27.998,0,0
20110112,27.998,27.998,27.998,27.998,0,0
20110113,27.077,27.998,27.077,27.998,0,0
20110114,27.998,27.998,27.998,27.998,0,0
20110117,27.998,27.998,26.886,27.998,0,0
20110118,27.998,28.18,27.259,28.18,0,0
20110119,27.259,27.998,27.259,27.807,0,0
20110120,27.807,28.545,27.624,27.998,0,0
20110121,28.363,28.545,27.442,28.363,0,0
20110124,27.807,28.18,27.259,28.18,0,0
20110125,28.18,28.18,28.18,28.18,0,0
20110126,27.624,28.18,27.259,28.18,0,0
20110127,28.18,29.466,27.998,27.998,0,0
20110128,28.363,28.363,28.363,28.363,0,0
20110131,28.363,28.363,28.363,28.363,0,0
20110201,28.363,28.363,27.807,27.807,0,0
20110202,27.807,27.807,27.259,27.624,0,0
20110203,28.727,28.727,27.624,28.545,0,0
20110204,28.545,28.727,28.545,28.545,0,0
20110207,27.998,28.545,27.998,28.18,0,0
20110208,28.545,28.545,28.18,28.18,0,0
20110209,28.363,28.545,27.807,28.363,0,0
20110210,27.624,28.363,27.442,27.442,0,0
20110211,27.442,27.624,27.259,27.259,0,0
20110214,27.442,27.998,27.442,27.998,0,0
20110215,27.807,27.998,27.077,27.077,0,0
20110216,27.259,27.624,27.077,27.624,0,0
20110217,27.624,27.624,27.077,27.624,0,0
20110218,26.886,27.442,26.886,27.077,0,0
20110221,27.077,27.259,26.886,26.886,0,0
20110222,27.259,27.259,26.886,26.886,0,0
20110223,26.703,27.077,26.703,27.077,0,0
20110224,26.521,26.886,26.521,26.521,0,0
20110225,26.703,26.886,26.521,26.703,0,0
20110228,26.703,27.077,26.521,27.077,0,0
20110301,26.521,27.077,26.521,26.521,0,0
20110302,26.703,26.703,26.521,26.703,0,0
20110303,26.703,27.077,26.521,26.703,0,0
20110304,26.703,26.703,26.338,26.703,0,0
20110307,26.703,27.259,26.703,27.259,0,0
20110308,27.259,27.259,26.521,26.886,0,0
20110309,26.886,26.886,26.703,26.886,0,0
20110310,26.703,27.442,26.703,27.442,0,0
20110311,26.703,27.442,26.338,26.338,0,0
20110314,26.338,27.259,26.338,26.338,0,0
20110315,26.521,26.703,25.6,26.338,0,0
20110316,26.156,26.338,26.156,26.338,0,0
20110318,24.862,26.338,24.862,26.156,0,0
20110321,25.782,27.259,25.782,27.259,0,0
20110322,26.703,27.259,25.965,26.703,0,0
20110323,26.521,26.521,25.782,25.782,0,0
20110324,25.965,25.965,25.782,25.965,0,0
20110325,26.156,26.156,25.782,26.156,0,0
20110328,25.418,25.965,25.044,25.782,0,0
20110329,25.235,25.782,25.235,25.235,0,0
20110330,25.235,25.235,24.862,24.862,0,0
20110331,24.862,24.862,24.314,24.862,0,0
20110401,24.497,25.965,24.497,25.965,0,0
20110404,25.235,25.782,25.044,25.782,0,0
20110405,25.235,25.782,25.235,25.6,0,0
20110406,25.235,25.6,25.235,25.235,0,0
20110407,25.235,25.235,24.862,25.235,0,0
20110408,24.862,25.235,24.862,24.862,0,0
20110411,24.862,24.862,24.314,24.314,0,0
20110412,24.497,25.235,23.202,24.314,0,0
20110413,24.497,24.497,23.758,23.758,0,0
20110414,23.941,24.862,23.758,24.497,0,0
20110415,23.576,24.679,23.576,24.679,0,0
20110418,23.576,24.679,23.576,24.679,0,0
20110419,24.497,24.679,24.497,24.497,0,0
20110420,24.314,24.314,24.314,24.314,0,0
20110421,23.941,23.941,23.393,23.393,0,0
20110426,23.576,23.576,23.393,23.393,0,0
20110427,23.202,23.393,22.655,23.202,0,0
20110428,23.02,23.02,22.655,22.837,0,0
20110429,23.02,23.02,22.655,23.02,0,0
20110502,22.473,23.02,22.099,22.655,0,0
20110504,21.917,22.473,21.917,22.473,0,0
20110505,22.473,22.837,21.917,22.837,0,0
20110506,22.837,22.837,22.099,22.099,0,0
20110509,23.02,23.02,22.473,23.02,0,0
20110510,23.02,23.02,22.655,23.02,0,0
20110511,21.917,23.02,21.917,23.02,0,0
20110512,22.099,22.837,22.099,22.837,0,0
20110513,22.837,23.576,22.837,23.576,0,0
20110516,23.02,23.576,21.917,22.837,0,0
20110517,21.361,23.758,21.361,23.576,0,0
20110518,23.576,23.576,23.576,23.576,0,0
20110519,22.473,23.393,22.473,23.393,0,0
20110520,23.393,23.393,23.393,23.393,0,0
20110523,22.473,22.837,22.473,22.837,0,0
20110524,22.282,22.837,22.282,22.837,0,0
20110525,22.837,23.393,22.837,23.393,0,0
20110526,22.473,23.393,22.473,22.473,0,0
20110527,22.282,23.758,22.282,23.758,0,0
20110530,23.758,23.758,22.282,23.202,0,0
20110531,23.02,23.758,22.282,22.655,0,0
20110601,23.02,23.758,23.02,23.02,0,0
20110602,23.202,23.576,22.837,23.202,0,0
20110603,22.837,23.202,22.837,22.837,0,0
20110606,22.837,22.837,22.655,22.655,0,0
20110607,22.837,22.837,22.837,22.837,0,0
20110608,22.837,22.837,22.837,22.837,0,0
20110609,22.837,23.393,22.837,23.202,0,0
20110610,23.393,23.393,23.202,23.393,0,0
20110613,23.393,24.862,23.393,24.679,0,0
20110614,24.679,24.679,23.941,24.123,0,0
20110615,24.123,24.497,24.123,24.497,0,0
20110616,24.497,25.235,22.282,23.202,0,0
20110617,23.758,23.758,23.202,23.576,0,0
20110620,23.576,23.941,23.393,23.941,0,0
20110621,24.497,25.044,23.941,23.941,0,0
20110622,23.941,25.235,23.941,24.862,0,0
20110624,24.123,24.679,24.123,24.679,0,0
20110627,24.123,24.123,24.123,24.123,0,0
20110628,23.02,24.123,22.655,23.941,0,0
20110629,23.941,23.941,22.837,23.202,0,0
20110630,23.02,23.941,23.02,23.941,0,0
20110704,23.02,23.758,22.473,22.655,0,0
20110705,23.576,23.576,23.576,23.576,0,0
20110706,22.655,22.655,22.655,22.655,0,0
20110707,22.473,23.02,22.473,22.473,0,0
20110708,22.473,22.473,22.473,22.473,0,0
20110711,22.282,23.576,22.282,23.576,0,0
20110712,23.393,23.393,22.099,22.282,0,0
20110713,22.282,22.282,21.552,22.282,0,0
20110720,22.282,22.282,22.282,22.282,0,0
20110721,21.361,22.282,21.361,22.282,0,0
20110725,22.282,22.282,22.282,22.282,0,0
20110726,22.099,22.099,20.996,22.099,0,0
20110727,21.178,22.099,21.178,21.552,0,0
20110728,21.552,22.282,21.552,22.282,0,0
20110729,21.178,22.282,20.996,22.282,0,0
20110801,21.178,22.282,21.178,22.282,0,0
20110802,21.178,21.552,20.257,21.552,0,0
20110803,20.813,21.552,19.519,19.519,0,0
20110804,21.178,21.178,18.781,19.519,0,0
20110805,18.781,19.519,16.939,18.233,0,0
20110808,17.495,19.519,16.392,17.677,0,0
20110809,16.018,17.677,15.653,17.677,0,0
20110810,16.574,16.574,16.018,16.018,0,0
20110811,15.471,16.574,14.55,16.574,0,0
20110812,16.574,16.574,14.915,16.392,0,0
20110816,16.21,16.574,16.018,16.574,0,0
20110817,16.574,16.574,16.574,16.574,0,0
20110818,16.574,16.574,15.653,15.653,0,0
20110819,14.55,16.574,14.55,16.574,0,0
20110822,16.574,16.574,16.018,16.018,0,0
20110823,15.653,16.392,15.289,16.392,0,0
20110824,15.836,16.392,15.471,16.21,0,0
20110825,15.289,15.836,14.732,15.836,0,0
20110826,14.732,15.836,14.176,15.653,0,0
20110829,14.732,15.653,14.369,15.289,0,0
20110830,15.653,15.653,15.097,15.653,0,0
20110831,15.653,16.392,15.653,16.21,0,0
20110901,16.018,16.21,15.653,15.653,0,0
20110905,15.471,15.653,14.915,14.915,0,0
20110906,15.097,15.653,14.915,15.653,0,0
20110907,14.732,15.836,14.732,15.653,0,0
20110908,15.836,15.836,15.836,15.836,0,0
20110909,15.097,15.471,14.915,15.471,0,0
20110912,14.915,14.915,14.732,14.915,0,0
20110913,14.732,15.836,13.63,15.836,0,0
20110915,14.369,14.915,14.369,14.732,0,0
20110916,15.289,15.471,14.732,15.471,0,0
20110919,14.732,15.289,14.55,15.289,0,0
20110921,14.55,15.289,14.55,14.55,0,0
20110922,14.55,14.55,13.448,14.55,0,0
20110923,13.63,14.55,13.63,14.55,0,0
20110926,15.097,15.097,15.097,15.097,0,0
20110927,14.176,15.097,14.176,15.097,0,0
20110929,14.176,15.097,14.176,15.097,0,0
20110930,14.369,15.097,14.369,15.097,0,0
20111003,15.097,15.097,14.176,14.732,0,0
20111004,14.732,15.097,14.176,15.097,0,0
20111005,15.097,15.097,13.994,15.097,0,0
20111006,15.097,15.097,14.915,14.915,0,0
20111007,15.097,15.097,14.915,14.915,0,0
20111010,14.915,14.915,14.915,14.915,0,0
20111011,14.915,14.915,14.915,14.915,0,0
20111012,14.915,14.915,14.369,14.915,0,0
20111013,14.732,14.732,14.369,14.369,0,0
20111014,14.732,14.732,14.732,14.732,0,0
20111017,14.732,14.732,14.55,14.732,0,0
20111018,14.915,14.915,14.732,14.732,0,0
20111019,14.732,14.732,14.55,14.55,0,0
20111020,14.915,14.915,14.55,14.732,0,0
20111021,14.732,14.732,14.732,14.732,0,0
20111024,14.55,14.915,14.55,14.915,0,0
20111025,14.915,14.915,14.55,14.915,0,0
20111026,14.915,14.915,14.55,14.915,0,0
20111027,14.915,14.915,14.732,14.732,0,0
20111028,14.732,16.21,14.732,16.21,0,0
20111031,16.21,16.21,15.471,15.653,0,0
20111102,15.289,15.471,15.289,15.471,0,0
20111103,15.653,16.21,15.653,16.21,0,0
20111104,16.21,16.21,14.915,15.289,0,0
20111107,15.289,15.289,15.289,15.289,0,0
20111108,15.471,15.471,14.915,15.289,0,0
20111109,15.471,15.471,14.915,15.471,0,0
20111110,15.289,15.289,15.097,15.097,0,0
20111114,15.471,15.471,14.732,14.732,0,0
20111115,14.732,15.097,14.732,15.097,0,0
20111116,15.097,15.097,13.994,14.176,0,0
20111117,14.176,14.732,13.63,13.812,0,0
20111118,14.176,14.176,13.448,13.63,0,0
20111121,13.812,13.812,12.891,13.63,0,0
20111122,13.448,13.448,12.891,13.256,0,0
20111123,13.073,13.63,12.335,13.63,0,0
20111124,13.63,13.63,13.63,13.63,0,0
20111125,12.335,13.448,12.335,13.448,0,0
20111128,13.63,13.812,12.527,13.448,0,0
20111129,13.073,14.176,13.073,14.176,0,0
20111130,14.176,14.176,13.073,13.63,0,0
20111201,13.63,13.63,12.527,12.891,0,0
20111202,12.891,12.891,12.709,12.891,0,0
20111205,13.256,13.256,12.527,13.256,0,0
20111206,13.073,13.073,12.891,13.073,0,0
20111207,12.709,13.448,12.527,13.448,0,0
20111208,13.448,13.448,13.073,13.448,0,0
20111209,12.891,13.448,12.891,13.448,0,0
20111212,13.256,13.256,12.709,13.256,0,0
20111213,13.448,13.448,12.709,13.256,0,0
20111214,13.256,13.256,12.527,12.527,0,0
20111215,12.527,12.891,12.335,12.891,0,0
20111216,12.891,13.256,12.891,13.256,0,0
20111219,13.448,13.448,12.709,13.256,0,0
20111220,13.256,13.256,12.527,12.709,0,0
20111221,12.709,12.709,12.335,12.709,0,0
20111222,12.527,12.709,12.152,12.527,0,0
20111223,12.527,12.527,12.152,12.527,0,0
20111227,12.527,12.891,12.152,12.891,0,0
20111228,12.527,12.891,12.152,12.527,0,0
20111229,12.527,12.527,11.97,12.527,0,0
20111230,12.527,13.448,11.97,11.97,0,0
20120102,12.891,12.891,12.891,12.891,0,0
20120103,13.073,13.073,12.527,13.073,0,0
20120104,13.256,13.256,12.527,12.527,0,0
20120105,12.709,12.709,12.152,12.335,0,0
20120109,12.335,12.527,12.335,12.335,0,0
20120110,12.527,12.527,12.335,12.527,0,0
20120111,12.335,12.527,12.152,12.527,0,0
20120112,12.527,13.256,12.335,12.335,0,0
20120113,12.152,12.709,12.152,12.709,0,0
20120116,12.335,12.709,12.335,12.709,0,0
20120117,12.709,12.709,12.335,12.527,0,0
20120118,12.527,12.709,12.152,12.709,0,0
20120119,12.709,13.448,12.709,12.709,0,0
20120120,12.709,13.073,12.709,12.891,0,0
20120123,12.891,12.891,12.709,12.891,0,0
20120124,12.891,12.891,12.335,12.891,0,0
20120125,12.709,12.891,12.527,12.527,0,0
20120126,12.527,12.891,12.335,12.709,0,0
20120127,12.891,13.63,12.891,13.63,0,0
20120130,13.448,13.63,13.448,13.63,0,0
20120131,13.63,14.915,13.63,14.55,0,0
20120201,14.55,14.732,14.369,14.732,0,0
20120202,14.732,15.471,14.732,15.471,0,0
20120203,15.471,15.653,15.289,15.653,0,0
20120206,15.653,15.653,14.732,15.471,0,0
20120207,15.471,15.471,14.732,14.732,0,0
20120208,14.732,15.471,14.55,15.471,0,0
20120209,15.471,16.018,15.471,16.018,0,0
20120210,16.018,16.018,15.097,15.471,0,0
20120213,15.097,15.471,15.097,15.097,0,0
20120214,15.653,15.653,15.471,15.471,0,0
20120215,15.471,15.653,15.289,15.653,0,0
20120216,15.653,18.598,15.471,18.233,0,0
20120217,18.416,21.734,18.416,21.178,0,0
20120220,21.552,21.552,19.154,19.519,0,0
20120221,19.519,20.631,19.519,20.44,0,0
20120222,20.631,20.631,19.337,20.257,0,0
20120223,20.257,20.257,19.519,19.893,0,0
20120224,20.075,20.075,19.337,19.337,0,0
20120227,19.337,19.519,17.86,19.337,0,0
20120228,18.598,19.337,18.598,19.337,0,0
20120229,19.154,19.154,18.781,19.154,0,0
20120301,18.781,19.154,18.781,18.781,0,0
20120302,19.154,19.154,18.416,19.154,0,0
20120305,19.154,19.337,19.154,19.337,0,0
20120306,19.337,19.702,19.154,19.154,0,0
20120307,19.337,19.337,18.781,19.154,0,0
20120308,19.154,19.702,18.598,19.154,0,0
20120309,18.598,19.702,18.598,19.702,0,0
20120312,19.519,19.519,19.337,19.519,0,0
20120313,19.519,19.519,19.519,19.519,0,0
20120314,19.519,19.519,18.781,18.781,0,0
20120315,19.519,19.519,18.781,19.519,0,0
20120316,19.519,19.519,18.416,19.154,0,0
20120319,19.154,19.154,18.233,18.416,0,0
20120320,18.416,19.154,18.051,18.416,0,0
20120321,18.416,18.781,18.051,18.781,0,0
20120322,17.677,18.781,17.677,18.416,0,0
20120323,17.86,17.86,16.939,16.939,0,0
20120326,17.13,17.86,17.13,17.86,0,0
20120327,18.233,18.233,17.677,17.677,0,0
20120328,16.574,17.677,16.574,17.495,0,0
20120329,17.495,17.495,17.312,17.312,0,0
20120330,17.312,17.312,16.392,17.13,0,0
20120402,16.939,17.13,16.939,17.13,0,0
20120403,16.574,17.13,16.574,16.939,0,0
20120404,16.757,17.13,16.21,17.13,0,0
20120405,17.13,17.13,16.757,17.13,0,0
20120410,17.13,17.13,16.757,16.939,0,0
20120411,16.939,16.939,16.939,16.939,0,0
20120412,16.757,16.757,16.574,16.574,0,0
20120413,15.653,16.21,15.653,16.21,0,0
20120416,16.757,16.757,16.21,16.392,0,0
20120417,16.392,17.13,16.392,17.13,0,0
20120418,17.312,17.312,17.13,17.13,0,0
20120419,16.392,17.13,16.392,16.939,0,0
20120420,16.939,16.939,16.392,16.574,0,0
20120423,16.21,16.21,14.915,15.471,0,0
20120424,15.471,15.653,14.915,15.653,0,0
20120425,15.653,15.836,15.097,15.836,0,0
20120426,15.836,15.836,14.915,15.836,0,0
20120427,16.21,17.312,15.836,16.939,0,0
20120430,17.312,17.312,16.574,17.13,0,0
20120502,17.13,17.86,16.392,17.86,0,0
20120504,18.051,18.051,17.86,18.051,0,0
20120507,18.051,18.051,16.392,16.574,0,0
20120508,16.574,16.574,16.21,16.574,0,0
20120509,16.574,16.574,16.018,16.574,0,0
20120510,16.574,17.312,16.574,17.312,0,0
20120511,17.495,17.495,16.757,17.312,0,0
20120514,17.495,17.495,15.653,16.574,0,0
20120515,16.392,16.392,15.653,15.653,0,0
20120516,15.653,15.653,15.097,15.653,0,0
20120518,15.836,15.836,14.915,15.836,0,0
20120521,15.471,16.018,15.289,16.018,0,0
20120522,16.018,16.018,16.018,16.018,0,0
20120525,16.392,16.392,16.392,16.392,0,0
20120528,15.653,16.392,15.653,15.653,0,0
20120529,15.653,16.21,15.289,16.21,0,0
20120531,16.018,16.018,16.018,16.018,0,0
20120601,16.21,16.21,15.289,15.653,0,0
20120604,16.018,16.018,14.915,15.471,0,0
20120605,15.471,15.471,15.471,15.471,0,0
20120606,15.471,15.471,14.176,14.732,0,0
20120611,14.915,14.915,14.915,14.915,0,0
20120612,14.176,14.915,14.176,14.915,0,0
20120613,14.915,15.097,14.915,15.097,0,0
20120614,15.097,15.097,14.915,14.915,0,0
20120615,14.915,15.097,14.915,14.915,0,0
20120618,14.176,15.289,14.176,15.289,0,0
20120621,14.55,15.097,14.55,15.097,0,0
20120622,15.097,15.097,14.369,15.097,0,0
20120625,14.55,14.732,14.55,14.732,0,0
20120626,14.732,14.732,14.732,14.732,0,0
20120702,14.369,14.732,14.176,14.732,0,0
20120703,14.55,14.732,14.369,14.55,0,0
20120704,14.732,14.732,14.732,14.732,0,0
20120705,14.732,14.915,14.732,14.915,0,0
20120709,14.915,14.915,14.369,14.369,0,0
20120710,14.369,14.369,13.994,14.369,0,0
20120711,14.369,14.369,13.448,14.369,0,0
20120712,13.63,14.369,13.448,14.369,0,0
20120716,14.369,14.369,13.448,13.994,0,0
20120718,13.256,14.369,13.256,14.369,0,0
20120719,13.63,14.369,13.448,14.369,0,0
20120723,13.448,13.812,13.448,13.812,0,0
20120724,13.812,14.176,13.256,14.176,0,0
20120725,14.176,14.176,14.176,14.176,0,0
20120727,13.448,14.369,13.448,14.369,0,0
20120730,14.369,14.369,14.369,14.369,0,0
20120731,14.369,14.369,13.448,13.994,0,0
20120801,13.994,14.369,13.994,14.369,0,0
20120802,14.176,14.176,14.176,14.176,0,0
20120803,14.176,14.176,14.176,14.176,0,0
20120806,13.448,14.176,13.448,14.176,0,0
20120807,13.63,13.812,13.63,13.812,0,0
20120808,13.812,13.812,13.256,13.812,0,0
20120809,13.812,13.812,13.073,13.812,0,0
20120813,13.812,13.812,13.812,13.812,0,0
20120814,13.073,13.994,13.073,13.994,0,0
20120817,13.073,13.994,13.073,13.812,0,0
20120820,13.073,13.812,13.073,13.812,0,0
20120821,13.256,13.994,13.256,13.994,0,0
20120822,13.256,13.994,13.256,13.994,0,0
20120823,14.176,14.369,13.448,14.369,0,0
20120827,14.369,14.369,13.63,14.369,0,0
20120828,13.448,14.176,13.448,14.176,0,0
20120829,13.256,14.176,13.256,14.176,0,0
20120830,13.448,14.176,13.256,14.176,0,0
20120831,14.176,14.176,13.63,14.176,0,0
20120903,13.448,14.176,13.448,14.176,0,0
20120904,14.176,14.176,13.994,13.994,0,0
20120905,13.994,14.369,13.448,14.369,0,0
20120906,14.369,14.369,13.63,14.176,0,0
20120907,14.176,14.732,14.176,14.732,0,0
20120910,14.732,15.289,14.732,15.289,0,0
20120911,15.653,18.233,15.289,17.86,0,0
20120912,16.574,17.86,16.018,17.312,0,0
20120913,17.312,17.312,16.392,16.392,0,0
20120914,16.392,16.939,16.392,16.939,0,0
20120917,17.312,17.312,15.653,16.21,0,0
20120918,16.21,16.21,16.21,16.21,0,0
20120919,15.653,16.018,15.471,16.018,0,0
20120920,15.289,15.836,15.289,15.836,0,0
20120921,15.836,15.836,15.836,15.836,0,0
20120924,15.289,15.653,15.097,15.653,0,0
20120925,15.653,15.836,15.653,15.836,0,0
20120926,15.836,15.836,15.097,15.097,0,0
20120927,15.836,15.836,15.289,15.653,0,0
20120928,15.653,15.653,15.097,15.097,0,0
20121001,15.653,15.653,15.653,15.653,0,0
20121003,15.653,15.653,14.732,14.732,0,0
20121004,14.732,14.732,14.732,14.732,0,0
20121005,14.55,14.732,14.55,14.732,0,0
20121008,14.732,14.915,14.55,14.915,0,0
20121009,14.732,14.915,14.369,14.369,0,0
20121010,14.369,14.915,14.369,14.915,0,0
20121011,14.915,15.471,14.915,15.471,0,0
20121012,15.471,15.471,14.732,15.097,0,0
20121015,14.369,14.915,14.369,14.732,0,0
20121016,14.732,15.289,14.732,15.289,0,0
20121017,15.471,15.471,15.097,15.097,0,0
20121018,14.915,15.097,14.732,14.732,0,0
20121019,14.732,14.732,14.732,14.732,0,0
20121022,14.732,15.097,14.55,15.097,0,0
20121023,14.915,15.097,14.915,15.097,0,0
20121025,15.097,15.097,15.097,15.097,0,0
20121026,15.097,15.097,14.915,14.915,0,0
20121029,14.732,14.915,14.732,14.732,0,0
20121030,14.732,14.732,14.369,14.55,0,0
20121031,14.55,14.55,14.55,14.55,0,0
20121102,14.55,14.55,14.176,14.55,0,0
20121105,14.55,14.55,14.55,14.55,0,0
20121106,14.55,14.55,14.55,14.55,0,0
20121107,14.55,15.097,14.55,15.097,0,0
20121108,14.732,14.732,14.732,14.732,0,0
20121109,14.732,15.097,14.732,15.097,0,0
20121112,15.097,15.097,14.55,15.097,0,0
20121113,15.289,15.471,15.289,15.471,0,0
20121114,15.097,15.471,14.732,15.471,0,0
20121115,15.471,15.471,15.471,15.471,0,0
20121116,15.097,15.836,15.097,15.836,0,0
20121119,15.836,16.018,15.836,16.018,0,0
20121120,16.392,18.051,16.018,18.051,0,0
20121121,18.233,20.075,18.233,19.702,0,0
20121122,19.519,19.519,18.781,18.781,0,0
20121123,18.598,19.519,18.598,18.598,0,0
20121126,18.051,18.781,17.86,18.598,0,0
20121127,17.86,19.337,17.86,18.781,0,0
20121128,18.781,19.702,18.781,19.702,0,0
20121129,20.075,20.813,19.154,20.257,0,0
20121130,18.598,19.893,18.598,19.702,0,0
20121203,18.598,19.337,18.598,19.337,0,0
20121204,19.337,19.702,18.598,19.702,0,0
20121205,19.702,21.178,18.598,20.813,0,0
20121206,20.813,21.178,19.893,19.893,0,0
20121207,20.257,20.813,19.519,20.813,0,0
20121210,20.631,20.631,19.337,19.337,0,0
20121211,19.519,19.519,18.598,19.519,0,0
20121212,19.702,19.702,18.781,19.337,0,0
20121213,19.337,19.702,19.337,19.702,0,0
20121214,19.702,19.702,18.972,19.337,0,0
20121217,19.337,19.702,18.972,19.519,0,0
20121218,19.702,19.702,18.972,19.337,0,0
20121219,19.337,19.337,18.781,19.154,0,0
20121220,19.154,19.337,18.051,18.972,0,0
20121221,18.416,18.416,17.677,18.233,0,0
20121227,18.233,18.233,17.677,18.233,0,0
20121228,18.416,18.416,16.018,17.13,0,0
20130102,16.757,17.86,16.757,17.677,0,0
20130103,17.86,18.051,17.495,18.051,0,0
20130104,18.233,18.972,17.86,18.598,0,0
20130107,18.781,19.154,18.781,18.972,0,0
20130108,18.781,18.781,18.781,18.781,0,0
20130109,18.781,18.781,18.781,18.781,0,0
20130110,18.972,18.972,18.598,18.972,0,0
20130111,18.972,18.972,17.495,17.86,0,0
20130114,18.051,18.233,17.86,18.233,0,0
20130115,18.233,18.233,18.233,18.233,0,0
20130116,17.86,18.051,17.495,18.051,0,0
20130117,17.86,18.598,17.495,18.598,0,0
20130118,18.598,18.598,17.86,18.051,0,0
20130121,18.416,18.598,18.051,18.598,0,0
20130122,18.416,18.781,18.233,18.233,0,0
20130123,18.598,19.702,18.598,19.154,0,0
20130124,19.519,20.996,19.337,19.337,0,0
20130125,19.337,20.075,18.781,20.075,0,0
20130128,20.075,21.734,20.075,21.734,0,0
20130129,21.734,22.655,20.813,21.734,0,0
20130130,21.552,22.837,20.996,22.837,0,0
20130131,23.02,24.862,22.837,24.314,0,0
20130201,24.497,24.862,22.655,23.02,0,0
20130204,23.02,24.314,23.02,23.576,0,0
20130205,23.758,24.314,23.758,23.758,0,0
20130206,23.758,23.758,22.837,23.576,0,0
20130207,23.576,25.418,22.282,24.679,0,0
20130208,24.679,24.862,22.837,22.837,0,0
20130211,23.02,23.941,23.02,23.758,0,0
20130212,24.314,24.314,23.02,23.758,0,0
20130213,24.123,24.123,23.758,24.123,0,0
20130214,24.123,24.123,23.758,23.941,0,0
20130215,23.941,23.941,22.837,23.576,0,0
20130218,23.758,23.758,23.576,23.576,0,0
20130219,22.655,23.202,22.655,22.837,0,0
20130220,23.02,23.02,21.917,22.655,0,0
20130221,22.655,22.655,21.734,22.282,0,0
20130222,22.655,22.655,22.282,22.473,0,0
20130225,22.473,22.473,21.734,22.473,0,0
20130226,22.473,22.473,21.917,21.917,0,0
20130227,22.473,22.473,22.473,22.473,0,0
20130228,22.476,22.476,21.181,21.362,0,0
20130301,21.361,21.361,20.631,20.631,0,0
20130304,20.996,21.361,20.996,21.361,0,0
20130305,21.552,22.099,21.552,22.099,0,0
20130306,22.099,22.099,21.917,22.099,0,0
20130307,22.099,22.099,21.552,21.552,0,0
20130308,22.099,22.099,21.178,22.099,0,0
20130311,22.099,22.099,21.552,21.734,0,0
20130312,21.734,22.099,21.178,22.099,0,0
20130313,22.099,22.099,21.361,21.361,0,0
20130314,21.734,22.282,21.734,22.282,0,0
20130315,22.282,22.282,21.734,21.734,0,0
20130318,22.282,22.282,21.552,21.552,0,0
20130319,21.552,22.282,21.552,21.552,0,0
20130320,22.099,22.099,22.099,22.099,0,0
20130321,22.099,22.473,21.734,21.734,0,0
20130322,22.282,22.282,21.361,21.734,0,0
20130325,21.917,22.282,21.734,22.282,0,0
20130326,21.552,21.734,20.813,21.734,0,0
20130327,21.917,21.917,21.361,21.734,0,0
20130328,21.917,21.917,21.361,21.917,0,0
20130402,21.734,21.917,21.552,21.734,0,0
20130403,21.917,21.917,20.44,20.44,0,0
20130404,20.44,20.996,20.257,20.44,0,0
20130405,21.178,21.178,20.075,20.257,0,0
20130408,20.257,20.996,20.257,20.996,0,0
20130409,20.996,20.996,20.996,20.996,0,0
20130410,21.178,21.178,20.813,20.813,0,0
20130411,20.631,20.631,20.257,20.257,0,0
20130412,20.631,20.631,20.44,20.44,0,0
20130415,20.257,20.257,20.257,20.257,0,0
20130417,20.631,20.631,19.893,19.893,0,0
20130418,20.257,20.257,19.893,20.257,0,0
20130419,20.257,20.257,20.257,20.257,0,0
20130422,19.519,19.519,19.154,19.519,0,0
20130423,19.702,19.702,18.972,19.337,0,0
20130424,19.702,19.702,19.702,19.702,0,0
20130425,18.598,19.519,18.416,19.519,0,0
20130426,19.337,19.337,18.781,18.781,0,0
20130429,19.702,19.702,18.972,19.337,0,0
20130430,19.333,19.333,19.152,19.333,0,0
20130502,19.702,20.257,19.702,20.257,0,0
20130506,20.631,20.996,20.257,20.631,0,0
20130507,20.813,20.996,20.257,20.257,0,0
20130508,20.257,20.996,20.257,20.631,0,0
20130509,20.996,20.996,20.631,20.996,0,0
20130510,20.996,20.996,20.996,20.996,0,0
20130513,20.996,20.996,20.257,20.631,0,0
20130514,20.996,20.996,19.893,20.631,0,0
20130515,20.631,20.631,20.075,20.075,0,0
20130516,20.075,20.075,19.702,19.702,0,0
20130517,19.519,19.519,18.781,19.337,0,0
20130520,18.972,19.337,18.972,19.154,0,0
20130521,19.154,19.702,19.154,19.702,0,0
20130522,19.702,19.702,18.972,19.154,0,0
20130523,19.893,19.893,19.154,19.154,0,0
20130524,18.781,19.702,18.598,19.154,0,0
20130527,19.702,19.893,18.781,19.893,0,0
20130528,20.075,20.075,19.702,19.893,0,0
20130529,20.257,20.257,20.257,20.257,0,0
20130531,20.257,20.629,20.257,20.438,0,0
20130603,20.996,20.996,19.893,20.996,0,0
20130604,21,21,21,21,0,0
20130605,21,21,21,21,0,0
20130606,21,21,20.076,21,0,0
20130607,20.996,20.996,20.996,20.996,0,0
20130610,20.996,21.734,20.996,21.734,0,0
20130611,21.552,22.657,21.362,22.476,0,0
20130612,22.473,23.02,22.473,23.02,0,0
20130613,22.655,23.576,22.655,23.202,0,0
20130614,23.571,23.571,22.476,22.476,0,0
20130617,23.202,23.202,22.473,22.473,0,0
20130618,23.2,23.2,22.838,22.838,0,0
20130619,23.202,23.202,22.099,22.282,0,0
20130620,22.837,22.837,21.361,21.361,0,0
20130621,22.095,22.095,21.362,21.362,0,0
20130624,22.095,22.095,21.733,21.733,0,0
20130625,21.733,22.095,20.629,21.914,0,0
20130626,22.657,22.657,20.629,21.181,0,0
20130627,21.181,21.552,21.181,21.552,0,0
20130628,21.552,21.552,21.361,21.361,0,0
20130701,21.552,21.552,21.181,21.181,0,0
20130702,21.552,21.552,21.181,21.181,0,0
20130703,21.552,21.552,21.181,21.552,0,0
20130704,21.743,21.743,21.743,21.743,0,0
20130705,22.124,22.124,21.743,21.743,0,0
20130708,22.514,22.705,22.124,22.705,0,0
20130709,23.086,23.086,21.933,21.933,0,0
20130710,22.124,22.124,22.124,22.124,0,0
20130711,22.124,22.124,21.933,22.124,0,0
20130712,22.124,22.124,21.933,22.124,0,0
20130715,22.124,22.124,21.162,21.743,0,0
20130716,22.124,22.124,21.743,22.124,0,0
20130717,22.124,22.124,21.743,22.124,0,0
20130718,21.552,21.552,21.352,21.352,0,0
20130719,22.124,22.124,21.352,22.124,0,0
20130722,22.124,22.124,21.552,21.743,0,0
20130723,21.743,21.743,21.743,21.743,0,0
20130724,21.743,21.743,21.162,21.743,0,0
20130725,21.743,21.743,21.352,21.743,0,0
20130726,21.743,21.743,21.162,21.352,0,0
20130729,21.552,21.552,21.162,21.352,0,0
20130730,21.743,21.743,19.819,20.01,0,0
20130731,20.581,20.581,20.39,20.39,0,0
20130801,20.581,20.581,20.39,20.39,0,0
20130802,20.581,21.552,20.39,20.39,0,0
20130805,20.39,20.39,20.2,20.39,0,0
20130806,20.39,20.39,20.2,20.2,0,0
20130807,20.39,20.39,20.01,20.01,0,0
20130808,20.2,20.39,19.619,20.39,0,0
20130809,20.2,20.39,20.01,20.01,0,0
20130812,19.819,19.819,19.619,19.619,0,0
20130813,19.619,20.01,19.619,19.819,0,0
20130814,20.01,20.2,20.01,20.2,0,0
20130816,20.2,20.2,20.2,20.2,0,0
20130819,20.2,20.971,20.2,20.781,0,0
20130820,20.781,20.971,20.781,20.971,0,0
20130821,20.39,20.781,19.819,19.819,0,0
20130822,19.619,20.2,19.619,20.2,0,0
20130823,19.619,20.01,19.619,20.01,0,0
20130826,20.2,20.581,19.819,20.581,0,0
20130827,20.581,20.581,19.238,19.429,0,0
20130828,19.619,19.819,19.429,19.819,0,0
20130829,19.619,19.619,19.619,19.619,0,0
20130830,20.01,20.581,20.01,20.01,0,0
20130902,19.819,21.933,19.619,21.933,0,0
20130903,21.933,21.933,20.971,20.971,0,0
20130904,21.352,21.352,21.162,21.162,0,0
20130905,20.39,20.581,20.01,20.01,0,0
20130906,20.581,20.781,20.39,20.781,0,0
20130909,20.971,20.971,20.971,20.971,0,0
20130910,20.971,20.971,20.781,20.781,0,0
20130911,20.781,20.781,20.781,20.781,0,0
20130912,20.971,20.971,20.781,20.971,0,0
20130913,20.971,20.971,19.238,19.238,0,0
20130916,20.581,20.971,20.01,20.2,0,0
20130917,20.01,20.2,20.01,20.2,0,0
20130918,20.39,20.39,19.429,19.619,0,0
20130919,20.01,20.01,19.819,20.01,0,0
20130920,20.2,20.2,19.819,19.819,0,0
20130923,19.819,20.581,19.619,20.581,0,0
20130924,20.581,20.581,20.01,20.01,0,0
20130925,20.581,20.581,19.619,20.581,0,0
20130926,20.581,20.581,19.819,19.819,0,0
20130927,19.819,20.2,19.619,20.2,0,0
20130930,20.2,20.781,19.619,20.01,0,0
20131001,20.581,20.581,19.819,19.819,0,0
20131002,20.39,20.39,19.429,19.819,0,0
20131003,19.619,19.819,19.429,19.619,0,0
20131004,20.01,20.01,19.429,20.01,0,0
20131007,20.01,20.01,19.238,19.238,0,0
20131008,19.238,19.238,18.657,19.048,0,0
20131009,19.619,19.619,19.048,19.238,0,0
20131010,19.238,20.01,19.238,19.819,0,0
20131011,20.01,20.2,19.429,19.429,0,0
20131014,19.619,19.619,19.429,19.619,0,0
20131015,19.619,20.01,19.619,19.819,0,0
20131016,20.01,20.01,19.238,20.01,0,0
20131017,20.01,20.01,19.429,20.01,0,0
20131018,20.01,20.01,20.01,20.01,0,0
20131021,20.01,20.01,19.048,19.429,0,0
20131022,19.429,19.429,19.238,19.429,0,0
20131023,19.429,19.619,19.238,19.619,0,0
20131024,19.619,19.619,19.048,19.238,0,0
20131025,19.238,19.238,17.895,18.467,0,0
20131028,18.857,19.048,18.657,19.048,0,0
20131029,18.857,19.429,18.857,19.429,0,0
20131030,19.619,20.2,19.619,19.619,0,0
20131031,20.01,20.01,19.819,20.01,0,0
20131104,20.01,20.01,19.819,20.01,0,0
20131105,20.01,20.01,19.819,19.819,0,0
20131106,20.01,20.781,19.619,20.781,0,0
20131107,20.971,20.971,20.581,20.781,0,0
20131108,20.781,20.781,19.619,19.819,0,0
20131112,20.01,20.2,19.819,19.819,0,0
20131113,20.2,20.2,19.819,19.819,0,0
20131114,19.819,19.819,19.048,19.619,0,0
20131115,19.238,19.238,18.467,18.857,0,0
20131118,19.238,19.819,19.048,19.819,0,0
20131119,19.819,19.819,19.619,19.619,0,0
20131120,19.619,20.01,19.619,19.819,0,0
20131121,20.01,20.01,19.819,20.01,0,0
20131122,20.01,20.581,19.819,20.581,0,0
20131125,20.581,20.781,20.39,20.781,0,0
20131126,20.781,20.781,20.2,20.39,0,0
20131127,20.39,20.39,20.01,20.01,0,0
20131128,20.2,20.2,19.619,19.819,0,0
20131129,19.619,20.781,19.619,20.781,0,0
20131202,20.781,20.781,19.819,20.2,0,0
20131203,20.781,20.781,20.39,20.39,0,0
20131204,20.781,20.781,20.2,20.2,0,0
20131205,20.39,20.39,20.39,20.39,0,0
20131206,20.39,20.781,20.39,20.39,0,0
20131209,20.39,20.581,20.39,20.581,0,0
20131210,19.819,20.581,19.819,20.39,0,0
20131211,20.39,20.781,19.819,20.781,0,0
20131212,20.971,20.971,19.619,20.2,0,0
20131213,20.2,20.39,19.619,20.39,0,0
20131216,20.39,20.39,19.619,20.2,0,0
20131217,20.2,20.2,19.619,20.01,0,0
20131218,20.01,20.01,19.429,19.819,0,0
20131219,19.819,20.39,19.819,20.39,0,0
20131220,20.2,20.2,19.238,19.429,0,0
20131223,19.429,20.39,19.429,20.39,0,0
20131227,20.39,20.39,19.238,19.619,0,0
20131230,20.01,20.01,20.01,20.01,0,0
20140102,20.39,20.39,20.39,20.39,0,0
20140103,20.2,20.39,19.819,20.39,0,0
20140107,19.619,20.581,19.619,20.39,0,0
20140108,20.39,20.39,19.819,19.819,0,0
20140109,19.819,20.01,19.819,20.01,0,0
20140110,20.01,20.01,19.429,20.01,0,0
20140113,19.819,20.01,19.429,19.819,0,0
20140114,20.01,20.01,19.619,19.819,0,0
20140115,20.01,20.01,19.429,19.619,0,0
20140116,19.819,19.819,19.619,19.819,0,0
20140117,20.01,20.01,19.819,19.819,0,0
20140120,20.01,20.01,19.048,19.048,0,0
20140121,19.819,19.819,19.429,19.619,0,0
20140122,19.619,19.819,19.429,19.429,0,0
20140123,19.819,19.819,19.048,19.429,0,0
20140124,19.429,20.01,19.429,20.01,0,0
20140127,19.819,20.01,19.429,20.01,0,0
20140128,19.819,19.819,19.819,19.819,0,0
20140129,19.819,19.819,19.238,19.238,0,0
20140130,19.819,19.819,19.238,19.619,0,0
20140131,19.819,19.819,19.819,19.819,0,0
20140203,19.819,19.819,19.238,19.619,0,0
20140204,19.429,19.819,19.429,19.819,0,0
20140205,19.429,20.01,19.238,19.819,0,0
20140206,19.819,20.01,19.429,20.01,0,0
20140207,20.01,20.01,19.048,19.238,0,0
20140210,19.238,19.819,19.238,19.819,0,0
20140211,19.819,20.781,19.819,20.39,0,0
20140212,20.39,20.781,20.39,20.781,0,0
20140213,20.39,20.781,20.39,20.781,0,0
20140214,20.781,21.352,20.2,21.352,0,0
20140217,20.2,21.352,20.2,21.352,0,0
20140218,21.352,21.352,21.352,21.352,0,0
20140219,21.352,21.352,20.39,21.352,0,0
20140220,21.352,21.352,21.162,21.162,0,0
20140221,21.162,21.552,20.39,20.39,0,0
20140224,20.39,21.352,20.39,21.352,0,0
20140225,21.162,21.162,21.162,21.162,0,0
20140226,21.162,21.552,20.781,21.552,0,0
20140227,22.124,22.314,20.781,21.552,0,0
20140228,21.933,21.933,20.971,20.971,0,0
20140303,20.971,21.162,19.819,20.39,0,0
20140304,20.971,20.971,20.2,20.971,0,0
20140305,20.781,20.781,20.781,20.781,0,0
20140306,20.781,21.352,20.781,20.781,0,0
20140307,21.552,21.552,21.552,21.552,0,0
20140310,21.552,21.552,20.781,21.352,0,0
20140311,21.352,21.352,21.162,21.162,0,0
20140312,21.162,21.162,20.781,20.781,0,0
20140313,20.971,21.162,20.2,20.2,0,0
20140314,20.971,20.971,20.2,20.39,0,0
20140317,20.971,20.971,20.39,20.971,0,0
20140318,20.971,20.971,20.971,20.971,0,0
20140319,20.971,20.971,20.2,20.971,0,0
20140320,20.971,20.971,20.971,20.971,0,0
20140321,20.971,20.971,19.619,20.781,0,0
20140324,20.781,20.781,20.01,20.2,0,0
20140325,20.2,20.971,20.2,20.781,0,0
20140326,20.781,20.781,20.781,20.781,0,0
20140327,20.781,20.781,20.581,20.581,0,0
20140328,20.581,20.581,19.819,20.581,0,0
20140331,20.581,20.581,19.819,20.581,0,0
20140401,20.781,20.781,20.581,20.581,0,0
20140402,20.581,20.781,20.581,20.781,0,0
20140403,20.781,20.781,20.781,20.781,0,0
20140404,20.781,21.162,20.39,21.162,0,0
20140407,20.39,21.552,20.39,21.162,0,0
20140408,21.162,21.162,20.581,21.162,0,0
20140409,21.162,21.352,20.581,21.352,0,0
20140410,21.352,21.352,21.162,21.162,0,0
20140411,21.162,21.162,20.781,20.781,0,0
20140414,20.2,21.933,20.2,21.743,0,0
20140415,22.124,22.124,21.743,21.933,0,0
20140416,21.933,21.933,21.352,21.743,0,0
20140417,21.933,21.933,21.162,21.743,0,0
20140422,21.743,21.743,20.971,20.971,0,0
20140423,20.781,20.781,20.781,20.781,0,0
20140424,21.162,21.162,20.781,20.781,0,0
20140425,20.581,20.781,20.39,20.781,0,0
20140428,20.781,20.781,20.781,20.781,0,0
20140429,20.581,20.581,20.01,20.01,0,0
20140430,20.581,20.581,20.01,20.581,0,0
20140502,20.781,20.781,20.01,20.581,0,0
20140505,20.581,20.581,19.819,19.819,0,0
20140506,20.01,20.581,19.238,19.238,0,0
20140507,20.01,20.01,19.819,19.819,0,0
20140508,20.01,20.01,20.01,20.01,0,0
20140509,20.581,20.581,19.429,20.39,0,0
20140512,20.2,20.2,20.2,20.2,0,0
20140513,20.2,20.39,20.2,20.2,0,0
20140514,18.467,19.619,18.467,19.429,0,0
20140515,19.429,20.2,19.429,20.2,0,0
20140516,20.2,20.2,19.819,19.819,0,0
20140519,20.01,20.01,20.01,20.01,0,0
20140520,19.429,19.429,19.429,19.429,0,0
20140521,19.429,20.01,19.429,20.01,0,0
20140522,19.429,19.429,19.238,19.238,0,0
20140523,20.01,20.01,19.619,19.819,0,0
20140526,20.01,20.2,19.819,19.819,0,0
20140527,20.01,20.2,19.819,19.819,0,0
20140528,20.01,20.2,19.819,20.01,0,0
20140529,20.01,20.2,19.238,19.819,0,0
20140530,19.819,20.781,19.619,20.581,0,0
20140602,20.581,20.581,19.819,20.2,0,0
20140603,19.819,19.819,19.429,19.619,0,0
20140604,19.619,19.819,19.619,19.619,0,0
20140605,19.819,20.2,19.819,20.2,0,0
20140606,20.01,20.01,19.429,20.01,0,0
20140609,20.01,20.01,19.619,19.619,0,0
20140610,19.429,19.429,19.429,19.429,0,0
20140611,19.819,20.01,19.429,19.429,0,0
20140612,19.429,19.429,18.657,19.429,0,0
20140613,19.238,19.429,19.048,19.048,0,0
20140616,19.819,19.819,19.048,19.238,0,0
20140617,19.819,19.819,19.238,19.819,0,0
20140618,19.238,20.01,19.238,20.01,0,0
20140620,20.01,20.01,19.619,19.819,0,0
20140623,19.619,19.819,19.619,19.819,0,0
20140624,20.01,20.01,19.619,19.619,0,0
20140626,19.619,19.819,19.619,19.819,0,0
20140630,20.2,20.2,19.819,19.819,0,0
20140701,19.819,20.2,19.819,20.2,0,0
20140702,20.2,20.2,19.819,20.2,0,0
20140704,21.01,21.01,20.6,20.6,0,0
20140707,21.01,21.01,21.01,21.01,0,0
20140708,20.81,20.81,20.2,20.2,0,0
20140709,20.4,20.4,20.2,20.2,0,0
20140710,20,20,20,20,0,0
20140711,20.81,20.81,20.2,20.2,0,0
20140714,20.2,20.2,20.2,20.2,0,0
20140715,20.2,20.2,20,20,0,0
20140716,20.2,20.2,20,20,0,0
20140717,20.2,20.2,20.2,20.2,0,0
20140718,20.2,20.81,20.2,20.81,0,0
20140721,20.81,20.81,20.6,20.6,0,0
20140722,20.6,20.6,20.6,20.6,0,0
20140723,20.2,20.2,20.2,20.2,0,0
20140724,20.4,20.4,20.4,20.4,0,0
20140725,20.6,20.6,20,20,0,0
20140728,20.4,20.4,20.2,20.2,0,0
20140729,20.4,20.4,18.58,18.58,0,0
20140730,19.19,19.39,18.79,19.19,0,0
20140731,19.39,19.39,18.79,18.79,0,0
20140801,18.99,19.39,18.79,19.39,0,0
20140804,18.99,18.99,18.38,18.38,0,0
20140805,18.38,18.58,18.38,18.58,0,0
20140806,18.58,18.58,18.18,18.58,0,0
20140807,18.79,18.79,18.38,18.38,0,0
20140808,18.38,18.38,18.38,18.38,0,0
20140811,17.98,18.58,17.98,18.58,0,0
20140812,18.99,18.99,18.99,18.99,0,0
20140813,18.38,18.38,18.18,18.18,0,0
20140814,18.18,18.38,17.98,17.98,0,0
20140818,17.98,18.18,17.98,18.18,0,0
20140819,18.38,18.38,18.38,18.38,0,0
20140820,18.38,18.99,18.38,18.58,0,0
20140821,18.58,18.99,18.58,18.99,0,0
20140822,18.99,19.19,18.79,18.79,0,0
20140825,19.19,19.19,19.19,19.19,0,0
20140826,19.19,19.19,18.79,18.79,0,0
20140827,19.19,19.19,18.79,19.19,0,0
20140828,19.19,19.19,18.79,19.19,0,0
20140829,19.19,19.19,18.38,18.38,0,0
20140901,18.38,18.38,17.98,18.38,0,0
20140902,18.38,18.58,18.38,18.38,0,0
20140903,18.38,18.38,17.78,18.38,0,0
20140904,18.38,18.38,18.18,18.18,0,0
20140905,18.58,18.58,18.58,18.58,0,0
20140908,18.58,18.58,18.38,18.38,0,0
20140909,18.38,18.79,18.38,18.79,0,0
20140910,18.58,18.79,18.58,18.79,0,0
20140911,19.19,19.19,18.79,18.79,0,0
20140912,18.99,18.99,18.99,18.99,0,0
20140915,19.19,19.19,18.99,19.19,0,0
20140916,19.39,19.39,18.79,18.79,0,0
20140917,18.79,19.19,18.79,18.79,0,0
20140919,19.19,19.19,19.19,19.19,0,0
20140922,18.99,18.99,18.58,18.58,0,0
20140923,18.79,18.79,18.58,18.58,0,0
20140924,18.79,18.79,18.79,18.79,0,0
20140925,18.79,18.79,18.58,18.58,0,0
20140926,18.79,19.8,18.79,19.8,0,0
20140929,19.8,19.8,19.8,19.8,0,0
20140930,19.59,19.59,18.99,19.19,0,0
20141001,19.59,19.59,19.59,19.59,0,0
20141002,19.59,19.59,19.59,19.59,0,0
20141003,19.59,19.59,19.19,19.39,0,0
20141006,19.59,20.2,19.59,19.59,0,0
20141007,19.59,19.59,19.19,19.19,0,0
20141008,19.19,19.19,19.19,19.19,0,0
20141009,19.19,19.19,18.99,18.99,0,0
20141010,18.99,19.19,18.99,19.19,0,0
20141013,19.59,19.59,18.38,19.19,0,0
20141014,19.19,19.19,18.58,19.19,0,0
20141015,19.19,19.19,18.79,18.79,0,0
20141016,18.79,18.79,18.79,18.79,0,0
20141017,18.58,18.58,18.38,18.38,0,0
20141020,18.38,18.58,18.38,18.58,0,0
20141021,18.58,19.19,18.58,19.19,0,0
20141022,19.19,19.19,19.19,19.19,0,0
20141023,19.19,19.19,19.19,19.19,0,0
20141024,19.39,19.8,19.39,19.39,0,0
20141027,19.8,19.8,19.19,19.19,0,0
20141028,19.19,19.19,19.19,19.19,0,0
20141029,19.19,19.19,19.19,19.19,0,0
20141030,19.19,20,19.19,20,0,0
20141031,20,21.01,20,21.01,0,0
20141103,21.01,22.22,20.81,22.22,0,0
20141104,22.02,22.83,22.02,22.83,0,0
20141105,22.83,22.83,22.22,22.83,0,0
20141106,22.83,23.03,22.22,22.42,0,0
20141107,22.22,22.22,21.01,22.22,0,0
20141110,21.82,21.82,20.6,21.01,0,0
20141112,21.01,21.41,20.81,21.41,0,0
20141113,21.61,21.61,21.41,21.41,0,0
20141114,21.61,21.61,20.4,20.6,0,0
20141117,20.6,20.6,19.59,20.4,0,0
20141118,20.4,20.4,20.4,20.4,0,0
20141119,20.4,21.41,20,21.41,0,0
20141120,21.41,22.63,21.41,22.42,0,0
20141121,22.42,22.63,22.42,22.42,0,0
20141124,21.61,22.83,21.61,22.83,0,0
20141125,22.63,22.83,22.02,22.02,0,0
20141126,22.02,22.42,22.02,22.02,0,0
20141127,22.02,22.22,22.02,22.22,0,0
20141128,22.42,23.03,22.02,22.83,0,0
20141201,23.23,23.23,21.82,22.02,0,0
20141202,22.02,22.42,21.61,22.42,0,0
20141203,21.82,22.42,21.82,22.42,0,0
20141204,22.22,22.22,21.82,21.82,0,0
20141205,21.82,21.82,21.21,21.82,0,0
20141208,21.82,21.82,21.82,21.82,0,0
20141209,21.82,21.82,21.82,21.82,0,0
20141210,21.82,21.82,21.01,21.21,0,0
20141211,21.01,21.41,21.01,21.41,0,0
20141212,21.41,21.41,21.41,21.41,0,0
20141215,21.41,21.41,20.81,20.81,0,0
20141216,20.6,21.41,19.59,20.4,0,0
20141217,21.01,21.01,20,21.01,0,0
20141218,21.01,21.01,20.2,21.01,0,0
20141219,21.01,21.01,20.6,20.6,0,0
20141222,20.6,20.6,20.6,20.6,0,0
20141223,21.01,21.01,20,20.81,0,0
20141229,20.2,20.6,20.2,20.6,0,0
20141230,20.6,20.6,20.2,20.2,0,0
