Date,Open,High,Low,Close,Volume,OpenInt
20070813,15.989,15.989,15.989,15.989,0,0
20070814,16.455,16.455,16.455,16.455,0,0
20070816,15.989,15.989,15.989,15.989,0,0
20070817,17.006,17.006,17.006,17.006,0,0
20070820,17.385,17.385,17.385,17.385,0,0
20070821,17.385,17.385,17.385,17.385,0,0
20070822,18.497,18.497,18.497,18.497,0,0
20070823,18.686,18.686,18.686,18.686,0,0
20070824,18.772,18.772,18.772,18.772,0,0
20070827,18.772,18.772,18.772,18.772,0,0
20070828,18.686,18.686,18.686,18.686,0,0
20070829,18.221,18.221,18.221,18.221,0,0
20070830,18.306,18.306,18.306,18.306,0,0
20070831,18.686,18.686,18.686,18.686,0,0
20070903,18.686,18.686,18.686,18.686,0,0
20070904,18.591,18.591,18.591,18.591,0,0
20070905,18.591,18.591,18.591,18.591,0,0
20070906,18.591,18.591,18.591,18.591,0,0
20070907,18.591,18.591,18.591,18.591,0,0
20070910,18.402,18.402,18.402,18.402,0,0
20070911,18.306,18.306,18.306,18.306,0,0
20070912,17.841,17.841,17.841,17.841,0,0
20070913,17.47,17.47,17.47,17.47,0,0
20070914,17.47,17.47,17.47,17.47,0,0
20070917,17.936,17.936,17.936,17.936,0,0
20070918,18.031,18.031,18.031,18.031,0,0
20070919,18.306,18.306,18.306,18.306,0,0
20070920,18.591,18.591,18.591,18.591,0,0
20070921,18.686,18.686,18.686,18.686,0,0
20070924,18.591,18.591,18.591,18.591,0,0
20070925,18.686,18.686,18.686,18.686,0,0
20070926,18.686,18.686,18.686,18.686,0,0
20070927,18.497,18.497,18.497,18.497,0,0
20070928,18.497,18.497,18.497,18.497,0,0
20071001,18.686,18.686,18.686,18.686,0,0
20071002,18.686,18.686,18.686,18.686,0,0
20071003,18.402,18.402,18.402,18.402,0,0
20071004,18.127,18.127,18.127,18.127,0,0
20071005,17.661,17.661,17.661,17.661,0,0
20071008,17.755,17.755,17.755,17.755,0,0
20071009,17.936,17.936,17.936,17.936,0,0
20071010,18.031,18.031,18.031,18.031,0,0
20071011,18.221,18.221,18.221,18.221,0,0
20071012,18.127,18.127,18.127,18.127,0,0
20071015,18.127,18.127,18.127,18.127,0,0
20071016,18.221,18.221,18.221,18.221,0,0
20071017,18.306,18.306,18.306,18.306,0,0
20071018,18.127,18.127,18.127,18.127,0,0
20071019,18.306,18.306,18.306,18.306,0,0
20071022,17.755,17.755,17.755,17.755,0,0
20071023,18.127,18.127,18.127,18.127,0,0
20071024,18.031,18.031,18.031,18.031,0,0
20071025,18.127,18.127,18.127,18.127,0,0
20071026,18.031,18.031,18.031,18.031,0,0
20071029,18.127,18.127,18.127,18.127,0,0
20071030,17.936,17.936,17.936,17.936,0,0
20071031,18.031,18.031,18.031,18.031,0,0
20071102,17.566,17.566,17.566,17.566,0,0
20071105,17.291,17.291,17.291,17.291,0,0
20071106,17.566,17.566,17.566,17.566,0,0
20071107,17.566,17.566,17.566,17.566,0,0
20071108,17.566,17.566,17.566,17.566,0,0
20071109,17.006,17.385,16.92,17.006,0,0
20071112,16.825,17.006,16.265,17.006,0,0
20071113,16.825,17.006,16.73,16.73,0,0
20071114,16.825,16.825,16.636,16.73,0,0
20071115,16.73,16.825,15.989,16.455,0,0
20071116,16.73,16.73,15.705,16.455,0,0
20071119,16.92,16.92,16.075,16.265,0,0
20071120,15.525,15.525,15.525,15.525,0,0
20071121,15.619,15.8,14.87,14.964,0,0
20071122,15.155,15.895,14.774,15.895,0,0
20071123,15.895,16.265,15.8,16.265,0,0
20071126,15.895,16.17,15.895,16.17,0,0
20071127,15.895,15.895,15.705,15.895,0,0
20071128,15.989,16.265,15.24,15.24,0,0
20071129,15.24,15.619,15.24,15.24,0,0
20071130,15.43,15.989,15.334,15.989,0,0
20071203,15.989,15.989,15.619,15.705,0,0
20071204,15.525,15.705,15.334,15.705,0,0
20071205,15.43,16.825,15.43,16.825,0,0
20071206,16.825,16.825,16.455,16.73,0,0
20071207,16.455,16.73,16.36,16.455,0,0
20071210,16.455,16.54,16.36,16.36,0,0
20071211,16.36,16.54,15.705,15.705,0,0
20071212,15.525,15.619,15.059,15.24,0,0
20071213,15.43,15.43,14.87,15.059,0,0
20071214,15.43,15.43,14.774,14.774,0,0
20071217,15.24,15.24,14.404,14.774,0,0
20071218,15.334,15.334,14.309,14.404,0,0
20071219,14.964,14.964,14.223,14.964,0,0
20071220,14.309,14.309,14.223,14.223,0,0
20071221,14.594,14.594,14.034,14.128,0,0
20071227,14.87,14.87,13.853,14.223,0,0
20071228,14.774,14.774,13.758,13.758,0,0
20080102,13.853,14.404,13.853,14.404,0,0
20080103,14.498,14.498,13.939,14.128,0,0
20080104,13.939,14.404,13.939,14.034,0,0
20080107,14.034,14.034,13.664,13.853,0,0
20080108,13.758,13.853,13.473,13.473,0,0
20080109,13.473,13.473,12.638,12.828,0,0
20080110,12.923,12.923,11.802,11.802,0,0
20080111,12.173,12.173,11.527,11.622,0,0
20080114,11.527,11.527,11.527,11.527,0,0
20080115,11.622,11.622,11.337,11.432,0,0
20080116,10.596,11.337,10.596,10.871,0,0
20080117,11.242,11.242,10.871,11.062,0,0
20080118,11.062,11.432,11.062,11.242,0,0
20080121,11.242,11.242,10.786,10.871,0,0
20080122,9.941,11.707,9.941,11.707,0,0
20080123,11.898,12.173,11.062,11.898,0,0
20080124,12.458,12.458,12.268,12.362,0,0
20080125,12.362,12.362,11.992,11.992,0,0
20080128,11.527,11.622,11.432,11.432,0,0
20080129,11.898,11.898,11.622,11.622,0,0
20080130,11.802,11.992,11.707,11.707,0,0
20080131,11.707,11.707,11.062,11.527,0,0
20080201,11.622,11.707,11.432,11.527,0,0
20080204,11.707,11.707,11.527,11.527,0,0
20080205,11.527,11.622,11.432,11.432,0,0
20080206,11.337,11.337,10.967,10.967,0,0
20080207,11.242,11.242,10.786,10.967,0,0
20080208,11.062,11.062,10.871,10.967,0,0
20080211,10.967,11.156,10.967,11.062,0,0
20080212,11.156,11.432,11.062,11.432,0,0
20080213,11.622,11.992,11.527,11.992,0,0
20080214,12.173,12.268,11.992,12.087,0,0
20080215,11.992,12.087,11.992,11.992,0,0
20080218,11.992,11.992,11.992,11.992,0,0
20080219,11.992,12.173,11.898,11.992,0,0
20080220,11.527,11.527,11.062,11.062,0,0
20080221,11.242,11.337,10.967,11.062,0,0
20080222,11.062,11.062,10.692,10.786,0,0
20080225,10.786,10.786,10.596,10.786,0,0
20080226,10.967,10.967,10.692,10.786,0,0
20080227,10.692,10.786,10.596,10.596,0,0
20080228,10.786,10.786,10.596,10.692,0,0
20080229,10.692,10.692,10.501,10.501,0,0
20080303,10.131,10.407,10.037,10.321,0,0
20080304,10.407,10.407,9.856,9.856,0,0
20080305,9.941,10.037,9.856,9.941,0,0
20080306,9.941,10.131,9.941,9.941,0,0
20080307,9.856,9.941,9.666,9.856,0,0
20080310,9.666,10.037,9.666,9.856,0,0
20080311,9.856,9.941,9.856,9.941,0,0
20080312,10.037,10.131,9.941,10.131,0,0
20080313,10.037,10.131,9.941,10.037,0,0
20080314,9.856,10.037,9.856,9.941,0,0
20080317,9.856,9.856,9.571,9.761,0,0
20080318,9.761,9.941,9.761,9.941,0,0
20080319,9.941,9.941,9.761,9.856,0,0
20080320,9.666,9.761,9.666,9.666,0,0
20080325,9.941,10.131,9.941,10.131,0,0
20080326,10.037,10.037,9.941,9.941,0,0
20080327,10.226,10.501,9.941,10.321,0,0
20080328,10.321,10.407,10.037,10.037,0,0
20080331,10.131,10.131,10.131,10.131,0,0
20080401,10.037,10.226,10.037,10.131,0,0
20080402,10.321,10.321,10.226,10.321,0,0
20080403,10.321,10.321,10.226,10.226,0,0
20080404,10.226,10.321,10.226,10.321,0,0
20080407,10.407,10.501,10.226,10.407,0,0
20080408,10.321,10.321,10.226,10.226,0,0
20080409,10.226,10.226,10.131,10.131,0,0
20080410,10.226,10.226,10.037,10.037,0,0
20080411,10.226,10.226,9.941,10.037,0,0
20080414,9.941,10.037,9.856,10.037,0,0
20080415,9.941,10.037,9.761,10.037,0,0
20080416,9.856,9.941,9.856,9.941,0,0
20080417,9.941,9.941,9.761,9.856,0,0
20080418,9.856,9.941,9.856,9.856,0,0
20080421,10.037,10.037,9.761,9.856,0,0
20080422,9.856,9.856,9.4763,9.4763,0,0
20080423,9.666,9.666,9.4763,9.4763,0,0
20080424,9.3903,9.571,9.3903,9.571,0,0
20080425,9.571,9.761,9.571,9.571,0,0
20080428,9.571,9.666,9.3903,9.666,0,0
20080429,9.571,9.571,9.4763,9.4763,0,0
20080430,9.571,9.571,9.3903,9.571,0,0
20080505,9.571,9.856,9.571,9.761,0,0
20080506,9.941,9.941,9.666,9.856,0,0
20080507,9.856,10.321,9.856,10.226,0,0
20080508,10.226,10.407,10.131,10.226,0,0
20080509,10.321,10.596,10.131,10.407,0,0
20080512,10.539,10.539,10.35,10.444,0,0
20080513,10.539,10.539,10.444,10.444,0,0
20080514,10.635,10.635,10.35,10.444,0,0
20080515,10.444,10.444,10.255,10.255,0,0
20080516,10.255,10.444,10.255,10.255,0,0
20080519,10.159,10.255,9.97,9.97,0,0
20080520,9.97,10.065,9.875,9.97,0,0
20080521,9.97,9.97,9.78,9.875,0,0
20080523,9.875,9.875,9.685,9.875,0,0
20080526,9.78,9.97,9.78,9.875,0,0
20080527,9.875,10.065,9.78,10.065,0,0
20080528,9.97,10.065,9.97,9.97,0,0
20080529,10.159,10.159,9.97,9.97,0,0
20080530,10.065,10.159,9.97,10.065,0,0
20080602,10.159,10.255,10.065,10.159,0,0
20080603,10.065,10.444,9.97,10.444,0,0
20080604,10.065,10.159,9.97,10.065,0,0
20080605,10.065,10.065,9.97,9.97,0,0
20080606,10.065,10.065,9.97,10.065,0,0
20080609,9.97,10.065,9.78,9.875,0,0
20080610,9.78,9.97,9.78,9.78,0,0
20080611,9.875,9.875,9.59,9.59,0,0
20080612,9.4946,9.4946,9.3053,9.4946,0,0
20080613,9.4946,9.4946,9.3053,9.4946,0,0
20080616,9.4,9.685,9.4,9.59,0,0
20080617,9.59,9.59,9.4946,9.4946,0,0
20080618,9.4946,9.4946,9.4,9.4,0,0
20080619,9.4,9.4946,9.4,9.4,0,0
20080620,9.4,9.4,9.3053,9.3053,0,0
20080623,9.3053,9.3053,9.1152,9.2106,0,0
20080624,9.1152,9.1152,8.9253,8.9253,0,0
20080625,8.9253,9.0203,8.3556,8.5455,0,0
20080626,8.6404,8.7354,8.6404,8.6404,0,0
20080627,8.3556,8.5455,8.1658,8.2606,0,0
20080630,8.2606,8.2606,8.0708,8.0708,0,0
20080701,8.0708,8.1658,7.9758,8.0708,0,0
20080702,8.0708,8.1658,8.0708,8.0708,0,0
20080703,7.8808,8.0708,7.8808,8.0708,0,0
20080704,7.9758,8.2606,7.8808,7.8808,0,0
20080707,7.8808,8.1658,7.786,7.8808,0,0
20080708,7.8808,7.8808,7.691,7.8808,0,0
20080709,7.786,8.1658,7.786,8.0708,0,0
20080710,8.1658,8.1658,7.9758,8.0708,0,0
20080711,8.0708,8.1658,7.8808,7.8808,0,0
20080714,7.9758,8.0708,7.8808,7.9758,0,0
20080715,7.9758,7.9758,7.786,7.786,0,0
20080716,7.786,7.8808,7.691,7.691,0,0
20080717,7.8808,8.2606,7.8808,8.0708,0,0
20080718,8.0708,8.2606,7.9758,8.2606,0,0
20080721,7.9758,8.6404,7.9758,8.6404,0,0
20080722,8.5455,8.5455,8.3556,8.4506,0,0
20080723,8.7354,8.7354,8.4506,8.6404,0,0
20080724,8.8304,8.8304,8.6404,8.6404,0,0
20080725,8.5455,8.8304,8.5455,8.6404,0,0
20080728,9.0203,9.0203,8.7354,8.9253,0,0
20080729,8.8304,8.9253,8.8304,8.9253,0,0
20080730,9.0203,9.3053,9.0203,9.3053,0,0
20080731,9.3053,9.3053,9.1152,9.2106,0,0
20080801,9.1152,9.2106,9.1152,9.2106,0,0
20080804,9.4,9.59,9.4,9.4946,0,0
20080805,9.4946,9.59,9.4946,9.59,0,0
20080806,9.685,9.685,9.4946,9.59,0,0
20080807,9.59,9.685,9.59,9.685,0,0
20080808,9.685,9.685,9.4946,9.4946,0,0
20080811,9.4946,9.4946,9.3053,9.3053,0,0
20080812,9.4,9.4946,9.3053,9.4,0,0
20080813,9.78,9.78,9.4946,9.4946,0,0
20080814,9.4946,9.4946,9.4946,9.4946,0,0
20080818,9.59,9.59,8.6404,8.6404,0,0
20080819,8.5455,8.5455,8.5455,8.5455,0,0
20080820,8.4506,8.5455,8.4506,8.5455,0,0
20080821,8.5455,8.5455,8.5455,8.5455,0,0
20080822,8.6404,8.6404,8.5455,8.6404,0,0
20080825,8.7354,8.7354,8.6404,8.6404,0,0
20080826,8.5455,8.6404,8.5455,8.5455,0,0
20080827,8.5455,8.6404,8.5455,8.6404,0,0
20080828,8.6404,8.6404,8.5455,8.6404,0,0
20080829,8.7354,8.7354,8.5455,8.6404,0,0
20080901,8.6404,8.6404,8.6404,8.6404,0,0
20080902,8.6404,8.9253,8.6404,8.9253,0,0
20080903,8.9253,9.1152,8.8304,9.0203,0,0
20080904,9.0203,9.1152,9.0203,9.0203,0,0
20080905,8.9253,8.9253,8.9253,8.9253,0,0
20080908,8.8304,9.78,8.8304,9.78,0,0
20080909,9.685,9.78,9.4946,9.4946,0,0
20080910,9.3053,9.3053,9.2106,9.3053,0,0
20080911,9.4,9.59,9.2106,9.4,0,0
20080912,9.4946,9.4946,9.2106,9.3053,0,0
20080915,9.2106,9.2106,8.9253,9.0203,0,0
20080916,8.9253,9.0203,8.8304,8.8304,0,0
20080917,8.7354,8.9253,8.7354,8.8304,0,0
20080918,8.7354,8.9253,8.5455,8.9253,0,0
20080919,9.0203,9.3053,8.9253,9.2106,0,0
20080922,9.4,9.4,9.1152,9.3053,0,0
20080923,9.2106,9.2106,9.0203,9.0203,0,0
20080924,9.0203,9.3053,9.0203,9.1152,0,0
20080925,9.1152,9.4,9.0203,9.3053,0,0
20080926,9.3053,9.4,9.2106,9.3053,0,0
20080929,9.2106,9.2106,8.8304,8.8304,0,0
20080930,8.5455,9.0203,8.5455,9.0203,0,0
20081001,9.1152,9.1152,8.8304,8.9253,0,0
20081002,8.9253,8.9253,8.5455,8.5455,0,0
20081003,8.8304,9.0203,8.6404,8.6404,0,0
20081006,8.5455,8.5455,7.8808,7.8808,0,0
20081007,7.9758,8.0708,7.8808,8.0708,0,0
20081008,7.786,8.0708,7.596,7.691,0,0
20081009,7.596,7.691,7.596,7.691,0,0
20081010,7.3112,7.596,7.2162,7.2162,0,0
20081013,7.501,7.501,7.2162,7.4062,0,0
20081014,8.1658,8.1658,7.3112,7.4062,0,0
20081015,7.501,7.691,7.4062,7.4062,0,0
20081016,7.596,7.596,7.2162,7.4062,0,0
20081017,7.691,7.691,6.6465,6.6465,0,0
20081020,6.8364,7.2162,6.7414,7.2162,0,0
20081021,7.2162,7.3112,7.2162,7.3112,0,0
20081022,7.1212,7.1212,6.7414,6.7414,0,0
20081023,6.6465,6.7414,6.3616,6.4566,0,0
20081024,6.5516,6.5516,6.1718,6.2667,0,0
20081027,6.1718,6.1718,5.8869,6.1718,0,0
20081028,6.1718,6.4566,6.1718,6.1718,0,0
20081029,6.4566,6.8364,6.4566,6.7414,0,0
20081030,6.8364,7.1212,6.8364,6.9314,0,0
20081031,7.1212,7.1212,6.9314,6.9314,0,0
20081103,7.0263,7.1212,6.9314,6.9314,0,0
20081104,6.9314,7.0263,6.9314,7.0263,0,0
20081105,7.1212,7.1212,6.9314,6.9314,0,0
20081106,6.8364,7.0263,6.8364,6.8364,0,0
20081107,6.7414,6.9314,6.7414,6.9314,0,0
20081110,6.9314,7.0263,6.9314,6.9314,0,0
20081112,6.9314,7.0263,6.7414,6.8364,0,0
20081113,6.7414,7.1212,6.7414,7.1212,0,0
20081114,7.4062,7.4062,7.3112,7.3112,0,0
20081117,7.4062,7.4062,7.3112,7.3112,0,0
20081118,7.1212,7.3112,7.1212,7.2162,0,0
20081119,7.2162,7.4062,7.1212,7.2162,0,0
20081120,7.1212,7.3112,7.0263,7.2162,0,0
20081121,6.8364,7.786,6.8364,7.3112,0,0
20081124,7.3112,7.786,7.3112,7.596,0,0
20081125,7.691,8.1658,7.691,7.8808,0,0
20081126,7.8808,8.0708,7.691,7.691,0,0
20081127,7.786,8.0708,7.501,7.786,0,0
20081128,7.8808,7.8808,7.691,7.691,0,0
20081201,7.596,7.691,7.501,7.501,0,0
20081202,7.4062,8.0708,7.4062,7.786,0,0
20081203,7.9758,7.9758,7.691,7.786,0,0
20081204,7.9758,7.9758,7.691,7.786,0,0
20081205,7.786,7.9758,7.691,7.691,0,0
20081208,7.691,7.9758,7.691,7.9758,0,0
20081209,8.0708,8.0708,7.9758,8.0708,0,0
20081210,8.0708,8.0708,7.8808,7.8808,0,0
20081211,8.1658,8.1658,7.786,7.8808,0,0
20081212,7.8808,7.8808,7.596,7.786,0,0
20081215,7.8808,7.8808,7.501,7.786,0,0
20081216,7.786,7.8808,7.691,7.8808,0,0
20081217,7.8808,7.8808,7.786,7.8808,0,0
20081218,7.8808,7.8808,7.691,7.691,0,0
20081219,7.786,7.786,7.691,7.786,0,0
20081222,7.691,7.8808,7.691,7.786,0,0
20081223,7.8808,7.8808,7.691,7.8808,0,0
20081229,7.8808,8.1658,7.8808,7.9758,0,0
20081230,8.0708,8.0708,7.8808,7.8808,0,0
20081231,8.0708,8.0708,7.786,7.8808,0,0
20090105,8.0708,8.1658,7.8808,8.1658,0,0
20090106,7.9758,8.2606,7.9758,8.0708,0,0
20090107,8.0708,8.2606,8.0708,8.2606,0,0
20090108,8.4506,8.4506,8.0708,8.0708,0,0
20090109,8.1658,8.1658,7.501,7.786,0,0
20090112,7.8808,7.8808,7.596,7.691,0,0
20090113,7.9758,7.9758,7.596,7.8808,0,0
20090114,7.8808,7.8808,7.1212,7.2162,0,0
20090115,7.2162,7.2162,6.6465,6.7414,0,0
20090116,6.8364,6.8364,6.5516,6.6465,0,0
20090119,6.8364,6.8364,6.6465,6.6465,0,0
20090120,6.7414,6.7414,6.4566,6.4566,0,0
20090121,6.4566,6.4566,6.0768,6.1718,0,0
20090122,6.2667,6.2667,5.8869,6.0768,0,0
20090123,5.9819,5.9819,5.5071,5.5071,0,0
20090126,5.6021,5.6021,5.3172,5.3172,0,0
20090127,5.5071,5.5071,5.3172,5.4122,0,0
20090128,5.5071,5.5071,5.4122,5.5071,0,0
20090129,5.5071,5.5071,5.4122,5.5071,0,0
20090130,5.6021,5.6021,5.0323,5.0323,0,0
20090202,5.3172,5.3172,5.0323,5.0323,0,0
20090203,5.2223,5.2223,5.0323,5.0323,0,0
20090204,5.1273,5.1273,5.0323,5.1273,0,0
20090205,5.1273,5.2223,4.9374,5.1273,0,0
20090206,5.2223,5.5071,5.2223,5.5071,0,0
20090209,5.697,5.8869,5.697,5.697,0,0
20090210,5.8869,5.8869,5.697,5.697,0,0
20090211,5.5071,5.697,5.5071,5.6021,0,0
20090212,5.6021,5.697,5.5071,5.5071,0,0
20090213,5.6021,5.697,5.5071,5.5071,0,0
20090216,5.4122,5.4122,5.2223,5.2223,0,0
20090217,5.2223,5.2223,4.6525,4.6525,0,0
20090218,4.5576,4.5576,4.1779,4.2727,0,0
20090219,4.4627,6.3616,4.1779,6.3616,0,0
20090220,6.9314,6.9314,5.792,5.8869,0,0
20090223,6.1718,6.1718,5.4122,5.6021,0,0
20090224,5.5071,5.5071,5.4122,5.4122,0,0
20090225,5.697,5.697,5.3172,5.5071,0,0
20090226,5.4122,5.5071,5.4122,5.5071,0,0
20090227,5.5071,5.5071,5.4122,5.5071,0,0
20090302,5.4122,5.5071,5.2223,5.3172,0,0
20090303,5.3172,5.3172,5.0323,5.0323,0,0
20090304,5.2223,5.3172,5.2223,5.2223,0,0
20090305,5.4122,5.5071,5.2223,5.4122,0,0
20090306,5.4122,5.697,5.4122,5.6021,0,0
20090309,5.6021,5.6021,5.5071,5.6021,0,0
20090310,5.6021,5.697,5.4122,5.4122,0,0
20090311,5.6021,5.697,5.6021,5.697,0,0
20090312,5.792,5.792,5.5071,5.5071,0,0
20090313,5.697,5.697,5.4122,5.5071,0,0
20090316,5.697,5.697,5.5071,5.5071,0,0
20090317,5.5071,5.5071,5.5071,5.5071,0,0
20090318,5.5071,5.6021,5.5071,5.6021,0,0
20090319,5.697,5.697,5.5071,5.6021,0,0
20090320,5.6021,5.6021,5.5071,5.5071,0,0
20090323,5.6021,5.9819,5.6021,5.792,0,0
20090324,5.9819,5.9819,5.792,5.8869,0,0
20090325,5.9819,5.9819,5.8869,5.9819,0,0
20090326,5.9819,6.1718,5.9819,5.9819,0,0
20090327,6.0768,6.0768,5.9819,5.9819,0,0
20090330,6.0768,6.0768,5.6021,5.697,0,0
20090331,5.792,5.8869,5.792,5.8869,0,0
20090401,5.8869,5.8869,5.697,5.792,0,0
20090402,6.0768,6.0768,6.0768,6.0768,0,0
20090403,6.0768,6.3616,6.0768,6.1718,0,0
20090406,6.4566,6.4566,6.0768,6.1718,0,0
20090407,6.1718,6.1718,5.8869,5.9819,0,0
20090408,5.8869,6.1718,5.8869,6.1718,0,0
20090409,6.2667,6.3616,6.1718,6.1718,0,0
20090414,6.1718,6.4566,6.1718,6.2667,0,0
20090415,6.2667,6.2667,6.1718,6.2667,0,0
20090416,6.3616,6.3616,6.2667,6.2667,0,0
20090417,6.2667,6.4566,6.2667,6.4566,0,0
20090420,6.4566,6.4566,6.2667,6.3616,0,0
20090421,6.2667,6.4566,6.2667,6.4566,0,0
20090422,6.5516,6.7414,6.5516,6.6465,0,0
20090423,6.8364,7.0263,6.7414,6.9314,0,0
20090424,7.1212,7.3112,7.1212,7.1212,0,0
20090427,7.2162,7.3112,7.2162,7.2162,0,0
20090428,7.2162,7.3112,7.1212,7.2162,0,0
20090429,7.3112,7.4062,7.2162,7.2162,0,0
20090430,7.501,7.596,7.501,7.596,0,0
20090504,7.691,8.0708,7.691,8.0708,0,0
20090505,8.2606,8.3556,7.8808,7.8808,0,0
20090506,7.8808,8.3556,7.8808,8.2606,0,0
20090507,8.2606,8.4506,8.2606,8.4506,0,0
20090508,8.3556,8.4506,8.2606,8.3556,0,0
20090511,8.3556,8.3556,8.2606,8.3556,0,0
20090512,8.3556,8.6404,8.3556,8.5455,0,0
20090513,8.8304,9.0203,8.8304,8.9253,0,0
20090514,8.9253,11.109,8.8304,11.109,0,0
20090515,11.204,11.299,11.109,11.204,0,0
20090518,11.204,11.584,11.204,11.584,0,0
20090519,11.869,12.344,11.869,12.059,0,0
20090520,12.818,12.818,11.584,12.439,0,0
20090521,12.439,12.439,11.964,11.964,0,0
20090522,11.869,11.869,11.394,11.394,0,0
20090525,11.394,11.394,11.109,11.109,0,0
20090526,11.014,11.109,10.824,11.109,0,0
20090527,11.489,11.489,11.109,11.299,0,0
20090528,11.299,11.489,11.204,11.489,0,0
20090529,11.774,11.774,10.92,10.92,0,0
20090601,10.92,11.299,10.92,11.204,0,0
20090602,11.299,11.489,11.204,11.394,0,0
20090603,11.394,11.489,11.394,11.489,0,0
20090604,11.489,11.584,11.489,11.584,0,0
20090605,11.679,11.869,11.584,11.869,0,0
20090608,11.869,11.869,11.299,11.679,0,0
20090609,11.869,11.964,11.774,11.964,0,0
20090610,12.059,12.533,12.059,12.533,0,0
20090612,12.724,12.724,12.248,12.439,0,0
20090615,12.439,12.628,12.439,12.439,0,0
20090616,12.439,12.724,12.248,12.724,0,0
20090617,12.724,12.724,12.439,12.724,0,0
20090618,12.628,12.628,12.439,12.533,0,0
20090619,12.248,12.533,12.248,12.248,0,0
20090622,12.344,12.344,11.584,11.584,0,0
20090623,11.299,11.584,11.299,11.584,0,0
20090624,11.584,12.154,11.584,12.059,0,0
20090625,12.059,12.344,12.059,12.344,0,0
20090626,12.344,12.439,12.154,12.439,0,0
20090629,12.439,12.439,12.248,12.248,0,0
20090630,12.344,12.628,12.248,12.248,0,0
20090701,12.344,12.533,12.344,12.533,0,0
20090702,12.533,12.533,12.439,12.533,0,0
20090703,12.439,12.533,12.344,12.439,0,0
20090706,12.248,12.344,12.248,12.344,0,0
20090707,12.344,12.628,12.344,12.344,0,0
20090708,12.248,12.439,12.248,12.439,0,0
20090709,12.439,13.009,12.439,13.009,0,0
20090710,13.103,13.103,12.818,13.009,0,0
20090713,13.009,13.009,12.724,12.724,0,0
20090714,12.913,13.388,12.913,13.388,0,0
20090715,13.483,14.053,13.483,14.053,0,0
20090716,14.053,14.242,13.768,14.148,0,0
20090717,14.148,14.718,13.863,14.337,0,0
20090720,14.433,15.098,14.433,15.098,0,0
20090721,15.098,15.382,15.098,15.287,0,0
20090722,15.098,15.192,14.907,15.098,0,0
20090723,15.002,15.098,14.907,14.907,0,0
20090724,14.907,15.002,14.907,14.907,0,0
20090727,15.002,15.192,15.002,15.192,0,0
20090728,15.192,15.382,15.192,15.382,0,0
20090729,15.477,15.762,15.287,15.477,0,0
20090730,15.572,16.426,15.572,16.426,0,0
20090731,16.616,17.376,16.616,17.376,0,0
20090803,17.566,17.755,17.376,17.566,0,0
20090804,17.47,17.946,17.281,17.376,0,0
20090805,17.47,17.755,17.281,17.281,0,0
20090806,17.47,17.755,17.091,17.661,0,0
20090807,17.755,17.755,17.376,17.755,0,0
20090810,17.851,18.135,17.755,18.041,0,0
20090811,18.326,18.611,18.041,18.231,0,0
20090812,18.326,18.611,18.231,18.42,0,0
20090813,18.705,22.503,18.611,22.503,0,0
20090814,22.503,23.642,22.503,22.978,0,0
20090817,23.357,23.357,21.459,22.124,0,0
20090818,22.124,22.124,21.554,21.554,0,0
20090819,21.554,21.554,20.984,21.269,0,0
20090820,21.554,22.503,21.554,22.503,0,0
20090821,22.503,24.592,22.503,24.592,0,0
20090824,24.307,24.307,23.738,24.022,0,0
20090825,23.927,23.927,23.548,23.927,0,0
20090826,23.927,23.927,23.073,23.073,0,0
20090827,23.548,23.642,23.357,23.453,0,0
20090828,23.263,24.212,23.263,23.833,0,0
20090831,23.833,23.833,23.642,23.833,0,0
20090901,23.927,23.927,22.503,22.788,0,0
20090902,22.218,22.788,19.94,20.889,0,0
20090903,20.699,21.648,20.699,21.269,0,0
20090904,21.554,22.503,21.554,22.313,0,0
20090907,22.313,23.642,22.313,23.642,0,0
20090908,23.738,24.592,23.548,24.592,0,0
20090909,24.118,24.592,23.453,24.592,0,0
20090910,24.877,24.877,23.357,23.357,0,0
20090911,23.927,24.402,23.927,24.307,0,0
20090914,24.307,24.307,23.927,24.118,0,0
20090915,24.402,24.402,23.833,23.927,0,0
20090916,23.927,24.307,23.927,24.212,0,0
20090917,24.307,24.687,24.212,24.592,0,0
20090918,25.257,26.111,25.257,26.111,0,0
20090921,26.016,26.111,25.352,25.827,0,0
20090922,25.446,26.871,25.446,26.871,0,0
20090923,26.871,27.251,26.871,27.061,0,0
20090924,26.871,27.251,26.586,27.061,0,0
20090925,27.061,27.061,26.586,26.681,0,0
20090928,26.871,26.871,26.586,26.681,0,0
20090929,26.871,26.871,26.491,26.681,0,0
20090930,26.681,26.681,26.016,26.207,0,0
20091001,26.207,26.586,26.207,26.396,0,0
20091002,25.827,26.586,25.162,25.162,0,0
20091005,25.542,26.396,25.162,26.396,0,0
20091006,26.396,26.681,25.922,26.681,0,0
20091007,26.966,26.966,25.446,25.446,0,0
20091008,25.827,26.301,25.446,25.637,0,0
20091009,25.637,25.731,25.542,25.637,0,0
20091012,25.637,25.731,25.542,25.731,0,0
20091013,25.731,25.731,25.352,25.731,0,0
20091014,25.542,25.731,25.446,25.446,0,0
20091015,25.446,25.446,24.592,24.877,0,0
20091016,24.783,25.352,24.592,25.257,0,0
20091019,26.016,26.016,25.352,25.731,0,0
20091020,25.446,25.827,25.446,25.827,0,0
20091021,25.542,26.016,25.542,25.827,0,0
20091022,25.827,26.016,25.637,26.016,0,0
20091023,26.111,27.251,26.111,27.251,0,0
20091026,27.155,27.631,26.966,27.631,0,0
20091027,27.631,27.631,26.681,27.346,0,0
20091028,26.776,27.251,26.016,26.207,0,0
20091029,25.827,26.681,25.827,26.207,0,0
20091030,26.396,26.776,26.396,26.776,0,0
20091102,26.776,27.061,26.776,26.966,0,0
20091103,26.871,26.871,26.681,26.681,0,0
20091104,26.396,26.966,26.396,26.871,0,0
20091105,26.966,27.631,26.966,27.44,0,0
20091106,27.725,27.916,27.44,27.725,0,0
20091109,27.82,28.2,27.631,28.2,0,0
20091110,28.296,29.909,28.296,29.909,0,0
20091112,30.005,30.005,25.922,25.922,0,0
20091113,25.922,25.922,25.637,25.731,0,0
20091116,25.637,26.207,25.257,26.111,0,0
20091117,25.827,26.111,25.731,25.827,0,0
20091118,25.827,26.301,25.827,25.922,0,0
20091119,26.016,26.016,25.446,25.542,0,0
20091120,25.542,26.111,25.542,25.731,0,0
20091123,25.637,26.871,25.637,26.871,0,0
20091124,26.681,27.916,26.681,27.155,0,0
20091125,27.155,27.916,27.155,27.535,0,0
20091126,27.346,27.535,25.257,25.257,0,0
20091127,25.257,26.016,25.257,25.731,0,0
20091130,26.111,26.207,25.637,26.111,0,0
20091201,26.396,26.396,25.542,25.542,0,0
20091202,25.827,26.301,25.542,26.301,0,0
20091203,26.301,26.491,26.111,26.396,0,0
20091204,26.396,26.396,25.922,26.396,0,0
20091207,26.111,26.586,26.111,26.111,0,0
20091208,25.827,26.111,25.827,25.827,0,0
20091209,25.827,26.491,25.731,25.731,0,0
20091210,25.827,26.301,25.731,26.301,0,0
20091211,26.681,26.871,26.207,26.871,0,0
20091214,26.871,28.011,26.491,28.011,0,0
20091215,27.916,27.916,27.44,27.916,0,0
20091216,27.44,27.916,27.251,27.725,0,0
20091217,27.725,27.725,27.061,27.155,0,0
20091218,27.155,27.631,27.155,27.535,0,0
20091221,27.535,27.725,27.251,27.725,0,0
20091222,27.346,27.916,27.346,27.916,0,0
20091223,27.631,28.105,27.631,28.011,0,0
20091228,28.011,29.055,28.011,28.96,0,0
20091229,28.96,28.96,28.2,28.39,0,0
20091230,28.39,28.39,27.725,27.916,0,0
20091231,27.916,27.916,27.535,27.916,0,0
20100104,27.631,27.916,27.631,27.725,0,0
20100105,27.916,28.296,27.82,28.296,0,0
20100106,28.296,28.296,27.535,27.916,0,0
20100107,28.105,28.105,27.44,27.916,0,0
20100108,27.82,28.2,27.346,27.725,0,0
20100111,27.82,28.105,27.631,28.105,0,0
20100112,28.296,28.296,27.346,27.631,0,0
20100113,27.631,27.631,26.966,26.966,0,0
20100114,27.061,27.44,26.491,26.491,0,0
20100115,26.491,27.061,26.396,26.681,0,0
20100118,27.061,27.061,26.396,26.396,0,0
20100119,26.396,26.586,26.301,26.301,0,0
20100120,26.396,26.776,26.301,26.776,0,0
20100121,26.871,26.871,26.016,26.111,0,0
20100122,25.827,25.922,25.446,25.731,0,0
20100125,25.542,25.542,24.877,25.067,0,0
20100126,25.067,25.067,24.402,24.687,0,0
20100127,24.402,25.542,24.402,25.067,0,0
20100128,25.352,25.542,25.067,25.257,0,0
20100129,24.877,25.162,24.783,25.067,0,0
20100201,25.162,25.162,24.687,25.067,0,0
20100202,24.877,25.162,24.877,24.877,0,0
20100203,24.972,25.067,24.783,24.783,0,0
20100204,24.783,24.783,24.307,24.402,0,0
20100205,24.212,24.212,22.978,23.927,0,0
20100208,24.307,24.307,23.642,23.738,0,0
20100209,23.642,24.022,23.642,23.738,0,0
20100210,23.738,24.592,23.738,24.212,0,0
20100211,24.402,24.783,24.118,24.783,0,0
20100212,24.783,25.162,24.783,25.067,0,0
20100215,25.067,25.446,25.067,25.352,0,0
20100216,25.446,25.542,25.257,25.257,0,0
20100217,25.257,25.257,24.212,24.212,0,0
20100218,24.783,24.783,23.738,23.738,0,0
20100219,23.642,23.833,13.768,13.768,0,0
20100222,13.957,13.957,13.768,13.863,0,0
20100223,13.957,14.053,13.672,13.672,0,0
20100224,13.672,13.672,13.483,13.483,0,0
20100225,13.483,13.578,13.388,13.578,0,0
20100226,13.578,13.768,13.578,13.578,0,0
20100301,13.768,13.863,13.768,13.768,0,0
20100302,13.863,14.148,13.768,14.148,0,0
20100303,14.148,14.148,13.957,13.957,0,0
20100304,14.053,14.148,13.863,13.957,0,0
20100305,14.053,14.242,13.957,14.242,0,0
20100308,14.433,14.527,14.148,14.527,0,0
20100309,14.527,14.622,14.337,14.527,0,0
20100310,14.527,14.813,14.527,14.813,0,0
20100311,14.718,15.287,14.718,15.287,0,0
20100312,15.287,15.477,15.098,15.192,0,0
20100315,15.287,15.287,14.813,14.813,0,0
20100316,14.907,15.002,14.813,15.002,0,0
20100317,15.002,15.192,15.002,15.098,0,0
20100318,15.098,15.098,14.813,14.907,0,0
20100319,14.718,14.813,14.718,14.813,0,0
20100322,14.813,14.907,14.718,14.907,0,0
20100323,15.002,15.192,15.002,15.192,0,0
20100324,15.287,15.477,14.907,15.192,0,0
20100325,15.382,15.572,15.287,15.572,0,0
20100326,15.572,15.572,15.382,15.477,0,0
20100329,15.192,15.667,15.192,15.572,0,0
20100330,15.572,15.762,15.572,15.762,0,0
20100331,15.667,15.667,15.477,15.477,0,0
20100401,15.572,15.762,15.572,15.667,0,0
20100406,15.667,16.046,15.667,15.857,0,0
20100407,15.952,15.952,15.667,15.857,0,0
20100408,15.857,15.952,15.572,15.952,0,0
20100409,15.857,16.237,15.857,16.237,0,0
20100412,16.046,16.237,16.046,16.237,0,0
20100413,16.237,16.237,16.046,16.237,0,0
20100414,16.237,16.522,16.046,16.522,0,0
20100415,16.522,16.522,16.046,16.331,0,0
20100416,16.331,16.331,15.952,16.237,0,0
20100419,15.762,15.857,15.098,15.477,0,0
20100420,15.572,15.952,15.572,15.857,0,0
20100421,16.142,16.331,15.952,15.952,0,0
20100422,15.857,15.952,15.857,15.857,0,0
20100423,16.046,16.237,15.762,16.237,0,0
20100426,16.237,16.331,16.237,16.331,0,0
20100427,16.237,16.331,16.237,16.237,0,0
20100428,15.857,16.237,15.477,16.046,0,0
20100429,16.142,16.331,15.857,16.142,0,0
20100430,16.142,16.331,16.142,16.237,0,0
20100504,16.426,16.426,15.857,15.952,0,0
20100505,15.857,15.952,15.667,15.667,0,0
20100506,15.572,15.857,15.287,15.287,0,0
20100507,15.098,15.287,15.002,15.002,0,0
20100510,15.477,16.046,15.382,15.952,0,0
20100511,15.762,15.857,15.572,15.762,0,0
20100512,15.857,15.952,15.667,15.762,0,0
20100513,15.857,15.952,13.578,13.578,0,0
20100514,13.483,13.483,13.293,13.388,0,0
20100517,13.198,13.578,13.198,13.578,0,0
20100518,13.578,13.578,13.388,13.483,0,0
20100519,13.388,13.388,13.103,13.198,0,0
20100520,13.388,13.388,12.724,12.724,0,0
20100521,12.724,12.913,12.439,12.818,0,0
20100524,12.818,13.103,12.724,12.818,0,0
20100525,12.533,12.724,12.439,12.724,0,0
20100526,12.818,13.198,12.818,13.198,0,0
20100527,13.198,13.483,13.198,13.483,0,0
20100528,13.483,13.578,13.388,13.483,0,0
20100531,13.388,13.483,13.293,13.483,0,0
20100601,13.388,13.483,13.009,13.009,0,0
20100602,13.009,13.103,12.628,13.103,0,0
20100604,13.293,13.483,13.103,13.293,0,0
20100607,13.103,13.103,12.913,13.103,0,0
20100608,13.009,13.198,13.009,13.103,0,0
20100609,13.103,13.198,13.103,13.103,0,0
20100610,13.198,13.388,13.103,13.388,0,0
20100611,13.388,13.483,13.388,13.483,0,0
20100614,13.483,13.957,13.483,13.863,0,0
20100615,13.863,14.053,13.768,14.053,0,0
20100616,14.053,14.148,13.957,14.053,0,0
20100617,14.053,14.053,13.957,14.053,0,0
20100618,14.053,14.148,13.483,14.053,0,0
20100621,13.863,13.957,13.863,13.863,0,0
20100622,13.863,13.863,13.672,13.672,0,0
20100623,13.672,13.672,13.293,13.388,0,0
20100624,13.388,13.388,13.103,13.103,0,0
20100625,13.198,13.483,13.103,13.483,0,0
20100628,13.388,13.578,13.388,13.578,0,0
20100629,13.388,13.578,13.198,13.578,0,0
20100630,13.478,13.575,13.295,13.478,0,0
20100701,13.198,13.578,13.198,13.578,0,0
20100702,13.388,13.578,13.198,13.198,0,0
20100705,13.198,13.388,13.198,13.293,0,0
20100706,13.293,13.388,13.293,13.388,0,0
20100707,13.198,13.388,13.198,13.388,0,0
20100708,13.768,13.957,13.672,13.957,0,0
20100709,13.957,13.957,13.672,13.768,0,0
20100712,13.957,14.053,13.957,13.957,0,0
20100713,13.957,14.053,13.768,13.863,0,0
20100714,13.957,14.148,13.957,14.053,0,0
20100715,14.053,14.242,13.957,14.242,0,0
20100716,14.242,14.242,14.053,14.242,0,0
20100719,14.053,14.148,13.957,14.148,0,0
20100720,14.148,14.242,13.957,14.053,0,0
20100721,13.957,14.148,13.957,14.148,0,0
20100722,14.053,14.148,14.053,14.053,0,0
20100723,14.053,14.148,13.957,14.148,0,0
20100726,14.148,14.148,13.863,13.863,0,0
20100727,13.863,14.148,13.863,14.148,0,0
20100728,13.957,14.242,13.863,13.863,0,0
20100729,13.957,14.148,13.957,14.148,0,0
20100730,14.242,14.242,13.957,13.957,0,0
20100802,14.148,14.433,13.957,13.957,0,0
20100803,13.957,14.622,13.957,14.622,0,0
20100804,14.718,14.718,14.622,14.718,0,0
20100805,14.622,14.718,14.337,14.337,0,0
20100806,14.622,14.622,14.337,14.527,0,0
20100809,14.622,14.622,14.527,14.527,0,0
20100810,14.527,14.527,13.957,14.337,0,0
20100811,14.242,14.622,14.053,14.527,0,0
20100812,14.337,14.527,14.242,14.242,0,0
20100813,14.148,14.242,14.148,14.242,0,0
20100816,14.242,14.242,13.957,14.148,0,0
20100817,14.148,14.148,14.053,14.148,0,0
20100818,14.148,14.242,13.863,14.148,0,0
20100819,13.957,14.148,13.863,13.957,0,0
20100820,13.957,13.957,13.672,13.957,0,0
20100823,13.768,13.957,13.768,13.863,0,0
20100824,13.957,13.957,13.768,13.863,0,0
20100825,13.768,13.768,13.578,13.578,0,0
20100826,13.578,13.672,13.578,13.672,0,0
20100827,13.672,13.672,13.388,13.578,0,0
20100830,13.578,13.672,13.483,13.672,0,0
20100831,13.483,14.337,13.483,14.242,0,0
20100901,14.148,14.148,13.768,14.148,0,0
20100902,14.242,14.337,14.242,14.242,0,0
20100903,14.053,14.242,13.863,14.242,0,0
20100906,14.242,14.242,14.053,14.053,0,0
20100907,14.053,14.053,13.768,14.053,0,0
20100908,13.768,14.148,13.768,14.148,0,0
20100909,14.148,14.337,13.957,14.242,0,0
20100910,14.053,14.148,14.053,14.148,0,0
20100913,14.053,14.148,13.957,14.148,0,0
20100914,14.148,14.148,14.053,14.148,0,0
20100915,14.053,14.053,13.957,13.957,0,0
20100916,13.957,13.957,13.957,13.957,0,0
20100917,13.957,13.957,13.863,13.863,0,0
20100920,13.863,13.863,13.672,13.672,0,0
20100921,13.768,13.957,13.768,13.957,0,0
20100922,13.957,14.053,13.863,14.053,0,0
20100923,14.053,14.053,13.863,13.863,0,0
20100924,13.863,14.242,13.863,14.242,0,0
20100927,14.242,14.242,14.148,14.242,0,0
20100928,14.148,14.242,14.053,14.242,0,0
20100929,14.053,14.337,13.957,14.337,0,0
20100930,14.242,14.527,14.242,14.527,0,0
20101001,14.433,14.813,14.433,14.718,0,0
20101004,14.622,14.813,14.622,14.813,0,0
20101005,14.813,14.813,14.718,14.813,0,0
20101006,14.813,15.002,14.813,15.002,0,0
20101007,14.907,15.098,14.907,15.002,0,0
20101008,14.813,15.002,14.813,15.002,0,0
20101011,15.002,15.002,14.907,14.907,0,0
20101012,15.002,15.002,14.813,14.907,0,0
20101013,15.002,15.002,14.907,15.002,0,0
20101014,14.907,15.098,14.907,14.907,0,0
20101015,14.813,14.813,14.718,14.813,0,0
20101018,14.622,14.718,14.527,14.622,0,0
20101019,14.527,14.527,14.242,14.337,0,0
20101020,14.337,14.718,14.242,14.718,0,0
20101021,14.433,14.718,14.433,14.433,0,0
20101022,14.337,14.433,14.242,14.337,0,0
20101025,14.337,14.622,14.337,14.527,0,0
20101026,14.433,14.527,14.337,14.527,0,0
20101027,14.433,14.907,14.433,14.718,0,0
20101028,14.813,14.907,14.622,14.907,0,0
20101029,14.908,15.285,14.715,15.285,0,0
20101102,15.002,15.287,15.002,15.287,0,0
20101103,15.192,15.477,15.192,15.477,0,0
20101104,15.382,15.762,15.382,15.762,0,0
20101105,15.762,15.857,15.762,15.857,0,0
20101108,15.762,15.857,15.762,15.857,0,0
20101109,15.762,16.046,15.762,16.046,0,0
20101110,16.046,16.046,15.477,15.477,0,0
20101112,15.192,16.522,15.098,16.522,0,0
20101115,16.237,16.522,16.046,16.331,0,0
20101116,16.237,16.237,15.667,16.046,0,0
20101117,15.667,15.952,15.667,15.857,0,0
20101118,16.046,16.046,15.762,15.952,0,0
20101119,15.952,16.142,15.572,15.572,0,0
20101122,15.952,15.952,15.572,15.572,0,0
20101123,15.572,16.711,15.572,16.711,0,0
20101124,16.331,16.331,16.046,16.142,0,0
20101125,16.237,16.237,15.762,15.762,0,0
20101126,15.952,15.952,15.572,15.572,0,0
20101129,15.572,15.667,15.477,15.477,0,0
20101130,15.477,15.477,15.192,15.192,0,0
20101201,15.287,15.477,15.192,15.382,0,0
20101202,15.477,16.142,15.477,16.046,0,0
20101203,16.046,16.142,15.952,16.142,0,0
20101206,16.142,16.237,15.952,16.237,0,0
20101207,16.237,16.237,15.857,15.952,0,0
20101208,15.857,16.046,15.857,16.046,0,0
20101209,16.046,16.616,16.046,16.616,0,0
20101210,16.237,16.522,16.046,16.046,0,0
20101213,16.142,16.237,16.046,16.237,0,0
20101214,15.952,16.616,15.952,16.616,0,0
20101215,16.331,16.616,16.331,16.616,0,0
20101216,16.426,16.522,15.952,16.522,0,0
20101217,16.142,16.522,16.142,16.331,0,0
20101220,16.237,16.616,16.237,16.522,0,0
20101221,16.237,16.522,16.237,16.426,0,0
20101222,16.426,16.522,16.331,16.522,0,0
20101223,16.616,16.616,16.237,16.237,0,0
20101227,16.237,16.331,16.142,16.331,0,0
20101228,16.331,16.331,16.142,16.331,0,0
20101229,16.328,16.328,16.048,16.328,0,0
20101230,16.328,16.328,16.145,16.145,0,0
20101231,16.048,16.232,15.952,16.145,0,0
20110103,16.046,16.142,16.046,16.142,0,0
20110104,16.046,16.522,15.952,16.522,0,0
20110105,16.331,16.426,15.952,16.426,0,0
20110107,16.237,16.331,16.142,16.331,0,0
20110110,16.142,16.142,15.762,15.762,0,0
20110111,16.046,16.046,15.477,15.762,0,0
20110112,15.762,15.762,15.572,15.572,0,0
20110113,15.667,15.667,15.192,15.192,0,0
20110114,15.287,15.382,15.192,15.192,0,0
20110117,15.192,15.382,15.192,15.192,0,0
20110118,15.287,15.382,15.192,15.382,0,0
20110119,15.477,15.667,15.382,15.382,0,0
20110120,15.667,15.667,15.192,15.572,0,0
20110121,15.572,15.572,15.382,15.382,0,0
20110124,15.382,15.382,14.907,14.907,0,0
20110125,15.002,15.287,15.002,15.192,0,0
20110126,15.098,15.477,15.098,15.477,0,0
20110127,15.477,15.667,15.382,15.667,0,0
20110128,16.046,16.046,16.046,16.046,0,0
20110131,16.048,16.328,15.382,15.382,0,0
20110201,15.382,15.762,15.382,15.762,0,0
20110202,15.762,15.762,15.477,15.477,0,0
20110203,15.382,15.667,15.382,15.477,0,0
20110204,15.477,15.667,15.382,15.667,0,0
20110207,15.382,15.667,15.382,15.572,0,0
20110208,15.477,15.762,15.477,15.667,0,0
20110209,15.572,15.667,15.572,15.572,0,0
20110210,15.572,15.667,15.287,15.287,0,0
20110211,15.287,15.572,15.287,15.477,0,0
20110214,15.477,15.572,15.477,15.572,0,0
20110215,15.382,15.572,15.382,15.477,0,0
20110216,15.477,15.572,15.382,15.382,0,0
20110217,15.382,15.382,13.578,13.578,0,0
20110218,13.672,13.768,13.388,13.768,0,0
20110221,13.957,13.957,13.768,13.768,0,0
20110222,13.672,14.148,13.578,14.148,0,0
20110223,13.957,14.148,13.863,13.957,0,0
20110224,13.863,14.053,13.578,14.053,0,0
20110225,13.957,14.053,13.863,13.957,0,0
20110228,13.961,14.048,13.768,13.961,0,0
20110301,13.957,13.957,13.768,13.863,0,0
20110302,13.863,13.957,13.768,13.957,0,0
20110303,14.148,14.148,13.768,13.768,0,0
20110304,13.768,13.957,13.768,13.957,0,0
20110307,13.957,14.053,13.863,14.053,0,0
20110308,14.053,14.053,13.957,14.053,0,0
20110309,14.053,14.148,13.957,14.053,0,0
20110310,13.863,14.053,13.863,14.053,0,0
20110311,14.053,14.148,13.863,14.148,0,0
20110314,14.148,14.148,13.957,14.053,0,0
20110315,13.957,14.053,13.863,14.053,0,0
20110316,13.957,14.053,13.863,13.863,0,0
20110317,13.865,14.048,13.865,14.048,0,0
20110318,13.957,14.242,13.957,14.242,0,0
20110321,14.242,14.433,14.148,14.337,0,0
20110322,14.433,14.433,14.148,14.148,0,0
20110323,14.242,14.433,14.242,14.433,0,0
20110324,14.242,14.337,14.148,14.242,0,0
20110325,14.148,14.622,14.148,14.622,0,0
20110328,14.622,14.718,14.433,14.718,0,0
20110329,14.622,14.718,14.622,14.718,0,0
20110330,14.622,14.718,14.622,14.622,0,0
20110331,14.715,14.715,14.618,14.618,0,0
20110401,14.622,14.622,14.527,14.622,0,0
20110404,14.622,14.718,14.527,14.527,0,0
20110405,14.527,14.527,14.242,14.433,0,0
20110406,14.337,14.718,14.337,14.718,0,0
20110407,14.718,14.718,14.527,14.527,0,0
20110408,14.337,14.718,14.337,14.718,0,0
20110411,14.718,14.718,14.622,14.718,0,0
20110412,14.622,14.718,14.433,14.527,0,0
20110413,14.527,14.718,14.527,14.622,0,0
20110414,14.622,14.718,14.433,14.433,0,0
20110415,14.433,14.433,14.242,14.242,0,0
20110418,14.242,14.337,14.053,14.242,0,0
20110419,14.148,14.433,14.148,14.433,0,0
20110420,14.527,14.527,14.433,14.433,0,0
20110421,14.433,14.527,14.433,14.433,0,0
20110426,14.433,14.433,14.337,14.433,0,0
20110427,14.527,14.527,14.337,14.337,0,0
20110428,14.433,14.527,14.337,14.433,0,0
20110429,14.531,14.531,14.338,14.338,0,0
20110502,14.242,14.622,14.242,14.622,0,0
20110504,14.622,14.622,14.433,14.622,0,0
20110505,14.433,14.622,13.957,13.957,0,0
20110506,13.957,13.957,13.863,13.957,0,0
20110509,13.863,13.863,13.672,13.768,0,0
20110510,13.768,13.863,13.672,13.863,0,0
20110511,13.863,13.863,13.578,13.578,0,0
20110512,13.483,13.672,13.388,13.483,0,0
20110513,13.483,13.768,13.388,13.388,0,0
20110516,13.483,13.768,13.388,13.483,0,0
20110517,13.578,13.578,12.724,13.009,0,0
20110518,13.009,13.009,12.818,12.913,0,0
20110519,12.913,13.103,12.913,13.103,0,0
20110520,13.101,13.295,13.101,13.198,0,0
20110523,13.293,13.293,13.009,13.103,0,0
20110524,13.103,13.293,13.103,13.198,0,0
20110525,13.198,13.293,13.103,13.198,0,0
20110526,13.103,13.198,13.009,13.103,0,0
20110527,13.198,13.295,13.101,13.101,0,0
20110530,13.198,13.198,13.009,13.103,0,0
20110531,13.101,13.768,13.101,13.391,0,0
20110601,13.388,13.578,13.388,13.483,0,0
20110602,13.388,13.578,13.388,13.483,0,0
20110603,13.391,13.575,13.391,13.391,0,0
20110606,13.388,13.483,13.293,13.388,0,0
20110607,13.391,13.478,13.295,13.391,0,0
20110608,13.391,13.478,13.295,13.478,0,0
20110609,13.478,13.671,13.478,13.671,0,0
20110610,13.671,13.671,13.478,13.575,0,0
20110613,13.575,13.575,13.575,13.575,0,0
20110614,13.575,13.671,13.575,13.671,0,0
20110615,13.575,13.768,13.478,13.478,0,0
20110616,13.575,13.575,13.478,13.575,0,0
20110617,13.575,13.671,13.575,13.575,0,0
20110620,13.72,13.816,13.43,13.623,0,0
20110621,13.623,13.72,13.43,13.72,0,0
20110622,13.623,13.72,13.623,13.623,0,0
20110624,13.527,13.623,13.527,13.527,0,0
20110627,13.527,13.623,13.527,13.623,0,0
20110628,13.527,13.816,13.527,13.816,0,0
20110629,13.816,13.913,13.623,13.816,0,0
20110630,13.816,13.816,13.72,13.72,0,0
20110701,13.816,13.816,13.623,13.72,0,0
20110704,13.623,13.72,13.623,13.72,0,0
20110705,13.72,13.72,13.623,13.72,0,0
20110706,13.527,13.913,13.527,13.913,0,0
20110707,13.913,14.01,13.913,13.913,0,0
20110708,13.913,13.913,13.72,13.913,0,0
20110711,13.913,13.913,13.816,13.816,0,0
20110712,13.72,13.816,13.623,13.72,0,0
20110713,13.72,13.913,13.72,13.816,0,0
20110714,13.72,13.72,13.43,13.623,0,0
20110715,13.623,13.623,13.333,13.333,0,0
20110718,13.333,13.333,13.14,13.333,0,0
20110719,13.333,13.333,13.237,13.237,0,0
20110720,13.333,13.333,13.237,13.237,0,0
20110721,13.333,13.43,13.237,13.43,0,0
20110722,13.43,13.43,13.333,13.333,0,0
20110725,13.237,13.333,13.237,13.237,0,0
20110726,13.333,13.333,13.237,13.237,0,0
20110727,13.237,13.237,13.237,13.237,0,0
20110728,13.237,13.237,13.14,13.237,0,0
20110729,13.237,13.527,13.14,13.527,0,0
20110801,13.527,13.527,13.14,13.14,0,0
20110802,13.237,13.333,13.237,13.237,0,0
20110803,13.14,13.237,12.85,12.85,0,0
20110804,12.947,13.14,11.981,11.981,0,0
20110805,11.111,12.174,11.111,11.884,0,0
20110808,11.401,11.691,11.304,11.304,0,0
20110809,10.145,11.304,10.145,10.628,0,0
20110810,11.304,11.304,10.048,10.048,0,0
20110811,10.048,10.628,9.3719,10.628,0,0
20110812,10.725,10.918,10.628,10.918,0,0
20110816,10.918,11.014,10.531,10.918,0,0
20110817,10.821,11.691,10.725,11.691,0,0
20110818,11.401,11.401,10.628,10.628,0,0
20110819,10.338,11.014,10.338,10.435,0,0
20110822,10.531,10.821,10.531,10.628,0,0
20110823,10.821,11.111,10.821,11.014,0,0
20110824,11.014,11.111,11.014,11.014,0,0
20110825,11.111,11.111,11.014,11.111,0,0
20110826,11.111,11.111,10.918,10.918,0,0
20110829,11.014,11.208,10.918,11.208,0,0
20110830,11.304,11.594,11.208,11.401,0,0
20110831,11.594,12.077,11.498,12.077,0,0
20110901,11.884,12.077,11.401,11.691,0,0
20110902,11.884,11.884,11.014,11.111,0,0
20110905,11.111,11.111,10.628,10.628,0,0
20110906,10.725,10.918,10.725,10.821,0,0
20110907,10.918,11.208,10.821,11.111,0,0
20110908,11.111,11.304,11.111,11.208,0,0
20110909,10.918,10.918,10.628,10.725,0,0
20110912,10.628,10.628,10.242,10.338,0,0
20110913,10.338,10.435,10.145,10.338,0,0
20110914,10.338,10.338,10.242,10.338,0,0
20110915,10.338,11.111,10.338,10.628,0,0
20110916,10.821,10.821,10.628,10.725,0,0
20110919,10.821,10.821,10.435,10.628,0,0
20110920,10.725,10.918,10.628,10.821,0,0
20110921,10.821,11.111,10.628,10.628,0,0
20110922,10.628,10.628,10.338,10.338,0,0
20110923,10.242,10.338,10.242,10.338,0,0
20110926,10.338,10.821,10.338,10.821,0,0
20110927,11.111,11.111,10.821,11.111,0,0
20110928,11.014,11.208,11.014,11.111,0,0
20110929,11.014,11.498,11.014,11.208,0,0
20110930,11.111,11.304,11.014,11.208,0,0
20111003,11.208,11.208,10.821,11.208,0,0
20111004,10.725,10.918,10.628,10.918,0,0
20111005,10.918,10.918,10.725,10.725,0,0
20111006,10.725,10.821,10.725,10.725,0,0
20111007,10.821,10.821,10.628,10.725,0,0
20111010,10.628,10.821,10.531,10.725,0,0
20111011,10.725,10.821,10.628,10.725,0,0
20111012,10.821,10.918,10.821,10.918,0,0
20111013,11.014,11.111,10.918,11.014,0,0
20111014,11.111,11.111,10.918,10.918,0,0
20111017,11.014,11.014,10.918,11.014,0,0
20111018,10.918,10.918,10.821,10.821,0,0
20111019,10.821,11.014,10.821,10.918,0,0
20111020,10.821,10.918,10.821,10.821,0,0
20111021,10.821,11.014,10.821,11.014,0,0
20111024,11.111,11.208,11.014,11.014,0,0
20111025,11.014,11.208,11.014,11.111,0,0
20111026,11.111,11.304,11.111,11.208,0,0
20111027,11.304,11.884,11.304,11.884,0,0
20111028,11.981,11.981,11.884,11.884,0,0
20111031,11.787,11.884,11.691,11.691,0,0
20111102,11.304,11.594,11.208,11.594,0,0
20111103,11.691,11.691,11.594,11.594,0,0
20111104,11.498,11.691,11.498,11.691,0,0
20111107,11.691,11.691,11.401,11.594,0,0
20111108,11.691,11.787,11.691,11.691,0,0
20111109,11.691,11.787,11.691,11.691,0,0
20111110,11.594,11.884,11.401,11.401,0,0
20111114,11.594,11.884,11.594,11.884,0,0
20111115,11.691,11.981,11.594,11.594,0,0
20111116,11.401,11.401,11.111,11.208,0,0
20111117,11.498,11.594,11.111,11.304,0,0
20111118,11.498,11.498,10.918,11.401,0,0
20111121,11.498,11.498,11.014,11.111,0,0
20111122,11.111,11.304,11.014,11.014,0,0
20111123,11.014,11.014,10.435,10.435,0,0
20111124,10.628,10.628,9.952,10.145,0,0
20111125,10.145,10.531,10.048,10.531,0,0
20111128,10.435,10.725,10.435,10.628,0,0
20111129,10.725,10.725,10.628,10.628,0,0
20111130,10.628,11.208,10.242,11.208,0,0
20111201,11.208,11.304,11.208,11.304,0,0
20111202,11.208,11.304,11.111,11.111,0,0
20111205,11.304,11.594,11.014,11.304,0,0
20111206,11.208,11.401,11.014,11.014,0,0
20111207,11.208,11.208,11.014,11.111,0,0
20111208,11.208,11.208,11.014,11.111,0,0
20111209,11.014,11.208,10.725,11.208,0,0
20111212,11.111,11.111,10.918,11.014,0,0
20111213,11.014,11.208,10.821,10.821,0,0
20111214,10.918,11.111,10.725,11.111,0,0
20111215,10.725,11.111,10.725,10.918,0,0
20111216,10.918,11.111,10.918,10.918,0,0
20111219,10.821,10.918,10.531,10.531,0,0
20111220,10.338,10.918,10.338,10.918,0,0
20111221,10.918,11.594,10.725,11.594,0,0
20111222,11.401,11.594,11.208,11.304,0,0
20111223,11.304,11.498,11.111,11.498,0,0
20111227,11.498,11.498,11.111,11.304,0,0
20111228,11.304,11.401,11.304,11.401,0,0
20111229,11.401,11.498,11.208,11.401,0,0
20111230,11.304,11.594,11.208,11.498,0,0
20120102,11.594,11.594,11.304,11.594,0,0
20120103,11.594,11.691,11.498,11.691,0,0
20120104,11.594,11.691,11.594,11.691,0,0
20120105,11.691,11.691,11.401,11.401,0,0
20120109,11.401,11.401,11.111,11.304,0,0
20120110,11.304,11.401,11.304,11.401,0,0
20120111,11.401,11.401,11.111,11.208,0,0
20120112,11.111,11.401,11.111,11.304,0,0
20120113,11.401,11.498,11.304,11.401,0,0
20120116,11.304,11.498,11.304,11.401,0,0
20120117,11.304,11.594,11.304,11.594,0,0
20120118,11.594,11.787,11.594,11.787,0,0
20120119,11.884,11.884,11.691,11.691,0,0
20120120,11.787,11.787,11.691,11.691,0,0
20120123,11.787,11.787,11.691,11.787,0,0
20120124,11.787,11.884,11.498,11.498,0,0
20120125,11.691,11.691,11.498,11.594,0,0
20120126,11.691,12.077,11.594,11.981,0,0
20120127,11.981,12.174,11.981,12.077,0,0
20120130,12.077,12.174,11.884,11.884,0,0
20120131,11.981,12.27,11.884,12.077,0,0
20120201,12.27,12.27,12.174,12.174,0,0
20120202,12.27,12.27,11.981,12.077,0,0
20120203,12.077,12.27,11.884,12.174,0,0
20120206,12.174,12.464,12.174,12.367,0,0
20120207,12.367,12.464,12.174,12.367,0,0
20120208,12.367,12.464,12.27,12.367,0,0
20120209,12.367,12.367,12.077,12.077,0,0
20120210,11.787,12.174,11.787,12.174,0,0
20120213,12.174,12.174,12.077,12.174,0,0
20120214,12.174,12.27,12.077,12.27,0,0
20120215,12.464,12.56,12.27,12.464,0,0
20120216,12.464,12.464,12.174,12.174,0,0
20120217,12.27,12.464,12.27,12.464,0,0
20120220,12.56,12.657,12.464,12.56,0,0
20120221,12.56,12.657,12.464,12.464,0,0
20120222,12.56,12.56,12.174,12.464,0,0
20120223,12.464,12.464,12.27,12.27,0,0
20120224,12.174,12.56,12.174,12.464,0,0
20120227,12.464,12.464,12.174,12.174,0,0
20120228,12.27,12.464,12.174,12.464,0,0
20120229,12.464,12.464,12.174,12.464,0,0
20120301,12.464,12.464,12.174,12.464,0,0
20120302,12.27,12.56,12.27,12.56,0,0
20120305,12.367,12.56,12.27,12.56,0,0
20120306,12.56,12.657,12.367,12.657,0,0
20120307,12.657,12.657,12.367,12.464,0,0
20120308,12.657,12.657,12.464,12.657,0,0
20120309,12.56,12.657,12.464,12.657,0,0
20120312,12.657,12.657,12.56,12.56,0,0
20120313,12.56,12.754,12.56,12.657,0,0
20120314,12.657,12.947,12.56,12.657,0,0
20120315,12.657,12.85,12.657,12.85,0,0
20120316,12.85,12.947,12.657,12.85,0,0
20120319,12.85,13.043,12.754,12.754,0,0
20120320,12.85,13.043,12.657,12.85,0,0
20120321,13.043,13.043,12.85,12.947,0,0
20120322,12.85,12.85,12.464,12.657,0,0
20120323,12.657,12.754,12.464,12.754,0,0
20120326,12.85,12.85,12.657,12.754,0,0
20120327,12.754,12.947,12.754,12.85,0,0
20120328,12.85,12.85,12.657,12.754,0,0
20120329,12.657,12.85,12.657,12.754,0,0
20120330,12.56,12.754,12.56,12.657,0,0
20120402,12.754,12.754,12.56,12.56,0,0
20120403,12.657,12.657,12.27,12.27,0,0
20120404,12.27,12.367,11.981,12.174,0,0
20120405,12.27,12.27,11.981,11.981,0,0
20120410,11.787,11.787,11.498,11.691,0,0
20120411,11.691,11.691,11.401,11.401,0,0
20120412,11.401,11.498,11.401,11.498,0,0
20120413,11.594,11.981,11.594,11.787,0,0
20120416,11.787,11.981,11.787,11.787,0,0
20120417,11.787,11.884,11.787,11.787,0,0
20120418,11.691,11.787,11.594,11.594,0,0
20120419,11.787,12.077,11.594,12.077,0,0
20120420,11.981,11.981,11.594,11.691,0,0
20120423,11.594,11.594,11.304,11.401,0,0
20120424,11.401,11.498,11.401,11.401,0,0
20120425,11.498,11.594,11.304,11.498,0,0
20120426,11.594,11.594,11.401,11.594,0,0
20120427,11.691,11.691,11.498,11.498,0,0
20120430,11.594,11.594,11.401,11.594,0,0
20120502,11.498,11.594,11.401,11.401,0,0
20120504,11.691,12.077,11.401,11.401,0,0
20120507,11.401,11.498,11.401,11.401,0,0
20120508,11.498,11.594,11.401,11.401,0,0
20120509,11.498,11.594,11.401,11.401,0,0
20120510,11.498,11.498,10.725,10.725,0,0
20120511,10.628,10.918,10.628,10.918,0,0
20120514,10.918,10.918,10.725,10.725,0,0
20120515,10.725,10.821,10.725,10.725,0,0
20120516,10.725,10.725,10.531,10.531,0,0
20120517,10.531,10.531,10.338,10.531,0,0
20120518,10.242,10.531,10.242,10.435,0,0
20120521,10.242,10.531,10.242,10.531,0,0
20120522,10.531,10.531,10.242,10.338,0,0
20120523,10.338,10.338,10.048,10.338,0,0
20120524,10.242,10.242,10.145,10.242,0,0
20120525,10.435,10.435,10.338,10.338,0,0
20120528,10.435,10.435,10.242,10.435,0,0
20120529,10.145,10.435,10.145,10.435,0,0
20120530,10.435,10.435,10.242,10.242,0,0
20120531,10.242,10.435,10.048,10.338,0,0
20120601,10.435,10.435,10.242,10.338,0,0
20120604,10.338,10.338,9.662,10.048,0,0
20120605,9.662,10.048,9.565,9.952,0,0
20120606,9.952,9.952,9.855,9.952,0,0
20120608,9.952,10.048,9.952,10.048,0,0
20120611,10.145,10.145,9.855,10.048,0,0
20120612,10.048,10.242,9.952,10.145,0,0
20120613,10.048,10.338,10.048,10.338,0,0
20120614,10.338,10.338,10.242,10.338,0,0
20120615,10.338,10.435,10.338,10.435,0,0
20120618,10.435,10.435,10.338,10.435,0,0
20120619,10.338,10.435,10.338,10.435,0,0
20120620,10.531,10.531,10.338,10.338,0,0
20120621,10.435,10.435,10.048,10.145,0,0
20120622,10.145,10.338,10.145,10.338,0,0
20120625,10.338,10.435,10.338,10.338,0,0
20120626,10.338,10.531,10.338,10.531,0,0
20120627,10.628,10.725,10.628,10.725,0,0
20120628,10.725,10.821,10.531,10.821,0,0
20120629,10.821,11.111,10.821,10.918,0,0
20120702,11.208,11.208,10.725,10.725,0,0
20120703,10.918,10.918,10.628,10.821,0,0
20120704,10.821,10.821,10.628,10.725,0,0
20120705,10.821,10.821,10.628,10.628,0,0
20120706,10.725,10.725,10.435,10.531,0,0
20120709,10.628,10.725,10.531,10.725,0,0
20120710,10.725,10.725,10.531,10.628,0,0
20120711,10.628,10.628,10.338,10.338,0,0
20120712,10.531,10.531,9.855,9.952,0,0
20120713,10.435,10.435,9.855,10.048,0,0
20120716,10.048,10.338,10.048,10.242,0,0
20120717,10.435,10.435,10.145,10.338,0,0
20120718,10.435,10.435,10.145,10.242,0,0
20120719,10.435,10.531,10.242,10.338,0,0
20120720,10.531,10.531,10.242,10.338,0,0
20120723,10.531,10.531,10.048,10.242,0,0
20120724,10.531,10.531,10.242,10.242,0,0
20120725,10.338,10.338,10.048,10.048,0,0
20120726,10.145,10.242,9.855,10.048,0,0
20120727,10.145,10.338,10.048,10.338,0,0
20120730,10.242,10.338,10.242,10.242,0,0
20120731,10.242,10.338,10.145,10.242,0,0
20120801,10.338,10.435,10.145,10.435,0,0
20120802,10.435,10.435,10.145,10.145,0,0
20120803,10.435,10.435,9.952,10.145,0,0
20120806,10.242,10.435,9.952,9.952,0,0
20120807,10.145,10.145,9.855,9.855,0,0
20120808,10.145,10.242,10.048,10.242,0,0
20120809,10.338,10.725,10.242,10.531,0,0
20120810,10.435,10.725,10.435,10.531,0,0
20120813,10.531,11.787,10.435,11.787,0,0
20120814,11.884,11.981,11.691,11.981,0,0
20120816,11.884,12.077,11.884,11.981,0,0
20120817,11.981,11.981,11.787,11.787,0,0
20120820,11.691,11.884,11.691,11.691,0,0
20120821,11.981,11.981,11.691,11.787,0,0
20120822,11.884,11.981,11.691,11.787,0,0
20120823,11.884,11.884,11.594,11.787,0,0
20120824,11.884,11.884,11.594,11.884,0,0
20120827,11.884,11.981,11.787,11.981,0,0
20120828,11.884,12.077,11.884,11.981,0,0
20120829,12.077,12.174,11.981,11.981,0,0
20120830,12.077,12.174,11.884,12.077,0,0
20120831,12.27,12.27,11.884,12.27,0,0
20120903,12.367,12.367,12.077,12.077,0,0
20120904,12.174,12.27,11.884,12.077,0,0
20120905,12.077,12.077,11.981,12.077,0,0
20120906,12.174,12.174,12.077,12.077,0,0
20120907,12.174,12.174,12.077,12.077,0,0
20120910,12.174,12.174,12.077,12.077,0,0
20120911,12.077,12.077,11.981,11.981,0,0
20120912,12.174,12.174,11.884,12.174,0,0
20120913,12.27,12.27,12.077,12.077,0,0
20120914,12.27,12.56,12.174,12.27,0,0
20120917,12.56,12.56,12.27,12.367,0,0
20120918,12.464,12.464,12.174,12.464,0,0
20120919,12.464,12.464,12.27,12.367,0,0
20120920,12.367,12.367,12.174,12.367,0,0
20120921,12.464,12.464,12.174,12.174,0,0
20120924,12.27,12.27,12.077,12.077,0,0
20120925,12.077,12.174,11.884,12.174,0,0
20120926,12.174,12.174,11.981,12.174,0,0
20120927,12.174,12.27,11.981,12.27,0,0
20120928,12.27,12.27,12.077,12.077,0,0
20121001,12.174,12.174,11.981,12.077,0,0
20121002,12.077,12.174,12.077,12.174,0,0
20121003,12.174,12.174,12.077,12.077,0,0
20121004,12.077,12.27,12.077,12.077,0,0
20121005,12.174,12.367,11.981,12.27,0,0
20121008,12.367,12.367,12.174,12.27,0,0
20121009,12.367,12.367,12.174,12.174,0,0
20121010,12.27,12.27,12.174,12.27,0,0
20121011,12.27,12.367,12.174,12.27,0,0
20121012,12.367,12.367,12.174,12.27,0,0
20121015,12.27,12.27,12.077,12.174,0,0
20121016,12.27,12.27,12.174,12.27,0,0
20121017,12.367,12.464,12.27,12.464,0,0
20121018,12.56,12.85,12.464,12.85,0,0
20121019,12.85,12.85,12.56,12.56,0,0
20121022,12.657,12.754,12.464,12.56,0,0
20121023,12.27,12.754,12.27,12.56,0,0
20121024,12.56,12.56,12.367,12.367,0,0
20121025,12.464,12.56,12.367,12.367,0,0
20121026,12.657,12.657,12.27,12.367,0,0
20121029,12.27,12.464,12.27,12.367,0,0
20121030,12.464,12.56,12.27,12.464,0,0
20121031,12.56,12.56,12.367,12.56,0,0
20121102,12.657,12.657,12.464,12.464,0,0
20121105,12.56,12.657,12.464,12.56,0,0
20121106,12.56,12.56,12.464,12.464,0,0
20121107,12.56,12.56,12.27,12.367,0,0
20121108,12.367,12.367,12.077,12.077,0,0
20121109,12.077,12.367,11.981,12.367,0,0
20121112,12.56,12.56,12.367,12.367,0,0
20121113,12.464,12.56,12.367,12.367,0,0
20121114,12.464,12.464,12.27,12.367,0,0
20121115,12.464,12.464,12.174,12.367,0,0
20121116,12.464,12.464,12.367,12.367,0,0
20121119,12.56,12.754,12.367,12.56,0,0
20121120,12.56,12.754,12.56,12.657,0,0
20121121,12.754,12.754,12.56,12.657,0,0
20121122,12.657,12.657,12.56,12.56,0,0
20121123,12.56,12.657,12.464,12.657,0,0
20121126,12.754,12.947,12.657,12.85,0,0
20121127,12.947,13.237,12.947,13.14,0,0
20121128,13.237,13.237,12.85,13.043,0,0
20121129,13.237,13.237,13.043,13.237,0,0
20121130,13.333,13.333,13.043,13.043,0,0
20121203,13.043,13.14,12.947,13.14,0,0
20121204,13.237,13.237,13.043,13.043,0,0
20121205,13.14,13.14,12.947,13.043,0,0
20121206,13.333,13.43,13.043,13.237,0,0
20121207,13.333,13.333,13.14,13.237,0,0
20121210,13.237,13.333,13.14,13.237,0,0
20121211,13.237,13.237,13.14,13.237,0,0
20121212,13.237,13.527,13.237,13.237,0,0
20121213,13.527,13.527,13.14,13.237,0,0
20121214,12.947,13.43,12.947,13.237,0,0
20121217,13.43,13.43,13.237,13.237,0,0
20121218,13.43,13.43,13.14,13.237,0,0
20121219,13.43,13.43,13.14,13.237,0,0
20121220,13.43,13.527,13.237,13.333,0,0
20121221,13.72,13.816,13.333,13.333,0,0
20121227,13.623,13.623,13.333,13.43,0,0
20121228,13.527,13.527,13.333,13.333,0,0
20130102,13.237,13.237,13.14,13.14,0,0
20130103,13.14,13.237,13.043,13.237,0,0
20130104,13.237,13.237,12.947,12.947,0,0
20130107,12.947,13.14,12.754,13.043,0,0
20130108,13.043,13.237,13.043,13.14,0,0
20130109,13.043,13.237,12.947,13.237,0,0
20130110,13.237,13.237,12.947,13.043,0,0
20130111,13.043,13.043,12.947,12.947,0,0
20130114,12.947,13.043,12.947,12.947,0,0
20130115,13.043,13.237,12.947,13.043,0,0
20130116,13.043,13.043,12.947,12.947,0,0
20130117,13.043,13.043,12.947,12.947,0,0
20130118,12.947,12.947,12.947,12.947,0,0
20130121,13.043,13.043,12.947,12.947,0,0
20130122,13.043,13.043,12.947,12.947,0,0
20130123,12.947,13.043,12.657,12.947,0,0
20130124,12.947,13.043,12.85,13.043,0,0
20130125,13.14,13.14,12.947,12.947,0,0
20130128,12.947,12.947,12.85,12.947,0,0
20130129,12.947,12.947,12.947,12.947,0,0
20130130,12.947,13.14,12.85,12.85,0,0
20130131,12.85,13.043,12.657,13.043,0,0
20130201,13.237,13.237,12.754,12.754,0,0
20130204,13.043,13.14,12.657,13.14,0,0
20130205,13.14,13.14,12.85,13.043,0,0
20130206,13.14,13.14,12.754,13.043,0,0
20130207,13.043,13.43,12.947,13.333,0,0
20130208,13.14,13.237,13.14,13.237,0,0
20130211,13.14,13.333,12.947,12.947,0,0
20130212,13.043,13.043,12.85,13.043,0,0
20130213,13.14,13.14,12.947,12.947,0,0
20130214,12.947,12.947,12.657,12.947,0,0
20130215,13.043,13.237,12.947,13.237,0,0
20130218,13.43,13.43,13.043,13.14,0,0
20130219,13.333,13.333,12.754,12.754,0,0
20130220,13.14,13.14,12.56,13.14,0,0
20130221,13.043,13.043,12.85,13.043,0,0
20130222,13.043,13.14,12.947,12.947,0,0
20130225,13.043,13.14,12.947,13.14,0,0
20130226,13.14,13.14,13.043,13.14,0,0
20130227,13.14,13.237,13.043,13.14,0,0
20130228,13.333,13.527,13.333,13.527,0,0
20130301,13.527,13.527,13.333,13.333,0,0
20130304,13.43,13.43,13.237,13.237,0,0
20130305,13.43,13.527,13.333,13.43,0,0
20130306,13.527,13.623,13.43,13.43,0,0
20130307,13.527,13.623,13.333,13.527,0,0
20130308,13.623,13.913,13.527,13.913,0,0
20130311,14.106,14.203,14.106,14.203,0,0
20130312,14.106,14.203,13.913,14.01,0,0
20130313,14.01,14.106,13.913,14.01,0,0
20130314,14.106,14.106,13.816,13.816,0,0
20130315,14.01,14.106,13.527,13.623,0,0
20130318,13.72,13.72,13.43,13.72,0,0
20130319,13.72,13.816,13.527,13.623,0,0
20130320,13.913,13.913,13.623,13.816,0,0
20130321,13.913,13.913,13.527,13.72,0,0
20130322,13.816,13.816,13.527,13.527,0,0
20130325,13.72,13.72,13.237,13.43,0,0
20130326,13.527,13.72,13.237,13.527,0,0
20130327,13.333,13.623,13.237,13.527,0,0
20130328,13.333,13.72,13.14,13.72,0,0
20130402,14.01,14.01,13.623,13.72,0,0
20130403,13.72,13.72,13.43,13.623,0,0
20130404,13.72,13.72,13.527,13.623,0,0
20130405,13.623,13.623,13.527,13.623,0,0
20130408,13.72,14.01,13.623,13.816,0,0
20130409,13.816,13.816,13.623,13.72,0,0
20130410,13.816,13.816,13.72,13.72,0,0
20130411,13.816,13.913,13.816,13.816,0,0
20130412,13.816,13.913,13.72,13.72,0,0
20130415,13.72,13.72,12.947,12.947,0,0
20130417,13.237,13.72,13.237,13.72,0,0
20130418,13.527,13.72,13.43,13.43,0,0
20130419,13.72,13.72,13.43,13.72,0,0
20130422,13.816,13.816,13.527,13.623,0,0
20130423,13.72,13.72,13.43,13.623,0,0
20130424,13.72,13.72,13.333,13.333,0,0
20130425,13.43,13.527,12.947,13.237,0,0
20130426,13.237,13.623,13.237,13.623,0,0
20130429,13.623,13.72,13.43,13.527,0,0
20130430,13.816,13.816,13.527,13.527,0,0
20130502,13.72,13.72,13.43,13.527,0,0
20130506,13.72,13.72,13.43,13.527,0,0
20130507,13.527,13.623,13.527,13.527,0,0
20130508,13.527,13.72,13.527,13.623,0,0
20130509,13.72,14.106,13.72,14.106,0,0
20130510,13.913,14.106,13.913,13.913,0,0
20130513,13.913,14.01,13.913,14.01,0,0
20130514,14.106,14.396,13.816,14.396,0,0
20130515,14.299,14.299,14.01,14.01,0,0
20130516,14.106,14.106,14.01,14.01,0,0
20130517,13.913,14.01,13.913,13.913,0,0
20130520,14.01,14.01,13.913,14.01,0,0
20130521,13.913,14.01,13.816,13.913,0,0
20130522,13.72,13.816,13.72,13.816,0,0
20130523,13.816,14.203,13.623,14.203,0,0
20130524,14.106,14.106,13.816,14.01,0,0
20130527,13.913,14.493,13.913,14.493,0,0
20130528,14.396,14.493,14.396,14.396,0,0
20130529,14.299,14.299,14.01,14.01,0,0
20130531,14.106,14.396,14.01,14.396,0,0
20130603,14.396,14.396,14.203,14.396,0,0
20130604,14.396,14.493,14.299,14.396,0,0
20130605,14.299,14.686,14.299,14.686,0,0
20130606,14.686,14.686,14.589,14.686,0,0
20130607,14.783,14.879,14.783,14.879,0,0
20130610,14.976,15.169,14.783,15.072,0,0
20130611,15.072,15.169,15.072,15.169,0,0
20130612,15.169,15.266,15.072,15.266,0,0
20130613,15.266,15.266,15.072,15.169,0,0
20130614,15.169,15.266,15.169,15.169,0,0
20130617,15.266,15.652,15.169,15.555,0,0
20130618,15.362,15.652,15.362,15.459,0,0
20130619,15.459,15.555,15.362,15.459,0,0
20130620,15.459,15.459,15.169,15.266,0,0
20130621,15.362,15.362,14.396,15.266,0,0
20130624,15.459,15.459,14.493,14.493,0,0
20130625,14.493,14.783,14.493,14.589,0,0
20130626,14.493,14.589,14.01,14.299,0,0
20130627,14.299,14.493,13.72,13.816,0,0
20130628,13.913,14.493,13.913,14.493,0,0
20130701,14.493,14.493,14.396,14.493,0,0
20130702,14.686,14.686,14.589,14.589,0,0
20130703,14.589,14.589,14.106,14.106,0,0
20130704,14.106,14.299,14.106,14.299,0,0
20130705,14.396,14.493,14.299,14.299,0,0
20130708,14.493,14.589,14.203,14.203,0,0
20130709,14.493,14.493,14.203,14.203,0,0
20130710,14.493,14.686,14.299,14.589,0,0
20130711,14.783,14.783,14.299,14.493,0,0
20130712,14.686,14.686,14.396,14.493,0,0
20130715,14.493,14.493,14.299,14.493,0,0
20130716,14.396,14.686,14.396,14.686,0,0
20130717,14.686,14.783,14.686,14.783,0,0
20130718,14.783,15.169,14.783,14.976,0,0
20130719,14.879,14.976,14.879,14.976,0,0
20130722,15.072,15.072,14.783,14.879,0,0
20130723,14.976,15.072,14.686,14.976,0,0
20130724,15.072,15.072,14.783,14.879,0,0
20130725,14.783,14.976,14.783,14.976,0,0
20130726,14.976,15.072,14.879,14.976,0,0
20130729,14.976,15.072,14.879,14.976,0,0
20130730,14.976,15.072,14.976,15.072,0,0
20130731,15.169,15.169,15.072,15.169,0,0
20130801,15.169,15.555,14.976,14.976,0,0
20130802,15.362,15.652,15.362,15.652,0,0
20130805,15.652,15.652,15.555,15.652,0,0
20130806,15.652,15.845,15.652,15.652,0,0
20130807,15.749,16.715,15.652,16.522,0,0
20130808,16.522,17.295,16.328,16.908,0,0
20130809,17.101,17.295,16.135,16.135,0,0
20130812,16.135,16.135,15.845,16.039,0,0
20130813,15.942,16.425,15.845,16.328,0,0
20130814,16.522,16.812,16.328,16.715,0,0
20130816,16.908,16.908,16.715,16.812,0,0
20130819,16.908,16.908,16.618,16.715,0,0
20130820,16.522,16.522,16.328,16.328,0,0
20130821,16.328,16.328,16.039,16.039,0,0
20130822,16.039,16.135,15.942,16.039,0,0
20130823,16.135,16.425,16.135,16.135,0,0
20130826,16.232,16.232,16.039,16.039,0,0
20130827,16.039,16.039,15.845,16.039,0,0
20130828,15.942,16.039,15.266,15.266,0,0
20130829,15.266,15.555,15.169,15.459,0,0
20130830,15.555,15.555,15.362,15.362,0,0
20130902,15.555,15.749,15.459,15.652,0,0
20130903,15.652,16.039,15.652,15.652,0,0
20130904,16.039,16.039,15.169,15.169,0,0
20130905,14.976,14.976,13.43,13.72,0,0
20130906,13.913,14.589,13.913,14.493,0,0
20130909,14.686,15.266,14.396,15.169,0,0
20130910,15.266,15.459,14.879,14.976,0,0
20130911,15.072,15.362,14.783,15.266,0,0
20130912,15.169,15.459,15.169,15.362,0,0
20130913,15.362,15.362,15.266,15.266,0,0
20130916,15.362,15.362,15.169,15.169,0,0
20130917,15.362,15.555,14.976,15.266,0,0
20130918,15.266,15.266,14.976,15.169,0,0
20130919,15.362,15.652,15.362,15.459,0,0
20130920,15.555,15.555,15.266,15.266,0,0
20130923,15.266,15.459,15.266,15.362,0,0
20130924,15.362,15.652,15.362,15.652,0,0
20130925,15.749,15.749,15.652,15.749,0,0
20130926,15.749,16.522,15.749,16.328,0,0
20130927,16.328,16.425,16.232,16.232,0,0
20130930,16.618,16.618,15.845,16.232,0,0
20131001,15.845,16.328,15.845,16.232,0,0
20131002,16.232,16.232,16.039,16.135,0,0
20131003,16.232,16.522,16.135,16.328,0,0
20131004,16.425,16.425,16.039,16.039,0,0
20131007,16.039,16.039,15.652,15.749,0,0
20131008,15.652,15.749,15.555,15.555,0,0
20131009,15.555,15.749,15.555,15.555,0,0
20131010,15.555,15.845,15.555,15.845,0,0
20131011,15.845,16.135,15.845,15.942,0,0
20131014,15.942,17.005,15.942,16.715,0,0
20131015,16.812,17.584,16.812,17.488,0,0
20131016,17.488,17.488,16.908,17.295,0,0
20131017,17.488,17.488,17.198,17.391,0,0
20131018,17.391,17.391,16.618,17.198,0,0
20131021,17.198,17.874,17.198,17.488,0,0
20131022,17.488,17.681,17.391,17.488,0,0
20131023,17.681,17.778,17.391,17.584,0,0
20131024,17.295,17.681,17.295,17.584,0,0
20131025,17.584,17.681,17.101,17.101,0,0
20131028,17.198,17.488,17.101,17.198,0,0
20131029,17.101,17.391,17.005,17.005,0,0
20131030,16.908,17.101,16.522,16.522,0,0
20131031,16.908,16.908,16.039,16.328,0,0
20131104,16.425,16.618,15.749,16.232,0,0
20131105,16.618,16.715,16.425,16.522,0,0
20131106,16.812,17.101,16.812,17.101,0,0
20131107,17.101,17.391,17.101,17.295,0,0
20131108,17.295,17.295,16.618,17.005,0,0
20131112,17.005,17.295,16.812,16.812,0,0
20131113,16.908,16.908,16.232,16.618,0,0
20131114,16.618,17.005,16.232,16.232,0,0
20131115,16.425,16.425,16.232,16.425,0,0
20131118,16.522,17.101,16.522,17.101,0,0
20131119,17.101,17.101,16.618,16.715,0,0
20131120,16.715,16.908,16.522,16.715,0,0
20131121,16.715,16.812,16.618,16.618,0,0
20131122,16.618,16.908,16.618,16.812,0,0
20131125,16.908,17.198,16.812,17.005,0,0
20131126,17.101,17.101,17.005,17.101,0,0
20131127,17.101,17.101,16.618,16.908,0,0
20131128,16.908,16.908,16.618,16.618,0,0
20131129,16.812,17.005,16.618,17.005,0,0
20131202,17.005,17.005,16.715,16.908,0,0
20131203,16.812,16.812,16.328,16.328,0,0
20131204,16.328,16.618,15.942,15.942,0,0
20131205,15.942,16.135,15.942,16.039,0,0
20131206,16.232,16.425,16.232,16.328,0,0
20131209,16.425,16.618,16.425,16.618,0,0
20131210,16.618,16.618,16.232,16.232,0,0
20131211,16.135,16.522,16.135,16.328,0,0
20131212,16.135,16.328,15.749,15.749,0,0
20131213,16.039,16.039,15.459,15.459,0,0
20131216,15.362,15.845,15.362,15.362,0,0
20131217,15.652,15.652,14.879,14.879,0,0
20131218,14.783,15.555,14.396,15.459,0,0
20131219,15.845,16.039,15.459,15.652,0,0
20131220,15.845,16.135,15.652,16.039,0,0
20131223,16.232,16.232,15.942,16.039,0,0
20131227,16.039,16.232,15.652,15.652,0,0
20131230,15.845,16.232,15.652,15.845,0,0
20140102,15.749,16.232,15.749,16.135,0,0
20140103,16.135,16.135,16.039,16.039,0,0
20140107,16.135,16.135,15.459,15.459,0,0
20140108,15.459,15.749,15.266,15.459,0,0
20140109,15.362,15.362,14.976,15.072,0,0
20140110,15.072,15.169,14.783,15.072,0,0
20140113,15.072,15.555,15.072,15.362,0,0
20140114,15.362,15.459,15.169,15.266,0,0
20140115,15.555,16.135,15.555,16.039,0,0
20140116,16.039,16.039,15.749,15.942,0,0
20140117,16.135,16.135,15.652,15.652,0,0
20140120,15.845,15.942,15.749,15.942,0,0
20140121,15.942,16.232,15.845,16.135,0,0
20140122,16.232,16.425,16.135,16.425,0,0
20140123,16.425,17.005,16.425,16.715,0,0
20140124,16.908,16.908,16.425,16.425,0,0
20140127,16.232,16.425,15.555,16.425,0,0
20140128,16.425,17.198,16.425,16.715,0,0
20140129,16.618,16.715,16.232,16.425,0,0
20140130,16.522,16.522,16.135,16.425,0,0
20140131,16.328,16.715,16.328,16.715,0,0
20140203,16.715,16.812,16.425,16.715,0,0
20140204,16.618,16.715,16.522,16.715,0,0
20140205,16.425,17.295,16.425,17.198,0,0
20140206,17.295,18.164,17.198,17.971,0,0
20140207,17.971,18.357,17.971,18.164,0,0
20140210,18.164,18.647,18.164,18.647,0,0
20140211,18.647,18.841,18.551,18.841,0,0
20140212,19.034,19.034,18.744,18.841,0,0
20140213,18.841,243.77,18.551,243.77,0,0
20140214,242.99,246.96,17.584,17.584,0,0
20140217,17.584,17.681,17.584,17.584,0,0
20140218,17.584,17.584,17.295,17.391,0,0
20140219,17.101,17.488,16.812,17.005,0,0
20140220,16.908,17.101,16.812,17.101,0,0
20140221,17.101,17.295,17.101,17.295,0,0
20140224,17.198,17.681,17.198,17.681,0,0
20140225,17.778,17.778,17.391,17.391,0,0
20140226,17.391,17.488,17.198,17.391,0,0
20140227,17.488,17.488,17.198,17.198,0,0
20140228,17.295,17.584,16.908,17.295,0,0
20140303,16.618,17.101,16.425,16.425,0,0
20140304,16.425,16.908,16.425,16.715,0,0
20140305,16.812,17.005,16.618,16.812,0,0
20140306,16.908,17.101,16.812,17.005,0,0
20140307,16.812,17.295,16.812,16.908,0,0
20140310,16.715,17.005,16.618,16.618,0,0
20140311,16.618,16.908,16.618,16.908,0,0
20140312,16.715,17.005,16.135,16.425,0,0
20140313,16.039,16.425,15.652,15.652,0,0
20140314,15.652,15.942,15.362,15.845,0,0
20140317,16.715,17.101,16.328,16.812,0,0
20140318,17.198,17.198,16.812,17.005,0,0
20140319,17.101,17.295,16.715,17.005,0,0
20140320,17.005,17.295,16.715,17.295,0,0
20140321,17.391,17.584,17.101,17.101,0,0
20140324,17.198,17.584,16.908,17.488,0,0
20140325,17.488,17.488,17.101,17.488,0,0
20140326,17.391,17.584,17.391,17.488,0,0
20140327,17.584,17.778,17.295,17.681,0,0
20140328,17.391,17.584,17.391,17.488,0,0
20140331,17.488,17.488,17.295,17.295,0,0
20140401,17.295,17.778,17.295,17.681,0,0
20140402,17.874,17.874,17.584,17.584,0,0
20140403,17.874,17.874,17.391,17.391,0,0
20140404,17.391,17.584,17.391,17.391,0,0
20140407,17.584,17.584,17.101,17.391,0,0
20140408,17.584,17.874,17.391,17.874,0,0
20140409,17.778,17.874,17.681,17.681,0,0
20140410,17.874,17.874,17.584,17.584,0,0
20140411,17.488,17.488,17.198,17.391,0,0
20140414,17.488,17.488,17.005,17.005,0,0
20140415,17.101,17.101,16.715,16.715,0,0
20140416,16.425,16.812,16.425,16.522,0,0
20140417,16.522,16.908,16.522,16.908,0,0
20140422,17.198,17.198,16.812,16.908,0,0
20140423,17.101,17.101,17.005,17.005,0,0
20140424,17.005,17.101,16.812,17.101,0,0
20140425,16.908,17.681,16.908,17.101,0,0
20140428,16.908,17.488,16.522,17.488,0,0
20140429,17.198,17.391,16.908,17.005,0,0
20140430,17.101,17.778,17.005,17.778,0,0
20140502,17.391,17.778,17.295,17.295,0,0
20140505,17.391,17.681,17.295,17.295,0,0
20140506,17.391,17.391,16.908,16.908,0,0
20140507,17.005,17.101,16.715,16.812,0,0
20140508,16.812,17.198,16.812,17.198,0,0
20140509,17.295,17.295,16.812,17.101,0,0
20140512,17.1,17.7,17.1,17.6,0,0
20140513,17.6,17.8,17.5,17.5,0,0
20140514,17.6,17.6,17.4,17.6,0,0
20140515,17.5,17.6,17.1,17.1,0,0
20140516,17.1,17.3,16.6,16.9,0,0
20140519,16.9,16.9,16.5,16.5,0,0
20140520,16.5,17.6,16.5,17.4,0,0
20140521,17.3,17.7,17.3,17.6,0,0
20140522,17.6,17.7,17.2,17.5,0,0
20140523,17.6,17.8,17.4,17.8,0,0
20140526,17.9,18.2,17.8,18.2,0,0
20140527,18.1,18.2,17.7,18,0,0
20140528,17.9,17.9,17.7,17.7,0,0
20140529,17.8,18,17.7,17.8,0,0
20140530,17.9,18,17.8,17.9,0,0
20140602,17.9,18,17.9,17.9,0,0
20140603,17.9,18.3,17.9,18.2,0,0
20140604,18.2,18.3,18,18.2,0,0
20140605,18.2,18.2,18.1,18.1,0,0
20140606,18.1,18.3,18,18.3,0,0
20140609,18.3,18.4,18.3,18.3,0,0
20140610,18.2,18.2,18.2,18.2,0,0
20140611,18.1,18.1,17.8,17.9,0,0
20140612,17.9,17.9,17.6,17.8,0,0
20140613,17.7,17.8,17.7,17.7,0,0
20140616,17.6,17.8,17.4,17.7,0,0
20140617,17.3,18.1,17.3,18,0,0
20140618,17.9,18.1,17.6,17.8,0,0
20140620,17.9,18.1,17.9,18,0,0
20140623,18.1,18.1,18,18,0,0
20140624,18,18.1,17.9,18.1,0,0
20140625,18.1,18.1,17.6,17.7,0,0
20140626,18.1,18.1,17.6,17.6,0,0
20140627,17.6,18.1,17.6,17.9,0,0
20140630,17.9,18.1,17.9,18,0,0
20140701,17.9,18,17.7,17.7,0,0
20140702,17.7,18,17.4,17.4,0,0
20140703,17.5,17.8,17.4,17.6,0,0
20140704,17.7,17.7,17.5,17.7,0,0
20140707,17.9,17.9,17.6,17.7,0,0
20140708,17.7,17.9,17.4,17.4,0,0
20140709,17.6,17.7,17.1,17.4,0,0
20140710,17.5,17.6,17.1,17.1,0,0
20140711,17.4,17.6,17.2,17.5,0,0
20140714,17.5,18,17.5,18,0,0
20140715,18,18,17.6,18,0,0
20140716,17.9,17.9,17.7,17.8,0,0
20140717,17.7,17.9,17.6,17.7,0,0
20140718,17.6,17.8,17.5,17.5,0,0
20140721,17.5,17.6,17.5,17.5,0,0
20140722,17.5,17.7,17.5,17.5,0,0
20140723,17.5,17.8,17.4,17.6,0,0
20140724,17.5,17.7,17.5,17.6,0,0
20140725,17.7,17.7,17.7,17.7,0,0
20140728,17.6,17.8,17.6,17.8,0,0
20140729,17.9,17.9,17.7,17.8,0,0
20140730,17.8,17.8,17.6,17.8,0,0
20140731,17.7,17.8,17.7,17.8,0,0
20140801,17.9,17.9,17.3,17.8,0,0
20140804,17.7,17.8,17.7,17.8,0,0
20140805,17.9,17.9,17.3,17.4,0,0
20140806,17.7,17.9,16.2,16.2,0,0
20140807,16.5,16.6,16.1,16.6,0,0
20140808,16.3,16.6,16.1,16.3,0,0
20140811,16.2,16.5,16.2,16.5,0,0
20140812,16.5,16.6,15.9,16.6,0,0
20140813,16.4,16.7,16.4,16.7,0,0
20140814,16.7,16.8,16.5,16.8,0,0
20140818,16.8,16.9,16.6,16.9,0,0
20140819,16.9,17,16.6,16.9,0,0
20140820,16.8,17,16.8,17,0,0
20140821,17,17.1,17,17.1,0,0
20140822,17.1,17.1,17,17.1,0,0
20140825,17.1,17.3,17.1,17.2,0,0
20140826,17.2,17.2,17.1,17.2,0,0
20140827,17.3,17.3,17.2,17.2,0,0
20140828,17.1,17.2,17.1,17.2,0,0
20140829,17.1,17.4,17.1,17.3,0,0
20140901,17.3,17.4,17.1,17.4,0,0
20140902,17.4,17.4,17.2,17.2,0,0
20140903,17.3,17.5,17.3,17.4,0,0
20140904,17.5,17.7,17.5,17.7,0,0
20140905,17.7,17.7,17.6,17.6,0,0
20140908,17.6,18.2,17.4,18.2,0,0
20140909,18,18.1,17.9,18,0,0
20140910,17.8,17.9,17.8,17.9,0,0
20140911,17.8,18.1,17.8,18,0,0
20140912,18,18.2,17.9,18,0,0
20140915,18.1,18.7,18.1,18.5,0,0
20140916,18.5,18.9,18.5,18.7,0,0
20140917,18.7,19.1,18.7,19,0,0
20140918,19.1,19.1,18.8,18.9,0,0
20140919,19,19.1,18.9,19,0,0
20140922,19.1,19.1,18.9,19,0,0
20140923,19,19,18.5,18.9,0,0
20140924,18.8,19.2,18.7,18.8,0,0
20140925,19,19,18.7,18.9,0,0
20140926,18.7,18.9,18.3,18.6,0,0
20140929,18.6,19,18.6,18.8,0,0
20140930,19,19,18.7,18.8,0,0
20141001,18.9,18.9,18.3,18.7,0,0
20141002,18.7,18.7,18.1,18.1,0,0
20141003,18.2,18.2,17.8,18,0,0
20141006,18,18.4,18,18.3,0,0
20141007,18.3,18.4,18.2,18.3,0,0
20141008,18.3,18.5,18,18.3,0,0
20141009,18.5,18.8,18.1,18.5,0,0
20141010,18.5,18.5,17.9,18.2,0,0
20141013,18,18.3,18,18.2,0,0
20141014,18.2,18.2,17.9,18.2,0,0
20141015,18.2,18.2,17.8,17.8,0,0
20141016,17.9,17.9,17.5,17.6,0,0
20141017,17.5,18.1,17.5,18.1,0,0
20141020,18.1,18.1,17.8,18.1,0,0
20141021,18.1,18.2,17.9,18,0,0
20141022,18,18.1,17.9,18.1,0,0
20141023,18.2,18.2,17.9,18,0,0
20141024,18,18.1,18,18,0,0
20141027,18.1,18.1,17.9,18.1,0,0
20141028,18.2,18.2,18,18.1,0,0
20141029,18.1,18.2,17.8,18.1,0,0
20141030,18,18.2,17.6,17.6,0,0
20141031,17.6,17.9,17.6,17.8,0,0
20141103,17.6,18,17.6,17.6,0,0
20141104,17.5,17.8,17.5,17.8,0,0
20141105,17.7,18,17.4,17.4,0,0
20141106,17.6,17.9,17.6,17.8,0,0
20141107,17.7,17.8,17.6,17.7,0,0
20141110,17.8,18,17.7,17.8,0,0
20141112,17.9,18.4,17.8,18.1,0,0
20141113,18,18.1,17.8,17.9,0,0
20141114,18,18,17.7,17.8,0,0
20141117,17.8,17.8,17.6,17.7,0,0
20141118,17.7,17.9,17.4,17.5,0,0
20141119,17.5,17.6,17.3,17.6,0,0
20141120,17.5,17.5,17.4,17.4,0,0
20141121,17.5,17.6,17.4,17.5,0,0
20141124,17.5,17.7,17.5,17.7,0,0
20141125,17.8,17.8,17.6,17.8,0,0
20141126,17.8,17.9,17.6,17.7,0,0
20141127,17.6,18.2,17.6,18.2,0,0
20141128,18.2,18.2,17.6,17.6,0,0
20141201,17.7,17.9,17.7,17.8,0,0
20141202,17.8,18.1,17.8,18,0,0
20141203,18.1,18.5,18.1,18.3,0,0
20141204,18.3,18.5,18,18.5,0,0
20141205,18.5,18.5,18.1,18.1,0,0
20141208,18.1,18.2,17.8,18,0,0
20141209,18,18.1,17.8,17.9,0,0
20141210,17.9,18.1,17.8,17.8,0,0
20141211,17.6,17.9,17.4,17.4,0,0
20141212,17.8,17.8,17.1,17.5,0,0
20141215,17.5,17.7,17.5,17.7,0,0
20141216,17.7,17.7,17.1,17.2,0,0
20141217,17,17.4,16.9,17.1,0,0
20141218,17.1,17.3,17,17.1,0,0
20141219,17.1,17.1,16.7,16.7,0,0
20141222,17,17.2,16.8,17.1,0,0
20141223,17,17.2,17,17.2,0,0
20141229,17.3,17.4,16.8,17.2,0,0
20141230,17.5,17.5,17.1,17.2,0,0
