Date,Open,High,Low,Close,Volume,OpenInt
20070813,9637.64,9637.64,9637.64,9637.64,0,0
20070814,9915.75,9915.75,9915.75,9915.75,0,0
20070816,9649.7,9649.7,9649.7,9649.7,0,0
20070817,10278.55,10278.55,10278.55,10278.55,0,0
20070820,10465.99,10465.99,10465.99,10465.99,0,0
20070821,10459.91,10459.91,10459.91,10459.91,0,0
20070822,11179.44,11179.44,11179.44,11179.44,0,0
20070823,11245.91,11245.91,11245.91,11245.91,0,0
20070824,11306.39,11306.39,11306.39,11306.39,0,0
20070827,11294.24,11294.24,11294.24,11294.24,0,0
20070828,11245.91,11245.91,11245.91,11245.91,0,0
20070829,11004.06,11004.06,11004.06,11004.06,0,0
20070830,10883.1,10883.1,10883.1,10883.1,0,0
20070831,11100.83,11100.83,11100.83,11100.83,0,0
20070903,11100.83,11100.83,11100.83,11100.83,0,0
20070904,11064.56,11064.56,11064.56,11064.56,0,0
20070905,11064.56,11064.56,11064.56,11064.56,0,0
20070906,11052.4,11052.4,11052.4,11052.4,0,0
20070907,11028.28,11028.28,11028.28,11028.28,0,0
20070910,10967.79,10967.79,10967.79,10967.79,0,0
20070911,10871.04,10871.04,10871.04,10871.04,0,0
20070912,10592.94,10592.94,10592.94,10592.94,0,0
20070913,10399.43,10399.43,10399.43,10399.43,0,0
20070914,10369.24,10369.24,10369.24,10369.24,0,0
20070917,10653.42,10653.42,10653.42,10653.42,0,0
20070918,10713.8,10713.8,10713.8,10713.8,0,0
20070919,10864.96,10864.96,10864.96,10864.96,0,0
20070920,11064.56,11064.56,11064.56,11064.56,0,0
20070921,11124.94,11124.94,11124.94,11124.94,0,0
20070924,11064.56,11064.56,11064.56,11064.56,0,0
20070925,11124.94,11124.94,11124.94,11124.94,0,0
20070926,11124.94,11124.94,11124.94,11124.94,0,0
20070927,11004.06,11004.06,11004.06,11004.06,0,0
20070928,11004.06,11004.06,11004.06,11004.06,0,0
20071001,11118.96,11118.96,11118.96,11118.96,0,0
20071002,11118.96,11118.96,11118.96,11118.96,0,0
20071003,10919.37,10919.37,10919.37,10919.37,0,0
20071004,10762.23,10762.23,10762.23,10762.23,0,0
20071005,10508.24,10508.24,10508.24,10508.24,0,0
20071008,10574.8,10574.8,10574.8,10574.8,0,0
20071009,10641.26,10641.26,10641.26,10641.26,0,0
20071010,10713.8,10713.8,10713.8,10713.8,0,0
20071011,10846.83,10846.83,10846.83,10846.83,0,0
20071012,10792.42,10792.42,10792.42,10792.42,0,0
20071015,10798.5,10798.5,10798.5,10798.5,0,0
20071016,10810.56,10810.56,10810.56,10810.56,0,0
20071017,10871.04,10871.04,10871.04,10871.04,0,0
20071018,10762.23,10762.23,10762.23,10762.23,0,0
20071019,10871.04,10871.04,10871.04,10871.04,0,0
20071022,10580.78,10580.78,10580.78,10580.78,0,0
20071023,10762.23,10762.23,10762.23,10762.23,0,0
20071024,10744.09,10744.09,10744.09,10744.09,0,0
20071025,10762.23,10762.23,10762.23,10762.23,0,0
20071026,10738.02,10738.02,10738.02,10738.02,0,0
20071029,10762.23,10762.23,10762.23,10762.23,0,0
20071030,10641.26,10641.26,10641.26,10641.26,0,0
20071031,10701.75,10701.75,10701.75,10701.75,0,0
20071102,10459.91,10459.91,10459.91,10459.91,0,0
20071105,10284.54,10284.54,10284.54,10284.54,0,0
20071106,10459.91,10459.91,10459.91,10459.91,0,0
20071107,10447.85,10447.85,10447.85,10447.85,0,0
20071108,10447.85,10447.85,10447.85,10447.85,0,0
20071109,10103.18,10345.02,10048.77,10133.37,0,0
20071112,10036.72,10133.37,9710.18,10133.37,0,0
20071113,10036.72,10121.31,9939.96,9964.08,0,0
20071114,10036.72,10036.72,9927.81,9939.96,0,0
20071115,9939.96,9976.23,9492.5,9782.73,0,0
20071116,9939.96,9964.08,9317.17,9782.73,0,0
20071119,10042.7,10042.7,9589.22,9673.91,0,0
20071120,9214.38,9214.38,9214.38,9214.38,0,0
20071121,9286.94,9311.12,8899.99,8899.99,0,0
20071122,8996.73,9432.04,8996.73,9432.04,0,0
20071123,9432.04,9673.91,9365.54,9667.84,0,0
20071126,9432.04,9613.43,9432.04,9601.36,0,0
20071127,9432.04,9432.04,9317.17,9432.04,0,0
20071128,9492.5,9673.91,9292.98,9673.91,0,0
20071129,9679.9,9915.75,9679.9,9679.99,0,0
20071130,9794.78,10157.58,9734.4,10157.58,0,0
20071203,10157.58,10169.64,9915.75,10012.5,0,0
20071204,9879.48,10012.5,9758.51,10012.5,0,0
20071205,9819,10701.75,9819,10701.75,0,0
20071206,10701.75,10701.75,10471.97,10641.26,0,0
20071207,10471.97,10617.15,10423.64,10471.97,0,0
20071210,10471.97,10520.39,10387.37,10387.37,0,0
20071211,10399.43,10520.39,10000.35,10012.5,0,0
20071212,9915.75,9952.02,9613.43,9673.91,0,0
20071213,9776.65,9776.65,9444.14,9552.94,0,0
20071214,9794.78,9794.78,9377.63,9419.95,0,0
20071217,9734.4,9734.4,9250.66,9419.95,0,0
20071218,9794.78,9794.78,9129.74,9129.74,0,0
20071219,9492.5,9492.5,9190.2,9492.5,0,0
20071220,9069.28,9069.28,9057.18,9069.28,0,0
20071221,9305.08,9305.08,8972.54,8972.54,0,0
20071227,9432.04,9432.04,9069.28,9069.28,0,0
20071228,9432.04,9432.04,8766.96,8766.96,0,0
20080102,8827.43,9190.2,8827.43,9129.74,0,0
20080103,9190.2,9190.2,8827.43,8996.73,0,0
20080104,8887.89,9196.24,8887.89,8948.35,0,0
20080107,8948.35,8948.35,8730.68,8779.06,0,0
20080108,8706.5,8779.06,8573.48,8585.58,0,0
20080109,8585.58,8585.58,8053.51,8150.25,0,0
20080110,8222.81,8222.81,7497.28,7497.28,0,0
20080111,7733.07,7733.07,7352.16,7388.44,0,0
20080114,7327.97,7327.97,7327.97,7327.97,0,0
20080115,7376.34,7376.34,7231.23,7255.42,0,0
20080116,6723.36,7182.86,6723.36,6892.65,0,0
20080117,7122.41,7122.41,6880.56,7019.63,0,0
20080118,7001.48,7255.42,7001.48,7170.77,0,0
20080121,7194.96,7194.96,6892.65,6892.65,0,0
20080122,6312.22,7436.8,6312.22,7436.8,0,0
20080123,7581.91,7727.02,7013.58,7557.73,0,0
20080124,7932.59,7932.59,7787.49,7860.04,0,0
20080125,7860.04,7860.04,7618.19,7618.19,0,0
20080128,7340.06,7376.34,7255.42,7261.47,0,0
20080129,7533.55,7533.55,7364.25,7388.44,0,0
20080130,7533.55,7606.1,7448.89,7448.89,0,0
20080131,7442.84,7442.84,7013.58,7297.75,0,0
20080201,7327.97,7400.52,7255.42,7315.88,0,0
20080204,7406.57,7406.57,7315.88,7315.88,0,0
20080205,7321.93,7376.34,7255.42,7255.42,0,0
20080206,7182.86,7182.86,6989.39,7001.48,0,0
20080207,7182.86,7188.91,6892.65,7001.48,0,0
20080208,7074.03,7074.03,6934.97,6965.2,0,0
20080211,6965.2,7074.03,6965.2,7031.71,0,0
20080212,7074.03,7255.42,7037.76,7255.42,0,0
20080213,7376.34,7618.19,7334.01,7594.01,0,0
20080214,7739.12,7799.57,7612.15,7648.42,0,0
20080215,7600.05,7678.66,7600.05,7618.19,0,0
20080218,7618.19,7642.38,7594.01,7618.19,0,0
20080219,7618.19,7720.98,7557.73,7618.19,0,0
20080220,7327.97,7327.97,7013.58,7013.58,0,0
20080221,7134.49,7188.91,6947.07,6947.07,0,0
20080222,6953.11,6953.11,6717.31,6820.1,0,0
20080225,6832.19,6832.19,6687.08,6771.73,0,0
20080226,6868.47,6868.47,6723.36,6771.73,0,0
20080227,6735.44,6789.87,6650.8,6687.08,0,0
20080228,6832.19,6832.19,6687.08,6729.4,0,0
20080229,6729.39,6747.54,6638.71,6638.71,0,0
20080303,6384.77,6578.25,6360.58,6529.88,0,0
20080304,6578.25,6578.25,6239.67,6239.67,0,0
20080305,6288.03,6348.5,6239.67,6288.03,0,0
20080306,6300.12,6396.86,6263.85,6288.03,0,0
20080307,6227.57,6288.03,6106.65,6191.29,0,0
20080310,6070.37,6294.08,6070.37,6203.39,0,0
20080311,6203.39,6263.85,6203.39,6263.85,0,0
20080312,6348.5,6408.95,6263.85,6408.95,0,0
20080313,6360.58,6408.95,6263.85,6336.4,0,0
20080314,6227.57,6324.3,6227.57,6251.75,0,0
20080317,6167.11,6215.48,6022,6167.11,0,0
20080318,6167.11,6288.03,6167.11,6288.03,0,0
20080319,6288.03,6288.03,6142.92,6197.35,0,0
20080320,6106.65,6155.02,6082.46,6106.65,0,0
20080325,6300.12,6408.95,6300.12,6408.95,0,0
20080326,6324.3,6342.44,6288.03,6288.03,0,0
20080327,6451.28,6626.61,6288.03,6493.6,0,0
20080328,6499.65,6554.06,6348.5,6348.5,0,0
20080331,6408.95,6408.95,6408.95,6408.95,0,0
20080401,6360.58,6469.41,6360.58,6408.95,0,0
20080402,6535.92,6535.92,6439.18,6505.69,0,0
20080403,6517.78,6517.78,6433.13,6433.13,0,0
20080404,6408.95,6511.74,6408.95,6511.74,0,0
20080407,6566.15,6650.8,6475.45,6554.06,0,0
20080408,6505.69,6517.78,6408.95,6433.13,0,0
20080409,6433.13,6433.13,6372.68,6372.68,0,0
20080410,6445.23,6445.23,6288.03,6312.22,0,0
20080411,6408.95,6408.95,6239.67,6348.5,0,0
20080414,6288.03,6342.44,6221.53,6336.4,0,0
20080415,6288.03,6336.4,6167.11,6336.4,0,0
20080416,6215.48,6300.12,6215.48,6288.03,0,0
20080417,6288.03,6288.03,6179.2,6191.29,0,0
20080418,6179.2,6263.85,6167.11,6215.48,0,0
20080421,6354.55,6354.55,6185.24,6215.48,0,0
20080422,6203.39,6203.39,5973.63,5973.63,0,0
20080423,6106.65,6106.65,5979.67,5979.68,0,0
20080424,5949.44,6022,5949.44,6022,0,0
20080425,6009.9,6167.11,6009.9,6052.24,0,0
20080428,6052.24,6106.65,5949.44,6106.65,0,0
20080429,6058.28,6070.37,5985.72,5991.76,0,0
20080430,6046.19,6046.19,5925.25,6028.04,0,0
20080505,6046.19,6191.29,6046.19,6167.11,0,0
20080506,6263.85,6263.85,6118.74,6221.53,0,0
20080507,6227.57,6493.6,6227.57,6433.13,0,0
20080508,6433.13,6523.83,6384.77,6445.23,0,0
20080509,6517.78,6650.8,6408.95,6590.34,0,0
20080512,6652.11,6670.63,6547.11,6596.52,0,0
20080513,6645.93,6664.47,6602.7,6602.7,0,0
20080514,6732.4,6732.4,6559.45,6559.45,0,0
20080515,6559.45,6559.45,6448.28,6448.28,0,0
20080516,6448.28,6547.11,6423.57,6448.28,0,0
20080519,6361.81,6448.28,6306.22,6367.99,0,0
20080520,6367.99,6417.4,6312.4,6343.28,0,0
20080521,6324.75,6324.75,6213.57,6287.69,0,0
20080523,6306.22,6306.22,6188.87,6300.04,0,0
20080526,6262.98,6349.45,6225.93,6300.04,0,0
20080527,6300.04,6398.86,6238.28,6386.52,0,0
20080528,6306.22,6386.52,6306.22,6324.75,0,0
20080529,6429.75,6429.75,6324.75,6349.45,0,0
20080530,6429.75,6460.63,6361.81,6386.52,0,0
20080602,6442.11,6485.34,6392.7,6485.34,0,0
20080603,6423.57,6670.63,6392.7,6670.63,0,0
20080604,6435.93,6503.87,6386.52,6386.52,0,0
20080605,6361.81,6367.99,6330.93,6337.11,0,0
20080606,6417.4,6417.4,6361.81,6386.52,0,0
20080609,6337.11,6386.52,6207.39,6287.69,0,0
20080610,6238.28,6324.75,6238.28,6238.28,0,0
20080611,6275.34,6275.34,6114.75,6114.75,0,0
20080612,6077.69,6077.69,5954.16,6052.98,0,0
20080613,6049.28,6049.28,5941.8,6040.63,0,0
20080616,5967.75,6164.16,5967.75,6102.39,0,0
20080617,6077.69,6102.39,6022.1,6028.28,0,0
20080618,6003.57,6003.57,5954.16,5957.86,0,0
20080619,5954.16,6040.63,5954.16,5978.87,0,0
20080620,5978.87,5991.21,5941.8,5941.8,0,0
20080623,5966.51,5966.51,5830.62,5867.69,0,0
20080624,5805.92,5805.92,5682.39,5682.39,0,0
20080625,5681.16,5744.16,5311.81,5435.33,0,0
20080626,5484.74,5558.86,5484.74,5497.1,0,0
20080627,5330.33,5422.97,5219.16,5238.92,0,0
20080630,5250.04,5250.04,5126.5,5126.5,0,0
20080701,5126.5,5188.27,5095.63,5126.5,0,0
20080702,5126.5,5188.27,5101.8,5126.5,0,0
20080703,5027.68,5126.5,5002.98,5126.5,0,0
20080704,5052.39,5225.33,5015.33,5015.33,0,0
20080707,5019.03,5222.86,4942.44,5027.68,0,0
20080708,5052.39,5052.39,4904.16,5000.5,0,0
20080709,4946.15,5200.63,4946.15,5126.5,0,0
20080710,5212.98,5212.98,5090.69,5114.15,0,0
20080711,5114.15,5163.56,5040.04,5040.04,0,0
20080714,5089.45,5174.69,5064.74,5064.74,0,0
20080715,5040.04,5064.74,4941.21,4941.21,0,0
20080716,4965.91,4990.62,4867.09,4879.45,0,0
20080717,4978.27,5237.68,4978.27,5164.8,0,0
20080718,5188.27,5280.93,5077.09,5280.93,0,0
20080721,5128.98,5534.15,5128.98,5534.15,0,0
20080722,5497.1,5497.1,5348.86,5387.16,0,0
20080723,5558.86,5558.86,5387.16,5497.1,0,0
20080724,5614.45,5614.45,5497.1,5497.1,0,0
20080725,5435.33,5608.28,5435.33,5521.8,0,0
20080728,5781.21,5781.21,5608.28,5707.1,0,0
20080729,5657.69,5707.1,5620.63,5682.39,0,0
20080730,5762.69,5929.46,5762.69,5904.75,0,0
20080731,5875.11,5903.51,5805.92,5892.39,0,0
20080801,5831.86,5880.05,5824.46,5880.05,0,0
20080804,6015.93,6114.75,6015.93,6077.69,0,0
20080805,6090.04,6114.75,6077.69,6114.75,0,0
20080806,6164.16,6164.16,6052.98,6090.04,0,0
20080807,6090.04,6176.52,6077.69,6164.16,0,0
20080808,6176.52,6176.52,6065.34,6065.34,0,0
20080811,6090.04,6090.04,5954.16,5955.4,0,0
20080812,6015.93,6052.98,5960.33,5960.34,0,0
20080813,6213.57,6213.57,6052.98,6052.98,0,0
20080814,6052.98,6077.69,6052.98,6052.98,0,0
20080818,6115.99,6115.99,6003.57,6052.98,0,0
20080819,6003.57,6015.93,5991.21,6015.93,0,0
20080820,5966.51,6015.93,5966.51,6015.93,0,0
20080821,6015.93,6015.93,6003.57,6015.93,0,0
20080822,6052.98,6065.34,6029.51,6065.34,0,0
20080825,6114.75,6114.75,6059.16,6059.17,0,0
20080826,6015.93,6052.98,5997.39,5997.4,0,0
20080827,5991.21,6052.98,5991.21,6052.98,0,0
20080828,6028.28,6052.98,5991.21,6051.74,0,0
20080829,6096.23,6096.23,6003.57,6059.17,0,0
20080901,6052.98,6090.04,6052.98,6078.92,0,0
20080902,6098.69,6300.04,6090.04,6275.34,0,0
20080903,6300.04,6392.7,6225.93,6374.16,0,0
20080904,6374.16,6417.4,6361.81,6361.81,0,0
20080905,6275.34,6324.75,6269.15,6300.04,0,0
20080908,6256.81,6880.64,6256.81,6880.64,0,0
20080909,6781.81,6868.28,6670.63,6670.63,0,0
20080910,6547.11,6559.45,6497.69,6510.04,0,0
20080911,6547.11,6732.4,6435.93,6633.58,0,0
20080912,6670.63,6670.63,6466.81,6547.11,0,0
20080915,6448.28,6485.34,6275.34,6324.75,0,0
20080916,6238.28,6300.04,6238.28,6238.28,0,0
20080917,6201.22,6293.87,6201.22,6238.28,0,0
20080918,6164.16,6275.34,6059.16,6275.34,0,0
20080919,6361.81,6559.45,6275.34,6503.87,0,0
20080922,6645.93,6645.93,6423.57,6522.4,0,0
20080923,6423.57,6423.57,6367.99,6374.16,0,0
20080924,6367.99,6571.81,6367.99,6423.57,0,0
20080925,6423.57,6621.22,6386.52,6547.11,0,0
20080926,6540.93,6590.34,6485.34,6559.45,0,0
20080929,6522.4,6522.4,6176.52,6176.52,0,0
20080930,5991.21,6312.4,5991.21,6312.4,0,0
20081001,6349.45,6374.16,6182.69,6269.16,0,0
20081002,6275.34,6275.34,5978.87,5978.87,0,0
20081003,6174.04,6300.04,6059.17,6102.39,0,0
20081006,6052.98,6052.98,5571.22,5571.22,0,0
20081007,5620.63,5670.04,5589.75,5657.69,0,0
20081008,5434.1,5657.69,5351.33,5434.1,0,0
20081009,5348.86,5435.33,5348.86,5385.92,0,0
20081010,5138.86,5309.33,5077.09,5098.1,0,0
20081013,5287.09,5304.39,5098.1,5237.68,0,0
20081014,5744.16,5744.16,5188.27,5188.27,0,0
20081015,5262.39,5364.92,5188.27,5188.27,0,0
20081016,5311.81,5311.81,5064.74,5188.27,0,0
20081017,5359.98,5373.56,4632.39,4694.15,0,0
20081020,4842.39,5126.5,4780.62,5064.74,0,0
20081021,5064.74,5163.56,5064.74,5114.15,0,0
20081022,4995.56,4996.8,4755.91,4755.91,0,0
20081023,4694.15,4755.91,4508.85,4508.85,0,0
20081024,4558.26,4558.26,4286.5,4372.97,0,0
20081027,4298.85,4323.56,4076.5,4323.56,0,0
20081028,4335.92,4502.68,4323.56,4323.56,0,0
20081029,4515.04,4817.68,4515.04,4755.91,0,0
20081030,4830.03,5002.98,4830.03,4879.45,0,0
20081031,5040.04,5040.04,4854.73,4879.45,0,0
20081103,4941.21,5002.98,4879.45,4879.45,0,0
20081104,4893.03,4947.39,4868.33,4916.5,0,0
20081105,4990.62,4990.62,4854.73,4879.45,0,0
20081106,4817.68,4941.21,4817.68,4817.68,0,0
20081107,4755.91,4911.57,4755.91,4879.45,0,0
20081110,4911.57,4928.86,4879.45,4879.45,0,0
20081112,4891.8,4916.5,4768.27,4811.51,0,0
20081113,4744.79,4811.51,4729.97,4779.38,0,0
20081114,4978.27,4990.62,4941.21,4941.21,0,0
20081117,4978.27,4978.27,4941.21,4941.21,0,0
20081118,4820.15,4928.86,4817.68,4817.68,0,0
20081119,4817.68,4916.5,4780.62,4879.45,0,0
20081120,4817.68,4939.98,4755.91,4817.68,0,0
20081121,4585.44,5187.03,4585.44,4941.21,0,0
20081124,4965.91,5237.68,4965.91,5126.5,0,0
20081125,5190.74,5521.8,5190.74,5311.81,0,0
20081126,5311.81,5447.69,5188.27,5188.27,0,0
20081127,5237.68,5435.33,5064.74,5200.63,0,0
20081128,5274.74,5287.09,5126.5,5175.92,0,0
20081201,5126.5,5175.92,5064.74,5064.74,0,0
20081202,5015.33,5435.33,5015.33,5250.04,0,0
20081203,5361.22,5395.81,5188.27,5250.04,0,0
20081204,5373.56,5373.56,5200.63,5225.33,0,0
20081205,5212.98,5373.56,5188.27,5188.27,0,0
20081208,5212.98,5373.56,5212.98,5373.56,0,0
20081209,5435.33,5460.04,5374.8,5435.33,0,0
20081210,5422.97,5422.97,5311.81,5311.81,0,0
20081211,5483.51,5497.1,5279.68,5311.81,0,0
20081212,5310.57,5310.57,5138.86,5248.8,0,0
20081215,5311.81,5311.81,5053.62,5225.33,0,0
20081216,5212.98,5311.81,5182.1,5311.81,0,0
20081217,5311.81,5311.81,5252.5,5311.81,0,0
20081218,5311.81,5311.81,5188.27,5188.27,0,0
20081219,5225.33,5274.74,5212.98,5250.04,0,0
20081222,5200.63,5311.81,5200.63,5250.04,0,0
20081223,5311.81,5324.15,5212.98,5311.81,0,0
20081229,5311.81,5521.8,5311.81,5373.56,0,0
20081230,5435.33,5435.33,5311.81,5311.81,0,0
20081231,5422.97,5422.97,5256.22,5311.81,0,0
20090105,5414.33,5509.45,5311.81,5461.27,0,0
20090106,5342.68,5519.33,5342.68,5435.33,0,0
20090107,5447.69,5546.51,5447.69,5521.8,0,0
20090108,5651.51,5651.51,5435.33,5435.33,0,0
20090109,5497.1,5497.1,5064.74,5248.8,0,0
20090112,5311.81,5311.81,5138.86,5162.33,0,0
20090113,5384.68,5384.68,5126.5,5311.81,0,0
20090114,5311.81,5311.81,4817.68,4817.68,0,0
20090115,4817.68,4817.68,4447.09,4508.85,0,0
20090116,4595.33,4595.33,4410.03,4447.09,0,0
20090119,4570.62,4582.98,4448.32,4448.32,0,0
20090120,4508.85,4508.85,4323.56,4323.56,0,0
20090121,4322.32,4322.32,4088.85,4150.62,0,0
20090122,4214.85,4214.85,3928.27,4074.03,0,0
20090123,3985.09,3985.09,3709.61,3709.61,0,0
20090126,3780.02,3780.02,3589.79,3594.73,0,0
20090127,3704.67,3707.15,3597.2,3619.44,0,0
20090128,3705.91,3712.09,3619.44,3692.32,0,0
20090129,3692.32,3705.91,3631.79,3705.91,0,0
20090130,3741.73,3741.73,3372.37,3372.37,0,0
20090202,3557.67,3557.67,3399.55,3409.44,0,0
20090203,3514.44,3514.44,3404.5,3409.44,0,0
20090204,3452.67,3458.85,3409.44,3421.78,0,0
20090205,3446.5,3507.03,3279.74,3458.85,0,0
20090206,3508.26,3705.91,3508.26,3705.91,0,0
20090209,3817.09,3952.97,3809.67,3831.91,0,0
20090210,3928.27,3946.8,3835.62,3856.61,0,0
20090211,3705.91,3876.38,3705.91,3767.68,0,0
20090212,3767.68,3828.21,3707.15,3708.37,0,0
20090213,3803.5,3804.73,3705.91,3705.91,0,0
20090216,3644.14,3645.38,3536.67,3539.15,0,0
20090217,3545.32,3545.32,3131.5,3150.03,0,0
20090218,3088.26,3088.26,2816.49,2865.9,0,0
20090219,2977.08,2977.08,2816.49,2841.2,0,0
20090220,3075.9,3075.9,2594.13,2631.2,0,0
20090223,2742.38,2742.38,2402.67,2496.54,0,0
20090224,2470.61,2470.61,2408.84,2408.84,0,0
20090225,2555.85,2555.85,2371.78,2469.37,0,0
20090226,2408.84,2470.61,2408.84,2470.61,0,0
20090227,2470.61,2470.61,2408.84,2470.61,0,0
20090302,2421.19,2458.25,2360.67,2360.67,0,0
20090303,2359.43,2359.43,2235.89,2249.49,0,0
20090304,2316.19,2392.78,2316.19,2335.95,0,0
20090305,2432.31,2468.14,2347.07,2408.84,0,0
20090306,2406.37,2532.37,2406.37,2501.49,0,0
20090309,2508.9,2508.9,2445.9,2482.96,0,0
20090310,2489.14,2532.37,2421.19,2421.19,0,0
20090311,2506.43,2532.37,2506.43,2520.02,0,0
20090312,2541.02,2541.02,2458.25,2470.61,0,0
20090313,2544.72,2544.72,2433.55,2433.55,0,0
20090316,2512.6,2512.6,2445.9,2470.61,0,0
20090317,2458.25,2482.96,2458.25,2470.61,0,0
20090318,2489.14,2532.37,2470.61,2507.66,0,0
20090319,2544.72,2544.72,2476.78,2476.78,0,0
20090320,2479.26,2479.26,2460.72,2469.37,0,0
20090323,2495.31,2668.25,2495.31,2594.13,0,0
20090324,2671.96,2671.96,2606.49,2607.72,0,0
20090325,2649.73,2655.9,2608.96,2643.55,0,0
20090326,2657.14,2709.01,2643.55,2643.55,0,0
20090327,2684.31,2684.31,2643.55,2655.9,0,0
20090330,2700.38,2700.38,2495.31,2529.9,0,0
20090331,2587.96,2618.84,2569.43,2618.84,0,0
20090401,2631.2,2631.2,2532.37,2580.55,0,0
20090402,2618.84,2716.43,2580.55,2716.43,0,0
20090403,2717.66,2853.54,2717.66,2767.08,0,0
20090406,2878.26,2890.61,2718.9,2767.08,0,0
20090407,2767.08,2767.08,2654.67,2655.9,0,0
20090408,2618.84,2754.72,2618.84,2754.72,0,0
20090409,2810.32,2822.68,2736.2,2759.66,0,0
20090414,2779.43,2865.9,2759.66,2811.55,0,0
20090415,2816.49,2816.49,2748.55,2779.43,0,0
20090416,2833.78,2833.78,2767.08,2810.32,0,0
20090417,2816.49,2890.61,2789.31,2872.09,0,0
20090420,2872.09,2872.09,2791.79,2853.54,0,0
20090421,2815.25,2877.02,2815.25,2865.9,0,0
20090422,2896.79,2977.08,2891.84,2977.08,0,0
20090423,3069.73,3146.32,3014.14,3083.32,0,0
20090424,3159.91,3261.2,3159.91,3187.08,0,0
20090427,3211.78,3273.55,3211.78,3224.14,0,0
20090428,3211.78,3259.97,3187.08,3211.78,0,0
20090429,3248.85,3282.2,3211.78,3211.78,0,0
20090430,3335.32,3384.73,3335.32,3384.73,0,0
20090504,3434.14,3607.09,3434.14,3594.73,0,0
20090505,3697.26,3702.21,3495.91,3508.26,0,0
20090506,3520.61,3699.73,3520.61,3699.73,0,0
20090507,3698.49,3792.38,3698.49,3755.32,0,0
20090508,3699.73,3742.97,3691.09,3705.91,0,0
20090511,3693.55,3718.26,3656.5,3705.91,0,0
20090512,3693.55,3817.09,3693.55,3792.38,0,0
20090513,3928.27,4020.91,3928.27,3977.68,0,0
20090514,3996.2,3996.2,3915.91,3928.27,0,0
20090515,3952.97,3988.8,3940.61,3952.97,0,0
20090518,3959.15,4075.26,3959.15,4074.03,0,0
20090519,4175.33,4348.26,4175.33,4255.63,0,0
20090520,4521.21,4521.21,4076.5,4385.33,0,0
20090521,4397.67,4397.67,4224.74,4224.74,0,0
20090522,4187.67,4187.67,4027.09,4030.79,0,0
20090525,4027.09,4030.79,3903.56,3903.56,0,0
20090526,3878.85,3903.56,3817.09,3903.56,0,0
20090527,4022.15,4038.21,3903.56,3990.02,0,0
20090528,3977.68,4039.44,3971.5,4035.73,0,0
20090529,4132.09,4132.09,3850.44,3850.44,0,0
20090601,3850.44,3998.68,3850.44,3962.85,0,0
20090602,3982.61,4076.5,3952.97,4033.27,0,0
20090603,4034.51,4076.5,4027.09,4057.97,0,0
20090604,4057.97,4106.14,4057.97,4088.85,0,0
20090605,4106.14,4187.67,4101.2,4187.67,0,0
20090608,4200.03,4200.03,3983.86,4108.62,0,0
20090609,4162.97,4213.62,4144.44,4213.62,0,0
20090610,4237.09,4421.15,4237.09,4421.15,0,0
20090612,4495.27,4495.27,4323.56,4374.21,0,0
20090615,4385.33,4434.74,4372.97,4385.33,0,0
20090616,4374.21,4496.5,4311.21,4496.5,0,0
20090617,4496.5,4496.5,4397.67,4495.27,0,0
20090618,4445.86,4445.86,4385.33,4410.03,0,0
20090619,4311.21,4410.03,4311.21,4323.56,0,0
20090622,4342.09,4342.09,4070.32,4070.32,0,0
20090623,3965.32,4076.5,3965.32,4072.8,0,0
20090624,4076.5,4261.79,4076.5,4261.79,0,0
20090625,4261.79,4348.26,4261.79,4348.26,0,0
20090626,4358.15,4385.33,4265.5,4385.33,0,0
20090629,4384.09,4384.09,4311.21,4323.56,0,0
20090630,4372.97,4447.09,4323.56,4329.74,0,0
20090701,4372.97,4440.92,4372.97,4434.74,0,0
20090702,4428.56,4439.67,4385.33,4403.86,0,0
20090703,4382.85,4403.86,4323.56,4391.51,0,0
20090706,4324.79,4342.09,4324.79,4335.92,0,0
20090707,4337.14,4422.38,4335.92,4360.62,0,0
20090708,4338.38,4385.33,4337.14,4385.33,0,0
20090709,4385.33,4576.8,4385.33,4576.8,0,0
20090710,4595.33,4595.33,4521.21,4570.62,0,0
20090713,4570.62,4570.62,4484.15,4487.85,0,0
20090714,4570.62,4718.85,4558.26,4718.85,0,0
20090715,4755.91,4951.09,4755.91,4951.09,0,0
20090716,4959.75,5002.98,4842.39,5002.98,0,0
20090717,5002.98,5212.98,4917.74,5064.74,0,0
20090720,5090.69,5311.81,5090.69,5311.81,0,0
20090721,5311.81,5410.63,5311.81,5373.56,0,0
20090722,5311.81,5348.86,5251.27,5311.81,0,0
20090723,5287.09,5324.15,5248.8,5248.8,0,0
20090724,5250.04,5274.74,5248.8,5261.16,0,0
20090727,5287.09,5348.86,5287.09,5348.86,0,0
20090728,5362.44,5422.97,5355.04,5422.97,0,0
20090729,5472.39,5558.86,5373.56,5460.04,0,0
20090730,5498.33,5805.92,5498.33,5805.92,0,0
20090731,5880.05,6114.75,5880.05,6114.75,0,0
20090803,6176.52,6250.63,6102.39,6176.52,0,0
20090804,6157.99,6300.04,6065.34,6127.1,0,0
20090805,6176.52,6262.98,6102.39,6102.39,0,0
20090806,6164.16,6262.98,6040.63,6238.28,0,0
20090807,6275.34,6275.34,6139.45,6269.16,0,0
20090810,6287.69,6411.22,6269.16,6374.16,0,0
20090811,6485.34,6559.45,6374.16,6423.57,0,0
20090812,6448.28,6547.11,6423.57,6497.69,0,0
20090813,6602.7,6794.17,6553.29,6794.17,0,0
20090814,6806.51,7152.4,6806.51,6917.69,0,0
20090817,7041.23,7041.23,6460.63,6658.28,0,0
20090818,6652.11,6658.28,6485.34,6503.87,0,0
20090819,6510.04,6510.04,6330.93,6423.57,0,0
20090820,6510.04,6794.17,6510.04,6794.17,0,0
20090821,6794.17,7411.82,6794.17,7411.82,0,0
20090824,7337.7,7337.7,7164.76,7251.23,0,0
20090825,7220.35,7220.35,7102.99,7201.82,0,0
20090826,7189.46,7201.82,6954.76,6954.76,0,0
20090827,7084.47,7140.05,7047.4,7072.11,0,0
20090828,7028.87,7313,7028.87,7177.11,0,0
20090831,7170.94,7189.46,7127.69,7189.46,0,0
20090901,7201.82,7201.82,6769.46,6862.11,0,0
20090902,6682.99,6862.11,6018.39,6300.04,0,0
20090903,6238.28,6522.4,6238.28,6423.57,0,0
20090904,6510.04,6787.99,6510.04,6732.4,0,0
20090907,6720.04,7140.05,6720.04,7140.05,0,0
20090908,7177.11,7405.64,7102.99,7405.64,0,0
20090909,7275.93,7399.46,7072.11,7399.46,0,0
20090910,7473.58,7473.58,7041.23,7041.23,0,0
20090911,7220.35,7362.41,7220.35,7337.7,0,0
20090914,7337.7,7337.7,7214.17,7275.93,0,0
20090915,7362.41,7362.41,7201.82,7226.52,0,0
20090916,7232.71,7337.7,7226.52,7300.64,0,0
20090917,7325.34,7448.88,7300.64,7424.16,0,0
20090918,7621.82,7875.06,7621.82,7875.06,0,0
20090921,7856.52,7875.06,7658.88,7776.23,0,0
20090922,7658.88,8103.58,7658.88,8091.23,0,0
20090923,8103.58,8214.76,8091.23,8152.99,0,0
20090924,8091.23,8202.41,8004.76,8152.99,0,0
20090925,8146.82,8152.99,8004.76,8029.47,0,0
20090928,8091.23,8091.23,8004.76,8029.47,0,0
20090929,8091.23,8091.23,7967.7,8029.47,0,0
20090930,8029.47,8029.47,7819.47,7905.94,0,0
20091001,7905.94,8017.12,7905.94,7967.7,0,0
20091002,7782.4,8017.12,7597.11,7597.11,0,0
20091005,7720.64,7967.7,7597.11,7967.7,0,0
20091006,7967.7,8029.47,7825.64,8029.47,0,0
20091007,8103.58,8115.94,7677.41,7677.41,0,0
20091008,7782.4,7930.65,7671.23,7732.99,0,0
20091009,7732.99,7757.7,7708.29,7732.99,0,0
20091012,7720.64,7757.7,7714.47,7757.7,0,0
20091013,7757.7,7757.7,7634.17,7745.35,0,0
20091014,7695.93,7757.7,7658.88,7658.88,0,0
20091015,7671.23,7671.23,7411.82,7485.93,0,0
20091016,7448.88,7628,7411.82,7628,0,0
20091019,7844.17,7844.17,7658.88,7745.35,0,0
20091020,7658.88,7782.4,7658.88,7782.4,0,0
20091021,7695.93,7831.82,7695.93,7794.76,0,0
20091022,7782.4,7844.17,7745.35,7844.17,0,0
20091023,7868.88,8214.76,7868.88,8214.76,0,0
20091026,8177.71,8338.3,8122.12,8338.3,0,0
20091027,8325.94,8325.94,8041.82,8251.82,0,0
20091028,8091.23,8227.12,7844.17,7893.58,0,0
20091029,7770.06,8029.47,7770.06,7899.77,0,0
20091030,7967.7,8072.7,7967.7,8072.7,0,0
20091102,8072.7,8152.99,8072.7,8128.29,0,0
20091103,8103.58,8103.58,8029.47,8054.17,0,0
20091104,7980.06,8152.99,7980.06,8103.58,0,0
20091105,8128.29,8325.94,8128.29,8264.17,0,0
20091106,8338.3,8400.05,8276.53,8350.64,0,0
20091109,8375.35,8498.89,8325.94,8498.89,0,0
20091110,8529.77,9017.71,8529.77,9017.71,0,0
20091112,9042.42,9042.42,8906.54,8955.95,0,0
20091113,8955.95,8955.95,8869.47,8869.47,0,0
20091116,8844.77,9017.71,8708.88,9017.71,0,0
20091117,8931.24,9017.71,8900.36,8918.88,0,0
20091118,8918.88,9079.47,8918.88,8962.13,0,0
20091119,8993,8993,8813.89,8832.41,0,0
20091120,8838.59,9017.71,8832.41,8888,0,0
20091123,8850.95,9264.77,8850.95,9264.77,0,0
20091124,9190.65,9635.36,9190.65,9388.3,0,0
20091125,9394.49,9635.36,9388.3,9511.83,0,0
20091126,9443.9,9499.49,8708.88,8708.88,0,0
20091127,8708.88,8980.65,8708.88,8881.83,0,0
20091130,9017.71,9036.25,8857.12,8999.18,0,0
20091201,9091.83,9104.18,8820.06,8820.06,0,0
20091202,8918.88,9067.12,8820.06,9067.12,0,0
20091203,9054.77,9122.72,9017.71,9122.72,0,0
20091204,9135.07,9135.07,8955.95,9128.88,0,0
20091207,9042.42,9203.01,9017.71,9017.71,0,0
20091208,8931.24,9023.89,8906.54,8906.54,0,0
20091209,8900.36,9135.07,8894.18,8894.18,0,0
20091210,8918.88,9104.18,8894.18,9079.47,0,0
20091211,9203.01,9264.77,9042.42,9264.77,0,0
20091214,9258.6,9660.05,9141.24,9660.05,0,0
20091215,9616.84,9623.02,9468.6,9623.02,0,0
20091216,9468.6,9610.68,9388.3,9573.64,0,0
20091217,9561.2,9561.2,9332.72,9388.3,0,0
20091218,9394.49,9567.37,9394.49,9511.83,0,0
20091221,9511.83,9585.98,9413.01,9585.98,0,0
20091222,9450.07,9666.22,9450.07,9641.53,0,0
20091223,9536.51,9697.07,9536.51,9660.05,0,0
20091228,9653.88,10005.95,9653.88,10005.95,0,0
20091229,10018.3,10018.3,9758.89,9789.75,0,0
20091230,9795.92,9802.1,9573.64,9635.36,0,0
20091231,9635.36,9635.36,9511.83,9635.36,0,0
20100104,9536.51,9635.36,9536.51,9561.2,0,0
20100105,9635.36,9758.89,9592.16,9758.89,0,0
20100106,9758.89,9758.89,9511.83,9629.19,0,0
20100107,9690.91,9690.91,9480.94,9635.36,0,0
20100108,9610.68,9740.38,9450.07,9561.2,0,0
20100111,9585.98,9697.07,9518,9697.07,0,0
20100112,9752.72,9752.72,9450.07,9542.69,0,0
20100113,9536.51,9536.51,9314.19,9314.19,0,0
20100114,9338.89,9468.6,9141.24,9141.24,0,0
20100115,9147.42,9326.53,9116.54,9196.83,0,0
20100118,9314.19,9314.19,9128.88,9128.88,0,0
20100119,9141.24,9190.65,9091.83,9091.83,0,0
20100120,9122.72,9264.77,9091.83,9240.06,0,0
20100121,9270.94,9270.94,8974.48,9011.54,0,0
20100122,8906.54,8931.24,8783,8894.18,0,0
20100125,8832.41,8832.41,8591.53,8647.12,0,0
20100126,8647.12,8647.12,8406.24,8523.59,0,0
20100127,8437.12,8832.41,8437.12,8647.12,0,0
20100128,8745.95,8795.36,8659.47,8708.88,0,0
20100129,8585.35,8671.82,8548.3,8671.82,0,0
20100201,8708.88,8708.88,8548.3,8647.12,0,0
20100202,8597.71,8671.82,8573,8585.35,0,0
20100203,8616.24,8634.77,8554.47,8566.83,0,0
20100204,8554.47,8554.47,8418.6,8437.12,0,0
20100205,8375.35,8375.35,7955.35,8276.53,0,0
20100208,8400.05,8400.05,8165.35,8190.06,0,0
20100209,8152.99,8301.23,8152.99,8190.06,0,0
20100210,8190.06,8498.89,8190.06,8375.35,0,0
20100211,8424.76,8548.3,8338.3,8548.3,0,0
20100212,8548.3,8678.01,8548.3,8653.3,0,0
20100215,8647.12,8770.65,8647.12,8758.29,0,0
20100216,8783,8826.25,8733.59,8733.59,0,0
20100217,8733.59,8733.59,8375.35,8375.35,0,0
20100218,8573,8573,8196.24,8196.24,0,0
20100219,8177.71,8214.76,8091.23,8214.76,0,0
20100222,8332.12,8332.12,8227.12,8227.12,0,0
20100223,8270.35,8319.77,8109.77,8109.77,0,0
20100224,8091.23,8103.58,8029.47,8029.47,0,0
20100225,8029.47,8091.23,7973.88,8060.36,0,0
20100226,8066.53,8152.99,8041.82,8103.58,0,0
20100301,8214.76,8276.53,8214.76,8214.76,0,0
20100302,8251.82,8424.76,8214.76,8424.76,0,0
20100303,8418.6,8424.76,8301.23,8319.77,0,0
20100304,8393.89,8412.41,8288.88,8288.88,0,0
20100305,8338.3,8461.82,8301.23,8461.82,0,0
20100308,8585.35,8640.94,8424.76,8640.94,0,0
20100309,8647.12,8671.82,8523.59,8671.82,0,0
20100310,8647.12,8826.25,8647.12,8826.25,0,0
20100311,8770.65,9116.54,8770.65,9116.54,0,0
20100312,9116.54,9203.01,8993,9017.71,0,0
20100315,9079.47,9079.47,8807.71,8838.59,0,0
20100316,8875.66,8925.07,8832.41,8918.88,0,0
20100317,8943.59,9017.71,8943.59,8974.48,0,0
20100318,8968.29,8968.29,8832.41,8881.83,0,0
20100319,8795.36,8844.77,8795.36,8832.41,0,0
20100322,8832.41,8894.18,8770.65,8894.18,0,0
20100323,8955.95,9054.77,8955.95,9042.42,0,0
20100324,9079.47,9215.36,8894.18,9017.71,0,0
20100325,9141.24,9258.6,9079.47,9258.6,0,0
20100326,9258.6,9258.6,9165.95,9190.65,0,0
20100329,9042.42,9301.83,9042.42,9246.24,0,0
20100330,9221.54,9382.12,9221.54,9357.42,0,0
20100331,9326.53,9326.53,9203.01,9215.36,0,0
20100401,9289.47,9369.76,9258.6,9308.01,0,0
20100406,9326.53,9511.83,9326.53,9462.42,0,0
20100407,9511.83,9511.83,9326.53,9462.42,0,0
20100408,9450.07,9499.49,9314.19,9499.49,0,0
20100409,9431.54,9635.36,9431.54,9635.36,0,0
20100412,9511.83,9660.05,9511.83,9660.05,0,0
20100413,9647.7,9647.7,9536.51,9635.36,0,0
20100414,9610.68,9808.26,9542.69,9808.26,0,0
20100415,9802.1,9802.1,9511.83,9734.2,0,0
20100416,9721.86,9721.86,9518,9635.36,0,0
20100419,9332.72,9388.3,8955.95,9190.65,0,0
20100420,9221.54,9499.49,9221.54,9431.54,0,0
20100421,9616.84,9697.07,9511.83,9511.83,0,0
20100422,9450.07,9524.18,9450.07,9450.07,0,0
20100423,9573.64,9635.36,9400.65,9635.36,0,0
20100426,9647.7,9697.07,9647.7,9697.07,0,0
20100427,9635.36,9690.91,9635.36,9635.36,0,0
20100428,9419.19,9629.19,9184.48,9524.18,0,0
20100429,9573.64,9672.39,9437.71,9616.84,0,0
20100430,9616.84,9734.2,9616.84,9635.36,0,0
20100504,9765.06,9771.24,9413.01,9511.83,0,0
20100505,9450.07,9511.83,9326.53,9326.53,0,0
20100506,9258.6,9450.07,9079.47,9079.47,0,0
20100507,8955.95,9054.77,8894.18,8900.36,0,0
20100510,9203.01,9511.83,9153.59,9511.83,0,0
20100511,9388.3,9431.54,9301.83,9388.3,0,0
20100512,9437.71,9511.83,9338.89,9369.77,0,0
20100513,9400.65,9499.49,9363.6,9382.13,0,0
20100514,9326.53,9338.89,9165.95,9264.77,0,0
20100517,9147.42,9388.3,9128.88,9388.3,0,0
20100518,9388.3,9388.3,9227.71,9320.36,0,0
20100519,9283.31,9283.31,9060.94,9116.54,0,0
20100520,9240.06,9240.06,8770.65,8770.65,0,0
20100521,8770.65,8894.18,8560.64,8894.18,0,0
20100524,8894.18,9079.47,8795.36,8881.83,0,0
20100525,8665.66,8820.06,8647.12,8776.83,0,0
20100526,8832.41,9116.54,8832.41,9116.54,0,0
20100527,9116.54,9338.89,9116.54,9326.53,0,0
20100528,9326.53,9363.6,9264.77,9320.36,0,0
20100531,9258.6,9326.53,9178.3,9326.53,0,0
20100601,9264.77,9320.36,9030.06,9030.06,0,0
20100602,9252.42,9252.42,9017.71,9060.95,0,0
20100604,9215.36,9314.19,9085.66,9190.65,0,0
20100607,9030.06,9085.66,8906.54,9067.12,0,0
20100608,9017.71,9128.88,9017.71,9079.47,0,0
20100609,9079.47,9153.59,9054.77,9085.66,0,0
20100610,9141.24,9264.77,9067.12,9264.77,0,0
20100611,9264.77,9320.36,9264.77,9320.36,0,0
20100614,9320.36,9635.36,9320.36,9598.33,0,0
20100615,9610.68,9697.07,9548.86,9697.07,0,0
20100616,9697.07,9771.24,9641.53,9697.07,0,0
20100617,9697.07,9697.07,9653.88,9697.07,0,0
20100618,9697.07,9734.2,9320.36,9697.07,0,0
20100621,9561.2,9623.02,9548.86,9573.64,0,0
20100622,9542.69,9542.69,9419.19,9487.12,0,0
20100623,9474.78,9499.49,9203.01,9264.77,0,0
20100624,9264.77,9264.77,9054.77,9054.77,0,0
20100625,9141.24,9326.53,9023.89,9326.53,0,0
20100628,9264.77,9388.3,9264.77,9375.94,0,0
20100629,9264.77,9382.13,9141.24,9382.13,0,0
20100630,9289.47,9375.94,9165.95,9326.53,0,0
20100701,9153.59,9388.3,9141.24,9388.3,0,0
20100702,9264.77,9388.3,9141.24,9141.24,0,0
20100705,9153.59,9264.77,9153.59,9190.65,0,0
20100706,9203.01,9264.77,9184.48,9264.77,0,0
20100707,9141.24,9277.12,9141.24,9277.12,0,0
20100708,9555.04,9623.02,9443.9,9623.02,0,0
20100709,9616.84,9616.84,9456.24,9518,0,0
20100712,9623.02,9690.91,9623.02,9684.74,0,0
20100713,9684.74,9734.2,9573.64,9573.64,0,0
20100714,9635.36,9746.55,9635.36,9746.55,0,0
20100715,9728.03,9876.25,9697.07,9876.25,0,0
20100716,9882.43,9882.43,9758.89,9876.25,0,0
20100719,9771.24,9771.24,9660.05,9758.89,0,0
20100720,9783.58,9808.26,9635.36,9734.2,0,0
20100721,9672.39,9802.1,9672.39,9758.89,0,0
20100722,9684.74,9752.72,9672.39,9746.55,0,0
20100723,9758.89,9758.89,9697.07,9758.89,0,0
20100726,9758.89,9758.89,9573.64,9610.68,0,0
20100727,9579.72,9820.71,9579.72,9795.92,0,0
20100728,9653.88,9857.73,9592.16,9592.16,0,0
20100729,9672.39,9820.71,9672.39,9758.89,0,0
20100730,9820.71,9820.71,9635.36,9660.05,0,0
20100802,9802.1,10005.95,9660.05,9660.05,0,0
20100803,9968.92,10191.2,9968.92,10141.83,0,0
20100804,10191.25,10191.25,10117.13,10178.9,0,0
20100805,10104.77,10178.9,9919.48,9919.48,0,0
20100806,10104.77,10104.77,9919.48,10055.36,0,0
20100809,10129.48,10129.48,10055.36,10080.07,0,0
20100810,10080.07,10080.07,9672.42,9931.84,0,0
20100811,9857.71,10129.48,9734.18,10030.66,0,0
20100812,9894.77,10005.95,9882.43,10005.95,0,0
20100813,9956.54,9981.25,9956.54,9981.25,0,0
20100816,10005.95,10005.95,9783.6,9882.43,0,0
20100817,9894.77,9907.13,9783.6,9882.43,0,0
20100818,9882.43,9944.18,9684.77,9944.18,0,0
20100819,9783.6,9944.18,9752.72,9752.72,0,0
20100820,9758.89,9758.89,9585.94,9758.89,0,0
20100823,9635.36,9734.18,9635.36,9697.12,0,0
20100824,9752.72,9758.89,9635.36,9697.12,0,0
20100825,9635.36,9635.36,9474.78,9505.65,0,0
20100826,9511.83,9573.6,9493.31,9573.6,0,0
20100827,9561.24,9561.24,9394.49,9505.65,0,0
20100830,9499.48,9573.6,9419.19,9561.24,0,0
20100831,9443.9,10005.95,9443.9,9975.07,0,0
20100901,9931.84,9931.84,9653.9,9882.43,0,0
20100902,9944.18,9987.43,9919.48,9987.43,0,0
20100903,9882.43,9975.07,9715.66,9956.54,0,0
20100906,9956.54,9956.54,9826.84,9876.25,0,0
20100907,9876.25,9876.25,9697.12,9876.25,0,0
20100908,9684.77,9882.43,9684.77,9882.43,0,0
20100909,9882.43,9987.43,9765.07,9981.25,0,0
20100910,9820.66,9894.77,9820.66,9894.77,0,0
20100913,9857.71,9882.43,9783.6,9882.43,0,0
20100914,9882.43,9882.43,9808.3,9882.43,0,0
20100915,9795.95,9808.3,9758.89,9758.89,0,0
20100916,9758.89,9758.89,9734.18,9758.89,0,0
20100917,9746.54,9758.89,9690.95,9721.83,0,0
20100920,9703.31,9703.31,9598.3,9598.3,0,0
20100921,9635.36,9783.6,9635.36,9783.6,0,0
20100922,9795.95,9857.71,9697.12,9845.36,0,0
20100923,9857.71,9857.71,9690.95,9690.96,0,0
20100924,9684.77,9981.25,9684.77,9981.25,0,0
20100927,10005.95,10005.95,9888.59,9981.25,0,0
20100928,9894.77,9999.78,9851.55,9993.59,0,0
20100929,9882.43,10030.66,9771.25,10030.66,0,0
20100930,9975.07,10191.25,9950.37,10191.25,0,0
20101001,10092.42,10376.54,10092.42,10333.31,0,0
20101004,10253.01,10376.54,10253.01,10376.54,0,0
20101005,10376.54,10376.54,10290.07,10376.54,0,0
20101006,10376.54,10500.08,10376.54,10500.08,0,0
20101007,10401.25,10598.9,10401.25,10524.78,0,0
20101008,10401.25,10524.78,10401.25,10500.08,0,0
20101011,10512.42,10524.78,10425.95,10425.95,0,0
20101012,10524.78,10524.78,10376.54,10419.79,0,0
20101013,10500.08,10500.08,10401.25,10493.9,0,0
20101014,10425.95,10530.96,10419.79,10469.2,0,0
20101015,10425.95,10425.95,10314.78,10376.54,0,0
20101018,10265.36,10327.13,10191.25,10246.84,0,0
20101019,10191.25,10191.25,9962.72,10018.31,0,0
20101020,10012.14,10314.78,9956.54,10314.78,0,0
20101021,10117.13,10333.31,10086.25,10129.48,0,0
20101022,10067.72,10141.84,10024.48,10024.48,0,0
20101025,10030.66,10234.48,10030.66,10197.43,0,0
20101026,10129.48,10209.78,10061.55,10203.6,0,0
20101027,10141.84,10438.31,10141.84,10314.78,0,0
20101028,10376.54,10475.37,10215.95,10475.37,0,0
20101029,10450.67,10734.78,10314.78,10734.78,0,0
20101102,10537.13,10710.07,10537.13,10697.72,0,0
20101103,10623.6,10858.31,10623.6,10858.31,0,0
20101104,10808.9,11055.96,10808.9,11025.08,0,0
20101105,11043.61,11105.37,11025.08,11105.37,0,0
20101108,11055.96,11105.37,11031.25,11093.02,0,0
20101109,11055.96,11253.61,11055.96,11216.55,0,0
20101110,11216.55,11216.55,10864.49,10864.49,0,0
20101112,10685.37,11303.02,10623.6,11303.02,0,0
20101115,11117.73,11284.5,10994.19,11117.73,0,0
20101116,11043.61,11043.61,10685.37,10963.32,0,0
20101117,10710.07,10895.37,10710.07,10845.96,0,0
20101118,10994.19,10994.19,10784.19,10870.66,0,0
20101119,10883.02,11018.89,10617.43,10617.43,0,0
20101122,10907.73,10907.73,10623.6,10623.6,0,0
20101123,10623.6,11389.49,10598.9,11389.49,0,0
20101124,11117.73,11117.73,10932.43,10988.03,0,0
20101125,11055.96,11055.96,10753.31,10753.31,0,0
20101126,10895.37,10895.37,10611.25,10611.25,0,0
20101129,10635.96,10648.31,10549.49,10561.83,0,0
20101130,10543.31,10574.19,10376.54,10376.54,0,0
20101201,10450.67,10561.83,10364.19,10469.2,0,0
20101202,10561.83,10969.48,10561.83,10969.48,0,0
20101203,10969.48,11055.96,10883.02,11055.96,0,0
20101206,11055.96,11117.73,10907.73,11117.73,0,0
20101207,11111.55,11117.73,10845.96,10895.37,0,0
20101208,10845.96,10994.19,10845.96,10994.19,0,0
20101209,10994.19,11364.79,10969.48,11364.79,0,0
20101210,11111.55,11303.02,10994.19,10994.19,0,0
20101213,11055.96,11105.37,10944.78,11105.37,0,0
20101214,10932.43,11352.43,10913.9,11352.43,0,0
20101215,11142.43,11364.79,11142.43,11364.79,0,0
20101216,11265.96,11303.02,10883.02,11303.02,0,0
20101217,11043.61,11296.85,11043.61,11117.73,0,0
20101220,11068.31,11303.02,11031.25,11303.02,0,0
20101221,11105.37,11303.02,11105.37,11210.37,0,0
20101222,11179.49,11290.66,11154.78,11241.25,0,0
20101223,11290.66,11303.02,11018.89,11055.96,0,0
20101227,11055.96,11130.07,11012.73,11130.07,0,0
20101228,11117.73,11130.07,11031.25,11111.55,0,0
20101229,11105.37,11117.73,10932.43,11117.73,0,0
20101230,11111.55,11111.55,11031.25,11043.61,0,0
20101231,10957.14,11117.73,10907.73,11043.61,0,0
20110103,10988.03,11043.61,10963.32,11043.61,0,0
20110104,10994.19,11303.02,10932.43,11303.02,0,0
20110105,11142.43,11216.55,10938.61,11216.55,0,0
20110107,11117.73,11117.73,11018.89,11117.73,0,0
20110110,10969.48,10969.48,10716.26,10747.14,0,0
20110111,10932.43,10932.43,10568.02,10722.42,0,0
20110112,10722.42,10734.78,10623.6,10648.31,0,0
20110113,10734.78,10734.78,10388.9,10388.9,0,0
20110114,10475.37,10537.13,10395.08,10395.08,0,0
20110117,10401.25,10537.13,10382.72,10382.72,0,0
20110118,10469.2,10500.08,10407.43,10493.9,0,0
20110119,10561.83,10691.55,10500.08,10500.08,0,0
20110120,10666.85,10666.85,10376.54,10592.72,0,0
20110121,10561.83,10592.72,10463.01,10500.08,0,0
20110124,10524.78,10530.96,10148.02,10148.02,0,0
20110125,10191.25,10376.54,10191.25,10376.54,0,0
20110126,10296.25,10586.54,10296.25,10586.54,0,0
20110127,10580.37,10660.66,10512.42,10660.66,0,0
20110128,10932.43,10932.43,10932.43,10932.43,0,0
20110131,10611.25,10808.9,10500.08,10524.78,0,0
20110201,10549.49,10784.19,10530.96,10784.19,0,0
20110202,10778.02,10778.02,10586.54,10586.54,0,0
20110203,10537.13,10747.14,10537.13,10561.83,0,0
20110204,10561.83,10660.66,10500.08,10660.66,0,0
20110207,10487.72,10660.66,10487.72,10642.13,0,0
20110208,10549.49,10740.96,10549.49,10673.01,0,0
20110209,10629.79,10654.49,10623.6,10623.6,0,0
20110210,10611.25,10703.9,10438.31,10438.31,0,0
20110211,10438.31,10648.31,10438.31,10580.37,0,0
20110214,10574.19,10666.85,10574.19,10623.6,0,0
20110215,10506.25,10648.31,10506.25,10568.02,0,0
20110216,10568.02,10611.25,10500.08,10506.25,0,0
20110217,10506.25,10506.25,10253.01,10253.01,0,0
20110218,10314.78,10376.54,10141.84,10376.54,0,0
20110221,10388.9,10401.25,10277.72,10370.37,0,0
20110222,10277.72,10679.2,10240.66,10679.2,0,0
20110223,10512.42,10679.2,10450.67,10493.9,0,0
20110224,10425.95,10561.83,10240.66,10561.83,0,0
20110225,10493.9,10561.83,10425.95,10512.42,0,0
20110228,10512.42,10561.83,10395.08,10530.96,0,0
20110301,10537.13,10537.13,10413.6,10413.6,0,0
20110302,10413.6,10512.42,10308.61,10512.42,0,0
20110303,10623.6,10623.6,10388.9,10388.9,0,0
20110304,10395.08,10518.61,10388.9,10500.08,0,0
20110307,10512.42,10598.9,10425.95,10598.9,0,0
20110308,10598.9,10617.43,10506.25,10561.83,0,0
20110309,10537.13,10635.96,10481.54,10611.25,0,0
20110310,10487.72,10611.25,10469.2,10605.08,0,0
20110311,10592.72,10623.6,10450.67,10623.6,0,0
20110314,10598.9,10648.31,10506.25,10598.9,0,0
20110315,10500.08,10598.9,10463.01,10598.9,0,0
20110316,10506.25,10598.9,10463.01,10475.37,0,0
20110317,10506.25,10598.9,10475.37,10598.9,0,0
20110318,10512.42,10722.42,10512.42,10722.42,0,0
20110321,10710.07,10845.96,10660.66,10827.44,0,0
20110322,10870.66,10932.43,10623.6,10623.6,0,0
20110323,10685.37,10833.6,10685.37,10833.6,0,0
20110324,10697.72,10784.19,10586.54,10747.14,0,0
20110325,10666.85,10994.19,10666.85,10994.19,0,0
20110328,10994.19,11068.31,10883.02,11068.31,0,0
20110329,10963.32,11068.31,10963.32,11068.31,0,0
20110330,11031.25,11068.31,10963.32,11043.61,0,0
20110331,11080.66,11105.37,11037.44,11043.61,0,0
20110401,11043.61,11055.96,10950.96,11043.61,0,0
20110404,11037.44,11105.37,10969.48,10975.67,0,0
20110405,10969.48,10975.67,10778.02,10870.66,0,0
20110406,10821.25,11105.37,10821.25,11093.02,0,0
20110407,11105.37,11105.37,10944.78,10944.78,0,0
20110408,10821.25,11117.73,10821.25,11093.02,0,0
20110411,11117.73,11117.73,10988.03,11111.55,0,0
20110412,11006.55,11111.55,10889.19,10957.14,0,0
20110413,10969.48,11111.55,10957.14,11043.61,0,0
20110414,11068.31,11111.55,10870.66,10870.66,0,0
20110415,10870.66,10870.66,10759.49,10759.49,0,0
20110418,10771.84,10821.25,10642.13,10759.49,0,0
20110419,10691.55,10901.55,10691.55,10870.66,0,0
20110420,10932.43,10938.61,10870.66,10870.66,0,0
20110421,10858.31,10969.48,10858.31,10883.02,0,0
20110426,10883.02,10883.02,10778.02,10839.78,0,0
20110427,10920.07,10920.07,10759.49,10778.02,0,0
20110428,10883.02,10950.96,10753.31,10858.31,0,0
20110429,10895.37,10944.78,10759.49,10821.25,0,0
20110502,10771.84,11031.25,10771.84,11031.25,0,0
20110504,11018.89,11025.08,10876.85,11025.08,0,0
20110505,10895.37,11031.25,10895.37,11031.25,0,0
20110506,11043.61,11055.96,10932.43,11018.89,0,0
20110509,10969.48,10969.48,10821.25,10821.25,0,0
20110510,10802.72,10895.37,10778.02,10895.37,0,0
20110511,10895.37,10895.37,10685.37,10722.42,0,0
20110512,10629.79,10833.6,10561.83,10623.6,0,0
20110513,10629.79,10833.6,10561.83,10561.83,0,0
20110516,10623.6,10845.96,10561.83,10629.79,0,0
20110517,10716.26,10716.26,10005.95,10215.95,0,0
20110518,10234.48,10246.84,10092.42,10160.37,0,0
20110519,10191.25,10314.78,10191.25,10290.07,0,0
20110520,10314.78,10438.31,10290.07,10413.6,0,0
20110523,10487.72,10487.72,10253.01,10302.42,0,0
20110524,10277.72,10456.84,10265.36,10401.25,0,0
20110525,10376.54,10500.08,10339.49,10438.31,0,0
20110526,10376.54,10444.49,10290.07,10302.42,0,0
20110527,10376.54,10419.79,10290.07,10339.49,0,0
20110530,10413.6,10413.6,10265.36,10358.02,0,0
20110531,10376.54,10852.14,10376.54,10555.67,0,0
20110601,10586.54,10685.37,10574.19,10660.66,0,0
20110602,10561.83,10722.42,10561.83,10623.6,0,0
20110603,10561.83,10697.72,10561.83,10561.83,0,0
20110606,10561.83,10623.6,10500.08,10574.19,0,0
20110607,10574.19,10642.13,10518.61,10568.02,0,0
20110608,10598.9,10648.31,10512.42,10629.79,0,0
20110609,10660.66,10778.02,10660.66,10740.96,0,0
20110610,10734.78,10740.96,10605.08,10673.01,0,0
20110613,10666.85,10685.37,10666.85,10685.37,0,0
20110614,10648.31,10740.96,10648.31,10740.96,0,0
20110615,10691.55,10839.78,10623.6,10623.6,0,0
20110616,10716.26,10716.26,10635.96,10685.37,0,0
20110617,10697.72,10740.96,10648.31,10734.78,0,0
20110620,10810.2,10923.33,10646.79,10759.92,0,0
20110621,10728.5,10791.35,10621.65,10791.35,0,0
20110622,10703.36,10791.35,10697.07,10747.35,0,0
20110624,10684.5,10753.64,10634.22,10684.5,0,0
20110627,10684.5,10747.35,10659.36,10747.35,0,0
20110628,10684.5,10873.05,10684.5,10873.05,0,0
20110629,10873.05,10917.05,10684.5,10910.76,0,0
20110630,10910.76,10910.76,10841.63,10847.91,0,0
20110701,10910.76,10923.33,10785.06,10810.2,0,0
20110704,10697.07,10841.63,10697.07,10841.63,0,0
20110705,10841.63,10847.91,10797.63,10847.91,0,0
20110706,10709.64,10929.62,10709.64,10929.62,0,0
20110707,10935.9,10998.75,10929.62,10992.47,0,0
20110708,11023.89,11023.89,10847.91,10935.9,0,0
20110711,10935.9,10935.9,10822.77,10873.05,0,0
20110712,10829.06,10860.48,10709.64,10803.92,0,0
20110713,10810.2,10923.33,10810.2,10910.76,0,0
20110714,10810.2,10841.63,10640.51,10709.64,0,0
20110715,10678.22,10715.93,10533.66,10533.66,0,0
20110718,10521.09,10521.09,10345.11,10470.81,0,0
20110719,10433.1,10445.67,10357.68,10407.96,0,0
20110720,10483.38,10483.38,10426.82,10433.1,0,0
20110721,10489.67,10558.8,10433.1,10558.8,0,0
20110722,10546.23,10546.23,10508.52,10508.52,0,0
20110725,10433.1,10521.09,10433.1,10445.67,0,0
20110726,10508.52,10508.52,10445.67,10451.96,0,0
20110727,10458.24,10458.24,10420.53,10420.53,0,0
20110728,10420.53,10433.1,10319.97,10414.25,0,0
20110729,10426.82,10684.5,10345.11,10684.5,0,0
20110801,10684.5,10697.07,10376.54,10376.54,0,0
20110802,10439.39,10558.8,10439.39,10458.24,0,0
20110803,10370.25,10458.24,10131.42,10131.42,0,0
20110804,10056,10219.41,9942.87,9942.87,0,0
20110805,9176.1,10056,9176.1,9854.88,0,0
20110808,9452.64,9666.33,9370.94,9427.5,0,0
20110809,8484.75,9452.64,8484.75,8811.57,0,0
20110810,9358.37,9358.37,8371.62,8371.62,0,0
20110811,8371.62,8861.85,7793.4,8817.86,0,0
20110812,8924.7,9075.54,8817.86,9075.54,0,0
20110816,9113.25,9163.53,8786.43,9050.4,0,0
20110817,8949.84,9678.9,8924.7,9678.9,0,0
20110818,9452.64,9458.93,8799,8799,0,0
20110819,8572.74,9113.25,8572.74,8679.59,0,0
20110822,8761.29,9012.69,8761.29,8836.71,0,0
20110823,8987.55,9251.52,8987.55,9125.82,0,0
20110824,9125.82,9176.1,9125.82,9138.39,0,0
20110825,9238.95,9238.95,9176.1,9188.67,0,0
20110826,9176.1,9188.67,9050.4,9062.97,0,0
20110829,9176.1,9301.8,9062.97,9301.8,0,0
20110830,9364.65,9616.05,9320.66,9433.79,0,0
20110831,9597.2,10056,9553.2,10056,0,0
20110901,9930.3,10056,9496.64,9741.75,0,0
20110902,9917.73,9917.73,9194.96,9194.96,0,0
20110905,9188.67,9194.96,8799,8799,0,0
20110906,8861.85,9037.83,8849.28,8962.41,0,0
20110907,9031.55,9289.23,8962.41,9238.95,0,0
20110908,9264.09,9364.65,9226.38,9301.8,0,0
20110909,9100.68,9100.68,8824.14,8912.13,0,0
20110912,8824.14,8824.14,8472.18,8547.6,0,0
20110913,8560.17,8629.31,8421.9,8597.88,0,0
20110914,8591.59,8597.88,8547.6,8560.17,0,0
20110915,8572.74,9163.53,8572.74,8799,0,0
20110916,8981.27,8987.55,8799,8930.99,0,0
20110919,9000.12,9000.12,8673.3,8811.57,0,0
20110920,8930.99,9075.54,8811.57,9025.26,0,0
20110921,9000.12,9276.66,8843,8843,0,0
20110922,8843,8843,8610.45,8610.45,0,0
20110923,8547.6,8635.59,8547.6,8610.45,0,0
20110926,8604.16,8987.55,8597.88,8987.55,0,0
20110927,9238.95,9245.24,8987.55,9245.24,0,0
20110928,9176.1,9301.8,9176.1,9238.95,0,0
20110929,9176.1,9553.2,9176.1,9301.8,0,0
20110930,9182.39,9402.36,9176.1,9301.8,0,0
20111003,9276.66,9301.8,9018.97,9301.8,0,0
20111004,8924.7,9050.4,8805.28,9050.4,0,0
20111005,9056.69,9056.69,8861.85,8905.85,0,0
20111006,8924.7,8987.55,8905.85,8937.27,0,0
20111007,9050.4,9050.4,8836.71,8924.7,0,0
20111010,8861.85,8987.55,8799,8893.28,0,0
20111011,8924.7,9006.41,8824.14,8874.42,0,0
20111012,8962.41,9050.4,8956.13,9037.83,0,0
20111013,9088.11,9176.1,9012.69,9163.53,0,0
20111014,9213.81,9213.81,9056.69,9100.68,0,0
20111017,9144.68,9207.53,9119.53,9119.54,0,0
20111018,9056.69,9056.69,8930.99,9025.26,0,0
20111019,9012.69,9194.96,9012.69,9081.83,0,0
20111020,8987.55,9081.83,8987.55,8993.84,0,0
20111021,9025.26,9176.1,9025.26,9113.25,0,0
20111024,9188.67,9301.8,9144.68,9176.1,0,0
20111025,9188.67,9339.51,9188.67,9226.38,0,0
20111026,9226.38,9402.36,9226.38,9301.8,0,0
20111027,9414.93,9867.45,9414.93,9867.45,0,0
20111028,9930.3,9942.87,9867.45,9905.16,0,0
20111031,9842.31,9905.16,9716.61,9729.18,0,0
20111102,9427.5,9678.9,9364.65,9616.05,0,0
20111103,9678.9,9691.47,9616.05,9616.05,0,0
20111104,9565.77,9729.18,9565.77,9729.18,0,0
20111107,9729.18,9729.18,9521.78,9597.2,0,0
20111108,9678.9,9741.75,9678.9,9741.75,0,0
20111109,9716.61,9842.31,9716.61,9741.75,0,0
20111110,9678.9,9867.45,9465.21,9465.21,0,0
20111114,9634.91,9867.45,9616.05,9867.45,0,0
20111115,9704.04,9986.87,9678.9,9986.87,0,0
20111116,9810.89,9810.89,9546.91,9634.91,0,0
20111117,9854.88,9930.3,9590.91,9741.75,0,0
20111118,9867.45,9867.45,9396.08,9779.46,0,0
20111121,9842.31,9842.31,9427.5,9553.2,0,0
20111122,9553.2,9678.9,9458.93,9458.93,0,0
20111123,9484.07,9484.07,8993.84,8993.84,0,0
20111124,9163.53,9176.1,8572.74,8742.44,0,0
20111125,8773.86,9050.4,8648.16,9050.4,0,0
20111128,8974.98,9176.1,8974.98,9150.96,0,0
20111129,9270.38,9270.38,9125.82,9125.82,0,0
20111130,9113.25,9603.48,8817.86,9603.48,0,0
20111201,9622.34,9678.9,9565.77,9678.9,0,0
20111202,9628.62,9716.61,9477.78,9553.2,0,0
20111205,9722.9,9942.87,9490.35,9741.75,0,0
20111206,9622.34,9804.6,9427.5,9427.5,0,0
20111207,9616.05,9628.62,9427.5,9546.92,0,0
20111208,9634.91,9660.05,9465.21,9546.92,0,0
20111209,9433.78,9653.76,9232.66,9647.48,0,0
20111212,9553.2,9553.2,9421.22,9427.5,0,0
20111213,9427.5,9609.77,9301.8,9326.94,0,0
20111214,9427.5,9546.92,9276.66,9546.92,0,0
20111215,9238.95,9546.92,9238.95,9364.65,0,0
20111216,9364.65,9490.35,9326.94,9364.65,0,0
20111219,9264.09,9339.51,9062.97,9062.97,0,0
20111220,8924.7,9345.8,8924.7,9345.8,0,0
20111221,9326.94,9930.3,9201.24,9930.3,0,0
20111222,9729.18,9930.3,9578.34,9741.75,0,0
20111223,9741.75,9842.31,9553.2,9842.31,0,0
20111227,9810.89,9842.31,9534.34,9678.9,0,0
20111228,9678.9,9779.46,9678.9,9779.46,0,0
20111229,9779.46,9854.88,9647.47,9804.6,0,0
20111230,9754.32,9930.3,9678.9,9880.02,0,0
20120102,9942.87,9942.87,9741.75,9917.73,0,0
20120103,9942.87,9993.15,9836.03,9993.15,0,0
20120104,9930.3,9993.15,9911.45,9993.15,0,0
20120105,9980.58,9980.58,9779.46,9804.6,0,0
20120109,9817.17,9817.17,9553.2,9741.75,0,0
20120110,9779.46,9785.75,9741.75,9779.46,0,0
20120111,9741.75,9741.75,9559.49,9603.48,0,0
20120112,9546.91,9741.75,9546.91,9741.75,0,0
20120113,9785.75,9867.45,9735.47,9766.89,0,0
20120116,9697.76,9817.17,9697.76,9798.32,0,0
20120117,9754.32,9974.3,9754.32,9974.3,0,0
20120118,9999.44,10181.7,9980.58,10143.99,0,0
20120119,10206.84,10206.84,10056,10056,0,0
20120120,10169.13,10169.13,10068.57,10068.57,0,0
20120123,10162.85,10181.7,10068.57,10118.85,0,0
20120124,10150.28,10181.7,9873.74,9880.02,0,0
20120125,10030.86,10043.43,9880.02,9942.87,0,0
20120126,9993.15,10332.54,9911.45,10307.4,0,0
20120127,10319.97,10483.38,10319.97,10357.68,0,0
20120130,10357.68,10401.68,10169.13,10169.13,0,0
20120131,10282.26,10521.09,10169.13,10332.54,0,0
20120201,10477.1,10477.1,10433.1,10433.1,0,0
20120202,10483.38,10483.38,10244.55,10345.11,0,0
20120203,10307.4,10495.95,10187.99,10407.96,0,0
20120206,10370.25,10634.22,10370.25,10621.65,0,0
20120207,10621.65,10684.5,10495.95,10634.22,0,0
20120208,10609.08,10684.5,10571.37,10621.65,0,0
20120209,10621.65,10621.65,10395.39,10395.39,0,0
20120210,10143.99,10495.95,10131.42,10433.1,0,0
20120213,10433.1,10433.1,10382.82,10433.1,0,0
20120214,10445.67,10521.09,10319.97,10495.95,0,0
20120215,10621.65,10709.64,10495.95,10684.5,0,0
20120216,10690.79,10703.36,10558.8,10684.5,0,0
20120217,10791.35,10935.9,10791.35,10935.9,0,0
20120220,10998.75,11093.03,10935.9,11061.6,0,0
20120221,11061.6,11137.02,10935.9,10935.9,0,0
20120222,11011.32,11011.32,10690.79,10954.76,0,0
20120223,10942.19,10954.76,10791.35,10816.49,0,0
20120224,10709.64,11030.18,10709.64,10998.75,0,0
20120227,10998.75,10998.75,10709.64,10709.64,0,0
20120228,10772.49,10998.75,10747.35,10935.9,0,0
20120229,10929.62,10998.75,10703.36,10998.75,0,0
20120301,10998.75,11017.61,10785.06,10935.9,0,0
20120302,10803.92,11061.6,10803.92,11061.6,0,0
20120305,10885.62,11080.46,10810.2,11061.6,0,0
20120306,11036.46,11124.45,10885.62,11124.45,0,0
20120307,11124.45,11124.45,10854.2,10935.9,0,0
20120308,11086.74,11137.02,10935.9,11137.02,0,0
20120309,11061.6,11137.02,10979.9,11105.6,0,0
20120312,11105.6,11111.88,11049.03,11055.32,0,0
20120313,11061.6,11187.3,11061.6,11099.31,0,0
20120314,11111.88,11313,10986.18,11118.17,0,0
20120315,11118.17,11313,11118.17,11313,0,0
20120316,11313,11382.14,11174.73,11275.29,0,0
20120319,11275.29,11438.7,11187.3,11187.3,0,0
20120320,11306.72,11438.7,11124.45,11319.29,0,0
20120321,11451.27,11451.27,11338.14,11375.85,0,0
20120322,11256.44,11256.44,10979.9,11174.73,0,0
20120323,11174.73,11193.59,10992.47,11187.3,0,0
20120326,11287.86,11300.43,11080.46,11187.3,0,0
20120327,11193.59,11325.57,11187.3,11313,0,0
20120328,11313,11313,11130.74,11212.44,0,0
20120329,11124.45,11294.15,11118.17,11212.44,0,0
20120330,11061.6,11212.44,11061.6,11105.6,0,0
20120402,11187.3,11187.3,11011.32,11061.6,0,0
20120403,11187.3,11187.3,10835.34,10835.34,0,0
20120404,10810.2,10923.33,10558.8,10678.22,0,0
20120405,10722.21,10759.92,10583.94,10583.94,0,0
20120410,10382.82,10433.1,10181.7,10250.84,0,0
20120411,10250.84,10250.84,10056,10056,0,0
20120412,10056,10175.42,10056,10118.85,0,0
20120413,10225.7,10508.52,10219.41,10370.25,0,0
20120416,10370.25,10552.52,10370.25,10382.82,0,0
20120417,10395.39,10439.39,10382.82,10395.39,0,0
20120418,10313.69,10370.25,10187.99,10244.55,0,0
20120419,10433.1,10602.8,10244.55,10602.8,0,0
20120420,10502.24,10502.24,10187.99,10294.83,0,0
20120423,10187.99,10187.99,9993.15,9993.15,0,0
20120424,9993.15,10056,9993.15,10056,0,0
20120425,10118.85,10225.7,9999.44,10081.14,0,0
20120426,10181.7,10181.7,9999.44,10162.85,0,0
20120427,10206.84,10244.55,10056,10131.42,0,0
20120430,10181.7,10181.7,10074.86,10175.42,0,0
20120502,10056,10156.56,9993.15,9993.15,0,0
20120504,10244.55,10558.8,9993.15,10005.72,0,0
20120507,10018.29,10131.42,9993.15,9993.15,0,0
20120508,10056,10169.13,9993.15,9993.15,0,0
20120509,10056,10156.56,10056,10056,0,0
20120510,10118.85,10118.85,10056,10106.28,0,0
20120511,10030.86,10244.55,10024.58,10244.55,0,0
20120514,10263.41,10263.41,10056,10056,0,0
20120515,10037.15,10175.42,10030.86,10030.86,0,0
20120516,9993.15,10056,9930.3,9930.3,0,0
20120517,9924.02,9930.3,9748.03,9861.17,0,0
20120518,9559.49,9861.17,9553.2,9829.74,0,0
20120521,9678.9,9905.16,9678.9,9867.45,0,0
20120522,9854.88,9867.45,9616.05,9678.9,0,0
20120523,9660.05,9691.47,9440.07,9666.33,0,0
20120524,9616.05,9616.05,9465.21,9609.77,0,0
20120525,9804.6,9804.6,9710.33,9729.18,0,0
20120528,9804.6,9804.6,9616.05,9792.03,0,0
20120529,9559.49,9792.03,9540.63,9792.03,0,0
20120530,9785.75,9792.03,9622.34,9641.19,0,0
20120531,9597.2,9785.75,9452.64,9741.75,0,0
20120601,9804.6,9804.6,9628.62,9729.18,0,0
20120604,9704.04,9704.04,9050.4,9421.22,0,0
20120605,9062.97,9421.22,8987.55,9301.8,0,0
20120606,9289.23,9301.8,9238.95,9301.8,0,0
20120608,9320.66,9427.5,9257.81,9427.5,0,0
20120611,9553.2,9553.2,9251.52,9427.5,0,0
20120612,9427.5,9616.05,9301.8,9553.2,0,0
20120613,9452.64,9678.9,9452.64,9678.9,0,0
20120614,9716.61,9716.61,9565.77,9672.62,0,0
20120615,9704.04,9804.6,9704.04,9804.6,0,0
20120618,9804.6,9804.6,9710.33,9785.75,0,0
20120619,9678.9,9804.6,9678.9,9804.6,0,0
20120620,9861.16,9867.45,9678.9,9678.9,0,0
20120621,9735.47,9804.6,9427.5,9572.06,0,0
20120622,9540.63,9785.75,9540.63,9678.9,0,0
20120625,9666.33,9773.18,9666.33,9741.75,0,0
20120626,9735.47,9930.3,9735.47,9930.3,0,0
20120627,10030.86,10131.42,10030.86,10131.42,0,0
20120628,10137.71,10169.13,9930.3,10118.85,0,0
20120629,10118.85,10426.82,10118.85,10257.12,0,0
20120702,10489.67,10489.67,10056,10056,0,0
20120703,10231.98,10231.98,10005.72,10181.7,0,0
20120704,10175.42,10175.42,10030.86,10056,0,0
20120705,10181.7,10181.7,9968.01,10005.72,0,0
20120706,10056,10112.57,9823.46,9930.3,0,0
20120709,10056,10056,9930.3,10043.43,0,0
20120710,10056,10056,9829.74,10024.58,0,0
20120711,10056,10056,9710.33,9722.9,0,0
20120712,9898.88,9917.73,9301.8,9301.8,0,0
20120713,9748.03,9748.03,9213.81,9414.93,0,0
20120716,9452.64,9647.47,9402.36,9578.34,0,0
20120717,9735.47,9741.75,9502.92,9741.75,0,0
20120718,9804.6,9867.45,9515.49,9590.91,0,0
20120719,9804.6,9842.31,9565.77,9741.75,0,0
20120720,9930.3,9930.3,9616.05,9741.75,0,0
20120723,9930.3,9930.3,9440.07,9616.05,0,0
20120724,9930.3,9930.3,9578.34,9603.48,0,0
20120725,9729.18,9729.18,9440.07,9452.64,0,0
20120726,9559.49,9616.05,9308.09,9477.78,0,0
20120727,9553.2,9678.9,9440.07,9678.9,0,0
20120730,9565.77,9685.19,9553.2,9616.05,0,0
20120731,9616.05,9672.62,9565.77,9616.05,0,0
20120801,9678.9,9804.6,9553.2,9766.89,0,0
20120802,9804.6,9804.6,9490.35,9553.2,0,0
20120803,9829.74,9829.74,9377.22,9553.2,0,0
20120806,9603.48,9792.03,9377.22,9377.22,0,0
20120807,9553.2,9553.2,9289.23,9289.23,0,0
20120808,9578.34,9647.47,9427.5,9590.91,0,0
20120809,9678.9,10056,9590.91,9892.59,0,0
20120810,9804.6,10056,9804.6,9892.59,0,0
20120813,10056,10370.25,9936.59,10307.4,0,0
20120814,10433.1,10495.95,10206.84,10433.1,0,0
20120816,10370.25,10495.95,10370.25,10470.81,0,0
20120817,10495.95,10495.95,10282.26,10307.4,0,0
20120820,10244.55,10433.1,10206.84,10206.84,0,0
20120821,10426.82,10426.82,10169.13,10301.12,0,0
20120822,10345.11,10433.1,10257.12,10307.4,0,0
20120823,10433.1,10433.1,10118.85,10307.4,0,0
20120824,10407.96,10407.96,10131.42,10345.11,0,0
20120827,10319.97,10433.1,10250.84,10433.1,0,0
20120828,10370.25,10558.8,10370.25,10433.1,0,0
20120829,10558.8,10621.65,10414.25,10458.24,0,0
20120830,10558.8,10621.65,10407.96,10552.52,0,0
20120831,10684.5,10684.5,10401.68,10678.22,0,0
20120903,10747.35,10747.35,10527.38,10546.23,0,0
20120904,10659.36,10684.5,10382.82,10577.66,0,0
20120905,10583.94,10583.94,10477.1,10558.8,0,0
20120906,10684.5,10684.5,10527.38,10558.8,0,0
20120907,10671.93,10671.93,10521.09,10558.8,0,0
20120910,10659.36,10659.36,10533.66,10558.8,0,0
20120911,10558.8,10558.8,10451.96,10495.95,0,0
20120912,10671.93,10671.93,10395.39,10621.65,0,0
20120913,10671.93,10671.93,10508.52,10508.52,0,0
20120914,10671.93,10935.9,10558.8,10697.07,0,0
20120917,10935.9,10935.9,10697.07,10810.2,0,0
20120918,10923.33,10923.33,10671.93,10873.05,0,0
20120919,10873.05,10885.62,10697.07,10810.2,0,0
20120920,10810.2,10810.2,10627.94,10759.92,0,0
20120921,10885.62,10885.62,10583.94,10583.94,0,0
20120924,10665.65,10665.65,10527.38,10571.37,0,0
20120925,10590.23,10684.5,10433.1,10659.36,0,0
20120926,10684.5,10684.5,10508.52,10659.36,0,0
20120927,10684.5,10684.5,10521.09,10678.22,0,0
20120928,10671.93,10678.22,10527.38,10571.37,0,0
20121001,10659.36,10659.36,10495.95,10565.09,0,0
20121002,10602.8,10640.51,10539.95,10596.51,0,0
20121003,10627.94,10627.94,10508.52,10546.23,0,0
20121004,10539.95,10678.22,10508.52,10508.52,0,0
20121005,10590.23,10747.35,10451.96,10747.35,0,0
20121008,10810.2,10810.2,10653.08,10684.5,0,0
20121009,10810.2,10810.2,10602.8,10665.65,0,0
20121010,10785.06,10785.06,10634.22,10678.22,0,0
20121011,10684.5,10747.35,10590.23,10747.35,0,0
20121012,10810.2,10810.2,10621.65,10734.78,0,0
20121015,10741.07,10747.35,10558.8,10621.65,0,0
20121016,10747.35,10747.35,10621.65,10747.35,0,0
20121017,10810.2,10885.62,10715.93,10885.62,0,0
20121018,10935.9,11187.3,10885.62,11187.3,0,0
20121019,11187.3,11212.44,10942.19,10998.75,0,0
20121022,11124.45,11174.73,10923.33,10979.9,0,0
20121023,10709.64,11124.45,10709.64,10979.9,0,0
20121024,10923.33,10929.62,10734.78,10810.2,0,0
20121025,10904.48,10986.18,10810.2,10829.06,0,0
20121026,11061.6,11061.6,10722.21,10803.92,0,0
20121029,10690.79,10898.19,10690.79,10803.92,0,0
20121030,10854.2,10935.9,10747.35,10917.05,0,0
20121031,10986.18,10986.18,10810.2,10935.9,0,0
20121102,11023.89,11023.89,10835.34,10891.91,0,0
20121105,10998.75,11061.6,10891.91,10935.9,0,0
20121106,10935.9,10935.9,10847.91,10879.34,0,0
20121107,10967.33,10967.33,10722.21,10810.2,0,0
20121108,10847.91,10847.91,10514.81,10558.8,0,0
20121109,10558.8,10571.37,10433.1,10558.8,0,0
20121112,10684.5,10753.64,10521.09,10546.23,0,0
20121113,10634.22,10697.07,10521.09,10615.37,0,0
20121114,10678.22,10678.22,10495.95,10558.8,0,0
20121115,10634.22,10634.22,10433.1,10558.8,0,0
20121116,10671.93,10671.93,10533.66,10577.66,0,0
20121119,10734.78,10873.05,10596.51,10728.5,0,0
20121120,10747.35,10873.05,10728.5,10810.2,0,0
20121121,10873.05,10873.05,10747.35,10803.92,0,0
20121122,10835.34,10835.34,10734.78,10778.78,0,0
20121123,10797.63,10854.2,10684.5,10810.2,0,0
20121126,10923.33,11061.6,10810.2,10998.75,0,0
20121127,11061.6,11306.72,11061.6,11237.58,0,0
20121128,11313,11313,11005.04,11137.02,0,0
20121129,11313,11313,11137.02,11300.43,0,0
20121130,11375.85,11375.85,11193.59,11193.59,0,0
20121203,11162.16,11212.44,11149.59,11206.16,0,0
20121204,11269.01,11269.01,11093.03,11149.59,0,0
20121205,11212.44,11212.44,11099.31,11137.02,0,0
20121206,11375.85,11507.84,11137.02,11363.28,0,0
20121207,11438.7,11438.7,11269.01,11306.72,0,0
20121210,11313,11419.85,11256.44,11306.72,0,0
20121211,11306.72,11306.72,11212.44,11306.72,0,0
20121212,11306.72,11576.97,11294.15,11313,0,0
20121213,11589.54,11589.54,11193.59,11313,0,0
20121214,11099.31,11501.55,11099.31,11313,0,0
20121217,11463.84,11463.84,11281.58,11313,0,0
20121218,11495.27,11495.27,11218.73,11300.43,0,0
20121219,11432.42,11438.7,11243.87,11313,0,0
20121220,11463.84,11526.69,11338.14,11375.85,0,0
20121221,11690.1,11752.95,11375.85,11400.99,0,0
20121227,11690.1,11690.1,11400.99,11457.56,0,0
20121228,11564.4,11564.4,11350.71,11438.7,0,0
20130102,11319.29,11394.71,11287.86,11287.86,0,0
20130103,11281.58,11300.43,11187.3,11300.43,0,0
20130104,11300.43,11300.43,11061.6,11105.6,0,0
20130107,11124.45,11250.15,10967.33,11174.73,0,0
20130108,11187.3,11306.72,11187.3,11287.86,0,0
20130109,11187.3,11306.72,11149.59,11306.72,0,0
20130110,11294.15,11294.15,11099.31,11187.3,0,0
20130111,11187.3,11187.3,11074.17,11074.17,0,0
20130114,11105.6,11118.17,11074.17,11080.46,0,0
20130115,11137.02,11313,11080.46,11143.31,0,0
20130116,11067.89,11111.88,11067.89,11074.17,0,0
20130117,11130.74,11181.02,11074.17,11086.74,0,0
20130118,11086.74,11099.31,11061.6,11093.03,0,0
20130121,11137.02,11162.16,11074.17,11093.03,0,0
20130122,11143.31,11143.31,11042.75,11042.75,0,0
20130123,11049.03,11099.31,10810.2,11099.31,0,0
20130124,11099.31,11155.88,11049.03,11137.02,0,0
20130125,11187.3,11187.3,11061.6,11074.17,0,0
20130128,11099.31,11111.88,11030.18,11093.03,0,0
20130129,11099.31,11099.31,11061.6,11093.03,0,0
20130130,11067.89,11187.3,10973.61,10973.61,0,0
20130131,10948.47,11143.31,10785.06,11124.45,0,0
20130201,11300.43,11300.43,10935.9,10935.9,0,0
20130204,11174.73,11287.86,10822.77,11287.86,0,0
20130205,11275.29,11275.29,11061.6,11137.02,0,0
20130206,11212.44,11212.44,10898.19,11124.45,0,0
20130207,11111.88,11438.7,11061.6,11432.42,0,0
20130208,11250.15,11313,11250.15,11313,0,0
20130211,11199.87,11400.99,11105.6,11105.6,0,0
20130212,11212.44,11212.44,11036.46,11124.45,0,0
20130213,11187.3,11187.3,11042.75,11042.75,0,0
20130214,11011.32,11017.61,10772.49,10810.2,0,0
20130215,10873.05,11061.6,10810.2,10998.75,0,0
20130218,11124.45,11124.45,10810.2,10935.9,0,0
20130219,11061.6,11061.6,10621.65,10621.65,0,0
20130220,10923.33,10973.61,10464.53,10923.33,0,0
20130221,10873.05,10873.05,10653.08,10873.05,0,0
20130222,10873.05,10923.33,10810.2,10810.2,0,0
20130225,10873.05,10935.9,10822.77,10923.33,0,0
20130226,10935.9,10935.9,10841.63,10935.9,0,0
20130227,10973.61,10998.75,10866.77,10917.05,0,0
20130228,11111.88,11225.01,11093.03,11225.01,0,0
20130301,11231.3,11231.3,11030.18,11124.45,0,0
20130304,11231.3,11231.3,10986.18,10986.18,0,0
20130305,11162.16,11212.44,11093.03,11162.16,0,0
20130306,11212.44,11306.72,11149.59,11193.59,0,0
20130307,11313,11319.29,11086.74,11243.87,0,0
20130308,11313,11564.4,11243.87,11564.4,0,0
20130311,11690.1,11815.8,11690.1,11809.52,0,0
20130312,11752.95,11809.52,11570.69,11683.82,0,0
20130313,11690.1,11752.95,11639.82,11690.1,0,0
20130314,11752.95,11765.52,11488.98,11488.98,0,0
20130315,11715.24,11746.67,11313,11313,0,0
20130318,11426.13,11426.13,11187.3,11388.42,0,0
20130319,11426.13,11463.84,11243.87,11313,0,0
20130320,11564.4,11564.4,11331.86,11470.13,0,0
20130321,11551.83,11551.83,11250.15,11413.56,0,0
20130322,11476.41,11476.41,11225.01,11250.15,0,0
20130325,11400.99,11400.99,11036.46,11187.3,0,0
20130326,11243.87,11438.7,10992.47,11250.15,0,0
20130327,11061.6,11313,11017.61,11250.15,0,0
20130328,11061.6,11413.56,10942.19,11413.56,0,0
20130402,11627.25,11627.25,11363.28,11388.42,0,0
20130403,11388.42,11388.42,11187.3,11306.72,0,0
20130404,11375.85,11375.85,11206.16,11363.28,0,0
20130405,11400.99,11400.99,11262.72,11313,0,0
20130408,11375.85,11620.97,11325.57,11539.26,0,0
20130409,11514.12,11514.12,11400.99,11413.56,0,0
20130410,11470.13,11501.55,11407.28,11426.13,0,0
20130411,11501.55,11564.4,11476.41,11501.55,0,0
20130412,11501.55,11558.12,11438.7,11438.7,0,0
20130415,11439.96,11439.96,10796.37,10796.37,0,0
20130417,11061.6,11438.7,11061.6,11413.56,0,0
20130418,11311.74,11436.19,11187.3,11187.3,0,0
20130419,11438.7,11438.7,11214.95,11388.42,0,0
20130422,11438.7,11438.7,11228.78,11367.05,0,0
20130423,11436.19,11436.19,11242.6,11313,0,0
20130424,11419.85,11419.85,11130.74,11130.74,0,0
20130425,11186.04,11276.55,10816.49,11036.46,0,0
20130426,11061.6,11375.85,11030.18,11375.85,0,0
20130429,11388.42,11438.7,11231.3,11294.15,0,0
20130430,11564.4,11564.4,11275.29,11294.15,0,0
20130502,11494,11494,11269.01,11281.58,0,0
20130506,11419.85,11419.85,11214.95,11250.15,0,0
20130507,11287.86,11369.57,11250.15,11250.15,0,0
20130508,11250.15,11388.42,11250.15,11338.14,0,0
20130509,11426.13,11564.4,11426.13,11564.4,0,0
20130510,11438.7,11564.4,11438.7,11438.7,0,0
20130513,11438.7,11551.83,11438.7,11476.41,0,0
20130514,11563.14,11815.8,11350.71,11815.8,0,0
20130515,11752.95,11752.95,11483.96,11483.96,0,0
20130516,11539.26,11539.26,11457.56,11501.55,0,0
20130517,11441.21,11538,11439.96,11444.99,0,0
20130520,11494,11509.1,11413.56,11509.1,0,0
20130521,11426.13,11500.29,11314.26,11437.44,0,0
20130522,11316.77,11387.16,11316.77,11338.14,0,0
20130523,11313,11690.1,11184.79,11690.1,0,0
20130524,11627.25,11627.25,11400.99,11526.69,0,0
20130527,11444.99,11928.93,11444.99,11878.65,0,0
20130528,11815.8,11878.65,11813.29,11813.29,0,0
20130529,11727.81,11727.81,11501.55,11501.55,0,0
20130531,11588.28,11815.8,11502.81,11815.8,0,0
20130603,11815.8,11815.8,11636.05,11813.29,0,0
20130604,11840.94,11877.39,11755.46,11815.8,0,0
20130605,11768.03,12067.2,11768.03,12067.2,0,0
20130606,12067.2,12067.2,12006.86,12065.94,0,0
20130607,12137.6,12248.2,12137.6,12192.9,0,0
20130610,12248.2,12444.3,12107.42,12381.45,0,0
20130611,12419.16,12470.7,12381.45,12456.87,0,0
20130612,12450.59,12557.43,12357.57,12557.43,0,0
20130613,12557.43,12557.43,12381.45,12444.3,0,0
20130614,12444.3,12544.86,12444.3,12444.3,0,0
20130617,12557.43,12821.4,12482.01,12796.26,0,0
20130618,12645.42,12871.68,12645.42,12670.56,0,0
20130619,12695.7,12758.55,12570,12651.71,0,0
20130620,12632.85,12632.85,12431.73,12488.3,0,0
20130621,12557.43,12557.43,11771.81,12488.3,0,0
20130624,11927.67,11927.67,11760.5,11926.42,0,0
20130625,11941.5,12172.78,11926.42,11941.5,0,0
20130626,11891.22,11938.99,11438.7,11768.03,0,0
20130627,11768.03,11937.73,11313,11375.85,0,0
20130628,11438.7,11898.77,11438.7,11898.77,0,0
20130701,11898.77,11898.77,11815.8,11866.08,0,0
20130702,12060.92,12060.92,11941.5,11942.76,0,0
20130703,11954.07,11966.64,11602.11,11602.11,0,0
20130704,11565.66,11800.72,11565.66,11715.24,0,0
20130705,11807,11878.65,11730.32,11730.32,0,0
20130708,11877.39,11941.5,11637.31,11637.31,0,0
20130709,11889.96,11889.96,11634.8,11690.1,0,0
20130710,11940.24,12067.2,11747.93,11941.5,0,0
20130711,12067.2,12067.2,11734.1,11878.65,0,0
20130712,12004.35,12004.35,11815.8,11916.36,0,0
20130715,11935.22,11941.5,11771.81,11878.65,0,0
20130716,11776.83,12067.2,11776.83,12060.92,0,0
20130717,12060.92,12155.19,12060.92,12092.34,0,0
20130718,12130.05,12391.51,12130.05,12255.75,0,0
20130719,12192.9,12268.32,12192.9,12255.75,0,0
20130722,12318.6,12318.6,12130.05,12192.9,0,0
20130723,12233.12,12318.6,12067.2,12306.03,0,0
20130724,12368.88,12368.88,12122.5,12243.18,0,0
20130725,12192.9,12288.44,12192.9,12263.3,0,0
20130726,12255.75,12381.45,12199.19,12319.86,0,0
20130729,12319.86,12430.47,12219.3,12284.66,0,0
20130730,12265.81,12381.45,12265.81,12381.45,0,0
20130731,12431.73,12450.59,12343.74,12450.59,0,0
20130801,12445.56,12758.55,12269.58,12269.58,0,0
20130802,12570,12821.4,12570,12808.83,0,0
20130805,12821.4,12846.54,12720.84,12821.4,0,0
20130806,12846.54,13009.95,12846.54,12859.11,0,0
20130807,12934.53,13701.3,12852.83,13575.6,0,0
20130808,13575.6,14191.53,13456.19,13858.43,0,0
20130809,14015.55,14210.39,13732.73,14065.83,0,0
20130812,14065.83,14065.83,13827,13952.7,0,0
20130813,13889.85,14266.95,13776.72,14229.24,0,0
20130814,14380.08,14662.91,14266.95,14518.35,0,0
20130816,14694.33,14694.33,14499.5,14581.2,0,0
20130819,14637.77,14694.33,14455.5,14556.06,0,0
20130820,14405.22,14417.79,14204.1,14204.1,0,0
20130821,14204.1,14204.1,13921.28,13921.28,0,0
20130822,13896.14,14028.12,13839.57,13940.13,0,0
20130823,14034.41,14235.53,13990.41,14015.55,0,0
20130826,14141.25,14141.25,13896.14,13977.84,0,0
20130827,13952.7,13990.41,13770.44,13952.7,0,0
20130828,13827,13952.7,13273.92,13292.78,0,0
20130829,13324.2,13519.04,13242.5,13449.9,0,0
20130830,13563.03,13563.03,13330.49,13349.34,0,0
20130902,13493.9,13651.02,13475.04,13575.6,0,0
20130903,13575.6,13933.85,13575.6,13632.17,0,0
20130904,13952.7,13952.7,13204.79,13204.79,0,0
20130905,13022.52,13022.52,11727.81,11935.22,0,0
20130906,12067.2,12670.56,12067.2,12568.74,0,0
20130909,12695.7,13236.21,12507.15,13198.5,0,0
20130910,13267.64,13449.9,12984.81,12984.81,0,0
20130911,13097.94,13324.2,12840.26,13261.35,0,0
20130912,13204.79,13449.9,13204.79,13330.49,0,0
20130913,13324.2,13368.2,13267.64,13299.06,0,0
20130916,13355.63,13387.05,13223.64,13223.64,0,0
20130917,13368.2,13575.6,13047.66,13317.92,0,0
20130918,13324.2,13324.2,13085.37,13192.22,0,0
20130919,13330.49,13575.6,13324.2,13412.19,0,0
20130920,13500.18,13500.18,13236.21,13236.21,0,0
20130923,13198.5,13431.05,13198.5,13324.2,0,0
20130924,13324.2,13613.31,13324.2,13575.6,0,0
20130925,13625.88,13695.02,13600.74,13676.16,0,0
20130926,13701.3,14373.8,13701.3,14204.1,0,0
20130927,14204.1,14329.8,14109.83,14128.68,0,0
20130930,14455.5,14455.5,13827,14078.4,0,0
20131001,13764.15,14128.68,13764.15,14128.68,0,0
20131002,14128.68,14128.68,13952.7,14015.55,0,0
20131003,14065.83,14329.8,14015.55,14229.24,0,0
20131004,14304.66,14304.66,13977.84,13977.84,0,0
20131007,13977.84,14015.55,13651.02,13701.3,0,0
20131008,13638.45,13701.3,13500.18,13500.18,0,0
20131009,13500.18,13632.17,13462.47,13537.89,0,0
20131010,13537.89,13827,13537.89,13795.58,0,0
20131011,13764.15,14021.84,13764.15,13827,0,0
20131014,13827,14769.75,13827,14524.64,0,0
20131015,14644.05,15272.55,14644.05,15197.13,0,0
20131016,15197.13,15197.13,14725.76,15084,0,0
20131017,15272.55,15272.55,14958.3,15146.85,0,0
20131018,15146.85,15146.85,14480.64,14920.59,0,0
20131021,14926.88,15511.38,14926.88,15209.7,0,0
20131022,15209.7,15398.25,15102.86,15228.56,0,0
20131023,15398.25,15454.82,15171.99,15322.83,0,0
20131024,15046.29,15391.97,15046.29,15329.12,0,0
20131025,15335.4,15398.25,14876.6,14901.74,0,0
20131028,15027.44,15278.84,14908.02,14958.3,0,0
20131029,14895.45,15090.29,14769.75,14782.32,0,0
20131030,14732.04,14832.6,14329.8,14329.8,0,0
20131031,14637.77,14637.77,13877.28,14204.1,0,0
20131104,14266.95,14455.5,13707.59,14078.4,0,0
20131105,14405.22,14518.35,14266.95,14367.51,0,0
20131106,14593.77,14870.31,14593.77,14851.46,0,0
20131107,14864.03,15065.15,14857.74,15033.72,0,0
20131108,15033.72,15033.72,14468.07,14794.89,0,0
20131112,14832.6,15008.58,14593.77,14593.77,0,0
20131113,14706.9,14706.9,14116.11,14449.22,0,0
20131114,14455.5,14757.18,14455.5,14656.62,0,0
20131115,14832.6,14832.6,14662.91,14826.32,0,0
20131118,14889.17,15373.11,14882.88,15373.11,0,0
20131119,15373.11,15404.54,14970.87,15021.15,0,0
20131120,15014.87,15209.7,14845.17,15021.15,0,0
20131121,15021.15,15096.57,14920.59,14939.45,0,0
20131122,14933.16,15178.28,14933.16,15146.85,0,0
20131125,15222.27,15461.1,15146.85,15335.4,0,0
20131126,15398.25,15461.1,15335.4,15410.82,0,0
20131127,15398.25,15410.82,14989.73,15209.7,0,0
20131128,15209.7,15209.7,14920.59,14958.3,0,0
20131129,15159.42,15335.4,14964.59,15335.4,0,0
20131202,15360.54,15360.54,15052.58,15209.7,0,0
20131203,15084,15146.85,14706.9,14719.47,0,0
20131204,14719.47,14939.45,14380.08,14405.22,0,0
20131205,14405.22,14556.06,14405.22,14455.5,0,0
20131206,14593.77,14820.03,14593.77,14738.33,0,0
20131209,14832.6,14970.87,14782.32,14970.87,0,0
20131210,14970.87,14970.87,14606.34,14612.63,0,0
20131211,14549.78,14908.02,14549.78,14706.9,0,0
20131212,14568.63,14675.48,14204.1,14204.1,0,0
20131213,14455.5,14455.5,13908.71,13908.71,0,0
20131216,13833.29,14298.38,13827,13827,0,0
20131217,14072.12,14078.4,13437.33,13437.33,0,0
20131218,13387.05,14059.55,13035.09,13946.42,0,0
20131219,14317.23,14455.5,13946.42,14078.4,0,0
20131220,14266.95,14530.92,14078.4,14430.36,0,0
20131223,14581.2,14581.2,14329.8,14455.5,0,0
20131227,14455.5,14618.91,14078.4,14078.4,0,0
20131230,14279.52,14581.2,14116.11,14248.1,0,0
20140102,14172.68,14581.2,14172.68,14543.49,0,0
20140103,14556.06,14581.2,14417.79,14442.93,0,0
20140107,14556.06,14556.06,13971.56,13971.56,0,0
20140108,13971.56,14204.1,13839.57,13952.7,0,0
20140109,13827,13908.71,13519.04,13575.6,0,0
20140110,13575.6,13676.16,13299.06,13575.6,0,0
20140113,13475.04,13871,13431.05,13839.57,0,0
20140114,13814.43,13965.27,13682.45,13713.87,0,0
20140115,13958.99,14455.5,13952.7,14455.5,0,0
20140116,14417.79,14455.5,14197.82,14329.8,0,0
20140117,14505.78,14505.78,14103.54,14103.54,0,0
20140120,14304.66,14392.65,14153.82,14336.09,0,0
20140121,14336.09,14581.2,14248.1,14518.35,0,0
20140122,14644.05,14782.32,14518.35,14769.75,0,0
20140123,14769.75,15310.26,14732.04,15071.43,0,0
20140124,15203.42,15203.42,14807.46,14807.46,0,0
20140127,14656.62,14807.46,14046.98,14807.46,0,0
20140128,14405.22,15084,14405.22,15084,0,0
20140129,15027.44,15084,14681.76,14832.6,0,0
20140130,14958.3,14958.3,14530.92,14832.6,0,0
20140131,14725.76,15046.29,14725.76,15021.15,0,0
20140203,15046.29,15102.86,14738.33,15077.72,0,0
20140204,14977.16,15115.43,14895.45,15021.15,0,0
20140205,14769.75,15561.66,14769.75,15473.67,0,0
20140206,15574.23,16341,15486.24,16215.3,0,0
20140207,16215.3,16567.26,16215.3,16378.71,0,0
20140210,16341,16780.95,16341,16780.95,0,0
20140211,16780.95,16963.22,16724.39,16963.22,0,0
20140212,17095.2,17095.2,16843.8,16969.5,0,0
20140213,16963.22,16969.5,16699.25,16749.53,0,0
20140214,16692.96,16969.5,16033.04,16906.65,0,0
20140217,16906.65,16994.64,16868.94,16931.79,0,0
20140218,16919.22,16919.22,16623.82,16718.1,0,0
20140219,16410.14,16843.8,16171.31,16341,0,0
20140220,16284.44,16466.7,16177.59,16466.7,0,0
20140221,16491.84,16655.25,16472.99,16655.25,0,0
20140224,16542.12,16969.5,16523.26,16969.5,0,0
20140225,17032.35,17063.78,16718.1,16718.1,0,0
20140226,16718.1,16812.38,16510.69,16692.96,0,0
20140227,16780.95,16780.95,16466.7,16523.27,0,0
20140228,16592.4,16906.65,16278.15,16611.26,0,0
20140303,16001.61,16466.7,15838.2,15838.2,0,0
20140304,15838.2,16341,15838.2,16089.6,0,0
20140305,16152.45,16359.86,16026.75,16152.45,0,0
20140306,16246.73,16403.85,16183.88,16378.71,0,0
20140307,16202.73,16674.11,16202.73,16278.15,0,0
20140310,16089.6,16378.71,15963.9,16001.61,0,0
20140311,16007.9,16265.58,16007.9,16246.73,0,0
20140312,16033.04,16341,15530.24,15838.2,0,0
20140313,15486.24,15800.49,15084,15084,0,0
20140314,15084,15398.25,14832.6,15209.7,0,0
20140317,16020.47,16378.71,15662.22,16202.73,0,0
20140318,16592.4,16592.4,16215.3,16372.43,0,0
20140319,16504.41,16655.25,16095.89,16341,0,0
20140320,16378.71,16648.97,16108.45,16592.4,0,0
20140321,16718.1,16843.8,16397.56,16397.57,0,0
20140324,16472.99,16906.65,16221.59,16843.8,0,0
20140325,16843.8,16843.8,16479.27,16787.24,0,0
20140326,16655.25,16906.65,16655.25,16787.24,0,0
20140327,16856.37,17032.35,16592.4,16963.22,0,0
20140328,16655.25,16837.52,16655.25,16806.09,0,0
20140331,16843.8,16843.8,16655.25,16655.25,0,0
20140401,16655.25,17095.2,16655.25,17032.35,0,0
20140402,17220.9,17220.9,16906.65,16906.65,0,0
20140403,17158.05,17158.05,16762.1,16762.1,0,0
20140404,16718.1,16931.79,16718.1,16718.1,0,0
20140407,16906.65,16906.65,16422.7,16718.1,0,0
20140408,16887.8,17170.62,16749.53,17170.62,0,0
20140409,17095.2,17145.48,16982.07,16982.07,0,0
20140410,17170.62,17170.62,16850.09,16931.79,0,0
20140411,16843.8,16843.8,16598.69,16711.82,0,0
20140414,16762.1,16762.1,16353.57,16378.71,0,0
20140415,16491.84,16491.84,16089.6,16114.74,0,0
20140416,15875.91,16221.59,15875.91,15901.05,0,0
20140417,15938.76,16309.57,15875.91,16265.58,0,0
20140422,16523.26,16523.26,16215.3,16278.15,0,0
20140423,16466.7,16466.7,16341,16378.71,0,0
20140424,16391.28,16466.7,16215.3,16466.7,0,0
20140425,16278.15,17019.78,16278.15,16466.7,0,0
20140428,16843.8,16843.8,16466.7,16768.38,0,0
20140429,16504.41,16718.1,16240.44,16391.28,0,0
20140430,16454.13,17095.2,16391.28,17095.2,0,0
20140502,16724.39,17095.2,16592.4,16592.4,0,0
20140505,16711.81,16919.22,16598.69,16598.69,0,0
20140506,16705.53,16705.53,16240.44,16240.44,0,0
20140507,16341,16441.56,16051.89,16202.73,0,0
20140508,16215.3,16592.4,16215.3,16466.7,0,0
20140509,16592.4,16592.4,16051.89,16353.57,0,0
20140512,16392.6,16913,16392.6,16808.92,0,0
20140513,16782.9,17043.1,16782.9,16782.9,0,0
20140514,16913,16913,16717.85,16860.96,0,0
20140515,16795.91,16834.94,16392.6,16392.6,0,0
20140516,16392.6,16548.72,15950.26,16132.4,0,0
20140519,16132.4,16132.4,15755.11,15755.11,0,0
20140520,15768.12,16769.89,15768.12,16626.78,0,0
20140521,16529.21,16913,16529.21,16789.41,0,0
20140522,16789.41,16847.95,16399.11,16717.85,0,0
20140523,16769.89,17043.1,16659.31,17043.1,0,0
20140526,17108.15,17407.38,17043.1,17387.87,0,0
20140527,17264.27,17387.87,16913,17173.2,0,0
20140528,17082.13,17082.13,16913,16926.01,0,0
20140529,17004.07,17173.2,16919.51,17056.11,0,0
20140530,17108.15,17218.74,17056.11,17108.15,0,0
20140602,17108.15,17173.2,17075.63,17108.15,0,0
20140603,17108.15,17491.95,17108.15,17426.9,0,0
20140604,17452.92,17485.44,17244.76,17413.89,0,0
20140605,17420.39,17433.4,17322.81,17322.82,0,0
20140606,17303.3,17478.94,17238.25,17478.94,0,0
20140609,17498.45,17550.49,17433.4,17491.95,0,0
20140610,17407.38,17407.38,17407.38,17407.38,0,0
20140611,17277.28,17303.3,17056.11,17082.13,0,0
20140612,17082.13,17082.13,16841.45,17030.09,0,0
20140613,16913,17030.09,16913,16913,0,0
20140616,16841.45,17036.59,16665.81,16886.98,0,0
20140617,16503.19,17238.25,16503.19,17225.24,0,0
20140618,17114.66,17303.3,16886.98,16978.05,0,0
20140620,17056.11,17296.79,17043.1,17244.76,0,0
20140623,17303.3,17316.31,17244.76,17244.76,0,0
20140624,17316.31,17433.4,17179.71,17355.34,0,0
20140625,17355.34,17381.36,16919.51,16919.51,0,0
20140626,17290.29,17303.3,16789.41,16789.41,0,0
20140627,16795.91,17238.25,16795.91,17095.14,0,0
20140630,17095.14,17316.31,17095.14,17251.26,0,0
20140701,17114.66,17238.25,16926.01,16926.01,0,0
20140702,16919.51,17231.75,16672.31,16672.32,0,0
20140703,16730.86,17017.08,16691.83,16847.95,0,0
20140704,16906.5,16978.05,16756.88,16913,0,0
20140707,17101.64,17101.64,16782.9,16913,0,0
20140708,16913,17082.13,16652.8,16652.8,0,0
20140709,16867.47,16893.49,16327.55,16652.8,0,0
20140710,16737.37,16880.47,16392.6,16392.6,0,0
20140711,16646.29,16847.95,16522.7,16743.87,0,0
20140714,16743.87,17264.27,16743.87,17238.25,0,0
20140715,17238.25,17238.25,16847.95,17238.25,0,0
20140716,17173.2,17173.2,16978.05,16978.05,0,0
20140717,16854.46,17043.1,16802.42,16893.49,0,0
20140718,16815.43,17017.08,16717.85,16717.85,0,0
20140721,16717.85,16860.96,16717.85,16717.85,0,0
20140722,16717.85,16906.5,16717.85,16782.9,0,0
20140723,16782.9,17023.59,16652.8,16847.95,0,0
20140724,16782.9,16952.03,16776.39,16808.92,0,0
20140725,16873.97,16952.03,16873.97,16913,0,0
20140728,16782.9,17043.1,16782.9,17043.1,0,0
20140729,17160.19,17173.2,16978.05,17069.12,0,0
20140730,17069.12,17069.12,16913,17043.1,0,0
20140731,16913,17043.1,16913,17043.1,0,0
20140801,17160.19,17160.19,16600.76,17036.6,0,0
20140804,16913,17043.1,16913,17036.6,0,0
20140805,17114.66,17114.66,16587.75,16665.81,0,0
20140806,16913,17101.64,16477.17,16522.7,0,0
20140807,16841.45,16913,16392.6,16913,0,0
20140808,16587.75,16886.98,16392.6,16652.8,0,0
20140811,16574.74,16893.49,16574.74,16893.49,0,0
20140812,16899.99,16913,16269.01,16913,0,0
20140813,16672.31,17043.1,16672.31,17043.1,0,0
20140814,17023.59,17173.2,16880.47,17173.2,0,0
20140818,17173.2,17290.29,16919.51,17238.25,0,0
20140819,17238.25,17303.3,16978.05,17303.3,0,0
20140820,17173.2,17420.39,17173.2,17420.39,0,0
20140821,17420.39,17433.4,17387.87,17433.4,0,0
20140822,17433.4,17433.4,17368.35,17433.4,0,0
20140825,17433.4,17667.58,17433.4,17557,0,0
20140826,17557,17563.5,17433.4,17563.5,0,0
20140827,17628.55,17628.55,17530.97,17615.54,0,0
20140828,17563.5,17589.52,17543.99,17589.52,0,0
20140829,17465.93,17817.2,17465.93,17693.6,0,0
20140901,17693.6,17823.7,17472.43,17758.65,0,0
20140902,17784.67,17804.19,17550.49,17550.49,0,0
20140903,17687.1,17875.74,17680.59,17823.7,0,0
20140904,17953.8,18135.94,17895.26,18083.9,0,0
20140905,18038.37,18038.37,17953.8,18018.85,0,0
20140908,18005.84,18682.36,17849.72,18591.29,0,0
20140909,18344.1,18539.25,18279.05,18409.15,0,0
20140910,18227.01,18344.1,18227.01,18305.07,0,0
20140911,18200.99,18474.2,18200.99,18344.1,0,0
20140912,18344.1,18539.25,18214,18409.15,0,0
20140915,18474.2,19111.69,18474.2,18864.5,0,0
20140916,18864.5,19254.8,18858,19118.2,0,0
20140917,19163.73,19508.5,19163.73,19443.45,0,0
20140918,19501.99,19501.99,19267.81,19287.33,0,0
20140919,19384.9,19449.95,19332.86,19449.95,0,0
20140922,19501.99,19501.99,19384.9,19449.95,0,0
20140923,19449.95,19449.95,18988.1,19319.85,0,0
20140924,19254.8,19645.1,19131.21,19254.8,0,0
20140925,19443.45,19443.45,19144.22,19306.84,0,0
20140926,19150.72,19274.31,18656.34,19007.61,0,0
20140929,19007.61,19365.38,19007.61,19254.8,0,0
20140930,19443.45,19443.45,19131.21,19254.8,0,0
20141001,19378.4,19378.4,18740.91,19059.65,0,0
20141002,19059.65,19059.65,18487.21,18539.25,0,0
20141003,18604.3,18604.3,18227.01,18409.15,0,0
20141006,18409.15,18858,18409.15,18734.4,0,0
20141007,18734.4,18831.97,18669.35,18734.4,0,0
20141008,18695.37,18923.04,18474.2,18727.9,0,0
20141009,18929.55,19235.29,18565.27,18864.5,0,0
20141010,18864.5,18864.5,18214,18578.28,0,0
20141013,18357.11,18714.88,18357.11,18597.8,0,0
20141014,18578.28,18604.3,18279.05,18597.8,0,0
20141015,18604.3,18604.3,18148.95,18214,0,0
20141016,18337.6,18337.6,17953.8,18018.85,0,0
20141017,17901.76,18474.2,17901.76,18474.2,0,0
20141020,18474.2,18519.74,18214,18474.2,0,0
20141021,18467.7,18604.3,18266.04,18376.63,0,0
20141022,18376.63,18519.74,18240.02,18461.19,0,0
20141023,18526.24,18526.24,18253.03,18409.15,0,0
20141024,18389.63,18474.2,18357.11,18409.15,0,0
20141027,18474.2,18474.2,18305.07,18474.2,0,0
20141028,18539.25,18539.25,18415.66,18474.2,0,0
20141029,18474.2,18526.24,18214,18474.2,0,0
20141030,18415.66,18526.24,17921.28,18018.85,0,0
20141031,18057.88,18344.1,18057.88,18148.95,0,0
20141103,17953.8,18337.6,17953.8,18018.85,0,0
20141104,17953.8,18168.47,17953.8,18168.47,0,0
20141105,18096.91,18409.15,17823.7,18409.15,0,0
20141106,18597.79,18949.06,18597.79,18838.48,0,0
20141107,18734.4,18805.96,18610.81,18734.4,0,0
20141110,18838.48,19059.65,18740.91,18844.99,0,0
20141112,18981.59,19508.5,18871.01,19183.25,0,0
20141113,19033.63,19176.74,18864.5,18988.1,0,0
20141114,19118.2,19118.2,18825.47,18838.48,0,0
20141117,18838.48,18838.48,18675.86,18799.45,0,0
20141118,18818.97,18975.09,18435.17,18591.29,0,0
20141119,18591.29,18630.32,18428.67,18630.32,0,0
20141120,18474.2,18513.23,18383.13,18474.2,0,0
20141121,18591.29,18669.35,18428.67,18604.3,0,0
20141124,18604.3,18838.48,18604.3,18734.4,0,0
20141125,18799.45,18838.48,18604.3,18838.48,0,0
20141126,18838.48,18942.56,18578.28,18734.4,0,0
20141127,18610.81,19254.8,18610.81,19248.3,0,0
20141128,19248.29,19261.31,18701.88,18701.88,0,0
20141201,18799.45,18968.58,18773.43,18864.5,0,0
20141202,18864.5,19137.71,18864.5,19098.68,0,0
20141203,19189.75,19638.6,19189.75,19371.89,0,0
20141204,19384.9,19573.55,19014.12,19573.55,0,0
20141205,19573.54,19573.54,19228.78,19228.78,0,0
20141208,19254.8,19319.85,18949.06,19118.2,0,0
20141209,19144.22,19235.29,18864.5,18994.6,0,0
20141210,19020.62,19248.29,18864.5,18864.5,0,0
20141211,18682.36,18988.1,18474.2,18474.2,0,0
20141212,18851.49,18851.49,18174.97,18539.25,0,0
20141215,18539.25,18779.94,18539.25,18734.4,0,0
20141216,18734.4,18734.4,18135.94,18214,0,0
20141217,17953.8,18474.2,17940.79,18083.9,0,0
20141218,18083.9,18337.6,17947.29,18083.9,0,0
20141219,18083.9,18083.9,17667.58,17667.58,0,0
20141222,17953.8,18214,17823.7,18083.9,0,0
20141223,17953.8,18214,17953.8,18200.99,0,0
20141229,18344.1,18454.69,17758.65,18200.99,0,0
20141230,18565.27,18565.27,18103.42,18200.99,0,0
