Date,Open,High,Low,Close,Volume,OpenInt
20071204,84.91,84.91,84.91,84.91,0,0
20071205,84.91,85.5,83.13,84.91,0,0
20071206,86.04,86.45,83.13,86.1,0,0
20071207,85.5,85.5,82.83,83.19,0,0
20071210,83.19,84.91,83.13,84.02,0,0
20071211,83.19,83.19,83.19,83.19,0,0
20071212,81.05,81.94,81.05,81.94,0,0
20071213,83.01,83.13,81.94,81.94,0,0
20071214,83.13,83.13,80.22,81.35,0,0
20071217,83.19,83.19,83.19,83.19,0,0
20071218,83.13,83.13,77.78,77.78,0,0
20071219,78.44,83.19,78.44,83.19,0,0
20071220,84.32,84.32,82.36,82.36,0,0
20071221,82.42,83.43,82.24,82.24,0,0
20071227,83.72,83.72,80.16,81.35,0,0
20071228,81.94,81.94,78.97,81.05,0,0
20080102,78.91,82.77,78.91,81.94,0,0
20080103,81.94,81.94,78.56,80.46,0,0
20080104,80.46,80.46,80.46,80.46,0,0
20080107,78.91,83.13,78.91,81.05,0,0
20080108,83.13,83.13,80.93,82.24,0,0
20080109,83.6,83.6,81.35,81.94,0,0
20080110,81.23,81.88,77.78,79.74,0,0
20080111,81.94,81.94,79.8,79.8,0,0
20080114,77.13,77.13,77.13,77.13,0,0
20080115,77.13,77.13,75.23,75.23,0,0
20080116,71.85,71.85,70.07,71.85,0,0
20080117,71.85,73.57,71.79,73.57,0,0
20080118,77.13,77.13,73.45,75.11,0,0
20080121,77.13,77.13,75.23,75.23,0,0
20080122,77.13,77.13,77.13,77.13,0,0
20080123,77.13,77.13,77.13,77.13,0,0
20080124,77.13,77.13,75.23,75.23,0,0
20080125,77.13,77.13,77.13,77.13,0,0
20080128,77.13,77.13,77.13,77.13,0,0
20080129,77.13,77.13,77.13,77.13,0,0
20080130,77.13,77.13,77.13,77.13,0,0
20080131,78.38,78.38,76.54,76.54,0,0
20080201,78.38,81.94,78.38,81.94,0,0
20080204,79.57,80.28,77.19,77.19,0,0
20080205,78.32,78.32,78.32,78.32,0,0
20080206,78.32,78.32,78.32,78.32,0,0
20080207,78.32,78.32,78.32,78.32,0,0
20080208,78.32,78.32,78.32,78.32,0,0
20080211,78.32,81.64,77.25,77.25,0,0
20080212,81.82,81.82,79.51,79.51,0,0
20080213,79.63,81.94,79.63,79.63,0,0
20080214,81.76,81.76,81.76,81.76,0,0
20080215,81.76,81.76,81.76,81.76,0,0
20080218,81.76,81.76,81.76,81.76,0,0
20080219,81.82,81.82,81.05,81.05,0,0
20080220,81.82,81.82,81.76,81.76,0,0
20080221,81.82,81.82,81.76,81.82,0,0
20080222,81.82,81.94,81.82,81.94,0,0
20080225,81.35,83.72,81.35,83.72,0,0
20080226,86.1,86.1,83.6,83.6,0,0
20080227,83.13,83.13,83.13,83.13,0,0
20080228,83.13,83.13,83.13,83.13,0,0
20080229,83.13,83.43,83.13,83.13,0,0
20080303,83.31,84.02,83.13,83.13,0,0
20080304,84.02,84.02,83.13,83.72,0,0
20080305,84.02,84.02,83.72,83.72,0,0
20080306,83.72,83.72,83.48,83.48,0,0
20080307,83.72,83.72,82.06,82.83,0,0
20080310,82.77,82.77,82.77,82.77,0,0
20080311,83.72,83.9,83.72,83.9,0,0
20080312,83.72,83.9,83.72,83.72,0,0
20080313,83.72,83.72,83.72,83.72,0,0
20080314,83.72,83.72,83.72,83.72,0,0
20080317,83.72,84.2,81.94,84.2,0,0
20080318,84.2,84.2,84.2,84.2,0,0
20080319,84.32,84.32,84.2,84.2,0,0
20080320,84.02,84.02,84.02,84.02,0,0
20080325,84.02,84.02,84.02,84.02,0,0
20080326,84.02,84.02,84.02,84.02,0,0
20080327,84.02,91.92,82.53,82.53,0,0
20080328,88.77,88.77,83.13,83.13,0,0
20080331,85.21,85.21,85.21,85.21,0,0
20080401,85.15,85.15,84.02,84.02,0,0
20080402,85.15,85.15,83.43,83.43,0,0
20080403,85.15,85.15,83.13,83.13,0,0
20080404,85.15,85.15,85.15,85.15,0,0
20080407,85.15,85.15,85.15,85.15,0,0
20080408,85.15,85.15,84.97,84.97,0,0
20080409,84.61,84.61,83.13,83.72,0,0
20080410,84.97,84.97,83.25,83.25,0,0
20080411,84.97,84.97,84.97,84.97,0,0
20080414,83.19,83.66,83.13,83.13,0,0
20080415,83.78,83.78,83.19,83.19,0,0
20080416,83.78,84.02,83.78,84.02,0,0
20080417,84.97,85.15,84.97,85.15,0,0
20080418,85.21,86.1,85.21,85.8,0,0
20080421,86.1,86.1,85.68,85.68,0,0
20080422,85.68,85.68,83.78,84.32,0,0
20080423,86.1,86.1,83.43,83.43,0,0
20080424,85.21,85.21,84.91,84.91,0,0
20080425,84.91,84.91,84.32,84.32,0,0
20080428,84.91,84.91,84.32,84.91,0,0
20080429,84.91,84.91,84.91,84.91,0,0
20080430,79.39,84.91,79.39,84.91,0,0
20080505,78.97,84.91,78.97,84.91,0,0
20080506,84.91,84.91,84.91,84.91,0,0
20080507,84.91,84.91,83.13,83.13,0,0
20080508,84.32,84.32,84.32,84.32,0,0
20080509,84.32,84.32,84.32,84.32,0,0
20080512,84.91,84.91,84.32,84.32,0,0
20080513,84.85,84.85,84.85,84.85,0,0
20080514,84.79,84.79,84.79,84.79,0,0
20080515,84.61,84.85,83.72,84.85,0,0
20080516,84.85,84.85,84.85,84.85,0,0
20080519,83.72,84.91,83.72,84.91,0,0
20080520,84.61,84.61,84.61,84.61,0,0
20080521,84.32,84.32,84.32,84.32,0,0
20080523,84.61,84.61,84.32,84.61,0,0
20080526,84.61,84.61,83.13,83.13,0,0
20080527,84.61,84.61,84.61,84.61,0,0
20080528,84.55,84.55,84.55,84.55,0,0
20080529,84.55,89.01,84.55,89.01,0,0
20080530,89.01,94.94,89.01,92.09,0,0
20080602,92.09,100.23,92.09,98.57,0,0
20080603,99.16,108.07,98.86,108.07,0,0
20080604,108.13,109.2,101.89,102.01,0,0
20080605,104.5,104.5,102.19,102.19,0,0
20080606,104.5,104.5,104.5,104.5,0,0
20080609,104.5,104.5,100.7,104.5,0,0
20080610,104.62,104.62,104.5,104.5,0,0
20080611,100.53,100.94,100.53,100.94,0,0
20080612,97.38,99.75,97.38,97.62,0,0
20080613,99.58,99.58,99.58,99.58,0,0
20080616,99.75,99.75,96.79,96.79,0,0
20080617,95.3,97.68,95.12,97.68,0,0
20080618,97.38,97.38,96.79,96.79,0,0
20080619,97.97,97.97,97.97,97.97,0,0
20080620,97.97,97.97,93.34,93.34,0,0
20080623,97.97,97.97,93.34,93.4,0,0
20080624,89.66,95.6,89.07,91.44,0,0
20080625,91.44,91.44,89.07,89.07,0,0
20080626,89.72,96.79,89.07,93.82,0,0
20080627,95.6,95.6,89.54,91.98,0,0
20080630,95.6,96.19,91.44,91.44,0,0
20080701,84.67,92.04,84.67,92.04,0,0
20080702,92.57,92.99,90.08,90.08,0,0
20080703,90.31,90.31,89.24,89.24,0,0
20080704,89.96,92.99,89.07,89.07,0,0
20080707,97.26,97.26,87.28,88.47,0,0
20080708,89.78,91.74,87.28,89.78,0,0
20080709,90.37,90.37,89.78,89.78,0,0
20080710,90.67,90.67,89.72,89.78,0,0
20080711,90.79,92.04,89.07,89.66,0,0
20080714,92.69,92.69,89.07,92.63,0,0
20080715,95,95,89.07,94.94,0,0
20080716,85.5,91.8,85.5,91.8,0,0
20080717,92.33,92.33,89.13,90.85,0,0
20080718,92.63,92.63,90.85,90.85,0,0
20080721,92.87,93.34,89.48,89.48,0,0
20080722,92.63,92.63,92.63,92.63,0,0
20080723,93.22,93.82,92.63,93.82,0,0
20080724,95,95,94.41,94.41,0,0
20080725,95.54,95.54,91.5,95.54,0,0
20080728,95.54,95.54,95.54,95.54,0,0
20080729,95.48,95.48,95.48,95.48,0,0
20080730,95.48,95.6,90.91,95.6,0,0
20080731,97.5,97.5,92.21,95,0,0
20080801,96.19,96.19,92.04,93.82,0,0
20080804,95.6,95.6,92.81,95.6,0,0
20080805,95.6,97.44,94.53,97.44,0,0
20080806,97.44,97.91,95.12,97.91,0,0
20080807,98.57,100.94,98.57,100.94,0,0
20080808,100.94,106.88,100.35,100.94,0,0
20080811,101.83,101.83,100.94,100.94,0,0
20080812,102.72,102.72,101.54,102.72,0,0
20080813,103.02,103.02,98.27,98.27,0,0
20080814,100.94,102.07,100.94,102.07,0,0
20080818,102.07,102.54,102.07,102.54,0,0
20080819,105.51,105.51,100.41,103.91,0,0
20080820,102.66,102.72,98.09,98.09,0,0
20080821,106.58,106.58,100.94,100.94,0,0
20080822,106.58,106.58,101.54,104.44,0,0
20080825,106.29,106.29,102.13,105.63,0,0
20080826,105.1,105.1,105.1,105.1,0,0
20080827,105.04,105.04,100.94,100.94,0,0
20080828,105.04,105.04,100.94,100.94,0,0
20080829,103.85,103.85,103.85,103.85,0,0
20080901,103.2,103.2,103.2,103.2,0,0
20080902,103.2,103.2,103.2,103.2,0,0
20080903,104.44,104.44,104.44,104.44,0,0
20080904,104.44,106.88,104.21,106.88,0,0
20080905,106.88,106.88,106.88,106.88,0,0
20080908,107.47,107.47,107.47,107.47,0,0
20080909,106.88,107.95,106.88,107.95,0,0
20080910,107.41,107.41,102.13,102.13,0,0
20080911,106.17,106.17,102.13,102.13,0,0
20080912,106.58,107.95,106.58,107.95,0,0
20080915,108.07,108.07,103.91,103.91,0,0
20080916,106.88,106.88,102.01,102.01,0,0
20080917,102.78,103.32,100.94,103.32,0,0
20080918,96.67,105.1,96.67,105.1,0,0
20080919,106.88,106.88,105.1,106.88,0,0
20080922,106.88,106.88,106.88,106.88,0,0
20080923,98.21,106.29,98.21,106.29,0,0
20080924,106.58,106.58,100.94,103.91,0,0
20080925,101.54,103.91,97.97,103.79,0,0
20080926,103.91,103.91,103.32,103.79,0,0
20080929,103.79,103.79,100.94,100.94,0,0
20080930,100.94,100.94,100.76,100.76,0,0
20081001,100.88,103.79,100.76,103.79,0,0
20081002,103.79,103.79,103.79,103.79,0,0
20081003,100.94,103.61,100.94,103.61,0,0
20081006,103.73,103.73,103.73,103.73,0,0
20081007,101.54,103.2,95.36,103.2,0,0
20081008,103.02,103.2,97.38,103.08,0,0
20081009,103.08,103.08,98.15,102.72,0,0
20081010,103.32,103.32,95,96.79,0,0
20081013,99.64,99.69,93.82,93.82,0,0
20081014,101.54,101.54,93.82,97.97,0,0
20081015,100.94,100.94,89.07,100.94,0,0
20081016,102.01,102.01,95,98.57,0,0
20081017,89.3,100.64,89.3,98.57,0,0
20081020,98.57,98.57,93.46,97.85,0,0
20081021,97.97,97.97,93.22,96.13,0,0
20081022,98.57,98.57,93.4,93.76,0,0
20081023,100.35,100.35,89.07,93.16,0,0
20081024,97.97,97.97,88.18,91.14,0,0
20081027,91.09,91.09,86.1,89.01,0,0
20081028,89.07,89.07,84.97,89.01,0,0
20081029,83.84,89.07,83.07,83.07,0,0
20081030,91.03,91.03,85.68,89.01,0,0
20081031,86.45,89.96,86.45,89.01,0,0
20081103,89.07,89.07,86.28,89.01,0,0
20081104,97.38,97.38,89.01,89.01,0,0
20081105,97.79,97.79,87.88,92.63,0,0
20081106,94.35,94.35,89.07,89.07,0,0
20081107,94.94,94.94,87.34,89.01,0,0
20081110,93.22,93.22,88.12,89.01,0,0
20081112,92.87,92.87,88.35,89.07,0,0
20081113,89.24,89.3,89.24,89.3,0,0
20081114,92.04,92.04,89.07,90.19,0,0
20081117,90.25,90.25,89.84,89.84,0,0
20081118,89.66,89.66,89.01,89.01,0,0
20081119,89.96,89.96,89.48,89.48,0,0
20081120,90.43,90.43,83.13,88.18,0,0
20081121,87.88,88.18,87.88,87.88,0,0
20081124,89.01,89.66,87.82,89.07,0,0
20081125,91.74,91.74,91.26,91.26,0,0
20081126,92.04,95,89.01,89.07,0,0
20081127,93.64,95,87.82,92.63,0,0
20081128,86.39,93.34,86.39,92.04,0,0
20081201,89.07,92.04,89.07,91.74,0,0
20081202,86.39,93.82,86.39,93.82,0,0
20081203,86.51,92.63,86.51,92.63,0,0
20081204,91.56,92.04,91.56,92.04,0,0
20081205,92.04,92.75,92.04,92.75,0,0
20081208,89.42,95,89.42,95,0,0
20081209,97.68,97.97,90.25,96.79,0,0
20081210,97.97,97.97,94.17,97.85,0,0
20081211,97.97,99.1,95,99.1,0,0
20081212,90.91,100.82,90.91,100.82,0,0
20081215,102.66,102.66,97.97,101.42,0,0
20081216,101.42,101.42,97.97,101.06,0,0
20081217,101.06,101.36,96.73,100.88,0,0
20081218,100.88,100.88,96.19,96.79,0,0
20081219,95,100.88,95,97.56,0,0
20081222,100.88,100.88,95.12,98.57,0,0
20081223,100.94,100.94,99.64,99.64,0,0
20081229,100.82,100.82,97.62,100.47,0,0
20081230,101,101,96.37,99.99,0,0
20081231,100.35,100.35,96.19,97.26,0,0
20090105,99.75,99.75,97.08,99.1,0,0
20090106,95.3,97.08,95,96.07,0,0
20090107,96.07,96.07,92.04,92.04,0,0
20090108,92.09,95.12,90.55,90.55,0,0
20090109,94.41,94.41,90.61,91.32,0,0
20090112,92.39,92.45,89.3,92.45,0,0
20090113,92.04,92.87,90.85,92.45,0,0
20090114,89.36,93.34,89.36,92.63,0,0
20090115,93.34,93.34,89.36,91.5,0,0
20090116,90.97,91.38,89.36,91.38,0,0
20090119,93.16,93.16,88.47,90.91,0,0
20090120,89.07,92.93,87.82,88.83,0,0
20090121,90.37,90.37,81.35,87.46,0,0
20090122,88.18,88.41,82.3,82.89,0,0
20090123,84.43,84.43,78.97,83.13,0,0
20090126,83.31,83.31,82.24,83.13,0,0
20090127,84.32,84.32,83.13,83.13,0,0
20090128,83.13,83.13,83.13,83.13,0,0
20090129,84.38,84.38,82.42,84.38,0,0
20090130,83.96,84.38,83.96,84.38,0,0
20090202,85.38,85.38,83.78,83.78,0,0
20090203,83.72,83.72,83.72,83.72,0,0
20090204,84.38,84.38,83.72,83.72,0,0
20090205,83.9,83.9,83.9,83.9,0,0
20090206,84.38,84.38,82.71,82.83,0,0
20090209,80.81,80.81,80.16,80.16,0,0
20090210,83.07,83.07,73.33,76.95,0,0
20090211,77.19,78.91,71.55,78.91,0,0
20090212,79.57,79.57,79.57,79.57,0,0
20090213,79.51,79.57,75.41,79.45,0,0
20090216,71.55,78.14,71.55,78.14,0,0
20090217,79.51,79.51,73.63,75.94,0,0
20090218,77.67,78.44,72.97,76,0,0
20090219,79.57,79.57,77.19,77.19,0,0
20090220,80.46,80.46,73.03,75.41,0,0
20090223,76,76,75.41,76,0,0
20090224,74.52,76.24,73.33,75.77,0,0
20090225,75.83,75.83,71.25,73.87,0,0
20090226,74.46,74.46,69.77,73.33,0,0
20090227,73.33,74.22,71.61,73.51,0,0
20090302,73.09,74.16,70.07,73.51,0,0
20090303,71.85,73.21,70.07,70.07,0,0
20090304,71.97,72.74,70.96,70.96,0,0
20090305,73.27,73.27,71.25,71.25,0,0
20090306,73.03,73.03,71.85,71.85,0,0
20090309,73.03,73.03,71.97,71.97,0,0
20090310,78.97,78.97,77.55,78.91,0,0
20090311,78.97,78.97,77.19,78.97,0,0
20090312,74.22,76.6,74.22,76.6,0,0
20090313,78.97,78.97,77.07,77.07,0,0
20090316,74.22,78.91,74.22,78.91,0,0
20090317,76.6,76.6,76.6,76.6,0,0
20090318,73.92,87.58,73.92,84.91,0,0
20090319,86.1,86.75,86.1,86.69,0,0
20090320,87.58,90.85,86.1,90.55,0,0
20090323,87.64,93.76,87.64,91.44,0,0
20090324,92.63,100.35,92.63,97.91,0,0
20090325,92.04,97.91,91.98,95,0,0
20090326,93.22,93.22,90.97,92.57,0,0
20090327,91.14,91.14,89.96,89.96,0,0
20090330,85.98,93.82,85.98,89.07,0,0
20090331,93.76,93.76,89.84,92.04,0,0
20090401,92.04,92.04,92.04,92.04,0,0
20090402,93.76,93.76,91.56,91.56,0,0
20090403,92.33,95.6,91.74,95.6,0,0
20090406,95.6,95.6,95.18,95.18,0,0
20090407,95.6,95.6,93.28,95,0,0
20090408,95.6,97.91,93.4,93.4,0,0
20090409,96.19,96.19,93.88,93.88,0,0
20090414,96.13,96.13,93.88,95,0,0
20090415,95.89,96.61,95.89,95.89,0,0
20090416,96.67,96.67,94.35,96.61,0,0
20090417,96.61,96.61,96.55,96.55,0,0
20090420,96.67,96.67,96.67,96.67,0,0
20090421,96.73,96.73,92.27,95,0,0
20090422,94.41,95.6,89.78,95.48,0,0
20090423,95.89,95.89,93.58,95.36,0,0
20090424,95.89,95.89,94.41,95.89,0,0
20090427,95.06,95.54,90.85,95.54,0,0
20090428,91.74,91.74,91.74,91.74,0,0
20090429,95.89,97.44,95.89,95.89,0,0
20090430,92.87,97.2,92.87,97.14,0,0
20090504,95.06,100.17,95.06,95.89,0,0
20090505,100.23,100.23,97.14,97.14,0,0
20090506,100.23,100.23,96.79,97.38,0,0
20090507,89.72,97.38,89.72,97.38,0,0
20090508,97.38,97.38,94.65,95,0,0
20090511,93.52,95.89,91.2,95.89,0,0
20090512,97.38,97.44,95,97.32,0,0
20090513,96.19,96.19,93.22,94.89,0,0
20090514,92.04,100.35,92.04,95.06,0,0
20090515,96.25,99.75,95.89,99.4,0,0
20090518,97.91,105.39,96.79,103.91,0,0
20090519,100.94,101.48,98.15,101.48,0,0
20090520,102.07,104.5,102.07,104.5,0,0
20090521,104.5,112.82,104.5,107.77,0,0
20090522,109.85,114.9,106.35,114.9,0,0
20090525,115.61,115.61,114.6,114.6,0,0
20090526,113.41,113.41,111.63,113.41,0,0
20090527,115.13,116.38,113.41,113.41,0,0
20090528,110.86,113.29,110.86,112.82,0,0
20090529,108.72,115.79,108.25,112.82,0,0
20090601,112.88,124.57,111.63,122.26,0,0
20090602,124.57,129.44,122.38,127.07,0,0
20090603,130.51,133.42,126.53,126.53,0,0
20090604,130.63,132.11,126.53,130.63,0,0
20090605,132.06,132.06,131.22,131.22,0,0
20090608,128.31,131.82,128.26,128.26,0,0
20090609,133.01,138.77,133.01,138.77,0,0
20090610,138.82,148.44,138.82,148.44,0,0
20090612,159.01,160.2,154.38,154.38,0,0
20090615,154.38,157.35,154.38,154.38,0,0
20090616,160.2,160.2,144.41,146.07,0,0
20090617,147.32,153.79,142.51,145.12,0,0
20090618,145.47,152.18,145.47,150.22,0,0
20090619,153.67,159.13,151.47,154.32,0,0
20090622,159.01,159.01,148.44,148.44,0,0
20090623,146.6,155.51,146.6,151.41,0,0
20090624,148.5,155.51,148.44,154.74,0,0
20090625,154.38,154.38,149.1,154.38,0,0
20090626,150.88,153.02,147.26,150.82,0,0
20090629,154.03,156.16,154.03,156.16,0,0
20090630,159.07,171.01,159.07,166.26,0,0
20090701,172.08,172.08,163.88,170.18,0,0
20090702,170,170,160.32,160.32,0,0
20090703,160.32,164.89,160.32,164.12,0,0
20090706,164.12,166.85,154.38,156.76,0,0
20090707,160.2,160.2,153.19,157.23,0,0
20090708,157.17,157.17,151.41,154.38,0,0
20090709,157.35,157.35,152.18,154.38,0,0
20090710,154.38,154.38,151.77,151.77,0,0
20090713,154.08,176.83,154.08,172.79,0,0
20090714,169.23,186.45,169.23,186.45,0,0
20090715,188.52,188.76,187.04,187.1,0,0
20090716,188.82,188.82,179.91,185.26,0,0
20090717,189.3,192.98,187.04,192.98,0,0
20090720,195.89,231.57,195.89,230.98,0,0
20090721,232.88,232.88,211.38,219.87,0,0
20090722,219.7,219.7,214.53,214.95,0,0
20090723,224.74,234.54,219.7,230.98,0,0
20090724,224.15,233.12,224.15,225.63,0,0
20090727,230.09,230.09,216.13,220.88,0,0
20090728,219.1,219.1,208,214.95,0,0
20090729,218.57,230.98,218.27,218.27,0,0
20090730,216.85,231.57,216.85,222.19,0,0
20090731,222.67,231.39,219.7,224.92,0,0
20090803,220.29,227.42,219.7,219.7,0,0
20090804,223.2,223.2,214.06,218.81,0,0
20090805,218.81,222.25,214.06,217.02,0,0
20090806,213.82,221.77,213.76,221.77,0,0
20090807,214.12,221.77,213.94,221.18,0,0
20090810,223.67,223.67,215.54,216.25,0,0
20090811,216.73,223.91,216.73,219.7,0,0
20090812,216.73,222.37,213.76,222.37,0,0
20090813,223.85,223.85,216.73,216.73,0,0
20090814,223.79,223.79,219.7,219.7,0,0
20090817,208.12,219.7,208.12,219.7,0,0
20090818,219.52,220.88,214.95,215.54,0,0
20090819,215.9,216.13,215.9,216.13,0,0
20090820,219.58,239.29,219.58,239.29,0,0
20090821,242.85,242.85,233.41,233.41,0,0
20090824,243.45,243.45,237.51,238.64,0,0
20090825,240.24,241.96,238.1,238.1,0,0
20090826,241.61,241.61,234.54,234.54,0,0
20090827,234.54,237.51,234.54,237.51,0,0
20090828,237.81,237.81,237.45,237.57,0,0
20090831,240.48,240.48,234.54,235.67,0,0
20090901,235.13,235.13,220.35,225.63,0,0
20090902,231.22,231.22,212.27,213.76,0,0
20090903,219.1,225.63,216.79,219.7,0,0
20090904,224.98,231.33,224.98,231.16,0,0
20090907,229.79,236.92,228.6,236.32,0,0
20090908,236.86,248.73,230.98,247.01,0,0
20090909,247.6,258.17,245.82,258.17,0,0
20090910,260.07,272.36,257.7,272.36,0,0
20090911,274.92,278.48,274.92,278.48,0,0
20090914,291.48,291.48,267.26,272.54,0,0
20090915,278.18,278.18,265.42,266.01,0,0
20090916,267.2,267.2,267.2,267.2,0,0
20090917,271.65,271.65,266.6,266.6,0,0
20090918,266.6,267.2,261.38,267.2,0,0
20090921,263.87,267.2,252,258.89,0,0
20090922,249.39,255.32,249.39,255.32,0,0
20090923,249.98,255.32,249.98,255.32,0,0
20090924,255.32,272.25,255.32,263.75,0,0
20090925,266.19,266.19,266.01,266.01,0,0
20090928,264.17,264.17,255.32,255.32,0,0
20090929,255.32,255.32,255.2,255.2,0,0
20090930,255.32,255.32,246.48,255.32,0,0
20091001,255.32,255.32,255.26,255.32,0,0
20091002,255.14,255.14,251.17,254.91,0,0
20091005,254.97,255.32,254.91,255.2,0,0
20091006,259.18,259.18,250.16,256.51,0,0
20091007,256.51,256.51,254.14,254.14,0,0
20091008,255.26,256.51,252.35,255.32,0,0
20091009,257.34,266.84,255.32,266.49,0,0
20091012,262.45,262.45,255.32,261.26,0,0
20091013,256.57,266.78,256.57,266.49,0,0
20091014,266.55,266.55,258.53,263.04,0,0
20091015,263.34,263.34,263.04,263.22,0,0
20091016,265.89,265.89,265.89,265.89,0,0
20091019,265.12,265.12,249.39,264.23,0,0
20091020,256.63,260.67,249.8,255.32,0,0
20091021,255.26,265.12,255.26,264.23,0,0
20091022,264.17,264.17,255.74,261.26,0,0
20091023,265.71,265.71,265.36,265.42,0,0
20091026,265.12,265.12,257.94,261.26,0,0
20091027,264.7,264.7,255.32,255.32,0,0
20091028,252.35,262.45,252.35,262.45,0,0
20091029,262.8,262.8,262.8,262.8,0,0
20091030,261.68,261.68,261.68,261.68,0,0
20091102,261.68,261.68,255.92,255.92,0,0
20091103,260.96,261.26,258.29,261.14,0,0
20091104,261.74,262.15,260.37,262.15,0,0
20091105,262.39,262.75,254.73,254.73,0,0
20091106,260.9,260.9,259.18,260.73,0,0
20091109,257.7,260.43,257.7,260.37,0,0
20091110,260.01,263.87,260.01,263.87,0,0
20091112,264.23,269.81,260.96,269.75,0,0
20091113,271.41,273.14,271.41,273.14,0,0
20091116,275.63,285.61,272.84,285.49,0,0
20091117,283.82,285.01,279.07,279.07,0,0
20091118,279.37,281.92,279.37,279.37,0,0
20091119,279.07,279.07,260.07,260.37,0,0
20091120,266.07,273.14,266.07,272.96,0,0
20091123,291.01,291.01,276.11,276.11,0,0
20091124,285.84,285.84,274.92,279.07,0,0
20091125,282.04,282.04,274.68,277.83,0,0
20091126,277.83,277.83,273.73,273.73,0,0
20091127,270.17,273.67,261.85,273.67,0,0
20091130,264.82,272.96,264.82,272.54,0,0
20091201,272.42,275.45,267.26,267.26,0,0
20091202,276.11,276.11,268.39,268.5,0,0
20091203,272.48,273.14,267.79,273.14,0,0
20091204,274.32,274.32,268.09,272.96,0,0
20091207,273.14,273.14,273.14,273.14,0,0
20091208,273.14,273.14,273.14,273.14,0,0
20091209,274.32,274.32,274.09,274.32,0,0
20091210,273.14,273.14,268.21,270.7,0,0
20091211,273.08,273.14,270.7,273.08,0,0
20091214,273.08,273.08,267.2,271.65,0,0
20091215,271.77,271.77,267.32,271.35,0,0
20091216,267.44,268.68,267.2,268.27,0,0
20091217,270.05,270.05,266.01,267.2,0,0
20091218,269.51,269.51,264.23,266.6,0,0
20091221,262.57,266.6,255.44,261.26,0,0
20091222,263.04,263.04,261.26,263.04,0,0
20091223,263.04,270.17,263.04,269.87,0,0
20091228,272.36,272.36,258.29,261.85,0,0
20091229,261.85,271.47,261.26,266.07,0,0
20091230,264.23,264.23,261.26,261.26,0,0
20091231,265.6,265.6,259.48,260.67,0,0
20100104,262.98,265.77,255.32,261.26,0,0
20100105,260.67,260.67,255.92,257.1,0,0
20100106,260.67,260.67,255.92,259.6,0,0
20100107,260.01,260.07,256.21,260.07,0,0
20100108,260.37,260.37,256.51,260.37,0,0
20100111,258.35,262.98,258.35,261.26,0,0
20100112,262.98,262.98,257.46,262.86,0,0
20100113,263.58,263.58,261.26,261.26,0,0
20100114,258.89,265.48,258.89,265.42,0,0
20100115,265.54,268.39,265.54,268.39,0,0
20100118,270.05,270.11,270.05,270.11,0,0
20100119,270.11,273.14,263.4,273.02,0,0
20100120,272.54,273.02,266.6,272.9,0,0
20100121,270.11,273.14,270.11,270.46,0,0
20100122,273.02,273.08,267.85,273.08,0,0
20100125,264.23,272.54,264.23,272.54,0,0
20100126,265.12,273.08,264.88,273.08,0,0
20100127,273.14,273.14,265.18,272.19,0,0
20100128,272.84,272.9,267.2,272.9,0,0
20100129,265.06,272.36,265.06,272.36,0,0
20100201,267.26,272.13,267.26,272.13,0,0
20100202,272.13,273.2,267.26,273.2,0,0
20100203,270.23,274.92,270.23,274.92,0,0
20100204,276.05,279.07,271.41,279.07,0,0
20100205,273.2,277.59,271.18,277.59,0,0
20100208,272.01,277.59,272.01,274.32,0,0
20100209,272.9,277.53,272.84,277.53,0,0
20100210,277.59,277.59,272.72,277,0,0
20100211,277.29,277.29,269.57,277,0,0
20100212,270.23,277.17,270.23,271.95,0,0
20100215,277.17,277.17,268.03,268.09,0,0
20100216,277.17,277.17,268.09,273.14,0,0
20100217,267.55,279.96,267.55,279.96,0,0
20100218,279.96,286.14,279.96,284.42,0,0
20100219,285.07,296.17,285.07,296.17,0,0
20100222,286.38,297.78,286.38,296.71,0,0
20100223,296.89,308.76,296.77,302.82,0,0
20100224,302.82,306.39,300.15,306.39,0,0
20100225,307.87,311.14,305.79,305.79,0,0
20100226,314.7,323.61,313.22,323.61,0,0
20100301,325.98,325.98,312.92,324.79,0,0
20100302,317.67,324.2,317.67,324.2,0,0
20100303,325.98,325.98,306.98,320.64,0,0
20100304,309.36,341.12,309.36,341.12,0,0
20100305,338.45,362.2,338.45,362.2,0,0
20100308,364.87,364.87,356.26,358.05,0,0
20100309,367.25,367.25,356.26,356.26,0,0
20100310,355.67,355.97,347.95,355.97,0,0
20100311,358.64,359.23,349.73,359.23,0,0
20100312,355.97,355.97,350.33,355.08,0,0
20100315,350.03,356.26,350.03,356.26,0,0
20100316,359.23,362.2,356.26,358.05,0,0
20100317,365.17,380.61,361.01,380.61,0,0
20100318,416.53,416.53,372,379.42,0,0
20100319,385.66,387.73,367.84,378.83,0,0
20100322,377.05,382.39,367.55,382.39,0,0
20100323,385.66,385.66,374.08,377.05,0,0
20100324,383.28,383.28,367.55,376.75,0,0
20100325,382.98,402.58,382.98,400.5,0,0
20100326,409.11,409.41,395.45,395.45,0,0
20100329,407.33,407.33,386.55,398.42,0,0
20100330,394.86,398.42,385.95,386.25,0,0
20100331,391.89,391.89,380.02,380.02,0,0
20100401,374.37,383.28,374.08,374.08,0,0
20100406,357.75,367.55,357.75,365.17,0,0
20100407,368.14,368.14,365.17,365.17,0,0
20100408,367.84,367.84,366.06,366.06,0,0
20100409,368.14,368.14,366.06,367.84,0,0
20100412,362.2,367.84,362.2,367.84,0,0
20100413,368.14,368.14,367.84,367.84,0,0
20100414,372.59,372.59,367.84,368.14,0,0
20100415,374.08,374.08,367.25,367.25,0,0
20100416,373.78,373.78,356.26,362.2,0,0
20100419,356.26,361.91,342.9,347.36,0,0
20100420,347.36,356.26,347.36,350.33,0,0
20100421,344.69,362.2,344.69,362.2,0,0
20100422,367.55,367.84,357.75,362.2,0,0
20100423,373.48,374.08,362.2,374.08,0,0
20100426,379.42,379.42,366.95,377.94,0,0
20100427,377.94,377.94,377.94,377.94,0,0
20100428,372.89,372.89,362.2,372.89,0,0
20100429,372.89,378.83,368.14,376.45,0,0
20100430,372.89,372.89,366.95,368.14,0,0
20100504,376.75,376.75,362.5,374.08,0,0
20100505,378.23,378.23,365.17,368.44,0,0
20100506,368.73,373.78,365.17,373.78,0,0
20100507,366.06,373.19,356.26,373.19,0,0
20100510,362.2,373.78,362.2,372.89,0,0
20100511,374.08,378.83,362.2,378.83,0,0
20100512,379.42,382.39,379.42,382.39,0,0
20100513,385.66,391.89,380.02,391.89,0,0
20100514,396.05,402.28,391.89,402.28,0,0
20100517,402.88,412.67,402.88,410.3,0,0
20100518,409.7,410.3,398.72,410.3,0,0
20100519,410.3,418.61,407.03,418.61,0,0
20100520,421.58,427.52,411.49,423.06,0,0
20100521,423.95,423.95,415.64,420.1,0,0
20100524,422.77,423.95,409.7,423.95,0,0
20100525,427.22,427.22,421.58,423.95,0,0
20100526,426.33,461.66,418.31,461.66,0,0
20100527,451.27,492.54,451.27,475.02,0,0
20100528,486.9,486.9,463.44,469.08,0,0
20100531,475.02,475.02,473.83,473.83,0,0
20100601,472.05,472.05,452.16,463.14,0,0
20100602,460.18,460.18,457.8,460.18,0,0
20100604,467.6,469.38,464.33,464.33,0,0
20100607,471.16,471.16,456.02,456.02,0,0
20100608,459.28,459.28,445.33,458.39,0,0
20100609,459.28,459.28,445.33,456.32,0,0
20100610,451.27,456.61,445.33,445.33,0,0
20100611,456.32,456.32,445.33,451.27,0,0
20100614,451.27,456.91,445.33,445.33,0,0
20100615,450.97,451.27,442.96,445.33,0,0
20100616,445.92,447.11,445.33,445.33,0,0
20100617,447.71,447.71,436.42,443.55,0,0
20100618,445.33,450.08,433.75,450.08,0,0
20100621,445.33,445.33,445.33,445.33,0,0
20100622,439.99,439.99,434.64,439.39,0,0
20100623,452.16,461.66,434.05,461.66,0,0
20100624,454.24,454.24,435.53,449.78,0,0
20100625,449.49,450.08,435.24,450.08,0,0
20100628,435.24,435.24,423.36,423.36,0,0
20100629,423.36,437.61,418.61,418.61,0,0
20100630,427.22,433.46,409.7,421.58,0,0
20100701,433.46,435.24,421.58,422.17,0,0
20100702,432.27,432.27,421.58,421.58,0,0
20100705,432.27,432.56,426.33,427.52,0,0
20100706,432.27,432.86,431.67,432.86,0,0
20100707,427.52,427.52,427.52,427.52,0,0
20100708,427.52,427.52,424.55,427.52,0,0
20100709,427.52,427.52,424.55,426.92,0,0
20100712,430.78,430.78,427.52,427.52,0,0
20100713,426.92,426.92,421.58,426.92,0,0
20100714,427.52,427.52,426.33,426.33,0,0
20100715,424.55,426.92,424.55,426.92,0,0
20100716,427.52,427.52,426.33,426.92,0,0
20100719,424.55,427.52,424.25,427.52,0,0
20100720,427.52,427.52,426.92,426.92,0,0
20100721,426.33,426.33,424.55,424.55,0,0
20100722,425.14,427.22,425.14,426.92,0,0
20100723,421.58,427.52,419.8,424.55,0,0
20100726,421.58,426.92,417.42,417.42,0,0
20100727,426.92,426.92,404.66,413.27,0,0
20100728,420.39,421.58,413.27,421.58,0,0
20100729,421.88,431.97,421.88,431.97,0,0
20100730,432.86,457.21,432.86,454.24,0,0
20100802,454.24,454.24,439.69,454.24,0,0
20100803,445.33,451.27,445.33,451.27,0,0
20100804,450.08,450.08,433.46,448,0,0
20100805,428.71,446.52,428.71,434.64,0,0
20100806,434.64,445.03,434.64,445.03,0,0
20100809,444.44,444.44,421.58,427.52,0,0
20100810,424.55,434.64,424.55,434.64,0,0
20100811,435.83,435.83,433.46,433.46,0,0
20100812,424.55,433.16,424.55,433.16,0,0
20100813,427.52,435.83,425.14,435.83,0,0
20100816,427.52,432.86,427.52,432.86,0,0
20100817,427.81,427.81,421.88,424.55,0,0
20100818,427.52,427.52,424.55,425.74,0,0
20100819,426.92,426.92,416.83,424.55,0,0
20100820,423.95,423.95,416.53,422.77,0,0
20100823,419.8,419.8,409.7,410.3,0,0
20100824,409.41,409.41,388.92,394.86,0,0
20100825,385.95,391.89,385.95,387.14,0,0
20100826,387.14,387.14,382.98,385.95,0,0
20100827,386.55,386.55,380.02,382.98,0,0
20100830,378.53,382.98,378.53,380.02,0,0
20100831,379.72,390.7,378.53,390.7,0,0
20100901,392.78,406.74,392.78,406.74,0,0
20100902,408.52,415.64,408.22,409.7,0,0
20100903,414.45,414.45,409.7,413.27,0,0
20100906,415.35,436.42,409.11,436.42,0,0
20100907,439.1,439.1,436.42,436.42,0,0
20100908,437.91,437.91,410,415.64,0,0
20100909,417.42,421.58,415.64,421.58,0,0
20100910,415.64,415.64,408.22,411.49,0,0
20100913,411.49,420.99,406.74,420.99,0,0
20100914,420.99,420.99,420.99,420.99,0,0
20100915,418.31,421.58,418.31,421.58,0,0
20100916,418.02,421.58,418.02,421.58,0,0
20100917,420.99,433.46,420.99,433.46,0,0
20100920,433.46,433.46,415.64,426.33,0,0
20100921,426.92,426.92,426.92,426.92,0,0
20100922,426.92,426.92,421.58,421.58,0,0
20100923,421.58,421.58,418.61,418.61,0,0
20100924,421.58,421.58,412.67,415.64,0,0
20100927,415.64,415.64,410.3,410.6,0,0
20100928,410.3,410.3,410.3,410.3,0,0
20100929,414.45,421.58,393.08,421.58,0,0
20100930,410,421.58,410,421.58,0,0
20101001,423.95,423.95,415.64,415.64,0,0
20101004,423.95,423.95,397.83,403.77,0,0
20101005,415.05,415.05,398.13,409.11,0,0
20101006,402.88,415.64,402.88,415.64,0,0
20101007,404.06,412.67,404.06,404.36,0,0
20101008,415.35,415.35,404.36,415.35,0,0
20101011,406.74,415.35,406.74,407.33,0,0
20101012,412.67,412.67,412.67,412.67,0,0
20101013,412.67,445.33,412.67,445.33,0,0
20101014,450.08,450.08,434.35,445.33,0,0
20101015,433.46,445.33,433.46,445.33,0,0
20101018,432.86,444.44,432.86,444.44,0,0
20101019,444.44,444.44,422.17,444.44,0,0
20101020,439.39,444.44,433.46,438.5,0,0
20101021,437.91,437.91,425.44,425.44,0,0
20101022,436.72,436.72,415.94,415.94,0,0
20101025,418.61,435.83,418.61,435.83,0,0
20101026,434.05,434.05,434.05,434.05,0,0
20101027,418.61,437.61,418.61,437.61,0,0
20101028,433.75,439.39,433.46,439.39,0,0
20101029,444.44,445.33,441.77,442.96,0,0
20101102,445.33,445.33,442.96,443.85,0,0
20101103,445.33,445.33,442.36,442.36,0,0
20101104,439.39,445.33,439.39,442.36,0,0
20101105,444.74,445.33,434.05,445.33,0,0
20101108,433.75,445.33,433.75,444.74,0,0
20101109,445.33,445.33,440.28,445.33,0,0
20101110,450.97,451.27,445.33,445.33,0,0
20101112,434.05,448.3,434.05,448.3,0,0
20101115,434.05,451.27,434.05,450.08,0,0
20101116,451.27,451.27,451.27,451.27,0,0
20101117,450.38,457.21,442.96,456.91,0,0
20101118,460.77,469.08,457.21,466.11,0,0
20101119,472.94,475.02,462.55,474.43,0,0
20101122,475.02,475.02,463.14,473.24,0,0
20101123,473.83,473.83,463.14,463.14,0,0
20101124,466.11,466.11,465.52,466.11,0,0
20101125,467.3,473.83,467.3,473.83,0,0
20101126,473.54,473.54,463.14,463.14,0,0
20101129,459.58,473.83,459.58,473.83,0,0
20101130,472.05,473.54,463.44,473.54,0,0
20101201,473.83,473.83,473.83,473.83,0,0
20101202,471.75,473.24,469.08,473.24,0,0
20101203,473.24,475.02,473.24,475.02,0,0
20101206,475.02,480.96,475.02,475.02,0,0
20101207,475.02,475.02,475.02,475.02,0,0
20101208,473.24,474.72,473.24,474.72,0,0
20101209,474.72,474.72,469.08,469.08,0,0
20101210,469.08,469.08,468.78,468.78,0,0
20101213,451.57,469.08,451.57,469.08,0,0
20101214,458.39,472.05,454.53,460.18,0,0
20101215,453.94,470.86,453.94,457.21,0,0
20101216,451.27,451.27,449.19,451.27,0,0
20101217,448.89,451.27,448.89,451.27,0,0
20101220,450.08,467.6,450.08,467.3,0,0
20101221,450.38,475.02,445.92,475.02,0,0
20101222,473.83,475.02,461.36,468.78,0,0
20101223,473.83,473.83,468.78,468.78,0,0
20101227,504.71,504.71,475.02,475.02,0,0
20101228,466.11,475.02,465.52,475.02,0,0
20101229,475.02,475.02,466.11,475.02,0,0
20101230,474.72,474.72,472.05,472.05,0,0
20101231,475.02,475.02,457.8,473.24,0,0
20110103,480.96,480.96,454.53,454.53,0,0
20110104,454.53,466.71,454.53,466.71,0,0
20110105,468.78,468.78,455.43,458.39,0,0
20110107,472.94,472.94,458.39,458.39,0,0
20110110,451.86,451.86,451.86,451.86,0,0
20110111,469.08,469.08,464.33,464.33,0,0
20110112,464.33,464.33,456.61,463.14,0,0
20110113,462.85,463.14,456.61,457.21,0,0
20110114,456.32,462.85,451.27,456.02,0,0
20110117,462.85,462.85,455.43,462.85,0,0
20110118,457.21,462.85,457.21,457.21,0,0
20110119,462.85,469.08,457.21,463.14,0,0
20110120,472.94,472.94,449.78,463.14,0,0
20110121,469.97,469.97,463.14,469.08,0,0
20110124,463.74,463.74,463.74,463.74,0,0
20110125,463.74,463.74,463.74,463.74,0,0
20110126,462.55,462.55,457.8,462.55,0,0
20110127,464.33,464.33,451.27,457.21,0,0
20110128,463.14,463.14,463.14,463.14,0,0
20110131,463.14,463.14,448.3,463.14,0,0
20110201,464.33,467.89,454.24,467.89,0,0
20110202,467.89,467.89,451.86,463.14,0,0
20110203,467.6,467.6,452.75,463.14,0,0
20110204,467.6,467.6,453.64,463.14,0,0
20110207,462.85,463.14,462.85,463.14,0,0
20110208,463.14,463.14,462.85,462.85,0,0
20110209,463.14,469.08,463.14,469.08,0,0
20110210,469.08,469.08,463.44,463.44,0,0
20110211,468.49,468.49,463.14,466.11,0,0
20110214,472.05,472.05,458.1,467.89,0,0
20110215,467.89,467.89,466.11,467.89,0,0
20110216,467.89,467.89,466.11,466.11,0,0
20110217,467.89,467.89,457.21,467,0,0
20110218,467.89,467.89,467.89,467.89,0,0
20110221,467.3,467.89,457.21,457.21,0,0
20110222,466.41,474.43,457.21,474.43,0,0
20110223,474.13,486.9,474.13,486.9,0,0
20110224,486.9,510.65,486.6,486.9,0,0
20110225,510.35,515.99,480.66,483.93,0,0
20110228,483.33,494.91,480.66,480.66,0,0
20110301,494.02,494.02,475.02,475.02,0,0
20110302,494.61,494.61,475.02,482.74,0,0
20110303,488.97,494.61,475.61,482.74,0,0
20110304,494.61,494.61,482.74,492.83,0,0
20110307,495.8,495.8,492.83,493.43,0,0
20110308,498.77,509.76,493.43,509.76,0,0
20110309,509.76,510.65,504.71,510.05,0,0
20110310,511.24,511.24,504.71,504.71,0,0
20110311,507.08,515.4,501.74,515.4,0,0
20110314,498.77,514.21,498.77,513.91,0,0
20110315,498.77,508.86,493.13,507.08,0,0
20110316,508.27,508.27,495.8,498.77,0,0
20110317,492.83,498.77,464.33,492.83,0,0
20110318,498.47,498.47,467.89,472.05,0,0
20110321,472.05,480.36,472.05,480.36,0,0
20110322,484.82,488.68,475.02,486.6,0,0
20110323,483.93,483.93,473.83,475.32,0,0
20110324,474.13,490.16,474.13,490.16,0,0
20110325,492.83,495.8,481.25,495.8,0,0
20110328,498.18,498.18,486.9,494.91,0,0
20110329,487.79,498.77,487.49,495.5,0,0
20110330,498.18,498.18,488.08,495.5,0,0
20110331,496.4,499.36,489.86,499.36,0,0
20110401,499.36,504.11,490.46,498.77,0,0
20110404,498.77,499.36,489.86,491.65,0,0
20110405,477.39,503.52,477.39,503.52,0,0
20110406,503.82,509.46,498.77,508.86,0,0
20110407,507.68,509.46,499.07,509.46,0,0
20110408,502.93,509.46,501.74,501.74,0,0
20110411,498.77,509.46,498.77,504.71,0,0
20110412,503.52,510.65,498.77,510.65,0,0
20110413,510.65,539.15,510.65,533.51,0,0
20110414,533.51,533.51,526.08,528.46,0,0
20110415,528.46,528.46,526.08,526.08,0,0
20110418,513.91,540.33,510.65,540.33,0,0
20110419,513.61,540.33,513.61,533.8,0,0
20110420,540.04,540.04,533.8,534.4,0,0
20110421,540.33,570.02,539.74,562.9,0,0
20110426,564.09,581.6,562.9,580.12,0,0
20110427,581.9,638.31,580.12,629.4,0,0
20110428,637.71,653.75,637.71,650.78,0,0
20110429,646.62,669.18,635.34,635.34,0,0
20110502,635.93,636.53,612.78,625.84,0,0
20110504,645.43,645.43,609.21,609.21,0,0
20110505,614.56,614.56,593.77,614.56,0,0
20110506,614.56,620.49,594.96,620.49,0,0
20110509,620.49,620.49,604.46,614.56,0,0
20110510,611.59,611.59,594.37,610.99,0,0
20110511,611.59,617.53,599.71,610.99,0,0
20110512,610.99,610.99,593.77,604.46,0,0
20110513,604.46,604.46,577.74,594.37,0,0
20110516,576.56,594.37,576.56,589.02,0,0
20110517,577.45,617.53,575.96,617.53,0,0
20110518,617.53,617.53,599.71,600.9,0,0
20110519,593.77,599.71,593.77,599.12,0,0
20110520,619.9,619.9,590.21,599.71,0,0
20110523,605.65,605.65,583.09,599.71,0,0
20110524,599.71,599.71,590.51,596.74,0,0
20110525,602.09,646.62,596.74,646.62,0,0
20110526,644.84,646.62,621.09,646.62,0,0
20110527,641.28,646.62,641.28,646.62,0,0
20110530,646.62,691.15,644.84,682.84,0,0
20110531,666.81,711.94,666.81,703.03,0,0
20110601,736.28,736.28,688.78,688.78,0,0
20110602,689.97,711.34,689.97,700.65,0,0
20110603,703.62,703.62,698.28,700.65,0,0
20110606,694.72,712.53,689.97,689.97,0,0
20110607,700.65,700.65,697.69,700.06,0,0
20110608,691.75,697.09,688.78,697.09,0,0
20110609,689.37,694.72,688.78,688.78,0,0
20110610,688.78,688.78,677.5,679.87,0,0
20110613,667.4,670.97,667.4,668,0,0
20110614,688.78,688.78,648.4,668,0,0
20110615,670.97,670.97,644.25,644.25,0,0
20110616,631.18,659.09,631.18,632.96,0,0
20110617,660.28,660.28,632.96,642.46,0,0
20110620,642.46,659.09,641.28,647.21,0,0
20110621,652.56,662.06,647.81,660.87,0,0
20110622,676.31,692.93,660.87,670.37,0,0
20110624,665.62,691.15,665.62,682.84,0,0
20110627,683.43,683.43,659.68,673.93,0,0
20110628,659.09,673.93,655.53,670.97,0,0
20110629,657.31,712.53,657.31,712.53,0,0
20110630,711.94,711.94,694.72,700.65,0,0
20110701,710.75,710.75,695.31,700.65,0,0
20110704,689.97,706,689.97,700.06,0,0
20110705,699.47,700.06,684.03,694.72,0,0
20110706,691.75,706.59,686.4,706.59,0,0
20110707,704.81,704.81,682.84,700.65,0,0
20110708,700.65,700.65,694.72,700.65,0,0
20110711,682.84,699.47,682.84,697.09,0,0
20110712,683.43,685.81,670.97,676.31,0,0
20110713,673.93,687.59,667.4,685.81,0,0
20110714,685.22,696.5,685.22,696.5,0,0
20110715,696.5,700.06,691.75,696.5,0,0
20110718,696.5,700.65,696.5,700.06,0,0
20110719,700.06,700.06,682.84,688.78,0,0
20110720,688.18,700.65,684.03,688.78,0,0
20110721,682.84,688.78,669.18,676.9,0,0
20110722,676.9,688.78,676.9,676.9,0,0
20110725,676.9,676.9,659.09,659.09,0,0
20110726,665.03,670.97,659.09,670.97,0,0
20110727,659.68,670.97,658.5,658.5,0,0
20110728,669.18,669.78,662.65,665.03,0,0
20110729,653.15,659.09,641.28,655.53,0,0
20110801,643.65,659.09,643.06,643.06,0,0
20110802,635.34,641.28,617.53,623.46,0,0
20110803,621.68,623.46,587.84,605.65,0,0
20110804,601.49,601.49,572.99,575.96,0,0
20110805,534.4,575.96,528.46,558.15,0,0
20110808,516.58,546.27,510.65,546.27,0,0
20110809,534.4,540.33,507.68,510.65,0,0
20110810,537.37,540.33,475.02,475.02,0,0
20110811,475.02,492.83,451.27,486.9,0,0
20110812,486.9,509.16,486.9,502.93,0,0
20110816,511.83,531.13,511.83,530.83,0,0
20110817,551.91,561.12,530.83,561.12,0,0
20110818,587.24,587.24,505.9,544.79,0,0
20110819,527.87,552.21,512.43,552.21,0,0
20110822,537.66,562.01,537.66,561.12,0,0
20110823,563.79,570.02,562.9,562.9,0,0
20110824,569.43,599.71,562.9,593.48,0,0
20110825,599.71,599.71,593.48,593.48,0,0
20110826,599.71,613.96,593.48,605.65,0,0
20110829,613.96,613.96,612.78,613.37,0,0
20110830,613.37,616.34,591.99,616.34,0,0
20110831,622.87,623.46,613.96,622.87,0,0
20110901,623.46,651.37,617.53,623.46,0,0
20110902,623.46,623.46,605.65,605.65,0,0
20110905,581.9,605.65,581.9,592.29,0,0
20110906,590.51,590.51,589.62,589.91,0,0
20110907,587.84,589.91,575.96,584.87,0,0
20110908,593.18,593.18,587.84,587.84,0,0
20110909,570.02,572.99,564.09,564.09,0,0
20110912,563.49,563.49,546.27,549.24,0,0
20110913,549.24,549.84,528.46,549.84,0,0
20110914,534.4,549.84,528.46,534.4,0,0
20110915,545.68,549.84,534.4,545.98,0,0
20110916,548.94,570.02,545.98,564.09,0,0
20110919,581.01,581.01,564.09,564.09,0,0
20110920,552.21,619.9,552.21,593.77,0,0
20110921,620.49,620.49,595.56,595.56,0,0
20110922,593.77,593.77,564.09,570.02,0,0
20110923,570.02,573.59,552.51,567.05,0,0
20110926,549.24,587.24,549.24,587.24,0,0
20110927,589.91,594.96,581.9,587.84,0,0
20110928,577.74,583.09,567.05,583.09,0,0
20110929,565.87,593.77,565.87,593.77,0,0
20110930,572.99,616.93,572.99,616.93,0,0
20111003,593.77,593.77,578.04,582.2,0,0
20111004,567.65,584.87,564.09,564.09,0,0
20111005,566.46,575.96,564.38,567.95,0,0
20111006,564.68,570.02,558.15,558.15,0,0
20111007,558.15,569.43,553.4,564.09,0,0
20111010,567.05,570.02,567.05,570.02,0,0
20111011,572.99,581.31,564.68,564.68,0,0
20111012,574.18,581.9,573.59,581.9,0,0
20111013,593.18,593.18,575.96,575.96,0,0
20111014,593.18,593.18,570.32,585.16,0,0
20111017,575.96,587.84,575.96,587.84,0,0
20111018,596.74,596.74,576.56,587.84,0,0
20111019,578.93,587.84,578.93,587.84,0,0
20111020,577.45,593.77,577.45,590.81,0,0
20111021,592.59,592.59,581.9,591.4,0,0
20111024,580.12,590.81,578.93,584.87,0,0
20111025,584.57,593.77,575.96,586.95,0,0
20111026,593.48,593.48,576.56,576.56,0,0
20111027,578.34,593.18,577.74,584.87,0,0
20111028,593.18,593.18,587.24,587.24,0,0
20111031,587.84,587.84,581.9,586.65,0,0
20111102,558.15,587.24,558.15,581.9,0,0
20111103,570.02,581.9,570.02,581.9,0,0
20111104,573.59,575.96,573.59,575.96,0,0
20111107,578.93,578.93,567.05,567.05,0,0
20111108,567.05,574.77,559.34,568.24,0,0
20111109,572.99,574.48,570.02,572.99,0,0
20111110,572.99,572.99,572.99,572.99,0,0
20111114,581.31,581.31,570.02,575.96,0,0
20111115,552.8,572.99,552.8,572.99,0,0
20111116,574.77,575.66,570.02,572.99,0,0
20111117,572.99,572.99,555.48,564.09,0,0
20111118,575.96,575.96,570.02,570.02,0,0
20111121,564.09,590.81,560.52,581.9,0,0
20111122,587.84,587.84,581.9,587.54,0,0
20111123,587.84,587.84,564.09,584.27,0,0
20111124,584.27,587.84,584.27,587.84,0,0
20111125,586.95,586.95,570.02,570.02,0,0
20111128,587.84,587.84,572.99,587.54,0,0
20111129,587.24,587.54,585.76,585.76,0,0
20111130,587.84,587.84,575.66,587.84,0,0
20111201,593.77,613.96,577.74,581.9,0,0
20111202,605.65,605.65,570.91,581.01,0,0
20111205,584.87,589.62,581.9,581.9,0,0
20111206,592.59,592.59,576.56,581.9,0,0
20111207,593.18,593.48,576.85,581.9,0,0
20111208,576.56,587.84,576.56,586.06,0,0
20111209,587.54,587.54,587.54,587.54,0,0
20111212,590.81,593.48,581.9,587.84,0,0
20111213,590.81,611.59,590.81,611.59,0,0
20111214,612.78,653.15,612.78,651.96,0,0
20111215,652.56,682.84,651.96,658.5,0,0
20111216,661.46,661.46,658.5,659.68,0,0
20111219,655.53,700.65,632.37,632.37,0,0
20111220,642.46,685.81,629.4,653.15,0,0
20111221,653.75,682.84,653.15,682.84,0,0
20111222,682.84,688.78,665.03,682.84,0,0
20111223,688.18,688.18,673.34,681.65,0,0
20111227,700.65,700.65,657.9,665.03,0,0
20111228,688.78,688.78,653.15,653.15,0,0
20111229,670.97,688.78,653.15,688.78,0,0
20111230,665.03,682.84,653.15,679.28,0,0
20120102,680.47,682.84,669.18,676.9,0,0
20120103,676.9,687,676.9,685.81,0,0
20120104,693.53,693.53,674.53,674.53,0,0
20120105,673.34,687.59,668,685.81,0,0
20120109,666.81,682.25,666.81,668.59,0,0
20120110,668.59,670.97,668.59,668.59,0,0
20120111,670.97,679.87,665.03,665.03,0,0
20120112,670.97,670.97,663.25,670.37,0,0
20120113,670.37,676.9,659.68,668,0,0
20120116,673.93,673.93,673.34,673.34,0,0
20120117,682.25,697.09,670.97,697.09,0,0
20120118,700.65,700.65,682.84,688.18,0,0
20120119,700.65,700.65,682.84,694.72,0,0
20120120,694.72,700.65,685.81,685.81,0,0
20120123,700.06,700.06,671.56,694.12,0,0
20120124,692.93,692.93,679.87,691.15,0,0
20120125,691.75,700.65,676.9,697.09,0,0
20120126,700.65,754.09,697.69,740.44,0,0
20120127,735.09,771.31,735.09,757.66,0,0
20120130,785.56,785.56,763.59,765.97,0,0
20120131,760.03,801,760.03,763,0,0
20120201,763,795.66,763,786.75,0,0
20120202,793.28,793.28,771.91,773.69,0,0
20120203,773.69,795.06,773.69,795.06,0,0
20120206,794.47,849.1,778.44,843.16,0,0
20120207,842.57,855.04,825.94,843.16,0,0
20120208,843.16,843.16,802.19,837.22,0,0
20120209,837.22,837.22,813.47,813.47,0,0
20120210,819.41,819.41,795.66,813.47,0,0
20120213,819.41,819.41,807.53,807.53,0,0
20120214,807.53,807.53,784.97,807.53,0,0
20120215,806.94,807.53,789.72,806.94,0,0
20120216,790.31,805.75,790.31,801.6,0,0
20120217,801.6,801.6,790.31,801,0,0
20120220,807.53,807.53,802.78,807.53,0,0
20120221,806.35,806.35,783.78,804.56,0,0
20120222,790.91,804.56,779.03,779.63,0,0
20120223,777.84,806.35,777.84,803.97,0,0
20120224,805.75,805.75,798.03,803.97,0,0
20120227,807.53,807.53,787.34,801,0,0
20120228,807.53,831.28,807.53,819.41,0,0
20120229,817.63,817.63,790.31,815.25,0,0
20120301,819.41,819.41,804.56,813.47,0,0
20120302,818.22,825.35,812.28,813.47,0,0
20120305,813.47,824.75,807.53,813.47,0,0
20120306,819.41,819.41,789.72,800.41,0,0
20120307,795.66,813.47,795.66,813.47,0,0
20120308,816.44,831.28,808.13,813.47,0,0
20120309,830.69,830.69,813.47,825.35,0,0
20120312,825.35,830.69,814.66,829.5,0,0
20120313,830.1,830.1,829.5,829.5,0,0
20120314,830.1,875.82,829.5,875.82,0,0
20120315,887.69,910.85,878.79,892.44,0,0
20120316,916.79,916.79,897.19,897.19,0,0
20120319,902.54,920.35,884.72,884.72,0,0
20120320,912.63,912.63,884.72,896.6,0,0
20120321,896.6,899.57,890.66,899.57,0,0
20120322,899.57,899.57,870.47,897.19,0,0
20120323,905.51,905.51,884.72,890.66,0,0
20120326,897.79,897.79,884.72,891.85,0,0
20120327,882.35,913.82,882.35,912.04,0,0
20120328,908.47,914.41,908.47,911.44,0,0
20120329,920.94,925.69,894.22,896.6,0,0
20120330,908.47,908.47,894.22,907.88,0,0
20120402,920.35,958.95,891.85,920.35,0,0
20120403,922.73,922.73,908.47,908.47,0,0
20120404,906.1,922.73,906.1,906.1,0,0
20120405,914.41,914.41,869.88,890.66,0,0
20120410,896.6,910.26,872.85,883.54,0,0
20120411,884.72,889.47,872.85,875.82,0,0
20120412,884.13,895.41,858,895.41,0,0
20120413,890.66,890.66,863.35,881.76,0,0
20120416,879.97,879.97,865.72,865.72,0,0
20120417,866.32,869.88,864.54,864.54,0,0
20120418,866.91,866.91,834.25,854.44,0,0
20120419,849.69,884.13,833.07,846.13,0,0
20120420,860.97,860.97,831.28,843.16,0,0
20120423,887.69,887.69,837.82,849.1,0,0
20120424,849.69,849.69,808.13,817.63,0,0
20120425,831.28,831.28,796.85,813.47,0,0
20120426,831.28,831.28,808.13,831.28,0,0
20120427,852.07,855.04,828.32,831.28,0,0
20120430,843.16,843.16,819.41,819.41,0,0
20120502,816.44,816.44,816.44,816.44,0,0
20120504,853.85,853.85,771.91,813.47,0,0
20120507,794.47,836.03,794.47,819.41,0,0
20120508,819.41,819.41,795.66,819.41,0,0
20120509,813.47,819.41,798.63,801,0,0
20120510,793.88,816.44,793.88,816.44,0,0
20120511,824.75,824.75,813.47,813.47,0,0
20120514,812.28,813.47,783.78,807.53,0,0
20120515,812.88,812.88,783.78,783.78,0,0
20120516,799.81,807.53,742.81,807.53,0,0
20120517,807.53,813.47,771.91,795.66,0,0
20120518,794.47,803.38,771.91,803.38,0,0
20120521,804.56,804.56,784.97,784.97,0,0
20120522,786.16,806.35,776.06,799.22,0,0
20120523,798.63,798.63,764.19,798.03,0,0
20120524,800.41,800.41,773.69,780.81,0,0
20120525,798.03,798.63,777.84,798.63,0,0
20120528,798.63,798.63,782.59,798.63,0,0
20120529,798.03,798.03,781.41,789.72,0,0
20120530,798.03,798.03,792.69,792.69,0,0
20120531,779.63,792.1,779.63,792.1,0,0
20120601,796.25,796.25,765.97,775.47,0,0
20120604,777.84,796.85,752.91,777.84,0,0
20120605,795.66,795.66,777.84,783.78,0,0
20120606,783.78,798.03,783.78,783.78,0,0
20120608,774.88,792.1,774.88,792.1,0,0
20120611,797.44,813.47,797.44,810.5,0,0
20120612,799.81,843.16,799.81,843.16,0,0
20120613,849.1,849.1,825.35,846.13,0,0
20120614,837.82,849.1,837.82,848.5,0,0
20120615,852.07,852.07,849.1,849.1,0,0
20120618,837.82,837.82,815.25,837.22,0,0
20120619,846.13,846.13,825.35,836.63,0,0
20120620,836.63,843.16,821.78,830.69,0,0
20120621,831.28,831.28,831.28,831.28,0,0
20120622,831.28,831.28,828.32,831.28,0,0
20120625,843.16,843.16,818.22,842.57,0,0
20120626,842.57,842.57,831.28,831.28,0,0
20120627,807.53,841.38,803.38,831.28,0,0
20120628,831.28,831.28,815.25,831.28,0,0
20120629,831.28,837.22,813.47,837.22,0,0
20120702,808.13,843.16,808.13,830.1,0,0
20120703,830.1,830.1,815.85,815.85,0,0
20120704,803.38,816.44,803.38,816.44,0,0
20120705,816.44,819.41,804.56,818.82,0,0
20120706,818.82,818.82,813.47,818.82,0,0
20120709,818.82,818.82,793.28,807.53,0,0
20120710,808.13,808.13,803.97,807.53,0,0
20120711,796.85,813.47,796.85,813.47,0,0
20120712,814.06,814.06,805.16,813.47,0,0
20120713,813.47,814.66,810.5,814.66,0,0
20120716,815.25,819.41,814.66,814.66,0,0
20120717,815.25,817.63,808.13,817.63,0,0
20120718,817.63,817.63,802.19,813.47,0,0
20120719,813.47,813.47,803.97,805.16,0,0
20120720,802.19,807.53,801.6,801.6,0,0
20120723,798.63,798.63,754.09,785.56,0,0
20120724,771.91,813.47,771.91,809.31,0,0
20120725,812.28,812.28,789.72,801.6,0,0
20120726,807.53,807.53,783.78,783.78,0,0
20120727,783.78,795.66,783.78,783.78,0,0
20120730,804.56,804.56,804.56,804.56,0,0
20120731,798.03,798.03,795.66,795.66,0,0
20120801,784.38,806.35,783.78,795.06,0,0
20120802,789.72,789.72,784.97,784.97,0,0
20120803,783.78,783.78,777.84,783.19,0,0
20120806,777.84,783.78,777.84,783.78,0,0
20120807,789.72,789.72,780.81,789.72,0,0
20120808,789.72,789.72,789.72,789.72,0,0
20120809,789.72,789.72,781.41,781.41,0,0
20120810,783.78,783.78,765.97,781.41,0,0
20120813,777.84,780.81,763,780.81,0,0
20120814,798.03,798.03,772.5,777.84,0,0
20120816,798.03,798.03,775.47,775.47,0,0
20120817,801.6,801.6,773.69,783.78,0,0
20120820,783.78,798.63,776.06,789.13,0,0
20120821,795.06,795.06,784.38,784.38,0,0
20120822,783.78,795.66,783.78,795.66,0,0
20120823,788.53,788.53,783.78,783.78,0,0
20120824,788.53,788.53,771.91,771.91,0,0
20120827,772.5,783.78,772.5,783.78,0,0
20120828,787.34,787.34,774.88,774.88,0,0
20120829,786.75,787.34,774.88,786.16,0,0
20120830,786.16,786.16,777.84,786.16,0,0
20120831,783.78,783.78,758.25,758.25,0,0
20120903,782.59,782.59,765.97,777.84,0,0
20120904,783.78,786.75,777.84,786.16,0,0
20120905,789.72,789.72,783.78,783.78,0,0
20120906,789.13,789.13,783.78,788.53,0,0
20120907,789.13,819.41,767.16,819.41,0,0
20120910,819.41,831.28,817.03,817.03,0,0
20120911,830.69,836.03,817.03,830.69,0,0
20120912,834.25,834.25,821.78,824.16,0,0
20120913,834.25,837.22,824.16,836.63,0,0
20120914,836.63,837.22,826.53,836.03,0,0
20120917,831.28,836.03,828.91,828.91,0,0
20120918,841.97,841.97,828.91,830.1,0,0
20120919,826.53,836.63,826.53,828.91,0,0
20120920,826.53,830.1,811.1,825.35,0,0
20120921,831.28,831.28,825.35,831.28,0,0
20120924,831.28,831.28,827.72,827.72,0,0
20120925,825.35,828.32,822.38,828.32,0,0
20120926,828.91,828.91,817.03,817.03,0,0
20120927,828.91,828.91,816.44,816.44,0,0
20120928,827.13,827.13,813.47,817.03,0,0
20121001,819.41,840.78,819.41,840.78,0,0
20121002,840.19,860.38,840.19,842.57,0,0
20121003,862.75,862.75,831.88,853.25,0,0
20121004,851.47,890.66,846.13,890.66,0,0
20121005,891.85,950.04,891.85,926.29,0,0
20121008,945.88,950.04,926.29,938.16,0,0
20121009,948.26,950.04,932.23,938.16,0,0
20121010,941.13,941.13,926.29,937.57,0,0
20121011,937.57,1011.79,937.57,989.23,0,0
20121012,1002.89,1002.89,961.91,973.2,0,0
20121015,979.73,979.73,961.91,967.85,0,0
20121016,967.85,977.95,953.01,977.35,0,0
20121017,979.73,979.73,950.63,967.26,0,0
20121018,961.91,967.26,951.82,953.01,0,0
20121019,953.01,955.98,950.04,950.04,0,0
20121022,953.01,955.98,950.04,950.04,0,0
20121023,967.85,973.79,950.04,950.04,0,0
20121024,972.01,972.01,950.04,961.32,0,0
20121025,965.48,972.01,950.04,964.88,0,0
20121026,951.23,970.82,951.23,955.98,0,0
20121029,960.13,960.13,953.01,960.13,0,0
20121030,960.13,961.32,956.57,961.32,0,0
20121031,961.32,961.32,951.82,953.01,0,0
20121102,953.01,972.01,953.01,955.98,0,0
20121105,972.6,972.6,967.26,967.26,0,0
20121106,967.85,967.85,950.63,955.98,0,0
20121107,955.98,970.23,955.98,967.85,0,0
20121108,966.66,966.66,961.32,964.88,0,0
20121109,969.04,969.63,961.91,967.26,0,0
20121112,967.26,972.6,961.91,967.85,0,0
20121113,972.01,972.01,961.91,961.91,0,0
20121114,970.82,970.82,961.91,961.91,0,0
20121115,949.45,964.29,948.26,964.29,0,0
20121116,972.01,972.01,958.95,964.88,0,0
20121119,972.6,972.6,960.73,965.48,0,0
20121120,957.16,967.85,957.16,967.85,0,0
20121121,971.42,971.42,958.95,961.91,0,0
20121122,961.91,964.29,955.98,961.91,0,0
20121123,962.51,964.88,961.91,964.29,0,0
20121126,964.88,964.88,961.91,963.1,0,0
20121127,967.85,967.85,963.1,963.1,0,0
20121128,963.1,966.66,961.32,966.66,0,0
20121129,966.66,1005.85,963.7,1005.26,0,0
20121130,1006.45,1006.45,992.2,1005.85,0,0
20121203,1006.45,1068.79,1001.7,1068.79,0,0
20121204,1068.79,1098.48,1062.86,1077.11,0,0
20121205,1097.3,1097.3,1069.39,1072.95,0,0
20121206,1087.79,1087.79,1069.39,1080.67,0,0
20121207,1080.67,1080.67,1069.98,1080.67,0,0
20121210,1080.67,1086.01,1069.98,1080.67,0,0
20121211,1080.08,1080.08,1056.92,1074.73,0,0
20121212,1074.73,1086.01,1057.51,1075.33,0,0
20121213,1080.67,1086.61,1062.86,1086.61,0,0
20121214,1086.61,1086.61,1075.33,1080.67,0,0
20121217,1086.61,1115.7,1080.67,1099.08,0,0
20121218,1110.36,1122.23,1099.67,1120.45,0,0
20121219,1128.17,1157.86,1116.3,1157.86,0,0
20121220,1151.92,1154.89,1122.23,1134.11,0,0
20121221,1119.26,1134.11,1116.3,1116.3,0,0
20121227,1122.83,1133.52,1093.14,1093.14,0,0
20121228,1092.55,1126.98,1092.55,1095.51,0,0
20130102,1122.23,1126.98,1107.39,1107.98,0,0
20130103,1127.58,1187.55,1110.36,1181.61,0,0
20130104,1213.08,1213.08,1181.61,1181.61,0,0
20130107,1205.36,1238.02,1193.49,1199.42,0,0
20130108,1199.42,1229.11,1177.45,1187.55,0,0
20130109,1187.55,1187.55,1145.98,1150.73,0,0
20130110,1146.58,1146.58,1106.2,1107.98,0,0
20130111,1119.26,1131.73,1110.36,1118.08,0,0
20130114,1119.26,1121.05,1083.64,1104.42,0,0
20130115,1121.05,1121.05,1074.73,1075.92,0,0
20130116,1077.7,1088.39,1073.54,1086.01,0,0
20130117,1097.3,1116.3,1086.01,1110.36,0,0
20130118,1125.2,1125.2,1116.3,1116.3,0,0
20130121,1126.39,1139.45,1113.92,1133.52,0,0
20130122,1134.11,1192.85,1128.17,1192.85,0,0
20130123,1197.84,1201.58,1185.36,1185.36,0,0
20130124,1202.21,1202.21,1175.38,1191.6,0,0
20130125,1176,1197.84,1166.65,1197.84,0,0
20130128,1200.96,1200.96,1160.41,1184.11,0,0
20130129,1184.11,1184.11,1158.54,1184.11,0,0
20130130,1172.88,1185.36,1163.53,1172.88,0,0
20130131,1160.41,1183.49,1160.41,1183.49,0,0
20130201,1162.28,1183.49,1161.03,1176,0,0
20130204,1166.65,1166.65,1126.09,1139.82,0,0
20130205,1139.82,1144.81,1123.6,1133.58,0,0
20130206,1134.83,1149.18,1073.69,1091.78,0,0
20130207,1091.78,1110.5,1073.06,1091.78,0,0
20130208,1110.5,1110.5,1091.78,1103.01,0,0
20130211,1104.26,1126.09,1104.26,1104.26,0,0
20130212,1104.26,1135.45,1098.02,1135.45,0,0
20130213,1153.54,1172.88,1135.45,1172.88,0,0
20130214,1187.23,1197.84,1147.93,1149.18,0,0
20130215,1178.5,1178.5,1154.79,1178.5,0,0
20130218,1200.34,1200.34,1161.03,1172.88,0,0
20130219,1179.12,1182.24,1145.43,1147.93,0,0
20130220,1180.37,1180.37,1138.57,1138.57,0,0
20130221,1135.45,1138.57,1108.63,1122.35,0,0
20130222,1122.97,1122.97,1089.91,1098.02,0,0
20130225,1088.66,1122.97,1082.42,1110.5,0,0
20130226,1110.5,1134.2,1098.02,1119.86,0,0
20130227,1131.09,1150.43,1110.5,1129.21,0,0
20130228,1122.97,1122.97,1098.02,1122.35,0,0
20130301,1091.16,1122.35,1066.83,1091.78,0,0
20130304,1091.78,1091.78,1053.1,1064.33,0,0
20130305,1063.71,1109.25,1063.71,1094.9,0,0
20130306,1110.5,1129.84,1094.9,1122.97,0,0
20130307,1129.21,1140.44,1122.97,1135.45,0,0
20130308,1135.45,1138.57,1126.72,1138.57,0,0
20130311,1141.69,1147.93,1136.08,1147.93,0,0
20130312,1154.17,1166.02,1129.21,1129.21,0,0
20130313,1129.21,1131.71,1110.5,1111.74,0,0
20130314,1111.74,1146.68,1111.74,1126.72,0,0
20130315,1145.43,1147.93,1122.97,1129.21,0,0
20130318,1129.21,1138.57,1117.36,1126.72,0,0
20130319,1126.72,1141.07,1124.85,1131.71,0,0
20130320,1137.32,1147.93,1129.84,1141.69,0,0
20130321,1151.05,1152.3,1141.69,1147.93,0,0
20130322,1147.31,1147.31,1122.97,1141.69,0,0
20130325,1141.69,1154.17,1141.69,1141.69,0,0
20130326,1141.69,1172.88,1141.69,1171.01,0,0
20130327,1172.88,1172.88,1154.17,1171.01,0,0
20130328,1144.19,1172.88,1144.19,1172.88,0,0
20130402,1185.36,1185.36,1172.88,1176,0,0
20130403,1190.98,1190.98,1155.42,1172.88,0,0
20130404,1172.88,1191.6,1172.88,1190.98,0,0
20130405,1186.61,1196.59,1185.36,1190.98,0,0
20130408,1191.6,1194.72,1179.12,1189.11,0,0
20130409,1191.6,1191.6,1179.12,1179.12,0,0
20130410,1185.36,1185.99,1179.12,1185.36,0,0
20130411,1191.6,1198.46,1185.36,1197.84,0,0
20130412,1204.08,1241.51,1204.08,1216.56,0,0
20130415,1205.33,1205.33,1191.6,1204.08,0,0
20130417,1204.39,1204.39,1176.63,1176.63,0,0
20130418,1177.25,1247.75,1177.25,1247.75,0,0
20130419,1247.75,1247.75,1222.79,1245.88,0,0
20130422,1239.02,1239.02,1222.79,1222.79,0,0
20130423,1222.79,1259.92,1222.79,1240.89,0,0
20130424,1247.75,1253.99,1229.03,1244.63,0,0
20130425,1244.63,1247.75,1231.22,1235.27,0,0
20130426,1235.27,1241.51,1222.79,1222.79,0,0
20130429,1222.79,1241.51,1216.56,1240.26,0,0
20130430,1247.44,1247.44,1227.16,1240.26,0,0
20130502,1241.51,1241.51,1222.79,1235.27,0,0
20130506,1241.51,1247.75,1235.27,1235.27,0,0
20130507,1247.75,1247.75,1235.27,1235.27,0,0
20130508,1241.51,1246.81,1216.56,1222.79,0,0
20130509,1222.79,1235.27,1214.68,1221.55,0,0
20130510,1229.03,1235.58,1221.55,1223.42,0,0
20130513,1232.15,1241.51,1225.91,1241.51,0,0
20130514,1247.13,1260.23,1229.03,1253.99,0,0
20130515,1285.18,1412.45,1285.18,1403.72,0,0
20130516,1434.91,1540.97,1434.91,1459.87,0,0
20130517,1487.94,1491.06,1451.13,1456.75,0,0
20130520,1495.43,1587.76,1456.75,1549.08,0,0
20130521,1590.88,1590.88,1575.91,1590.88,0,0
20130522,1597.12,1600.24,1575.28,1581.52,0,0
20130523,1553.45,1603.36,1484.82,1603.36,0,0
20130524,1590.88,1603.36,1584.64,1597.12,0,0
20130527,1597.12,1608.97,1528.49,1552.2,0,0
20130528,1552.2,1552.2,1505.41,1540.97,0,0
20130529,1544.09,1558.75,1528.49,1547.21,0,0
20130531,1547.83,1575.28,1522.25,1575.28,0,0
20130603,1575.6,1575.6,1553.45,1565.93,0,0
20130604,1572.16,1680.72,1565.93,1680.72,0,0
20130605,1675.1,1680.72,1597.12,1603.36,0,0
20130606,1625.19,1628.31,1578.09,1622.07,0,0
20130607,1625.19,1665.43,1625.19,1659.51,0,0
20130610,1683.21,1746.23,1671.67,1721.89,0,0
20130611,1745.6,1765.57,1745.6,1759.33,0,0
20130612,1778.04,1796.76,1778.04,1784.28,0,0
20130613,1771.8,1777.73,1734.37,1734.37,0,0
20130614,1735,1765.57,1711.6,1715.34,0,0
20130617,1715.66,1770.87,1715.66,1759.33,0,0
20130618,1771.8,1771.8,1759.33,1765.57,0,0
20130619,1772.74,1796.76,1759.33,1771.8,0,0
20130620,1747.47,1759.33,1703.18,1703.18,0,0
20130621,1690.7,1739.05,1686.33,1703.18,0,0
20130624,1703.18,1728.13,1692.57,1696.94,0,0
20130625,1696.94,1715.66,1647.03,1665.75,0,0
20130626,1628.31,1678.22,1559.69,1678.22,0,0
20130627,1690.7,1714.41,1634.55,1653.27,0,0
20130628,1653.27,1671.98,1635.8,1647.03,0,0
20130701,1653.27,1671.98,1647.34,1671.98,0,0
20130702,1671.98,1696.32,1653.27,1696.32,0,0
20130703,1696.32,1696.32,1647.65,1662.63,0,0
20130704,1729.38,1966.58,1729.38,1966.58,0,0
20130705,1979.21,2007.55,1959.75,1966.58,0,0
20130708,2000.04,2000.04,1918.78,1952.92,0,0
20130709,1966.58,1966.58,1911.95,1939.27,0,0
20130710,1952.92,1952.92,1925.61,1939.27,0,0
20130711,1966.58,1966.58,1929.02,1939.27,0,0
20130712,1959.75,1959.75,1932.44,1952.92,0,0
20130715,1965.9,1965.9,1939.27,1946.1,0,0
20130716,1959.07,1959.07,1918.78,1945.41,0,0
20130717,1933.8,1956.34,1933.8,1939.95,0,0
20130718,1946.1,1946.1,1905.81,1935.85,0,0
20130719,1939.27,1942,1911.95,1922.2,0,0
20130722,1911.95,1963.85,1911.95,1946.1,0,0
20130723,1959.75,2014.38,1959.75,2014.38,0,0
20130724,2017.79,2049.2,2017.79,2048.52,0,0
20130725,2062.18,2095.64,2049.2,2089.49,0,0
20130726,2089.49,2095.64,2069.01,2069.01,0,0
20130729,2070.37,2102.12,2070.37,2095.64,0,0
20130730,2114.76,2174.85,2095.64,2120.22,0,0
20130731,2116.81,2163.58,2116.81,2150.95,0,0
20130801,2158.46,2185.09,2158.46,2171.43,0,0
20130802,2185.09,2185.09,2137.29,2150.95,0,0
20130805,2163.24,2163.24,2131.83,2156.75,0,0
20130806,2157.78,2163.58,2149.92,2163.24,0,0
20130807,2163.58,2168.02,2140.7,2140.7,0,0
20130808,2178.26,2178.26,2157.78,2164.6,0,0
20130809,2164.95,2171.43,2144.12,2150.26,0,0
20130812,2171.43,2171.43,2131.83,2144.12,0,0
20130813,2137.29,2157.09,2119.54,2144.12,0,0
20130814,2149.58,2149.58,2083,2103.15,0,0
20130816,2103.15,2103.15,2083,2092.91,0,0
20130819,2082.66,2089.49,2041.69,2079.25,0,0
20130820,2082.66,2082.66,2014.38,2069.01,0,0
20130821,2069.01,2086.42,2035.89,2050.23,0,0
20130822,2088.13,2088.13,2048.52,2055.35,0,0
20130823,2062.18,2082.66,2048.52,2055.35,0,0
20130826,2069.01,2069.01,2029.06,2065.59,0,0
20130827,2065.59,2065.59,2008.58,2014.38,0,0
20130828,1990.48,2014.38,1932.44,1932.44,0,0
20130829,1922.2,1987.07,1922.2,1980.24,0,0
20130830,1877.81,1959.75,1877.81,1959.75,0,0
20130902,1986.38,2099.05,1980.24,2098.37,0,0
20130903,2109.98,2137.29,2109.98,2116.12,0,0
20130904,2094.95,2122.27,2028.38,2063.54,0,0
20130905,2103.15,2103.15,1905.12,1993.89,0,0
20130906,1993.89,2063.2,1980.24,2045.11,0,0
20130909,2048.52,2073.1,2048.52,2048.52,0,0
20130910,2057.4,2082.66,2057.4,2075.84,0,0
20130911,2063.54,2075.84,2041.69,2062.18,0,0
20130912,2048.52,2062.18,2034.86,2041.69,0,0
20130913,2055.35,2062.18,2021.89,2028.04,0,0
20130916,2048.52,2062.18,2028.04,2041.69,0,0
20130917,2078.57,2078.57,2041.69,2062.18,0,0
20130918,2062.18,2089.49,2062.18,2088.13,0,0
20130919,2089.49,2184.07,2089.49,2176.21,0,0
20130920,2185.09,2243.13,2171.43,2199.43,0,0
20130923,2208.99,2232.89,2193.28,2212.4,0,0
20130924,2215.13,2218.89,2171.77,2191.92,0,0
20130925,2191.92,2211.38,2159.48,2198.75,0,0
20130926,2157.78,2212.4,2157.78,2191.24,0,0
20130927,2191.24,2205.57,2168.02,2171.43,0,0
20130930,2170.75,2212.4,2144.12,2212.4,0,0
20131001,2178.26,2211.72,2171.43,2171.77,0,0
20131002,2175.53,2178.26,2154.36,2164.6,0,0
20131003,2181.68,2181.68,2151.63,2157.78,0,0
20131004,2156.41,2156.41,2136.61,2137.29,0,0
20131007,2130.46,2130.46,2103.15,2127.05,0,0
20131008,2130.46,2143.44,2116.81,2135.93,0,0
20131009,2100.42,2150.95,2100.42,2137.29,0,0
20131010,2117.49,2164.6,2116.81,2164.6,0,0
20131011,2185.09,2218.55,2185.09,2193.28,0,0
20131014,2198.75,2198.75,2178.26,2178.26,0,0
20131015,2185.09,2215.82,2185.09,2211.72,0,0
20131016,2198.75,2211.72,2178.26,2190.89,0,0
20131017,2190.89,2212.4,2165.63,2208.99,0,0
20131018,2188.5,2191.58,2147.53,2190.55,0,0
20131021,2198.4,2232.55,2158.8,2232.55,0,0
20131022,2232.89,2239.72,2223.33,2239.72,0,0
20131023,2239.72,2239.72,2219.23,2239.03,0,0
20131024,2236.3,2236.3,2214.11,2232.55,0,0
20131025,2219.57,2219.57,2195.33,2198.75,0,0
20131028,2185.09,2185.09,2171.43,2179.63,0,0
20131029,2161.19,2181.68,2161.19,2171.43,0,0
20131030,2161.87,2161.87,2082.66,2103.15,0,0
20131031,2103.49,2116.81,2089.49,2112.37,0,0
20131104,2130.46,2130.46,2096.32,2113.39,0,0
20131105,2113.39,2130.46,2103.15,2130.46,0,0
20131106,2137.29,2164.6,2137.29,2157.78,0,0
20131107,2150.95,2163.24,2144.12,2157.78,0,0
20131108,2163.92,2163.92,2123.63,2144.12,0,0
20131112,2127.05,2144.12,2116.81,2116.81,0,0
20131113,2117.15,2143.78,2117.15,2142.75,0,0
20131114,2142.75,2143.78,2131.15,2142.07,0,0
20131115,2143.78,2143.78,2115.78,2133.88,0,0
20131118,2130.46,2143.78,2123.63,2143.78,0,0
20131119,2143.44,2143.78,2121.93,2143.78,0,0
20131120,2143.78,2253.37,2130.46,2219.23,0,0
20131121,2225.72,2239.03,2212.4,2229.47,0,0
20131122,2219.23,2232.89,2196.7,2205.23,0,0
20131125,2200.11,2219.23,2185.09,2218.89,0,0
20131126,2226.06,2245.52,2199.43,2245.18,0,0
20131127,2244.5,2244.5,2212.4,2215.82,0,0
20131128,2239.38,2239.38,2212.4,2229.47,0,0
20131129,2226.06,2226.06,2202.16,2218.89,0,0
20131202,2218.89,2219.23,2187.82,2212.4,0,0
20131203,2212.4,2232.89,2189.87,2232.89,0,0
20131204,2232.55,2232.55,2147.53,2205.57,0,0
20131205,2211.72,2232.21,2185.09,2212.4,0,0
20131206,2212.4,2212.4,2171.43,2184.75,0,0
20131209,2172.8,2191.58,2171.43,2185.09,0,0
20131210,2191.58,2191.58,2147.53,2185.09,0,0
20131211,2157.78,2184.75,2157.78,2170.75,0,0
20131212,2164.6,2184.75,2156.41,2184.75,0,0
20131213,2181.68,2190.89,2157.78,2184.41,0,0
20131216,2185.09,2185.09,2127.05,2127.05,0,0
20131217,2128.07,2178.26,2056.72,2109.64,0,0
20131218,2123.63,2123.63,2082.66,2103.83,0,0
20131219,2116.81,2171.43,2072.42,2171.43,0,0
20131220,2171.43,2171.43,2121.93,2171.43,0,0
20131223,2185.09,2185.09,2151.29,2185.09,0,0
20131227,2191.92,2191.92,2173.48,2185.09,0,0
20131230,2188.5,2198.75,2140.7,2198.75,0,0
20140102,2219.23,2226.06,2154.7,2185.09,0,0
20140103,2178.26,2178.26,2157.78,2178.26,0,0
20140107,2165.29,2165.29,2095.64,2095.64,0,0
20140108,2089.49,2130.46,2069.01,2130.46,0,0
20140109,2096.32,2116.81,2048.52,2048.52,0,0
20140110,2046.47,2048.52,1959.75,2048.52,0,0
20140113,1980.24,2035.55,1980.24,1993.89,0,0
20140114,2000.72,2062.18,1980.58,2048.52,0,0
20140115,2055.35,2055.35,2028.38,2028.38,0,0
20140116,2028.04,2055.35,2001.06,2021.89,0,0
20140117,2021.21,2038.62,2021.21,2038.28,0,0
20140120,2029.06,2029.06,1980.58,2007.55,0,0
20140121,2007.89,2069.01,2007.89,2034.86,0,0
20140122,2075.15,2093.25,2034.86,2089.49,0,0
20140123,2049.89,2089.49,2049.89,2055.35,0,0
20140124,2075.84,2075.84,2000.72,2000.72,0,0
20140127,1987.07,2000.72,1952.92,2000.72,0,0
20140128,1933.12,2041.35,1933.12,2041.35,0,0
20140129,2034.86,2075.15,2034.86,2045.11,0,0
20140130,1987.07,2045.11,1987.07,2000.72,0,0
20140131,2037.94,2037.94,1980.24,1980.24,0,0
20140203,1974.09,1992.87,1911.61,1980.24,0,0
20140204,1993.21,2021.21,1966.58,2010.97,0,0
20140205,2024.62,2075.15,1993.89,2075.15,0,0
20140206,2109.98,2116.81,2008.92,2090.17,0,0
20140207,2102.12,2113.39,2082.66,2113.39,0,0
20140210,2109.98,2122.95,2075.84,2122.95,0,0
20140211,2122.95,2164.6,2122.95,2150.95,0,0
20140212,2170.75,2170.75,2150.95,2170.75,0,0
20140213,2170.75,2171.43,2163.92,2164.6,0,0
20140214,2155.73,2171.43,2092.56,2171.43,0,0
20140217,2176.21,2202.16,2172.8,2198.75,0,0
20140218,2198.75,2198.75,2138.66,2184.41,0,0
20140219,2184.41,2188.5,2158.12,2171.43,0,0
20140220,2145.14,2185.09,2138.66,2164.95,0,0
20140221,2164.6,2185.09,2157.78,2171.43,0,0
20140224,2184.07,2188.85,2181.68,2185.09,0,0
20140225,2198.75,2198.75,2150.95,2164.6,0,0
20140226,2145.14,2164.6,2131.83,2161.19,0,0
20140227,2131.15,2131.15,2096.66,2123.63,0,0
20140228,2137.29,2185.09,2137.29,2185.09,0,0
20140303,2125,2131.15,2000.72,2000.72,0,0
20140304,2007.55,2116.81,2000.72,2109.64,0,0
20140305,2136.61,2136.61,2060.81,2060.81,0,0
20140306,2109.98,2130.12,2066.96,2130.12,0,0
20140307,2150.26,2184.41,2134.22,2164.26,0,0
20140310,2164.95,2164.95,2106.56,2109.98,0,0
20140311,2088.13,2109.98,2069.01,2069.01,0,0
20140312,2069.01,2082.66,1946.1,2014.38,0,0
20140313,2014.04,2014.04,1960.09,1966.58,0,0
20140314,1926.29,1926.98,1846.06,1884.64,0,0
20140317,1796.55,1964.87,1796.55,1925.61,0,0
20140318,1980.24,1980.24,1946.1,1946.1,0,0
20140319,1973.41,1973.41,1918.78,1918.78,0,0
20140320,1952.92,2034.86,1918.78,2034.86,0,0
20140321,2056.72,2080.27,1990.48,2014.38,0,0
20140324,1987.07,2007.21,1959.75,1973.23,0,0
20140325,1959.48,2000.73,1940.91,1940.91,0,0
20140326,1925.1,2005.88,1911.35,1911.35,0,0
20140327,1897.6,1959.48,1897.6,1925.1,0,0
20140328,1925.1,1959.48,1925.1,1952.6,0,0
20140331,1961.54,1993.17,1925.1,1986.63,0,0
20140401,1993.85,2033.04,1973.23,2028.23,0,0
20140402,2032.7,2032.7,2014.48,2027.89,0,0
20140403,2027.54,2062.61,2004.17,2027.89,0,0
20140404,2029.6,2040.61,2027.89,2035.11,0,0
20140407,2009.67,2051.26,2009.67,2027.89,0,0
20140408,2014.48,2048.86,2000.73,2018.26,0,0
20140409,2027.89,2028.23,2005.2,2014.48,0,0
20140410,2015.85,2096.3,2015.85,2055.73,0,0
20140411,2055.73,2066.04,2045.07,2055.73,0,0
20140414,2048.86,2055.73,1959.48,1997.98,0,0
20140415,1945.73,1945.73,1842.6,1842.6,0,0
20140416,1856.35,1856.35,1705.43,1766.97,0,0
20140417,1787.59,1839.16,1787.59,1794.47,0,0
20140422,1842.6,1856.35,1801.34,1856.35,0,0
20140423,1873.53,1873.53,1836.41,1870.1,0,0
20140424,1870.1,1876.97,1795.16,1805.47,0,0
20140425,1815.78,1821.97,1795.5,1805.47,0,0
20140428,1801.34,1821.97,1791.03,1801.34,0,0
20140429,1821.28,1821.28,1802.37,1818.53,0,0
20140430,1836.06,1839.16,1808.22,1828.16,0,0
20140502,1839.16,1841.91,1815.09,1833.66,0,0
20140505,1846.03,1846.03,1774.87,1801.34,0,0
20140506,1801.34,1801.34,1763.53,1778.65,0,0
20140507,1763.53,1763.53,1685.15,1739.46,0,0
20140508,1746.34,1746.34,1677.59,1677.59,0,0
20140509,1630.15,1667.27,1589.58,1589.58,0,0
20140512,1567.58,1640.12,1512.58,1639.77,0,0
20140513,1677.59,1718.84,1663.84,1718.84,0,0
20140514,1753.22,1753.22,1670.71,1670.71,0,0
20140515,1684.81,1696.49,1653.87,1674.15,0,0
20140516,1650.43,1670.71,1615.71,1622.58,0,0
20140519,1674.15,1674.15,1622.58,1643.21,0,0
20140520,1650.43,1672.09,1650.43,1663.84,0,0
20140521,1677.59,1731.9,1677.59,1718.84,0,0
20140522,1738.78,1783.12,1732.93,1766.97,0,0
20140523,1793.78,1801.34,1773.84,1787.59,0,0
20140526,1790.69,1790.69,1718.49,1718.84,0,0
20140527,1700.96,1733.62,1700.96,1718.84,0,0
20140528,1700.28,1739.46,1698.21,1698.21,0,0
20140529,1697.87,1711.96,1677.59,1697.53,0,0
20140530,1715.4,1786.56,1715.06,1760.09,0,0
20140602,1764.9,1764.9,1726.06,1742.9,0,0
20140603,1742.9,1752.53,1711.96,1725.71,0,0
20140604,1725.71,1745.65,1655.59,1658.34,0,0
20140605,1670.71,1684.46,1589.24,1616.4,0,0
20140606,1617.43,1670.71,1617.43,1637.71,0,0
20140609,1641.83,1703.71,1641.83,1684.46,0,0
20140610,1920.09,1920.09,1920.09,1920.09,0,0
20140611,1939.5,1941.05,1926.3,1935.62,0,0
20140612,1939.89,1939.89,1880.49,1894.47,0,0
20140613,1894.47,1894.47,1847.88,1863.41,0,0
20140616,1864.19,1864.19,1836.24,1857.98,0,0
20140617,1861.47,1886.7,1855.65,1886.7,0,0
20140618,1899.52,1899.52,1868.07,1868.07,0,0
20140620,1871.18,1881.27,1825.37,1866.91,0,0
20140623,1864.96,1874.67,1832.36,1866.91,0,0
20140624,1848.27,1855.65,1809.06,1809.06,0,0
20140625,1809.06,1814.5,1762.48,1762.48,0,0
20140626,1765.19,1785.77,1765.19,1770.24,0,0
20140627,1770.24,1814.11,1770.24,1772.96,0,0
20140630,1812.94,1812.94,1716.67,1729.09,0,0
20140701,1724.04,1739.57,1708.13,1731.42,0,0
20140702,1732.2,1746.95,1717.44,1717.44,0,0
20140703,1717.83,1730.26,1700.36,1727.15,0,0
20140704,1731.42,1754.71,1731.42,1754.71,0,0
20140707,1777.23,1801.3,1775.68,1785.77,0,0
20140708,1802.85,1824.59,1715.89,1715.89,0,0
20140709,1742.29,1742.29,1669.31,1708.13,0,0
20140710,1708.13,1708.13,1631.65,1638.25,0,0
20140711,1638.25,1680.18,1638.25,1661.54,0,0
20140714,1669.31,1739.18,1630.49,1636.31,0,0
20140715,1638.25,1658.82,1630.49,1646.01,0,0
20140716,1656.88,1656.88,1592.83,1614.96,0,0
20140717,1595.55,1638.25,1583.9,1638.25,0,0
20140718,1592.83,1629.32,1592.83,1628.16,0,0
20140721,1628.16,1628.16,1560.61,1560.61,0,0
20140722,1568.37,1597.1,1556.73,1585.06,0,0
20140723,1607.19,1661.15,1583.9,1583.9,0,0
20140724,1588.56,1708.13,1588.56,1669.31,0,0
20140725,1688.72,1698.03,1663.1,1663.1,0,0
20140728,1696.48,1696.48,1645.24,1653.78,0,0
20140729,1646.4,1677.07,1557.5,1560.61,0,0
20140730,1562.16,1562.16,1491.12,1510.14,0,0
20140731,1507.03,1560.61,1507.03,1560.61,0,0
20140801,1560.61,1562.55,1499.66,1558.28,0,0
20140804,1560.22,1604.48,1545.08,1591.28,0,0
20140805,1597.49,1646.01,1575.36,1575.36,0,0
20140806,1575.36,1609.13,1554.01,1603.7,0,0
20140807,1606.8,1706.57,1586.23,1631.26,0,0
20140808,1606.8,1633.59,1606.8,1611.08,0,0
20140811,1638.25,1653.78,1622.72,1630.49,0,0
20140812,1661.54,1661.54,1622.72,1629.71,0,0
20140813,1622.72,1629.71,1616.12,1624.27,0,0
20140814,1624.27,1624.27,1607.58,1622.72,0,0
20140818,1629.71,1669.31,1626.6,1659.99,0,0
20140819,1669.31,1692.6,1669.31,1673.58,0,0
20140820,1688.72,1705.8,1688.72,1703.86,0,0
20140821,1708.13,1741.9,1708.13,1738.41,0,0
20140822,1762.48,1775.68,1731.42,1736.08,0,0
20140825,1740.35,1777.62,1726.76,1731.42,0,0
20140826,1739.18,1739.57,1699.59,1704.25,0,0
20140827,1704.25,1737.24,1704.25,1729.87,0,0
20140828,1731.42,1731.42,1694.15,1703.08,0,0
20140829,1694.15,1694.15,1662.32,1677.07,0,0
20140901,1672.8,1731.42,1672.8,1715.89,0,0
20140902,1708.13,1709.29,1677.07,1685.22,0,0
20140903,1689.11,1746.95,1688.72,1709.29,0,0
20140904,1730.64,1816.44,1712.4,1785.77,0,0
20140905,1810.23,1847.88,1802.07,1831.97,0,0
20140908,1840.12,1878.94,1802.07,1824.59,0,0
20140909,1824.59,1855.65,1809.06,1809.06,0,0
20140910,1809.45,1809.45,1770.63,1778.01,0,0
20140911,1779.17,1779.17,1743.84,1754.71,0,0
20140912,1758.6,1768.3,1717.06,1739.18,0,0
20140915,1713.17,1715.89,1692.6,1715.89,0,0
20140916,1737.63,1737.63,1707.35,1707.35,0,0
20140917,1707.35,1770.24,1707.35,1708.13,0,0
20140918,1743.84,1785.77,1723.66,1727.54,0,0
20140919,1743.45,1780.72,1743.45,1754.71,0,0
20140922,1757.04,1757.04,1739.18,1740.74,0,0
20140923,1723.66,1743.07,1723.66,1739.18,0,0
20140924,1708.13,1743.45,1708.13,1708.13,0,0
20140925,1708.13,1715.89,1692.6,1700.36,0,0
20140926,1677.07,1690.66,1646.01,1677.07,0,0
20140929,1677.07,1684.84,1663.87,1663.87,0,0
20140930,1669.31,1692.6,1632.81,1692.6,0,0
20141001,1692.6,1692.6,1646.4,1669.31,0,0
20141002,1671.64,1671.64,1618.45,1661.54,0,0
20141003,1657.27,1657.27,1646.01,1646.01,0,0
20141006,1665.04,1669.31,1625.44,1653.78,0,0
20141007,1660.38,1669.31,1632.04,1653.78,0,0
20141008,1630.87,1652.23,1630.87,1646.01,0,0
20141009,1646.01,1666.98,1638.25,1646.01,0,0
20141010,1640.58,1653.78,1630.49,1638.25,0,0
20141013,1639.8,1645.63,1608.36,1615.35,0,0
20141014,1615.35,1669.31,1545.47,1669.31,0,0
20141015,1668.92,1722.88,1654.17,1692.6,0,0
20141016,1700.36,1700.36,1661.93,1669.31,0,0
20141017,1669.31,1669.31,1653.78,1669.31,0,0
20141020,1669.31,1677.07,1656.88,1657.66,0,0
20141021,1653.78,1656.88,1626.6,1656.11,0,0
20141022,1653.78,1653.78,1582.74,1590.89,0,0
20141023,1621.17,1621.17,1572.25,1584.68,0,0
20141024,1590.89,1590.89,1583.9,1587.78,0,0
20141027,1590.89,1607.19,1561,1571.87,0,0
20141028,1568.37,1574.97,1535.37,1545.08,0,0
20141029,1552.84,1580.02,1529.55,1537.31,0,0
20141030,1552.84,1590.89,1529.55,1583.12,0,0
20141031,1591.66,1614.18,1552.07,1552.07,0,0
20141103,1591.28,1591.28,1552.84,1571.09,0,0
20141104,1579.63,1580.02,1569.54,1580.02,0,0
20141105,1595.93,1597.88,1580.41,1588.17,0,0
20141106,1590.89,1659.6,1588.17,1646.01,0,0
20141107,1638.25,1638.25,1601.76,1630.49,0,0
20141110,1633.59,1633.59,1592.05,1621.17,0,0
20141112,1621.94,1622.72,1588.17,1600.59,0,0
20141113,1569.15,1614.96,1569.15,1580.02,0,0
20141114,1545.08,1545.08,1475.2,1475.2,0,0
20141117,1475.2,1482.97,1362.62,1396.01,0,0
20141118,1399.89,1399.89,1370.38,1379.7,0,0
20141119,1382.03,1382.03,1319.92,1335.45,0,0
20141120,1350.97,1350.97,1341.27,1343.21,0,0
20141121,1343.21,1343.21,1336.22,1341.66,0,0
20141124,1339.33,1339.33,1312.15,1312.15,0,0
20141125,1296.62,1493.06,1272.56,1493.06,0,0
20141126,1493.06,1542.75,1422.02,1451.91,0,0
20141127,1520.23,1520.23,1436.38,1444.14,0,0
20141128,1479.08,1479.08,1436.77,1472.87,0,0
20141201,1474.42,1474.42,1420.85,1426.67,0,0
20141202,1429.39,1443.76,1389.79,1405.32,0,0
20141203,1417.36,1417.36,1393.68,1394.45,0,0
20141204,1405.32,1412.7,1375.04,1389.79,0,0
20141205,1389.79,1389.79,1382.03,1382.03,0,0
20141208,1377.37,1389.41,1335.45,1358.74,0,0
20141209,1338.55,1366.11,1336.22,1342.82,0,0
20141210,1350.59,1350.59,1333.5,1335.45,0,0
20141211,1335.45,1347.48,1316.81,1327.68,0,0
20141212,1319.92,1319.92,1304.39,1316.81,0,0
20141215,1316.81,1327.68,1289.25,1300.51,0,0
20141216,1300.51,1300.51,1242.27,1242.27,0,0
20141217,1264.79,1271.78,1256.64,1256.64,0,0
20141218,1243.05,1303.22,1243.05,1250.82,0,0
20141219,1253.92,1257.8,1195.69,1203.45,0,0
20141222,1176.67,1265.57,1176.28,1187.93,0,0
20141223,1189.48,1192.58,1175.11,1186.37,0,0
20141229,1195.69,1206.95,1149.88,1173.17,0,0
20141230,1166.19,1195.69,1166.19,1195.69,0,0
