Date,Open,High,Low,Close,Volume,OpenInt
20070813,14.579,14.579,14.579,14.579,0,0
20070814,14.232,14.232,14.232,14.232,0,0
20070816,13.364,13.364,13.364,13.364,0,0
20070817,14.926,14.926,14.926,14.926,0,0
20070820,11.194,11.194,11.194,11.194,0,0
20070821,11.281,11.281,11.281,11.281,0,0
20070822,11.888,11.888,11.888,11.888,0,0
20070823,12.148,12.148,12.148,12.148,0,0
20070824,12.41,12.41,12.41,12.41,0,0
20070827,12.322,12.322,12.322,12.322,0,0
20070828,12.148,12.148,12.148,12.148,0,0
20070829,12.148,12.148,12.148,12.148,0,0
20070830,16.835,16.835,16.835,16.835,0,0
20070831,17.529,17.529,17.529,17.529,0,0
20070903,17.443,17.443,17.443,17.443,0,0
20070904,17.529,17.529,17.529,17.529,0,0
20070905,17.529,17.529,17.529,17.529,0,0
20070906,17.529,17.529,17.529,17.529,0,0
20070907,17.095,17.095,17.095,17.095,0,0
20070910,16.921,16.921,16.921,16.921,0,0
20070911,17.703,17.703,17.703,17.703,0,0
20070912,17.615,17.615,17.615,17.615,0,0
20070913,17.355,17.355,17.355,17.355,0,0
20070914,17.269,17.269,17.269,17.269,0,0
20070917,17.615,17.615,17.615,17.615,0,0
20070918,17.877,17.877,17.877,17.877,0,0
20070919,18.049,18.049,18.049,18.049,0,0
20070920,18.31,18.31,18.31,18.31,0,0
20070921,17.877,17.877,17.877,17.877,0,0
20070924,18.049,18.049,18.049,18.049,0,0
20070925,18.397,18.397,18.397,18.397,0,0
20070926,18.397,18.397,18.397,18.397,0,0
20070927,18.223,18.223,18.223,18.223,0,0
20070928,18.31,18.31,18.31,18.31,0,0
20071001,18.31,18.31,18.31,18.31,0,0
20071002,18.223,18.223,18.223,18.223,0,0
20071003,18.049,18.049,18.049,18.049,0,0
20071004,17.529,17.529,17.529,17.529,0,0
20071005,17.963,17.963,17.963,17.963,0,0
20071008,18.223,18.223,18.223,18.223,0,0
20071009,18.31,18.31,18.31,18.31,0,0
20071010,18.223,18.223,18.223,18.223,0,0
20071011,18.831,18.831,18.831,18.831,0,0
20071012,19.177,19.177,19.177,19.177,0,0
20071015,19.959,19.959,19.959,19.959,0,0
20071016,20.219,20.219,20.219,20.219,0,0
20071017,20.306,20.306,20.306,20.306,0,0
20071018,20.393,20.393,20.393,20.393,0,0
20071019,20.74,20.74,20.74,20.74,0,0
20071022,21,21,21,21,0,0
20071023,21.347,21.347,21.347,21.347,0,0
20071024,21.608,21.608,21.608,21.608,0,0
20071025,21.434,21.434,21.434,21.434,0,0
20071026,21.434,21.434,21.434,21.434,0,0
20071029,21.608,21.608,21.608,21.608,0,0
20071030,20.827,20.827,20.827,20.827,0,0
20071031,20.74,20.74,20.74,20.74,0,0
20071102,21.174,21.174,21.174,21.174,0,0
20071105,20.913,20.913,20.913,20.913,0,0
20071106,21,21,21,21,0,0
20071107,19.612,19.612,19.612,19.612,0,0
20071108,19.612,19.612,19.612,19.612,0,0
20071109,19.699,20.133,18.137,18.137,0,0
20071112,18.137,19.005,18.137,18.31,0,0
20071113,17.703,18.917,17.703,18.831,0,0
20071114,18.917,19.091,18.137,18.31,0,0
20071115,17.615,18.31,17.615,17.963,0,0
20071116,17.355,17.963,16.921,17.789,0,0
20071119,17.789,17.789,17.009,17.355,0,0
20071120,17.095,17.443,15.88,15.88,0,0
20071121,15.273,15.273,15.273,15.273,0,0
20071122,14.926,15.273,14.926,15.273,0,0
20071123,15.273,16.748,15.273,16.748,0,0
20071126,17.355,17.355,16.748,16.748,0,0
20071127,16.748,16.835,15.533,16.141,0,0
20071128,16.141,16.401,16.141,16.314,0,0
20071129,17.095,17.095,16.748,16.921,0,0
20071130,16.921,16.921,16.661,16.748,0,0
20071203,16.748,16.835,16.575,16.748,0,0
20071204,16.748,16.748,16.314,16.314,0,0
20071205,16.141,16.661,15.967,16.314,0,0
20071206,16.661,16.661,16.141,16.314,0,0
20071207,16.487,16.661,16.487,16.661,0,0
20071210,16.748,16.835,16.661,16.835,0,0
20071211,16.921,16.921,16.054,16.921,0,0
20071212,16.748,17.355,16.575,17.095,0,0
20071213,17.095,17.355,16.314,16.314,0,0
20071214,17.009,17.009,16.314,16.748,0,0
20071217,16.314,16.314,15.967,16.314,0,0
20071218,16.314,16.401,15.88,16.401,0,0
20071219,15.967,16.141,15.62,15.62,0,0
20071220,15.62,16.748,15.533,16.748,0,0
20071221,15.967,16.748,15.967,16.661,0,0
20071227,15.967,16.661,15.62,16.661,0,0
20071228,16.141,16.227,16.141,16.141,0,0
20080102,16.487,16.487,16.227,16.487,0,0
20080103,16.401,16.401,16.141,16.141,0,0
20080104,16.141,16.314,16.054,16.314,0,0
20080107,15.967,16.227,15.62,16.227,0,0
20080108,16.227,16.227,15.446,15.533,0,0
20080109,15.446,15.446,14.405,14.839,0,0
20080110,14.839,14.839,13.45,13.884,0,0
20080111,14.232,14.232,13.016,13.624,0,0
20080114,13.19,13.19,13.19,13.19,0,0
20080115,12.67,13.016,11.368,11.715,0,0
20080116,10.934,11.454,10.587,11.454,0,0
20080117,11.281,12.582,11.281,12.496,0,0
20080118,13.364,13.364,12.582,12.582,0,0
20080121,12.148,12.582,11.715,11.976,0,0
20080122,11.802,12.582,11.454,12.582,0,0
20080123,13.016,13.016,12.236,12.93,0,0
20080124,12.93,13.624,12.843,13.624,0,0
20080125,13.798,14.665,13.798,14.232,0,0
20080128,14.492,14.492,13.798,13.884,0,0
20080129,14.058,14.232,14.058,14.145,0,0
20080130,14.232,14.232,14.232,14.232,0,0
20080131,14.232,14.232,13.624,13.624,0,0
20080201,13.798,14.145,13.798,13.798,0,0
20080204,14.058,14.058,13.364,13.538,0,0
20080205,13.798,13.798,12.93,12.93,0,0
20080206,12.496,12.582,11.802,12.322,0,0
20080207,12.93,12.93,12.322,12.322,0,0
20080208,12.322,12.322,12.148,12.148,0,0
20080211,12.322,12.496,12.148,12.496,0,0
20080212,12.496,12.843,12.496,12.843,0,0
20080213,12.843,13.19,12.843,13.19,0,0
20080214,13.45,13.624,13.45,13.624,0,0
20080215,12.41,13.624,12.41,13.624,0,0
20080218,13.624,13.798,13.19,13.798,0,0
20080219,13.798,13.798,13.798,13.798,0,0
20080220,13.711,13.711,13.711,13.711,0,0
20080221,13.45,13.711,13.45,13.711,0,0
20080222,13.364,13.364,13.364,13.364,0,0
20080225,13.711,13.711,13.364,13.624,0,0
20080226,13.45,13.711,13.45,13.711,0,0
20080227,13.624,13.711,13.624,13.711,0,0
20080228,13.711,13.711,13.711,13.711,0,0
20080229,13.104,13.884,13.104,13.884,0,0
20080303,13.104,13.45,12.062,12.062,0,0
20080304,12.236,12.582,11.715,12.582,0,0
20080305,12.236,13.016,12.148,12.93,0,0
20080306,12.93,13.016,12.582,12.582,0,0
20080307,12.756,13.19,12.756,13.19,0,0
20080310,13.19,13.971,13.19,13.971,0,0
20080311,13.971,13.971,13.538,13.538,0,0
20080312,13.884,13.884,13.104,13.798,0,0
20080313,12.843,13.798,12.843,13.798,0,0
20080314,13.711,14.058,13.711,13.884,0,0
20080317,13.538,13.538,13.364,13.538,0,0
20080318,13.364,13.711,12.582,13.711,0,0
20080319,13.884,13.884,13.364,13.364,0,0
20080320,13.45,13.45,13.19,13.45,0,0
20080325,13.538,13.538,13.19,13.19,0,0
20080326,12.843,13.364,12.67,12.67,0,0
20080327,13.016,13.016,12.062,12.236,0,0
20080328,11.888,12.322,11.715,12.236,0,0
20080331,12.236,12.236,12.236,12.236,0,0
20080401,12.236,12.843,12.236,12.322,0,0
20080402,12.756,12.843,12.41,12.756,0,0
20080403,12.843,12.93,12.756,12.93,0,0
20080404,12.496,12.93,12.496,12.582,0,0
20080407,12.843,12.843,12.582,12.582,0,0
20080408,12.582,12.582,12.582,12.582,0,0
20080409,12.582,12.582,12.41,12.582,0,0
20080410,13.364,13.364,12.582,13.19,0,0
20080411,13.19,13.364,12.67,13.364,0,0
20080414,13.364,13.364,12.756,13.19,0,0
20080415,13.19,13.19,13.19,13.19,0,0
20080416,12.67,13.104,12.67,13.016,0,0
20080417,12.756,12.756,12.756,12.756,0,0
20080418,13.016,13.016,12.41,12.41,0,0
20080421,12.236,12.41,11.888,11.888,0,0
20080422,11.976,11.976,11.628,11.628,0,0
20080423,12.322,12.322,11.194,11.194,0,0
20080424,11.715,11.976,11.542,11.976,0,0
20080425,11.976,11.976,11.454,11.976,0,0
20080428,12.322,12.322,11.715,12.322,0,0
20080429,12.322,12.322,12.236,12.236,0,0
20080430,12.236,12.322,11.802,12.322,0,0
20080505,12.756,12.756,11.802,11.802,0,0
20080506,12.41,12.41,11.802,11.802,0,0
20080507,12.322,12.322,11.368,11.628,0,0
20080508,11.802,11.802,11.628,11.628,0,0
20080509,12.062,12.062,11.628,11.628,0,0
20080512,11.628,11.628,11.628,11.628,0,0
20080513,11.454,11.628,11.368,11.628,0,0
20080514,12.236,12.236,11.194,11.194,0,0
20080515,11.194,11.194,10.847,10.847,0,0
20080516,10.847,10.847,10.5,10.847,0,0
20080519,10.066,10.5,9.892,10.153,0,0
20080520,10.326,10.326,9.719,9.98,0,0
20080521,9.806,9.892,9.719,9.806,0,0
20080523,10.066,10.24,9.806,10.24,0,0
20080526,10.24,10.587,10.066,10.24,0,0
20080527,10.066,10.5,10.066,10.326,0,0
20080528,10.413,10.674,10.413,10.413,0,0
20080529,10.674,10.934,10.413,10.76,0,0
20080530,10.934,11.281,10.934,11.108,0,0
20080602,11.368,22.562,11.194,22.562,0,0
20080603,22.562,23.69,22.562,23.69,0,0
20080604,23.777,23.95,23.516,23.69,0,0
20080605,23.69,23.864,22.388,22.91,0,0
20080606,22.91,23.604,22.91,23.343,0,0
20080609,22.996,23.343,22.91,22.91,0,0
20080610,22.128,22.91,20.566,20.566,0,0
20080611,20.653,21.347,20.566,20.566,0,0
20080612,20.74,22.822,20.74,21.781,0,0
20080613,22.476,22.476,22.128,22.128,0,0
20080616,22.128,22.562,22.128,22.562,0,0
20080617,22.562,22.562,22.128,22.128,0,0
20080618,22.128,22.476,22.128,22.388,0,0
20080619,21.781,22.128,21,22.128,0,0
20080620,22.128,22.128,22.128,22.128,0,0
20080623,21.087,22.128,20.827,20.827,0,0
20080624,21,21,19.438,20.133,0,0
20080625,20.827,20.827,20.566,20.566,0,0
20080626,20.566,20.566,20.133,20.133,0,0
20080627,19.785,19.785,19.005,19.785,0,0
20080630,18.397,19.785,18.397,19.612,0,0
20080701,19.785,19.785,17.615,18.049,0,0
20080702,17.703,19.005,17.703,19.005,0,0
20080703,19.005,19.785,19.005,19.351,0,0
20080704,20.133,20.133,19.351,19.351,0,0
20080708,18.223,19.005,18.137,19.005,0,0
20080709,18.571,19.525,18.571,19.525,0,0
20080710,19.005,19.005,19.005,19.005,0,0
20080711,19.612,19.612,18.223,18.223,0,0
20080714,18.223,19.005,17.443,18.223,0,0
20080715,17.963,17.963,17.009,17.789,0,0
20080716,17.443,18.917,17.009,18.917,0,0
20080717,18.917,18.917,17.877,18.744,0,0
20080718,17.789,18.657,16.835,18.571,0,0
20080721,18.137,19.959,18.137,19.959,0,0
20080722,20.219,20.219,19.438,20.133,0,0
20080723,20.133,20.133,19.351,20.133,0,0
20080724,19.785,20.306,19.351,19.785,0,0
20080725,20.045,20.133,19.005,19.005,0,0
20080728,19.091,20.133,19.091,19.785,0,0
20080729,19.785,19.785,19.177,19.785,0,0
20080730,19.785,20.306,19.785,20.306,0,0
20080731,19.785,20.133,18.657,19.005,0,0
20080801,19.005,19.959,19.005,19.265,0,0
20080804,19.785,20.045,19.785,20.045,0,0
20080805,20.045,20.566,19.785,20.393,0,0
20080806,21.347,21.347,21.26,21.26,0,0
20080807,21.26,21.781,20.479,21,0,0
20080808,21.781,22.736,21.781,22.128,0,0
20080811,22.65,22.65,22.042,22.65,0,0
20080812,22.736,22.736,21.174,22.128,0,0
20080813,22.128,22.128,19.351,19.872,0,0
20080814,19.872,20.479,19.351,19.351,0,0
20080818,19.525,22.91,19.525,22.91,0,0
20080819,23.343,23.343,22.996,22.996,0,0
20080820,22.996,22.996,22.996,22.996,0,0
20080821,22.996,22.996,22.476,22.996,0,0
20080822,22.996,22.996,22.302,22.302,0,0
20080825,22.91,22.996,22.562,22.736,0,0
20080826,22.736,22.736,22.736,22.736,0,0
20080827,22.562,22.736,22.562,22.736,0,0
20080828,22.996,22.996,22.736,22.736,0,0
20080829,22.736,23.43,22.562,22.65,0,0
20080901,22.65,22.736,22.302,22.65,0,0
20080902,22.736,22.736,22.562,22.562,0,0
20080903,22.822,22.822,22.215,22.562,0,0
20080904,22.562,23.604,22.562,22.996,0,0
20080905,23.17,23.516,22.91,22.996,0,0
20080908,23.95,23.95,22.65,22.996,0,0
20080909,23.864,23.864,22.476,22.91,0,0
20080910,22.996,23.43,22.302,23.43,0,0
20080911,23.43,23.95,23.43,23.43,0,0
20080912,23.95,23.95,23.516,23.516,0,0
20080915,24.472,24.472,22.562,23.343,0,0
20080916,22.996,22.996,22.562,22.996,0,0
20080917,22.822,22.996,22.302,22.388,0,0
20080918,22.128,22.388,21.694,22.388,0,0
20080919,22.128,22.388,22.128,22.388,0,0
20080922,22.128,22.128,21.955,22.042,0,0
20080923,22.476,22.476,21.521,22.128,0,0
20080924,22.476,22.996,22.128,22.562,0,0
20080925,22.996,25.512,22.65,24.905,0,0
20080926,25.946,28.116,25.946,26.641,0,0
20080929,26.641,26.901,26.641,26.901,0,0
20080930,37.835,38.442,37.314,38.442,0,0
20081001,38.442,39.223,38.442,39.137,0,0
20081002,38.79,39.137,38.79,39.05,0,0
20081003,39.05,39.137,39.05,39.137,0,0
20081006,39.137,39.137,39.137,39.137,0,0
20081007,39.137,39.223,39.137,39.223,0,0
20081008,39.223,39.31,39.223,39.223,0,0
20081009,39.223,39.31,39.223,39.31,0,0
20081010,39.31,39.31,38.876,39.137,0,0
20081013,38.963,39.137,38.963,39.05,0,0
20081014,39.05,39.137,39.05,39.05,0,0
20081015,39.05,39.05,39.05,39.05,0,0
20081016,39.05,39.05,38.963,39.05,0,0
20081017,39.137,39.137,39.05,39.05,0,0
20081020,39.137,39.137,39.05,39.137,0,0
20081021,39.137,39.223,39.137,39.137,0,0
20081022,39.137,39.223,39.137,39.223,0,0
20081023,39.223,39.223,39.05,39.137,0,0
20081024,39.137,39.223,39.137,39.223,0,0
20081027,39.31,39.31,39.223,39.31,0,0
20081028,39.31,39.397,39.31,39.31,0,0
20081029,39.31,39.31,39.31,39.31,0,0
20081030,39.31,39.397,39.31,39.397,0,0
20081031,39.397,39.397,39.397,39.397,0,0
20081103,39.484,39.571,39.484,39.484,0,0
20081104,39.05,39.05,22.562,22.562,0,0
20081106,20.306,22.562,20.133,20.219,0,0
20081107,20.219,20.219,20.219,20.219,0,0
20081110,20.393,22.128,20.393,22.042,0,0
20081113,20.219,22.042,20.219,22.042,0,0
20081114,20.479,21.781,20.479,21.781,0,0
20081120,20.566,21.521,18.657,18.657,0,0
20081121,21.26,21.26,18.657,21.26,0,0
20081124,19.612,21.174,19.612,21.174,0,0
20081127,21.26,21.347,21.26,21.347,0,0
20081201,20.479,21.347,20.479,20.479,0,0
20081202,20.479,21.347,20.479,21.347,0,0
20081203,20.306,20.306,20.219,20.219,0,0
20081204,20.219,20.219,20.219,20.219,0,0
20081205,20.219,20.913,20.219,20.913,0,0
20081208,20.393,20.393,19.959,20.045,0,0
20081209,20.479,20.479,20.045,20.045,0,0
20081210,20.219,20.219,20.219,20.219,0,0
20081211,20.045,20.045,19.959,19.959,0,0
20081212,19.612,19.612,19.612,19.612,0,0
20081215,20.133,22.65,20.133,22.302,0,0
20081216,21.781,21.781,21.781,21.781,0,0
20081217,22.042,22.042,22.042,22.042,0,0
20081218,22.302,23.256,22.302,23.256,0,0
20081219,22.215,22.215,22.128,22.128,0,0
20081222,21.781,21.781,21.781,21.781,0,0
20081229,23.256,23.256,23.256,23.256,0,0
20081231,21.608,23.17,21.608,23.082,0,0
20090105,21.521,23.082,21.521,22.91,0,0
20090106,22.91,23.082,22.91,22.996,0,0
20090107,22.388,22.996,22.388,22.996,0,0
20090109,22.91,22.91,22.91,22.91,0,0
20090112,22.302,22.302,22.302,22.302,0,0
20090114,21,22.91,21,22.91,0,0
20090116,22.476,22.476,22.476,22.476,0,0
20090119,22.042,22.042,22.042,22.042,0,0
20090120,20.393,21.521,19.005,19.005,0,0
20090123,18.049,18.137,18.049,18.137,0,0
20090126,17.703,17.703,17.703,17.703,0,0
20090127,18.571,18.571,17.963,17.963,0,0
20090128,19.525,19.525,17.963,19.525,0,0
20090203,19.438,19.525,19.438,19.525,0,0
20090204,19.785,19.785,19.525,19.525,0,0
20090205,19.785,19.785,19.785,19.785,0,0
20090206,19.785,19.785,19.785,19.785,0,0
20090211,19.785,19.785,19.785,19.785,0,0
20090213,19.091,19.785,19.005,19.005,0,0
20090216,19.525,19.612,19.005,19.612,0,0
20090218,19.005,19.612,19.005,19.612,0,0
20090219,19.699,19.699,19.612,19.612,0,0
20090223,19.785,19.785,19.612,19.785,0,0
20090225,20.479,20.479,19.785,19.785,0,0
20090227,19.785,19.785,19.177,19.785,0,0
20090302,19.785,63.174,19.785,63.174,0,0
20090303,62.133,62.133,62.133,62.133,0,0
20090305,62.306,62.306,62.133,62.133,0,0
20090309,61.959,61.959,61.872,61.872,0,0
20090310,61.959,61.959,52.327,52.327,0,0
20090311,52.413,52.413,52.413,52.413,0,0
20090319,49.203,49.203,49.116,49.116,0,0
20090323,47.207,50.418,47.207,50.331,0,0
20090326,47.207,50.07,47.207,50.07,0,0
20090327,49.724,49.724,47.814,47.814,0,0
20090330,51.025,51.719,51.025,51.633,0,0
20090331,52.153,52.153,51.633,51.633,0,0
20090401,51.633,51.633,49.203,51.633,0,0
20090402,51.633,51.633,51.633,51.633,0,0
20090403,51.633,52.153,51.633,52.153,0,0
20090406,52.067,52.935,52.067,52.935,0,0
20090407,53.541,53.975,52.935,53.975,0,0
20090408,51.633,51.719,51.633,51.719,0,0
20090409,52.935,52.935,51.719,51.719,0,0
20090414,53.021,53.021,51.719,52.847,0,0
20090415,52.847,52.847,51.719,51.719,0,0
20090416,52.847,53.021,51.719,52.935,0,0
20090417,52.935,52.935,51.633,51.719,0,0
20090420,53.021,53.021,52.935,52.935,0,0
20090421,52.935,52.935,51.633,51.719,0,0
20090422,53.021,53.021,52.935,52.935,0,0
20090423,52.935,52.935,51.633,51.719,0,0
20090424,51.806,51.806,51.719,51.719,0,0
20090427,52.847,53.021,50.765,52.935,0,0
20090428,52.935,52.935,51.633,51.719,0,0
20090429,51.719,52.847,51.719,52.847,0,0
20090430,52.847,52.847,51.719,51.719,0,0
20090504,52.847,52.847,51.719,51.719,0,0
20090505,52.847,52.847,52.847,52.847,0,0
20090506,52.935,73.066,51.719,73.066,0,0
20090507,74.889,74.889,73.066,73.066,0,0
20090508,74.802,74.802,73.066,73.066,0,0
20090511,71.418,71.764,71.418,71.764,0,0
20090512,73.24,73.24,73.24,73.24,0,0
20090513,74.629,74.629,74.629,74.629,0,0
20090514,74.629,74.629,71.764,71.764,0,0
20090515,74.629,74.629,72.98,73.066,0,0
20090518,74.629,74.629,74.629,74.629,0,0
20090903,429.64,429.64,429.64,429.64,0,0
20090904,433.28,433.37,433.28,433.37,0,0
20090907,433.28,433.37,433.28,433.37,0,0
20090908,445.78,445.86,445.69,445.86,0,0
20090909,441.96,441.96,429.46,429.64,0,0
20090910,440.83,440.83,408.12,408.28,0,0
20090911,406.9,408.28,406.9,408.28,0,0
20090914,428.85,428.85,426.34,426.51,0,0
20090915,426.34,426.51,426.34,426.51,0,0
20090916,426.95,427.12,426.95,427.12,0,0
20090917,403.78,427.12,403.78,414.54,0,0
20090918,420.69,421.48,420.69,421.48,0,0
20090921,426.34,426.34,414.45,414.54,0,0
20090922,413.75,425.82,413.75,425.82,0,0
20090923,426.34,439.53,421.3,439.53,0,0
20090924,439.01,439.53,421.3,439.53,0,0
20090925,439.01,439.01,438.92,439.01,0,0
20090928,447.73,447.73,445.79,445.96,0,0
20090929,447.11,447.73,433.05,447.73,0,0
20090930,437.47,445.34,437.47,445.34,0,0
20091001,446.32,447.73,446.32,447.73,0,0
20091002,433.05,447.46,433.05,447.2,0,0
20091005,447.11,454.27,447.11,454.27,0,0
20091006,451.62,451.62,439.41,450.47,0,0
20091007,447.73,447.91,447.73,447.91,0,0
20091008,436.85,436.85,423.6,423.69,0,0
20091009,454.09,454.27,423.69,454.27,0,0
20091012,459.22,460.54,447.73,460.36,0,0
20091013,460.28,460.36,460.28,460.36,0,0
20091014,459.22,459.39,459.22,459.39,0,0
20091015,459.22,479.63,459.22,479.63,0,0
20091016,479.46,479.63,479.46,479.63,0,0
20091019,480.96,486.09,480.34,480.52,0,0
20091020,480.34,497.76,467.53,497.76,0,0
20091021,486.09,498.29,486.09,486.27,0,0
20091022,496.96,496.96,474.6,474.77,0,0
20091023,486.09,486.27,486.09,486.27,0,0
20091026,486.09,486.27,486.09,486.27,0,0
20091027,461.16,486.27,461.16,486.27,0,0
20091028,486.09,486.27,486.09,486.27,0,0
20091029,473.98,484.95,473.36,484.95,0,0
20091030,486.09,486.27,486.09,486.27,0,0
20091103,456.03,472.21,443.22,472.21,0,0
20091104,486.09,486.27,486.09,486.27,0,0
20091105,486.09,486.27,486.09,486.27,0,0
20091106,485.48,486.27,468.24,486.27,0,0
20091109,468.24,468.33,460.54,468.33,0,0
20091110,454.8,486.27,454.8,486.27,0,0
20091112,486.09,531.08,486.09,531.08,0,0
20091113,510.4,511.02,21.304,21.304,0,0
20091116,20.774,21.48,20.508,20.508,0,0
20091117,20.508,21.304,20.508,21.304,0,0
20091118,20.596,21.392,20.596,21.392,0,0
20091119,20.685,21.745,20.685,21.745,0,0
20091120,20.862,20.862,20.508,20.508,0,0
20091123,21.127,21.304,21.127,21.304,0,0
20091124,21.657,21.657,21.304,21.392,0,0
20091125,21.745,21.745,21.392,21.392,0,0
20091126,21.392,21.392,21.392,21.392,0,0
20091130,21.569,21.657,21.569,21.657,0,0
20091201,21.657,21.657,21.657,21.657,0,0
20091202,21.657,21.657,21.569,21.569,0,0
20091203,20.95,21.569,20.862,21.569,0,0
20091204,21.304,21.745,21.304,21.745,0,0
20091207,21.392,21.745,21.392,21.745,0,0
20091208,21.569,21.745,21.569,21.745,0,0
20091209,21.657,21.745,21.657,21.745,0,0
20091210,21.569,21.657,21.569,21.657,0,0
20091211,21.745,21.745,21.127,21.127,0,0
20091214,21.657,21.657,21.657,21.657,0,0
20091215,21.657,22.187,21.657,22.187,0,0
20091216,22.099,22.099,22.099,22.099,0,0
20091217,22.187,22.187,22.187,22.187,0,0
20091218,22.187,22.187,22.187,22.187,0,0
20091221,21.304,22.187,21.215,21.215,0,0
20091222,20.596,21.215,20.596,21.215,0,0
20091223,21.215,21.215,21.215,21.215,0,0
20091228,20.508,21.215,20.508,21.215,0,0
20091229,20.508,21.215,20.508,21.215,0,0
20091230,21.215,21.215,21.215,21.215,0,0
20091231,21.215,21.215,21.215,21.215,0,0
20100104,21.569,25.9,21.215,25.9,0,0
20100105,25.9,25.9,25.9,25.9,0,0
20100106,25.812,25.812,25.547,25.723,0,0
20100107,25.723,25.723,25.723,25.723,0,0
20100108,25.635,25.635,25.635,25.635,0,0
20100111,25.635,25.635,25.547,25.547,0,0
20100112,26.165,26.165,26.165,26.165,0,0
20100113,25.105,26.165,25.105,26.165,0,0
20100114,25.193,26.253,25.193,26.165,0,0
20100115,24.928,25.547,24.928,25.547,0,0
20100118,25.105,25.105,24.928,24.928,0,0
20100119,26.165,26.165,26.165,26.165,0,0
20100120,25.37,26.165,25.37,26.165,0,0
20100121,26.165,26.165,26.165,26.165,0,0
20100122,26.077,26.077,25.988,25.988,0,0
20100125,24.928,25.016,24.928,25.016,0,0
20100126,25.812,25.812,25.723,25.723,0,0
20100127,25.812,25.812,25.723,25.812,0,0
20100128,25.723,25.812,25.723,25.812,0,0
20100129,25.726,25.726,25.636,25.636,0,0
20100201,25.812,25.9,25.812,25.9,0,0
20100202,24.84,24.84,24.84,24.84,0,0
20100203,25.635,25.635,25.635,25.635,0,0
20100204,25.547,25.547,23.867,23.867,0,0
20100205,23.072,23.16,23.072,23.16,0,0
20100208,23.337,23.513,22.895,23.513,0,0
20100209,23.69,23.69,23.69,23.69,0,0
20100210,23.602,23.602,23.602,23.602,0,0
20100211,23.513,23.602,23.513,23.602,0,0
20100212,24.397,24.397,22.983,23.867,0,0
20100215,23.602,23.867,23.602,23.867,0,0
20100216,22.983,23.69,22.983,23.602,0,0
20100217,22.807,23.602,22.807,23.602,0,0
20100218,23.602,23.602,23.602,23.602,0,0
20100219,24.84,24.84,24.84,24.84,0,0
20100222,24.84,24.928,24.84,24.928,0,0
20100223,24.928,24.928,24.928,24.928,0,0
20100224,24.928,24.928,24.84,24.84,0,0
20100225,23.955,23.955,22.807,23.867,0,0
20100226,22.983,23.867,22.983,23.867,0,0
20100301,23.867,23.867,23.867,23.867,0,0
20100302,23.867,23.867,23.867,23.867,0,0
20100303,22.983,23.072,22.983,22.983,0,0
20100304,22.983,23.337,22.983,23.337,0,0
20100305,23.867,23.867,23.867,23.867,0,0
20100308,23.072,23.072,22.895,22.895,0,0
20100309,22.895,22.895,22.895,22.895,0,0
20100310,22.63,22.718,22.63,22.718,0,0
20100311,22.718,22.718,22.718,22.718,0,0
20100312,23.602,23.69,23.602,23.602,0,0
20100315,22.983,22.983,22.364,22.452,0,0
20100316,22.452,22.718,22.452,22.718,0,0
20100317,22.541,23.337,22.541,23.337,0,0
20100318,22.718,22.718,22.718,22.718,0,0
20100319,24.22,25.016,24.22,24.575,0,0
20100322,25.547,25.547,14.143,14.143,0,0
20100323,14.143,14.497,14.143,14.232,0,0
20100324,14.408,14.851,14.408,14.673,0,0
20100325,14.673,14.673,14.32,14.497,0,0
20100326,13.967,13.967,13.967,13.967,0,0
20100329,14.143,14.143,13.967,13.967,0,0
20100330,14.055,14.143,13.613,14.055,0,0
20100331,13.529,14.053,13.529,14.053,0,0
20100401,14.055,14.143,14.055,14.143,0,0
20100406,14.232,14.232,14.143,14.143,0,0
20100407,13.79,13.79,13.701,13.79,0,0
20100408,13.79,13.79,13.525,13.525,0,0
20100409,14.232,14.232,14.232,14.232,0,0
20100412,14.32,14.32,14.32,14.32,0,0
20100413,14.32,14.32,13.79,14.232,0,0
20100414,14.143,14.143,14.143,14.143,0,0
20100415,14.143,14.143,14.143,14.143,0,0
20100416,14.143,14.143,14.143,14.143,0,0
20100419,13.79,13.79,13.79,13.79,0,0
20100420,14.497,14.497,14.497,14.497,0,0
20100421,13.878,13.878,13.878,13.878,0,0
20100422,13.525,13.525,13.348,13.348,0,0
20100423,13.791,13.791,13.791,13.791,0,0
20100426,14.232,14.497,13.878,13.878,0,0
20100427,13.701,13.701,13.701,13.701,0,0
20100428,13.701,14.232,13.613,14.232,0,0
20100429,14.32,14.32,14.32,14.32,0,0
20100430,14.325,14.497,14.325,14.406,0,0
20100504,14.408,14.497,14.408,14.497,0,0
20100505,14.408,14.408,14.143,14.143,0,0
20100506,14.408,14.408,14.408,14.408,0,0
20100507,12.995,13.613,12.995,13.525,0,0
20100510,13.525,13.79,13.525,13.79,0,0
20100511,14.497,14.497,14.497,14.497,0,0
20100512,13.878,13.967,13.878,13.967,0,0
20100513,14.408,14.497,14.143,14.497,0,0
20100514,14.497,14.673,14.497,14.673,0,0
20100517,14.673,14.673,11.492,11.492,0,0
20100518,11.492,11.492,11.492,11.492,0,0
20100519,11.492,11.492,11.492,11.492,0,0
20100520,11.492,11.492,11.315,11.315,0,0
20100524,11.492,11.492,11.492,11.492,0,0
20100525,11.492,11.492,11.315,11.315,0,0
20100526,11.492,11.492,11.315,11.315,0,0
20100527,11.403,11.403,11.05,11.138,0,0
20100528,11.138,11.138,11.05,11.138,0,0
20100531,11.493,11.493,11.401,11.401,0,0
20100601,11.227,11.315,10.607,11.315,0,0
20100602,11.668,11.668,11.05,11.227,0,0
20100607,11.315,11.315,10.696,11.05,0,0
20100608,11.05,11.05,11.05,11.05,0,0
20100609,11.227,11.227,11.05,11.05,0,0
20100610,11.138,11.227,11.138,11.227,0,0
20100611,11.492,11.492,11.138,11.138,0,0
20100614,11.315,11.315,10.696,11.05,0,0
20100615,11.315,11.315,11.315,11.315,0,0
20100616,11.403,11.492,11.403,11.492,0,0
20100617,11.05,11.05,10.962,10.962,0,0
20100618,11.05,11.05,10.696,11.05,0,0
20100621,10.784,11.05,10.784,11.05,0,0
20100622,11.05,11.05,11.05,11.05,0,0
20100623,11.05,11.05,10.784,10.962,0,0
20100624,11.05,11.05,11.05,11.05,0,0
20100625,11.05,11.58,11.05,11.58,0,0
20100628,11.492,11.492,11.492,11.492,0,0
20100629,11.58,11.58,11.492,11.58,0,0
20100630,11.583,11.583,11.493,11.493,0,0
20100701,11.58,11.58,11.58,11.58,0,0
20100702,11.58,11.668,11.58,11.668,0,0
20100705,11.668,11.757,11.668,11.668,0,0
20100706,11.58,11.668,11.58,11.668,0,0
20100707,11.668,11.668,11.668,11.668,0,0
20100708,11.668,11.668,11.668,11.668,0,0
20100709,11.668,11.668,11.668,11.668,0,0
20100712,11.58,12.287,11.58,12.198,0,0
20100713,12.11,12.11,12.11,12.11,0,0
20100714,12.11,12.11,12.11,12.11,0,0
20100715,12.11,12.11,11.845,11.933,0,0
20100716,12.198,12.198,11.668,12.198,0,0
20100719,11.933,12.375,11.933,12.375,0,0
20100720,12.11,13.613,12.11,13.613,0,0
20100721,13.613,13.701,13.613,13.701,0,0
20100722,13.613,13.613,13.083,13.083,0,0
20100723,13.083,13.525,13.083,13.525,0,0
20100726,13.525,13.525,13.083,13.083,0,0
20100727,13.525,13.525,12.906,12.906,0,0
20100728,12.906,12.906,12.906,12.906,0,0
20100729,13.083,13.083,12.817,12.817,0,0
20100730,12.813,12.813,12.641,12.641,0,0
20100802,12.64,13.525,12.64,12.64,0,0
20100803,13.171,13.348,12.552,12.552,0,0
20100804,12.64,13.436,12.64,12.729,0,0
20100805,12.729,12.729,12.64,12.729,0,0
20100806,12.729,12.729,12.729,12.729,0,0
20100809,12.64,13.083,12.64,13.083,0,0
20100810,13.348,13.348,12.906,12.906,0,0
20100811,13.083,13.083,12.464,12.552,0,0
20100812,12.906,12.906,12.552,12.552,0,0
20100813,12.817,12.817,12.552,12.552,0,0
20100816,12.995,12.995,12.552,12.906,0,0
20100817,12.906,12.906,12.198,12.552,0,0
20100818,12.287,12.464,11.933,12.464,0,0
20100819,12.64,12.64,12.464,12.464,0,0
20100820,12.464,12.552,12.464,12.552,0,0
20100823,12.552,12.552,12.552,12.552,0,0
20100824,12.551,12.551,12.461,12.461,0,0
20100825,12.11,12.464,12.11,12.198,0,0
20100826,12.198,13.083,12.198,13.083,0,0
20100827,13.083,13.083,12.64,13.083,0,0
20100830,12.817,13.083,12.817,12.817,0,0
20100831,13.085,13.085,12.813,12.813,0,0
20100901,12.817,15.646,12.552,15.646,0,0
20100902,15.646,15.646,15.646,15.646,0,0
20100903,15.293,15.646,15.293,15.293,0,0
20100906,15.473,15.473,15.473,15.473,0,0
20100907,15.646,15.646,15.646,15.646,0,0
20100908,15.646,15.646,15.646,15.646,0,0
20100909,15.646,15.646,15.383,15.383,0,0
20100910,15.383,15.383,15.383,15.383,0,0
20100913,15.381,15.381,14.939,14.939,0,0
20100914,14.939,14.939,14.939,14.939,0,0
20100915,14.939,15.381,14.939,15.293,0,0
20100916,14.94,15.031,14.849,15.031,0,0
20100917,15.383,15.383,14.849,14.849,0,0
20100920,14.939,14.939,14.851,14.851,0,0
20100921,14.849,14.849,14.849,14.849,0,0
20100922,14.849,14.849,14.587,14.677,0,0
20100923,14.759,14.759,14.497,14.497,0,0
20100924,14.587,15.293,14.143,15.202,0,0
20100927,15.202,15.202,14.849,15.112,0,0
20100928,15.383,15.383,15.202,15.202,0,0
20100929,14.84,14.84,14.84,14.84,0,0
20100930,15.021,15.021,15.021,15.021,0,0
20101001,15.021,15.021,15.021,15.021,0,0
20101004,14.931,14.931,14.478,14.478,0,0
20101005,14.84,14.84,14.569,14.569,0,0
20101006,14.931,14.931,14.569,14.75,0,0
20101007,14.931,14.931,14.75,14.75,0,0
20101008,14.75,14.75,14.75,14.75,0,0
20101011,14.75,14.75,14.478,14.75,0,0
20101012,14.569,14.569,14.478,14.478,0,0
20101013,14.66,14.66,14.569,14.569,0,0
20101014,14.569,14.66,14.478,14.66,0,0
20101015,14.66,14.66,14.207,14.66,0,0
20101018,14.207,14.569,14.207,14.569,0,0
20101019,14.569,14.569,14.207,14.569,0,0
20101020,14.569,14.569,14.569,14.569,0,0
20101021,14.569,14.569,14.569,14.569,0,0
20101022,14.569,14.569,14.478,14.478,0,0
20101025,13.845,14.117,13.754,14.117,0,0
20101026,14.297,14.297,14.117,14.117,0,0
20101027,14.117,14.117,14.026,14.117,0,0
20101028,14.117,14.117,14.117,14.117,0,0
20101029,14.114,14.114,14.114,14.114,0,0
20101102,14.117,14.66,13.845,14.66,0,0
20101103,14.388,14.569,14.388,14.478,0,0
20101104,14.478,14.569,14.478,14.569,0,0
20101105,14.66,14.66,13.845,14.66,0,0
20101108,14.66,14.66,14.478,14.478,0,0
20101109,14.569,14.569,13.935,14.117,0,0
20101110,14.66,14.66,13.845,14.478,0,0
20101112,14.66,29.952,14.478,29.952,0,0
20101115,29.68,29.952,28.867,29.952,0,0
20101116,30.314,30.314,30.314,30.314,0,0
20101117,30.314,30.314,28.867,29.68,0,0
20101118,30.223,30.223,30.223,30.223,0,0
20101119,30.133,30.495,29.228,30.495,0,0
20101122,30.857,32.124,30.314,30.314,0,0
20101123,30.043,30.314,30.043,30.314,0,0
20101124,30.043,30.043,30.043,30.043,0,0
20101125,30.043,30.043,28.867,28.867,0,0
20101126,28.867,29.5,28.685,29.5,0,0
20101129,29.5,29.5,28.685,28.685,0,0
20101130,29.047,29.138,29.047,29.138,0,0
20101201,29.138,29.138,26.243,27.599,0,0
20101202,28.504,28.504,28.414,28.414,0,0
20101203,28.414,28.414,27.509,27.599,0,0
20101206,28.324,28.324,27.509,28.324,0,0
20101207,28.324,28.324,27.509,28.324,0,0
20101208,28.324,28.414,27.599,28.414,0,0
20101209,27.781,27.781,26.604,27.599,0,0
20101210,26.604,27.147,26.423,26.513,0,0
20101213,26.876,26.876,26.876,26.876,0,0
20101214,27.238,27.238,26.423,26.423,0,0
20101215,27.147,27.147,26.876,26.966,0,0
20101216,26.604,26.604,26.604,26.604,0,0
20101217,26.604,26.966,26.604,26.966,0,0
20101220,26.966,26.966,26.966,26.966,0,0
20101221,26.333,26.966,25.428,25.79,0,0
20101222,26.151,26.423,25.428,26.151,0,0
20101223,25.88,26.151,25.88,25.88,0,0
20101227,26.333,26.333,25.7,25.7,0,0
20101228,26.151,26.694,25.608,25.608,0,0
20101229,26.604,26.694,25.608,26.694,0,0
20101230,26.694,26.694,26.604,26.604,0,0
20101231,25.251,26.605,25.251,26.605,0,0
20110103,27.419,27.419,26.604,27.419,0,0
20110104,27.328,27.328,25.7,25.7,0,0
20110105,26.785,26.785,26.513,26.604,0,0
20110107,26.694,26.694,26.513,26.604,0,0
20110110,27.328,27.328,26.785,27.328,0,0
20110111,27.328,27.328,27.328,27.328,0,0
20110112,27.328,27.328,27.147,27.147,0,0
20110113,27.328,27.961,27.147,27.961,0,0
20110114,27.961,30.405,27.961,30.405,0,0
20110117,30.766,32.214,29.319,30.405,0,0
20110118,32.124,32.757,30.043,30.495,0,0
20110119,29.68,29.68,28.504,29.138,0,0
20110120,29.228,29.228,27.69,27.69,0,0
20110121,27.781,27.781,27.509,27.509,0,0
20110124,28.685,28.685,26.966,27.871,0,0
20110125,28.595,28.595,26.785,27.69,0,0
20110126,27.69,27.69,25.7,25.971,0,0
20110127,26.694,26.785,26.694,26.785,0,0
20110128,27.238,27.238,27.238,27.238,0,0
20110131,27.143,27.235,26.874,27.235,0,0
20110201,27.238,27.238,26.061,26.966,0,0
20110202,27.238,27.238,26.151,27.056,0,0
20110203,26.151,27.599,26.151,27.599,0,0
20110204,27.599,27.599,26.333,27.599,0,0
20110207,27.599,27.599,27.599,27.599,0,0
20110208,27.871,27.871,27.599,27.871,0,0
20110209,27.871,27.871,26.785,27.871,0,0
20110210,27.871,27.871,27.056,27.056,0,0
20110211,26.423,26.604,24.975,26.604,0,0
20110214,26.785,26.785,26.785,26.785,0,0
20110215,27.419,27.419,26.785,27.328,0,0
20110216,27.328,27.328,27.328,27.328,0,0
20110217,26.061,27.328,25.7,26.513,0,0
20110218,26.513,26.513,26.513,26.513,0,0
20110221,26.513,27.056,25.518,27.056,0,0
20110222,25.428,27.056,25.428,27.056,0,0
20110223,27.147,27.147,27.147,27.147,0,0
20110224,27.056,27.056,27.056,27.056,0,0
20110225,27.056,27.056,27.056,27.056,0,0
20110228,27.056,27.056,27.056,27.056,0,0
20110301,27.056,27.056,26.513,26.513,0,0
20110302,26.694,26.694,26.694,26.694,0,0
20110303,26.604,26.604,26.513,26.513,0,0
20110304,26.513,26.513,26.513,26.513,0,0
20110307,26.423,26.513,26.423,26.513,0,0
20110308,26.423,26.513,26.423,26.423,0,0
20110309,26.513,26.513,26.513,26.513,0,0
20110310,26.423,26.513,26.423,26.513,0,0
20110311,26.423,26.513,26.423,26.423,0,0
20110314,26.423,26.423,26.423,26.423,0,0
20110315,25.518,25.518,25.428,25.428,0,0
20110316,26.333,26.333,26.151,26.151,0,0
20110317,26.333,26.333,26.151,26.333,0,0
20110318,26.333,26.333,26.333,26.333,0,0
20110321,26.333,26.333,25.971,25.971,0,0
20120321,22.07,22.07,22.07,22.07,0,0
20120322,22.07,22.07,22.07,22.07,0,0
20120323,22.07,22.07,22.07,22.07,0,0
20120326,22.256,22.256,22.256,22.256,0,0
20120327,22.256,22.256,22.256,22.256,0,0
20120328,22.256,22.256,22.256,22.256,0,0
20120329,22.348,22.348,22.256,22.256,0,0
20120330,22.256,22.256,22.256,22.256,0,0
20120403,21.236,22.256,21.236,21.236,0,0
20120404,21.236,21.236,21.236,21.236,0,0
20120405,21.236,21.236,20.865,20.865,0,0
20120410,20.865,20.865,19.474,19.474,0,0
20120411,17.99,19.566,17.99,19.566,0,0
20120413,18.639,18.639,18.639,18.639,0,0
20120417,18.732,19.01,18.732,19.01,0,0
20120418,19.01,19.01,19.01,19.01,0,0
20120419,19.01,19.01,19.01,19.01,0,0
20120420,19.01,19.196,19.01,19.196,0,0
20120423,18.361,18.825,18.361,18.825,0,0
20120425,18.361,18.454,17.897,18.454,0,0
20120426,18.268,18.639,18.268,18.639,0,0
20120430,18.639,18.639,18.639,18.639,0,0
20120502,18.639,19.196,18.639,19.196,0,0
20120504,19.196,20.494,19.196,19.566,0,0
20120507,19.752,19.752,19.752,19.752,0,0
20120514,19.659,19.752,19.659,19.659,0,0
20120515,19.659,19.659,19.659,19.659,0,0
20120516,18.639,18.639,13.168,13.168,0,0
20120518,13.446,13.446,13.168,13.446,0,0
20120529,13.168,13.168,13.168,13.168,0,0
20120530,13.168,13.168,13.168,13.168,0,0
20120606,13.632,13.632,13.632,13.632,0,0
20120613,13.632,13.632,13.632,13.632,0,0
20120614,13.168,13.632,13.168,13.632,0,0
20120615,13.632,13.632,13.632,13.632,0,0
20120618,13.817,13.817,13.817,13.817,0,0
20120619,13.817,13.817,13.817,13.817,0,0
20120620,13.817,13.817,13.168,13.168,0,0
20120622,13.817,13.817,13.817,13.817,0,0
20120625,13.817,13.817,13.817,13.817,0,0
20120626,13.817,13.817,13.817,13.817,0,0
20120627,13.91,13.91,13.91,13.91,0,0
20120628,13.538,13.817,13.354,13.817,0,0
20120702,13.632,13.724,13.632,13.724,0,0
20120703,13.354,13.817,13.354,13.817,0,0
20120704,13.261,13.261,13.261,13.261,0,0
20120705,13.817,13.817,13.261,13.261,0,0
20120706,13.261,13.817,13.168,13.168,0,0
20120709,13.168,13.168,13.168,13.168,0,0
20120710,13.168,13.168,13.168,13.168,0,0
20120711,13.817,13.817,13.168,13.168,0,0
20120712,13.817,13.817,13.168,13.168,0,0
20120713,13.817,13.817,13.817,13.817,0,0
20120716,13.168,13.168,13.168,13.168,0,0
20120718,13.171,13.171,13.171,13.171,0,0
20120719,13.168,13.817,13.168,13.817,0,0
20120720,13.817,13.817,13.724,13.817,0,0
20120723,13.817,13.817,13.168,13.168,0,0
20120724,13.727,13.813,13.727,13.813,0,0
20120725,13.817,13.817,13.724,13.724,0,0
20120726,13.724,13.724,13.724,13.724,0,0
20120727,13.724,13.724,13.724,13.724,0,0
20120730,13.817,13.817,13.817,13.817,0,0
20120731,13.171,13.813,13.171,13.813,0,0
20120801,13.817,13.817,13.724,13.724,0,0
20120802,13.168,13.724,13.168,13.724,0,0
20120806,13.817,13.817,13.817,13.817,0,0
20120807,13.261,13.261,13.261,13.261,0,0
20120808,13.91,14.837,13.91,14.837,0,0
20120809,14.837,14.837,14.837,14.837,0,0
20120810,14.837,14.837,14.837,14.837,0,0
20120813,14.837,14.837,14.837,14.837,0,0
20120814,14.837,14.837,14.837,14.837,0,0
20120816,14.837,15.579,14.837,15.579,0,0
20120817,15.579,15.857,15.579,15.857,0,0
20120820,15.857,15.857,15.857,15.857,0,0
20120821,16.135,16.228,15.857,16.228,0,0
20120822,16.228,16.228,16.228,16.228,0,0
20120823,16.228,16.228,15.579,16.228,0,0
20120824,16.228,17.712,16.228,16.785,0,0
20120827,16.228,17.341,16.228,17.341,0,0
20120828,17.341,17.341,16.97,17.341,0,0
20120829,17.341,17.712,16.97,17.619,0,0
20120830,17.897,17.897,17.897,17.897,0,0
20120831,18.083,19.1,18.083,19.1,0,0
20120903,18.917,19.103,18.917,19.103,0,0
20120904,19.752,22.63,19.1,22.63,0,0
20120905,22.908,22.994,22.63,22.63,0,0
20120906,22.994,22.994,22.63,22.994,0,0
20120907,22.908,22.994,22.908,22.994,0,0
20120910,22.348,23.368,22.348,23.368,0,0
20120911,22.716,23.368,22.716,22.716,0,0
20120912,20.491,22.716,20.491,21.325,0,0
20120913,20.96,21.325,18.917,19.195,0,0
20120914,19.195,20.126,19.195,20.126,0,0
20120917,20.126,20.212,20.126,20.212,0,0
20120918,20.212,20.212,20.212,20.212,0,0
20120919,20.212,20.404,20.212,20.212,0,0
20120920,20.212,21.239,20.212,21.239,0,0
20120921,21.201,21.201,21.008,21.008,0,0
20120924,21.008,21.008,21.008,21.008,0,0
20120925,21.392,21.392,21.392,21.392,0,0
20120926,21.392,21.392,21.392,21.392,0,0
20120927,21.392,21.392,20.624,21.392,0,0
20120928,21.392,21.392,21.392,21.392,0,0
20121001,21.392,21.872,21.392,21.872,0,0
20121002,21.872,21.872,21.872,21.872,0,0
20121003,21.872,21.872,21.872,21.872,0,0
20121004,21.872,21.872,21.872,21.872,0,0
20121005,21.872,21.967,21.872,21.967,0,0
20121008,21.967,22.063,21.967,22.063,0,0
20121009,22.447,22.447,22.063,22.16,0,0
20121010,22.447,22.447,21.68,21.68,0,0
20121011,22.447,22.447,21.68,22.447,0,0
20121012,22.447,22.447,22.351,22.351,0,0
20121015,22.256,22.351,21.488,22.351,0,0
20121016,22.351,22.447,22.351,22.447,0,0
20121018,22.447,22.447,22.447,22.447,0,0
20121019,21.776,22.447,21.584,22.447,0,0
20121022,22.447,22.447,22.256,22.256,0,0
20121023,22.256,22.256,22.256,22.256,0,0
20121024,22.256,22.447,22.256,22.447,0,0
20121025,22.447,22.447,22.447,22.447,0,0
20121026,22.447,22.447,22.447,22.447,0,0
20121029,21.776,22.447,21.776,21.776,0,0
20121030,21.584,21.584,19.569,20.433,0,0
20121031,20.433,20.817,20.433,20.817,0,0
20121102,21.201,21.392,20.433,21.392,0,0
20121105,21.392,21.392,20.817,20.817,0,0
20121106,21.392,21.392,20.817,21.392,0,0
20121107,20.721,21.392,20.721,21.392,0,0
20121108,20.624,20.624,20.624,20.624,0,0
20121109,20.913,21.967,20.913,21.967,0,0
20121112,22.351,23.503,22.351,23.503,0,0
20121113,23.79,23.982,23.79,23.982,0,0
20121114,23.982,23.982,23.982,23.982,0,0
20121115,24.174,24.27,23.982,24.27,0,0
20121116,24.654,25.517,24.654,25.421,0,0
20121119,25.517,25.613,22.16,22.16,0,0
20121120,22.063,22.16,21.967,21.967,0,0
20121121,21.296,21.967,21.296,21.296,0,0
20121122,21.008,21.008,21.008,21.008,0,0
20121123,21.008,21.967,21.008,21.008,0,0
20121126,21.104,21.104,21.008,21.104,0,0
20121127,21.008,21.008,21.008,21.008,0,0
20121128,21.104,21.104,20.817,20.817,0,0
20121129,20.817,20.817,20.817,20.817,0,0
20121130,20.817,20.817,20.817,20.817,0,0
20121203,20.817,20.817,20.817,20.817,0,0
20121204,20.624,20.624,20.624,20.624,0,0
20121205,20.433,21.488,20.433,21.392,0,0
20121206,21.392,21.392,20.433,21.392,0,0
20121207,20.433,20.433,20.433,20.433,0,0
20121210,20.433,20.433,20.433,20.433,0,0
20121211,20.433,21.967,20.433,21.967,0,0
20121212,21.967,22.544,21.872,22.544,0,0
20121213,22.544,22.735,21.967,21.967,0,0
20121214,20.529,20.624,20.529,20.624,0,0
20121218,20.624,20.913,20.24,20.913,0,0
20121220,20.049,20.049,18.802,19.186,0,0
20121221,18.898,18.898,18.515,18.802,0,0
20121227,18.994,18.994,18.994,18.994,0,0
20121228,18.61,19.569,18.61,19.569,0,0
20130102,20.24,20.24,20.049,20.049,0,0
20130103,19.09,20.049,18.994,20.049,0,0
20130107,19.953,19.953,19.858,19.858,0,0
20130108,19.953,20.049,19.953,20.049,0,0
20130109,20.049,20.049,20.049,20.049,0,0
20130110,20.049,20.049,20.049,20.049,0,0
20130111,20.049,20.049,20.049,20.049,0,0
20130114,20.049,20.049,20.049,20.049,0,0
20130115,20.049,20.049,20.049,20.049,0,0
20130116,20.049,20.049,19.953,19.953,0,0
20130117,19.953,19.953,18.418,18.418,0,0
20130118,19.569,19.569,19.281,19.281,0,0
20130122,18.706,19.665,18.706,19.665,0,0
20130123,18.706,18.706,18.706,18.706,0,0
20130124,18.706,18.706,18.706,18.706,0,0
20130125,17.843,18.515,17.747,18.515,0,0
20130130,19.186,19.186,19.186,19.186,0,0
20130131,19.186,19.186,19.186,19.186,0,0
20130201,18.322,19.186,18.322,19.186,0,0
20130204,19.186,19.186,19.186,19.186,0,0
20130205,19.186,19.186,19.186,19.186,0,0
20130206,19.186,19.186,18.322,18.322,0,0
20130207,19.186,19.186,18.322,18.322,0,0
20130211,18.322,18.322,17.459,17.459,0,0
20130213,18.322,18.322,17.459,18.322,0,0
20130222,17.459,17.459,17.459,17.459,0,0
20130225,17.267,17.363,17.267,17.363,0,0
20130226,18.035,18.035,17.843,17.843,0,0
20130227,17.938,19.569,17.938,19.569,0,0
20130228,19.665,19.665,17.938,19.378,0,0
20130301,19.378,19.569,19.378,19.569,0,0
20130305,19.186,19.474,19.186,19.474,0,0
20130307,19.474,19.569,19.474,19.569,0,0
20130308,18.802,19.569,18.706,18.706,0,0
20130318,18.802,18.802,18.802,18.802,0,0
20130319,19.378,19.378,18.418,18.418,0,0
20130322,22.544,22.544,22.063,22.16,0,0
20130325,23.886,23.886,22.16,22.831,0,0
20130326,23.406,23.406,23.406,23.406,0,0
20130327,23.694,23.694,23.406,23.406,0,0
20130403,23.694,23.694,23.694,23.694,0,0
20130408,22.639,22.927,22.639,22.927,0,0
20130409,23.215,23.215,23.215,23.215,0,0
20130411,23.215,23.215,23.215,23.215,0,0
20130412,22.927,23.023,22.927,23.023,0,0
20130415,22.544,22.544,22.544,22.544,0,0
20130417,21.68,21.68,21.68,21.68,0,0
20130418,20.817,21.776,20.817,21.776,0,0
20130422,21.776,21.776,21.776,21.776,0,0
20130424,21.104,21.104,20.817,20.817,0,0
20130426,18.802,20.624,18.802,20.624,0,0
20130429,19.761,20.529,19.761,20.529,0,0
20130430,20.624,20.817,20.529,20.529,0,0
20130506,20.337,21.392,20.337,21.296,0,0
20130507,20.913,21.872,20.913,21.872,0,0
20130508,22.16,22.16,22.16,22.16,0,0
20130509,22.544,22.544,22.447,22.447,0,0
20130510,22.447,22.447,22.447,22.447,0,0
20130513,22.447,22.447,21.68,21.68,0,0
20130514,21.68,27.244,21.68,27.244,0,0
20130515,27.244,28.299,27.244,28.299,0,0
20130522,26.956,27.531,26.956,27.531,0,0
20130523,27.819,27.819,27.819,27.819,0,0
20130524,27.819,28.107,26.476,28.107,0,0
20130527,28.107,28.107,28.012,28.012,0,0
20130528,28.012,28.012,28.012,28.012,0,0
20130529,28.012,28.012,28.012,28.012,0,0
20130531,28.008,28.008,28.008,28.008,0,0
20130603,26.669,26.764,26.669,26.764,0,0
20130604,28.107,28.107,26.764,28.012,0,0
20130605,28.012,28.012,28.012,28.012,0,0
20130606,28.012,28.395,28.012,28.395,0,0
20130607,28.395,28.395,28.395,28.395,0,0
20130610,28.395,28.395,27.244,27.244,0,0
20130612,27.819,27.819,27.819,27.819,0,0
20130613,27.244,27.244,27.244,27.244,0,0
20130614,27.819,27.819,27.819,27.819,0,0
20130617,27.244,27.244,27.244,27.244,0,0
20130619,27.244,27.819,27.244,27.819,0,0
20130620,27.819,29.93,27.819,29.93,0,0
20130621,30.793,32.328,29.93,29.93,0,0
20130624,31.273,37.028,31.273,37.028,0,0
20130625,37.028,37.028,37.028,37.028,0,0
20130626,35.398,35.398,33.767,35.205,0,0
20130627,33.862,34.342,33.767,34.342,0,0
20130628,34.63,34.726,34.63,34.726,0,0
20130701,34.823,34.823,34.823,34.823,0,0
20130702,34.342,34.342,34.055,34.055,0,0
20130703,34.246,34.246,33.191,33.191,0,0
20130704,33.862,33.862,33.862,33.862,0,0
20130705,33.862,33.862,33.287,33.287,0,0
20130708,33.287,33.287,32.616,32.712,0,0
20130709,32.712,32.712,32.712,32.712,0,0
20130711,32.712,32.712,32.712,32.712,0,0
20130712,32.232,32.232,32.232,32.232,0,0
20130715,31.657,31.657,31.657,31.657,0,0
20130717,31.369,31.369,31.369,31.369,0,0
20130718,31.273,31.273,31.273,31.273,0,0
20130719,31.273,31.273,31.273,31.273,0,0
20130722,32.328,32.328,32.328,32.328,0,0
20130723,32.712,32.712,32.712,32.712,0,0
20130724,32.712,32.712,32.712,32.712,0,0
20130725,32.712,32.712,32.712,32.712,0,0
20130726,32.712,32.712,31.369,31.464,0,0
20130729,31.464,32.903,31.464,32.903,0,0
20130730,33,33,32.903,33,0,0
20130731,33.862,33.862,33.862,33.862,0,0
20130801,33.862,33.862,33.862,33.862,0,0
20130802,33.767,33.767,33.767,33.767,0,0
20130805,35.014,35.014,33.767,34.823,0,0
20130806,34.918,36.069,34.918,35.973,0,0
20130807,35.973,39.523,35.398,39.523,0,0
20130808,39.907,39.907,39.907,39.907,0,0
20130809,39.907,39.907,39.81,39.907,0,0
20130812,40.386,42.593,40.386,42.593,0,0
20130813,42.016,42.593,42.016,42.593,0,0
20130814,43.168,43.648,42.593,42.593,0,0
20130816,43.552,44.223,42.593,44.223,0,0
20130819,44.223,45.854,42.88,45.854,0,0
20130820,45.854,45.854,44.798,45.854,0,0
20130821,45.854,45.854,45.854,45.854,0,0
20130822,45.182,45.854,45.182,45.182,0,0
20130823,44.703,45.182,44.703,45.182,0,0
20130826,45.854,45.854,45.854,45.854,0,0
20130827,43.552,43.552,43.552,43.552,0,0
20130828,43.552,43.552,37.604,37.604,0,0
20130829,37.604,38.947,37.604,37.604,0,0
20130830,37.028,37.028,37.028,37.028,0,0
20130904,36.745,36.745,36.745,36.745,0,0
20130905,36.548,36.745,36.548,36.745,0,0
20130909,36.741,36.837,36.741,36.837,0,0
20130910,36.833,36.833,36.745,36.745,0,0
20130911,36.741,36.741,36.741,36.741,0,0
20130912,36.741,36.741,36.741,36.741,0,0
20130913,36.745,36.833,36.745,36.833,0,0
20130916,36.837,36.837,36.837,36.837,0,0
20130917,36.833,36.833,36.548,36.548,0,0
20130918,36.362,36.362,36.362,36.362,0,0
20130919,36.362,36.745,36.362,36.745,0,0
20130920,37.599,37.599,37.599,37.599,0,0
20130924,38.286,38.286,37.304,37.304,0,0
20130930,37.108,37.108,34.85,34.85,0,0
20131001,35.734,35.734,35.635,35.635,0,0
20131002,35.635,36.912,34.163,34.163,0,0
20131003,34.261,35.635,34.163,35.439,0,0
20131004,35.734,35.734,34.065,34.065,0,0
20131007,35.734,35.734,33.966,33.966,0,0
20131008,34.261,34.261,34.261,34.261,0,0
20131009,34.752,34.752,34.752,34.752,0,0
20131010,34.359,34.752,33.966,33.966,0,0
20131011,33.966,34.065,33.966,34.065,0,0
20131017,36.126,36.126,35.635,35.635,0,0
20131018,35.635,36.715,35.635,36.715,0,0
20131021,36.617,36.617,36.617,36.617,0,0
20131022,36.617,36.617,36.617,36.617,0,0
20131023,34.85,34.948,34.85,34.948,0,0
20131024,36.715,36.715,36.617,36.617,0,0
20131025,36.617,36.617,36.617,36.617,0,0
20131028,36.617,38.384,36.617,38.384,0,0
20131029,38.482,38.482,38.09,38.482,0,0
20131030,38.482,38.482,38.482,38.482,0,0
20131031,38.482,38.482,37.108,37.108,0,0
20131104,37.108,37.108,37.108,37.108,0,0
20131105,36.126,37.991,36.126,37.991,0,0
20131106,36.617,36.617,36.617,36.617,0,0
20131107,36.617,37.991,36.617,37.991,0,0
20131108,36.715,37.991,36.617,36.617,0,0
20131112,36.617,36.617,34.654,34.654,0,0
20131113,34.654,35.243,33.77,35.145,0,0
20131114,35.145,35.145,34.163,35.145,0,0
20131115,35.145,36.126,35.145,36.126,0,0
20131118,36.323,36.323,34.163,35.635,0,0
20131119,36.421,36.421,35.635,36.421,0,0
20131120,36.323,38.286,35.341,38.286,0,0
20131125,37.402,38.384,37.402,38.384,0,0
20131126,38.384,38.384,37.402,38.188,0,0
20131127,36.912,36.912,36.519,36.617,0,0
20131128,38.286,38.286,35.832,35.832,0,0
20131129,37.402,37.893,37.402,37.893,0,0
20131202,37.893,37.893,37.893,37.893,0,0
20131203,36.813,37.893,36.813,37.893,0,0
20131204,38.188,38.188,38.188,38.188,0,0
20131205,36.912,38.188,36.912,38.188,0,0
20131206,38.188,38.188,38.09,38.09,0,0
20131209,36.912,38.188,36.912,36.912,0,0
20131210,36.421,37.991,36.421,37.893,0,0
20131211,36.813,36.813,36.617,36.617,0,0
20131212,36.323,37.893,36.323,37.893,0,0
20131213,37.893,37.893,36.323,36.912,0,0
20131216,38.973,38.973,36.912,37.893,0,0
20131217,37.893,37.893,37.893,37.893,0,0
20131218,37.402,37.893,37.402,37.893,0,0
20131219,36.813,37.893,36.813,36.912,0,0
20131220,37.991,37.991,36.421,36.421,0,0
20131223,37.206,37.206,36.421,37.108,0,0
20131227,37.893,37.893,36.813,36.912,0,0
20131230,37.599,37.599,36.126,37.01,0,0
20140102,37.991,40.053,37.402,39.857,0,0
20140103,40.053,40.053,37.795,38.973,0,0
20140107,37.206,37.795,36.617,37.795,0,0
20140108,37.795,37.795,37.697,37.697,0,0
20140109,37.697,37.697,37.501,37.599,0,0
20140110,37.599,37.599,37.599,37.599,0,0
20140113,37.599,37.599,37.501,37.501,0,0
20140114,36.813,36.912,36.813,36.912,0,0
20140115,37.991,37.991,37.893,37.893,0,0
20140116,39.955,39.955,38.973,38.973,0,0
20140120,38.973,38.973,37.108,37.108,0,0
20140121,37.108,37.402,35.243,37.402,0,0
20140122,37.304,37.402,37.304,37.304,0,0
20140123,36.813,37.304,36.813,36.813,0,0
20140124,36.813,36.813,36.813,36.813,0,0
20140127,36.813,36.813,36.813,36.813,0,0
20140128,36.813,36.813,36.813,36.813,0,0
20140129,36.813,36.813,36.813,36.813,0,0
20140130,36.813,36.813,36.813,36.813,0,0
20140131,36.912,36.912,36.912,36.912,0,0
20140203,37.402,38.973,37.402,38.875,0,0
20140204,38.679,38.679,38.679,38.679,0,0
20140205,38.679,38.679,38.384,38.482,0,0
20140206,37.991,37.991,37.893,37.893,0,0
20140207,37.893,37.893,37.893,37.893,0,0
20140210,37.893,37.893,36.813,36.912,0,0
20140212,37.01,37.01,37.01,37.01,0,0
20140213,38.482,38.482,37.01,37.893,0,0
20140214,36.813,38.482,36.813,38.482,0,0
20140217,38.482,38.482,38.384,38.384,0,0
20140218,36.617,38.384,36.617,38.384,0,0
20140219,38.384,38.384,38.09,38.09,0,0
20140220,38.384,38.679,36.912,38.679,0,0
20140221,38.679,39.66,36.617,38.188,0,0
20140224,38.188,38.188,36.519,36.617,0,0
20140225,38.188,38.188,37.402,37.402,0,0
20140226,36.323,37.599,36.323,37.599,0,0
20140227,37.501,37.501,37.108,37.108,0,0
20140228,37.402,37.402,34.654,37.01,0,0
20140303,37.108,37.108,35.537,36.912,0,0
20140304,34.752,36.912,34.752,36.421,0,0
20140305,37.01,37.01,37.01,37.01,0,0
20140310,35.341,37.01,35.341,37.01,0,0
20140311,37.01,37.01,37.01,37.01,0,0
20140312,37.01,37.01,37.01,37.01,0,0
20140313,37.01,37.01,35.145,35.145,0,0
20140314,35.832,36.323,35.145,36.323,0,0
20140317,37.01,37.01,37.01,37.01,0,0
20140318,34.654,34.654,34.654,34.654,0,0
20140319,34.654,36.224,34.654,36.126,0,0
20140320,36.126,36.224,36.126,36.224,0,0
20140321,36.224,36.224,36.224,36.224,0,0
20140324,36.224,36.224,34.457,34.457,0,0
20140325,36.224,36.224,35.635,35.635,0,0
20140326,35.832,35.832,35.832,35.832,0,0
20140327,35.832,35.832,35.832,35.832,0,0
20140328,35.832,35.832,35.832,35.832,0,0
