Date,Open,High,Low,Close,Volume,OpenInt
20071017,182.15,182.15,182.15,182.15,0,0
20071018,178.22,178.22,178.22,178.22,0,0
20071019,175.85,175.85,175.85,175.85,0,0
20071022,162.49,162.49,162.49,162.49,0,0
20071023,168.31,168.31,168.31,168.31,0,0
20071024,169.1,169.1,169.1,169.1,0,0
20071025,163.28,163.28,163.28,163.28,0,0
20071026,165.79,165.79,165.79,165.79,0,0
20071029,166.58,166.58,166.58,166.58,0,0
20071030,166.11,166.11,166.11,166.11,0,0
20071031,164.53,164.53,164.53,164.53,0,0
20071102,165.95,165.95,165.95,165.95,0,0
20071105,169.1,169.1,169.1,169.1,0,0
20071106,172.24,172.24,172.24,172.24,0,0
20071107,153.05,153.05,153.05,153.05,0,0
20071108,154.16,154.16,154.16,154.16,0,0
20071109,155.73,155.73,143.3,153.53,0,0
20071112,153.36,153.53,141.57,146.76,0,0
20071113,153.36,153.36,141.57,149.44,0,0
20071114,143.3,153.36,143.3,149.44,0,0
20071115,153.36,153.36,135.51,140.62,0,0
20071116,142.82,142.82,126.94,135.28,0,0
20071119,131.34,135.28,128.2,134.96,0,0
20071120,127.25,133.7,125.05,132.76,0,0
20071121,126.47,131.34,122.06,131.34,0,0
20071122,131.34,134.49,117.97,133.08,0,0
20071123,132.28,133.54,125.84,131.82,0,0
20071126,131.27,131.34,126.31,129.77,0,0
20071127,127.25,127.41,123.56,127.41,0,0
20071128,127.41,130.87,127.41,130.56,0,0
20071129,132.91,133.7,125.84,132.68,0,0
20071130,129.14,136.07,129.14,136.07,0,0
20071203,130.87,138.27,130.87,138.27,0,0
20071204,133.23,139.28,132.76,133.7,0,0
20071205,133.7,141.1,132.28,141.1,0,0
20071206,141.57,141.57,134.49,134.49,0,0
20071207,134.65,139.53,134.17,139.53,0,0
20071210,139.53,141.41,133.79,141.41,0,0
20071211,139.68,139.68,134.49,134.49,0,0
20071212,133.7,136.7,130.56,136.7,0,0
20071213,133.7,135.28,130.64,135.11,0,0
20071214,134.8,134.8,130.79,134.33,0,0
20071217,127.57,132.13,127.41,131.97,0,0
20071218,132.13,136.53,126.79,136.53,0,0
20071219,127.41,130.48,118.13,124.27,0,0
20071220,125.68,132.05,125.68,131.34,0,0
20071221,131.97,131.97,128.99,128.99,0,0
20071227,132.05,132.13,128.2,131.74,0,0
20071228,130.48,131.97,127.41,131.58,0,0
20080102,121.28,132.13,121.28,127.41,0,0
20080103,125.53,127.25,125.53,125.84,0,0
20080104,125.53,130.33,125.53,125.84,0,0
20080107,124.27,125.84,122.7,122.7,0,0
20080108,125.84,125.84,123.48,125.84,0,0
20080109,124.27,125.84,118.91,118.91,0,0
20080110,120.65,120.65,111.21,117.74,0,0
20080111,116.4,119.39,116.4,119.39,0,0
20080114,116.4,116.4,116.4,116.4,0,0
20080115,117.74,117.74,113.42,114.83,0,0
20080116,113.42,116.08,107.12,111.68,0,0
20080117,112.47,117.97,107.74,117.97,0,0
20080118,110.58,122.38,110.58,122.38,0,0
20080121,111.21,117.97,108.54,115.3,0,0
20080122,115.45,122.38,109.64,122.38,0,0
20080123,112.86,117.74,112.79,117.74,0,0
20080124,113.42,117.9,113.25,117.74,0,0
20080125,117.82,117.82,111.68,116.4,0,0
20080128,114.04,114.83,110.5,114.74,0,0
20080129,110.34,114.59,110.34,114.59,0,0
20080130,114.59,114.83,114.59,114.83,0,0
20080131,114.74,114.74,114.74,114.74,0,0
20080201,114.74,116.4,114.04,114.04,0,0
20080204,114.83,117.5,114.04,117.03,0,0
20080205,117.03,117.97,110.11,110.11,0,0
20080206,110.11,116.87,110.11,116.87,0,0
20080207,111.84,115.93,111.68,115.93,0,0
20080208,114.51,114.51,114.51,114.51,0,0
20080211,115.93,117.97,113.25,117.97,0,0
20080212,117.97,124.03,117.97,124.03,0,0
20080213,117.97,121.11,117.97,121.11,0,0
20080214,120.17,120.17,120.17,120.17,0,0
20080215,121.11,123.79,117.19,121.11,0,0
20080218,116.4,121.11,114.83,121.11,0,0
20080219,116.4,117.9,114.2,117.9,0,0
20080220,112.79,117.9,112.7,117.9,0,0
20080221,116.4,119.31,116.4,119.08,0,0
20080222,120.8,120.8,116.71,120.02,0,0
20080225,119.86,120.65,116.71,117.19,0,0
20080226,116.71,119.86,114.83,118.21,0,0
20080227,114.99,117.19,114.83,117.19,0,0
20080228,114.04,116.87,111.68,116.87,0,0
20080229,110.97,116.56,110.9,116.56,0,0
20080303,108.54,116.4,108.54,116.4,0,0
20080304,109.25,116.4,107.91,113.8,0,0
20080305,108.85,113.25,108.54,113.25,0,0
20080306,109.33,112.47,107.91,112.47,0,0
20080307,107.91,112.23,107.74,112.23,0,0
20080310,105.39,112.47,101.3,111.68,0,0
20080311,111.68,111.68,111.68,111.68,0,0
20080312,110.11,111.68,110.11,110.11,0,0
20080313,109.79,110.11,109.79,109.79,0,0
20080314,108.22,109.96,108.22,109.96,0,0
20080319,109.79,109.79,106.02,109.33,0,0
20080320,106.02,107.67,103.82,107.67,0,0
20080325,107.43,112.47,107.43,112.47,0,0
20080326,110.11,110.11,110.11,110.11,0,0
20080327,109.96,110.11,109.16,110.11,0,0
20080328,109.16,111.91,107.74,107.74,0,0
20080331,103.82,103.82,103.82,103.82,0,0
20080401,103.82,107.59,103.82,107.59,0,0
20080402,105.39,105.39,104.68,105.39,0,0
20080403,104.91,107.74,102.71,107.74,0,0
20080408,104.6,105.39,104.53,104.53,0,0
20080409,105.08,107.67,105.08,107.67,0,0
20080410,106.65,107.67,102.25,107.51,0,0
20080411,105.16,107.67,105.16,107.67,0,0
20080414,102.79,106.1,102.4,102.4,0,0
20080415,106.02,109.01,104.13,108.14,0,0
20080416,106.96,106.96,106.96,106.96,0,0
20080418,105.39,110.11,105.39,109.96,0,0
20080421,109.96,111.28,109.96,111.28,0,0
20080422,110.5,110.5,100.74,109.96,0,0
20080423,104.05,109.33,103.97,109.33,0,0
20080424,103.03,105.47,100.67,105.47,0,0
20080425,105.31,109.87,105.31,109.87,0,0
20080428,109.87,120.49,108.54,118.68,0,0
20080429,117.97,119.47,113.25,113.25,0,0
20080430,113.25,119.31,113.25,117.97,0,0
20080505,112.47,117.9,110.9,111.05,0,0
20080506,110.9,110.9,110.9,110.9,0,0
20080507,110.74,110.74,110.74,110.74,0,0
20080508,106.96,106.96,103.82,103.82,0,0
20080512,100.67,100.83,100.67,100.83,0,0
20080513,100.91,102.25,100.83,102.25,0,0
20080514,96.19,100.59,96.19,99.88,0,0
20080516,96.11,99.8,94.37,99.73,0,0
20080520,102.08,102.08,102.08,102.08,0,0
20080523,94.37,102.08,94.37,94.37,0,0
20080526,98.71,98.71,98.71,98.71,0,0
20080527,94.37,94.37,94.37,94.37,0,0
20080528,94.37,94.37,89.66,94.37,0,0
20080530,93.43,93.43,93.43,93.43,0,0
20080602,92.8,93.43,91.23,91.23,0,0
20080603,93.43,95.96,93.43,95.96,0,0
20080604,91.23,94.3,91.23,91.23,0,0
20080605,94.3,94.3,94.3,94.3,0,0
20080606,91.23,91.39,90.91,90.91,0,0
20080609,88.33,90.91,84.94,90.84,0,0
20080610,83.92,90.84,83.84,83.84,0,0
20080611,90.91,94.3,83.37,91.16,0,0
20080612,86.51,86.51,86.51,86.51,0,0
20080613,90.29,90.37,90.29,90.37,0,0
20080618,97.18,97.18,83.39,83.39,0,0
20080619,84.36,89.15,84.36,89.15,0,0
20080620,84.36,92.4,84.36,92.31,0,0
20080623,82.74,92.31,82.74,84.36,0,0
20080625,82.74,82.74,81.77,81.77,0,0
20080701,81.61,89.15,79.5,79.51,0,0
20080702,77.88,81.12,77.88,77.88,0,0
20080703,82.58,82.58,75.93,75.93,0,0
20080704,81.06,81.06,72.46,80.15,0,0
20080708,72.28,72.28,69.76,71.39,0,0
20080709,74.63,77.88,74.63,77.88,0,0
20080711,73.01,73.01,70.09,70.09,0,0
20080714,69.52,72.83,65.54,72.83,0,0
20080715,65.56,72.52,65.56,72.52,0,0
20080717,65.29,71.21,64.88,64.88,0,0
20080718,67.82,67.82,59.07,59.07,0,0
20080721,64.73,64.73,64.73,64.73,0,0
20080722,64.57,64.57,64.57,64.57,0,0
20080723,64.33,68.14,64.33,68.14,0,0
20080728,64.57,64.57,64.57,64.57,0,0
20080729,64.41,64.41,64.41,64.41,0,0
20080730,60.95,62.95,58.41,61.49,0,0
20080731,61.15,61.15,58.41,58.44,0,0
20080801,58.89,59.54,58.41,58.41,0,0
20080804,57.76,58.24,55,55.16,0,0
20080805,54.45,54.45,50.29,51.3,0,0
20080806,53.21,54.84,49.48,49.48,0,0
20080807,49.65,49.65,49,49,0,0
20080808,48.67,48.67,47.07,47.07,0,0
20080811,48.67,53.51,48.67,53.51,0,0
20080812,53.2,53.2,53.18,53.18,0,0
20080813,47.07,47.29,47.05,47.29,0,0
20080814,48.35,48.67,47.29,47.37,0,0
20080818,47.05,49.48,46.24,49.48,0,0
20080819,47.21,47.21,47.05,47.05,0,0
20080820,46.24,46.24,45.44,45.44,0,0
20080821,43.8,47.47,43.8,46.64,0,0
20080822,47.05,47.05,46.64,46.64,0,0
20080825,48.67,48.67,46.56,46.56,0,0
20080826,49.14,49.14,46.24,46.24,0,0
20080827,46.24,47.86,46.24,47.86,0,0
20080828,47.05,47.05,45.51,47.03,0,0
20080829,46.73,46.73,46.73,46.73,0,0
20080902,45.46,46.73,45.46,45.46,0,0
20080903,45.46,45.46,45.04,45.04,0,0
20080904,45.04,45.04,45.04,45.04,0,0
20080905,44.78,47.03,43.8,47.03,0,0
20080908,45.43,49.48,44.62,49.48,0,0
20080910,44.86,48.51,44.86,48.51,0,0
20080911,46.73,46.73,45.43,46.69,0,0
20080912,44.86,48.35,44.86,48.35,0,0
20080915,46.73,47.86,46.73,47.86,0,0
20080916,44.89,44.89,43.97,43.97,0,0
20080917,43.97,45.57,42.99,42.99,0,0
20080918,42.99,45.38,42.99,45.38,0,0
20080919,42.83,45.38,42.83,42.83,0,0
20080922,45.38,45.38,45.38,45.38,0,0
20080923,45.38,45.38,45.38,45.38,0,0
20080924,43.8,45.38,43.8,43.8,0,0
20080925,44.45,45.38,44.45,44.45,0,0
20080929,44.45,44.45,42.83,42.83,0,0
20080930,42.83,45.43,42.83,45.43,0,0
20081002,42.67,45.43,42.18,42.18,0,0
20081003,41.79,42.83,41.78,42.83,0,0
20081006,41.78,41.86,40.4,40.4,0,0
20081007,40.24,41.05,40.24,41.05,0,0
20081008,40.56,41.05,39.34,39.42,0,0
20081009,39.42,41.05,37.72,39.75,0,0
20081010,37.8,38.94,37.32,38.94,0,0
20081013,37.48,38.94,36.83,36.83,0,0
20081014,36.86,37.32,36.84,37.32,0,0
20081015,36.99,38.13,36.99,38.13,0,0
20081016,36.84,37.32,36.5,36.5,0,0
20081017,36.83,36.99,35.69,35.69,0,0
20081020,35.69,36.5,32.61,34.09,0,0
20081021,34.62,34.62,34.09,34.09,0,0
20081022,33.58,33.58,32.85,33.26,0,0
20081023,32.85,35.66,32.45,32.85,0,0
20081024,31.96,31.96,31.23,31.23,0,0
20081027,31.23,31.23,31.23,31.23,0,0
20081028,31.39,31.64,30.34,31.64,0,0
20081029,30.99,32.29,30.03,30.03,0,0
20081030,30.68,32.12,30.18,32.12,0,0
20081031,29.85,31.31,29.85,29.87,0,0
20081103,30.63,30.63,30.63,30.63,0,0
20081104,28.88,28.88,27.09,27.74,0,0
20081105,27.74,28.13,25.99,26.49,0,0
20081106,25.15,26.49,24.74,24.82,0,0
20081107,25.02,25.02,23.85,25.02,0,0
20081110,25.15,25.15,24.74,24.74,0,0
20081112,24.34,24.34,24.16,24.34,0,0
20081113,24.34,25.2,24.34,24.34,0,0
20081114,25.2,25.2,23.93,24.16,0,0
20081117,24.95,24.95,24.01,24.01,0,0
20081118,23.93,23.93,23.93,23.93,0,0
20081119,23.93,23.93,23.93,23.93,0,0
20081120,23.93,23.93,22.79,23.85,0,0
20081121,23.69,23.85,23.69,23.85,0,0
20081124,24.19,24.19,24.19,24.19,0,0
20081125,24.51,24.51,24.34,24.34,0,0
20081126,24.34,24.34,24.34,24.34,0,0
20081127,24.34,24.34,24.01,24.01,0,0
20081128,24.34,24.34,24.34,24.34,0,0
20081201,23.93,24.34,23.52,23.52,0,0
20081202,23.12,23.52,22.96,22.96,0,0
20081203,22.63,23.67,22.63,23.67,0,0
20081204,23.52,23.52,22.55,22.55,0,0
20081205,22.55,22.55,22.55,22.55,0,0
20081208,22.55,22.55,22.55,22.55,0,0
20081210,22.55,22.55,22.55,22.55,0,0
20081211,22.71,22.71,22.71,22.71,0,0
20081215,22.18,22.18,22.18,22.18,0,0
20081216,22.23,22.23,21.9,21.9,0,0
20081217,21.87,21.87,21.87,21.87,0,0
20081218,21.87,21.87,21.87,21.87,0,0
20081219,21.55,21.55,21.5,21.5,0,0
20081222,21.42,21.42,21.3,21.32,0,0
20081223,21.09,21.42,21.09,21.09,0,0
20081229,21.09,21.09,21.09,21.09,0,0
20081230,21.09,21.09,21.09,21.09,0,0
20081231,21.42,21.42,21.42,21.42,0,0
20090106,21.09,22.1,21.09,22.1,0,0
20090107,22.1,24.3,22.06,22.84,0,0
20090108,22.84,22.84,22.84,22.84,0,0
20090109,22.84,22.84,21.95,21.95,0,0
20090112,22.84,22.86,22.84,22.84,0,0
20090113,22.84,22.84,21.79,21.79,0,0
20090114,21.9,21.9,21.9,21.9,0,0
20090116,22.84,22.84,22.84,22.84,0,0
20090119,21.92,21.92,21.92,21.92,0,0
20090120,21.92,21.92,21.92,21.92,0,0
20090121,21.93,21.93,21.77,21.77,0,0
20090126,21.58,22.26,21.25,22.26,0,0
20090127,22.26,22.26,22.26,22.26,0,0
20090128,22.42,22.42,22.26,22.42,0,0
20090129,22.76,22.84,22.76,22.83,0,0
20090130,22.79,22.79,22.79,22.79,0,0
20090202,22.1,22.1,22.1,22.1,0,0
20090203,22.1,22.23,22.1,22.23,0,0
20090204,21.19,22.23,20.56,20.56,0,0
20090205,20.31,20.31,19.27,20.2,0,0
20090206,19.29,20.2,19.29,20.2,0,0
20090209,20.98,20.98,20.98,20.98,0,0
20090210,20.98,21.37,20.98,21.35,0,0
20090211,21.89,21.89,20.86,20.88,0,0
20090212,21.9,21.9,21.42,21.42,0,0
20090213,20.86,21.42,20.86,20.86,0,0
20090216,20.7,20.7,20.7,20.7,0,0
20090217,19.99,19.99,18.07,18.63,0,0
20090218,18.15,18.15,17.21,17.21,0,0
20090219,17.86,18.09,17.86,18.09,0,0
20090220,18.06,18.06,18.06,18.06,0,0
20090223,17.21,18.06,17.21,18.06,0,0
20090224,17.44,17.44,15.54,15.88,0,0
20090225,16.99,17.46,16.24,16.24,0,0
20090226,15.69,16.05,15.69,16.05,0,0
20090227,17.2,17.2,17.2,17.2,0,0
20090302,17.12,17.18,17.04,17.04,0,0
20090303,16.06,16.06,15.32,15.32,0,0
20090304,15.25,17.2,14.28,15.3,0,0
20090305,15.33,17.18,15.33,17.18,0,0
20090306,15.49,16.97,15.49,16.97,0,0
20090309,17.18,18.88,17.18,18.88,0,0
20090310,18.74,18.74,18.74,18.74,0,0
20090311,20.43,20.43,20.43,20.43,0,0
20090312,20.44,21.14,20.44,21.14,0,0
20090313,20.52,22.08,20.52,22.08,0,0
20090316,20.44,23.7,20.44,23.7,0,0
20090317,25.96,28.1,25.96,28.1,0,0
20090318,29.38,29.38,29.38,29.38,0,0
20090319,31.64,31.64,29.69,29.69,0,0
20090323,28.1,28.1,28.1,28.1,0,0
20090324,27.48,27.48,22.73,22.73,0,0
20090325,27.48,27.48,27.48,27.48,0,0
20090327,26.57,26.57,26.57,26.57,0,0
20090330,24.6,24.6,24.6,24.6,0,0
20090331,24.34,24.34,24.34,24.34,0,0
20090402,23.09,24.34,23.09,23.09,0,0
20090403,23.1,24.34,23.1,24.34,0,0
20090406,23.02,23.02,23.02,23.02,0,0
20090407,23.04,23.67,23.04,23.67,0,0
20090408,22.54,22.54,22.54,22.54,0,0
20090409,22.86,22.86,22.86,22.86,0,0
20090414,22.86,22.86,22.86,22.86,0,0
20090415,22.86,22.86,22.86,22.86,0,0
20090416,23.04,23.12,22.86,23.12,0,0
20090417,23.15,25.96,23.15,25.96,0,0
20090420,25.96,25.96,25.96,25.96,0,0
20090421,25.96,25.96,25.96,25.96,0,0
20090422,25.96,25.96,25.96,25.96,0,0
20090424,23.52,23.52,23.52,23.52,0,0
20090428,23.05,24.01,23.05,24.01,0,0
20090429,24.03,24.03,24.03,24.03,0,0
20090430,24.98,24.98,24.98,24.98,0,0
20090504,23.7,23.7,23.7,23.7,0,0
20090505,23.85,24.66,23.85,24.66,0,0
20090506,25.15,25.15,25.15,25.15,0,0
20090507,25.07,25.07,25.07,25.07,0,0
20090508,24.98,24.98,24.98,24.98,0,0
20090511,24.98,24.98,24.98,24.98,0,0
20090512,24.09,24.09,24.09,24.09,0,0
20090513,24.19,24.19,24.19,24.19,0,0
20090514,24.17,25.07,24.17,25.07,0,0
20090515,24.24,24.24,24.24,24.24,0,0
20090518,25.15,25.96,25.15,25.96,0,0
20090519,25.96,25.96,25.23,25.23,0,0
20090521,25.16,25.16,25.16,25.16,0,0
20090522,25.15,25.15,25.15,25.15,0,0
20090525,24.5,25.15,24.5,24.5,0,0
20090526,23.69,23.69,23.69,23.69,0,0
20090527,23.07,23.69,23.07,23.07,0,0
20090529,23.04,23.04,23.04,23.04,0,0
20090601,24.17,24.17,23.04,24.17,0,0
20090602,24.35,24.35,24.35,24.35,0,0
20090603,25.15,25.15,24.35,25.15,0,0
20090604,26.28,29.04,25.15,29.04,0,0
20090605,33.28,36.6,33.28,36.6,0,0
20090608,36.5,37.17,36.5,37.17,0,0
20090609,37.32,37.32,32.16,32.48,0,0
20090610,33.26,34.48,33.1,34.07,0,0
20090612,34.07,34.56,32.93,34.39,0,0
20090615,32.8,32.8,31.36,31.69,0,0
20090616,31.64,31.85,30.58,31.85,0,0
20090617,32.12,32.12,30.66,31.64,0,0
20090618,30.58,30.58,30.01,30.01,0,0
20090619,29.22,29.22,29.04,29.22,0,0
20090622,30.96,30.96,29.04,29.04,0,0
20090623,27.69,29.85,27.69,29.85,0,0
20090624,28.39,28.55,28.39,28.39,0,0
20090625,27.91,27.91,27.58,27.58,0,0
20090626,27.58,29.04,27.35,29.04,0,0
20090629,28.23,29.01,28.23,29.01,0,0
20090630,28.68,30.81,28.68,30.81,0,0
20090701,28.88,32.11,28.88,32.11,0,0
20090702,30.01,30.01,30.01,30.01,0,0
20090703,29.04,30.6,29.04,30.6,0,0
20090706,30.66,30.83,29.43,30.5,0,0
20090707,29.75,29.79,29.75,29.79,0,0
20090708,29.79,29.79,29.79,29.79,0,0
20090709,30.99,30.99,29.98,30.99,0,0
20090710,30.99,30.99,30.99,30.99,0,0
20090713,29.85,29.85,29.85,29.85,0,0
20090714,29.85,30.99,29.64,30.99,0,0
20090715,30.83,30.83,30.83,30.83,0,0
20090716,31.39,31.39,30.83,31.39,0,0
20090717,31.39,33.26,31.39,31.39,0,0
20090720,31.51,32.37,31.51,32.37,0,0
20090721,32.37,33.26,32.37,33.26,0,0
20090722,33.26,33.26,33.26,33.26,0,0
20090723,31.8,31.8,31.31,31.31,0,0
20090724,31.47,31.47,30.83,31.31,0,0
20090727,31.15,31.15,30.68,30.68,0,0
20090729,30.68,30.68,30.13,30.13,0,0
20090730,31.62,36.18,31.62,36.18,0,0
20090731,34.12,34.12,34.1,34.1,0,0
20090803,34.14,37.51,34.14,35.11,0,0
20090804,40.56,43.48,35.11,42.18,0,0
20090805,42.18,43.48,42.18,42.18,0,0
20090806,41.45,43.48,41.37,41.37,0,0
20090807,40.56,41.37,40.56,40.56,0,0
20090810,40.97,40.97,40.56,40.97,0,0
20090812,41.37,41.37,36.99,36.99,0,0
20090813,38.91,38.91,37.8,37.8,0,0
20090817,38.01,38.01,38.01,38.01,0,0
20090818,37.07,39.91,37.07,39.91,0,0
20090820,39.91,39.91,37.66,38.86,0,0
20090821,39.91,41.7,38.94,40.56,0,0
20090824,40.56,40.56,40.56,40.56,0,0
20090825,40.56,40.56,40.56,40.56,0,0
20090826,38.97,38.97,35.68,35.68,0,0
20090827,38.78,38.78,38.13,38.13,0,0
20090828,38.13,38.76,38.13,38.76,0,0
20090831,38.13,38.13,37.32,37.32,0,0
20090901,37.32,37.32,37.32,37.32,0,0
20090902,36.83,37.32,35.04,35.04,0,0
20090903,36.5,36.5,36.5,36.5,0,0
20090904,36.34,36.34,36.34,36.34,0,0
20090907,34.88,36.5,34.88,36.5,0,0
20090908,36.75,36.75,36.5,36.5,0,0
20090909,36.34,36.83,36.34,36.83,0,0
20090910,35.47,35.47,35.45,35.45,0,0
20090911,35.45,35.45,35.08,35.08,0,0
20090914,34.88,34.88,34.88,34.88,0,0
20090916,35.5,35.5,35.21,35.21,0,0
20090917,35.43,35.43,35.21,35.37,0,0
20090921,35.37,35.37,34.88,35.37,0,0
20090922,34.88,34.88,34.88,34.88,0,0
20090923,33.81,34.07,33.81,34.07,0,0
20090924,35.01,35.01,35.01,35.01,0,0
20090925,35.04,35.04,34.88,34.88,0,0
20090929,35.69,40.32,35.69,39.42,0,0
20091001,36.75,36.75,36.18,36.18,0,0
20091002,35.86,37.48,35.69,37.32,0,0
20091005,35.71,37.32,35.71,35.71,0,0
20091006,35.73,35.73,35.71,35.71,0,0
20091007,37.48,39.26,37.48,38.61,0,0
20091008,37.15,37.15,37.15,37.15,0,0
20091009,36.99,37.15,35.73,35.73,0,0
20091012,35.71,35.71,35.19,35.69,0,0
20091013,35.53,35.69,35.53,35.53,0,0
20091015,35.53,35.53,35.53,35.53,0,0
20091020,35.37,36.16,35.37,36.16,0,0
20091021,34.62,34.62,34.62,34.62,0,0
20091022,36.26,36.26,36.26,36.26,0,0
20091023,35.98,35.98,35.98,35.98,0,0
20091027,35.43,35.43,35.43,35.43,0,0
20091028,34.88,36.46,34.88,35.69,0,0
20091030,35.76,36.02,35.76,36.02,0,0
20091102,36.02,36.46,35.92,35.92,0,0
20091103,35.86,36.5,35.69,36.5,0,0
20091104,35.86,36.5,35.86,36.5,0,0
20091105,36.52,36.52,36.52,36.52,0,0
20091109,36.5,36.5,35.97,35.97,0,0
20091110,36.67,36.67,36.67,36.67,0,0
20091112,36.67,36.67,36.5,36.52,0,0
20091113,36.67,40.56,36.67,40.56,0,0
20091116,38.94,40.07,38.13,40.07,0,0
20091117,38.13,39.1,38.13,39.1,0,0
20091118,38.13,38.45,36.83,36.83,0,0
20091120,36.83,37.32,36.83,37.32,0,0
20091123,37.96,37.96,37.96,37.96,0,0
20091124,37.96,37.96,37.48,37.48,0,0
20091125,37.48,37.48,37.48,37.48,0,0
20091126,37.48,37.48,37.48,37.48,0,0
20091127,37.15,38.86,37.15,38.86,0,0
20091130,37.48,39.02,37.48,38.94,0,0
20091201,38.94,38.94,38.94,38.94,0,0
20091202,37.15,38.94,37.15,38.94,0,0
20091203,38.76,38.76,38.76,38.76,0,0
20091204,38.78,38.78,38.78,38.78,0,0
20091207,38.78,38.78,38.78,38.78,0,0
20091209,38.78,38.78,38.78,38.78,0,0
20091211,37.48,38.78,37.48,37.48,0,0
20091214,37.56,37.56,37.15,37.15,0,0
20091215,37.15,37.15,37.15,37.15,0,0
20091216,36.83,36.83,36.83,36.83,0,0
20091217,36.83,36.83,36.83,36.83,0,0
20091218,36.5,36.5,36.5,36.5,0,0
20091222,36.5,36.5,36.5,36.5,0,0
20091223,35.22,36.5,35.22,35.22,0,0
20091228,34.31,35.69,34.23,35.69,0,0
20091229,35.53,35.69,35.53,35.69,0,0
20091230,33.99,35.37,33.99,35.37,0,0
20100104,35.69,35.69,35.37,35.69,0,0
20100105,35.69,39.26,35.69,37.48,0,0
20100106,37.56,37.56,37.56,37.56,0,0
20100107,35.86,37.66,35.86,37.66,0,0
20100112,36.18,36.18,35.86,35.94,0,0
20100113,35.6,37.23,35.6,37.23,0,0
20100114,37.23,37.32,36.36,36.36,0,0
20100115,35.58,35.58,35.58,35.58,0,0
20100119,38.03,38.03,38.03,38.03,0,0
20100120,38.03,38.03,38.03,38.03,0,0
20100121,38.03,38.03,36.36,36.36,0,0
20100122,36.34,36.99,36.34,36.34,0,0
20100125,34.95,34.95,34.95,34.95,0,0
20100126,35.53,36.34,35.53,36.34,0,0
20100129,34.9,35.21,34.77,35.21,0,0
20100201,36.02,37.14,34.3,37.14,0,0
20100202,35.4,35.4,35.38,35.38,0,0
20100204,35.37,35.37,35.37,35.37,0,0
20100205,35.04,35.95,35.04,35.95,0,0
20100208,35.04,35.04,35.04,35.04,0,0
20100209,35.04,35.04,35.04,35.04,0,0
20100211,35.04,35.04,35.04,35.04,0,0
20100212,35.21,35.21,35.21,35.21,0,0
20100217,34.57,36.33,34.57,36.33,0,0
20100224,35.55,35.55,35.55,35.55,0,0
20100301,36.02,36.02,36.02,36.02,0,0
20100303,35.55,36.26,35.53,36.26,0,0
20100304,35.53,36.26,35.53,36.26,0,0
20100308,35.22,36.5,35.22,36.5,0,0
20100309,35.38,36.96,35.38,36.96,0,0
20100310,36.96,38.45,36.96,37.15,0,0
20100311,37.17,38.92,37.17,38.92,0,0
20100312,38.92,44.53,38.92,42.51,0,0
20100315,42.51,42.51,39.26,41.86,0,0
20100316,41.7,41.7,41.7,41.7,0,0
20100317,42,42,42,42,0,0
20100318,40.07,40.09,40.07,40.09,0,0
20100319,40.07,40.87,38.94,39.42,0,0
20100322,37.8,37.8,37.8,37.8,0,0
20100323,37.8,38.45,37.35,38.45,0,0
20100325,37.15,37.15,36.99,36.99,0,0
20100326,36.96,36.96,36.96,36.96,0,0
20100329,36.96,38.11,36.34,36.34,0,0
20100330,37.32,37.32,37.32,37.32,0,0
20100331,37.62,38.13,37.62,38.13,0,0
20100406,36.5,38.16,36.5,37.72,0,0
20100407,37.72,37.72,37.72,37.72,0,0
20100408,37.72,37.8,36.99,36.99,0,0
20100409,38.13,38.13,36.99,36.99,0,0
20100412,36.99,37.32,36.99,37.32,0,0
20100413,36.99,36.99,36.99,36.99,0,0
20100414,37.15,37.15,37.15,37.15,0,0
20100415,37.96,38.61,37.64,38.61,0,0
20100416,38.13,39.18,37.33,39.18,0,0
20100419,39.26,39.26,38.45,38.45,0,0
20100420,38.45,39.1,38.45,39.1,0,0
20100421,38.94,38.94,38.94,38.94,0,0
20100422,38.3,38.3,38.3,38.3,0,0
20100423,38.86,38.86,38.32,38.32,0,0
20100426,40.17,40.17,40.17,40.17,0,0
20100427,38.29,38.94,38.29,38.94,0,0
20100428,38.94,39.1,38.94,39.1,0,0
20100429,38.45,38.45,38.45,38.45,0,0
20100430,39.86,39.86,39.26,39.26,0,0
20100504,40.88,40.88,39.26,39.26,0,0
20100505,38.94,39.25,37.72,37.72,0,0
20100506,37.72,37.72,37.72,37.72,0,0
20100507,37.74,37.74,37.72,37.72,0,0
20100510,39.25,39.59,39.25,39.59,0,0
20100511,39.49,39.49,39.49,39.49,0,0
20100513,39.41,39.41,37.74,37.74,0,0
20100514,37.74,38.11,37.74,38.11,0,0
20100517,37.92,37.92,37.92,37.92,0,0
20100518,37.75,38.13,37.75,38.13,0,0
20100519,37.74,37.74,36.83,36.83,0,0
20100521,37.32,37.32,37.32,37.32,0,0
20100524,36.93,36.93,36.93,36.93,0,0
20100525,36.93,36.93,36.93,36.93,0,0
20100526,38.11,38.11,37.22,38.11,0,0
20100527,38.61,38.61,38.61,38.61,0,0
20100531,38.45,38.45,36.84,36.84,0,0
20100608,38.43,38.43,38.43,38.43,0,0
20100610,38.43,38.61,38.43,38.61,0,0
20100611,37.35,37.96,37.35,37.96,0,0
20100614,38.61,38.61,38.61,38.61,0,0
20100615,38.01,38.01,38.01,38.01,0,0
20100616,38.05,38.05,38.05,38.05,0,0
20100617,37.35,37.35,37.35,37.35,0,0
20100618,38.61,38.78,38.61,38.78,0,0
20100624,38.94,38.94,38.94,38.94,0,0
20100628,38.94,38.94,38.45,38.45,0,0
20100701,38.45,38.45,38.45,38.45,0,0
20100702,37.43,39.18,37.43,39.18,0,0
20100705,39.03,39.18,39.03,39.18,0,0
20100712,39.36,40.2,39.36,40.2,0,0
20100715,40.2,40.2,40.2,40.2,0,0
20100719,39.28,39.28,39.26,39.26,0,0
20100722,41.05,41.05,41.05,41.05,0,0
20100726,39.1,40.95,39.1,40.95,0,0
20100803,39.18,39.18,38.97,38.97,0,0
20100804,38.45,38.94,38.45,38.94,0,0
20100805,38.94,38.94,38.94,38.94,0,0
20100809,38.94,38.94,38.94,38.94,0,0
20100810,39.59,39.59,39.59,39.59,0,0
20100812,38.94,38.94,38.94,38.94,0,0
20100818,37.75,39.57,37.75,39.57,0,0
20100823,38.94,38.94,38.03,38.03,0,0
20100824,37.83,37.83,37.82,37.82,0,0
20100827,39.31,39.31,39.31,39.31,0,0
20100901,37.7,38.29,37.7,38.29,0,0
20100903,38.29,38.29,38.29,38.29,0,0
20100907,38.94,38.94,38.94,38.94,0,0
20100908,38.94,39.26,38.94,39.26,0,0
20100909,39.36,39.36,39.36,39.36,0,0
20100914,39.36,39.36,39.36,39.36,0,0
20100916,38.13,39.1,38.13,39.1,0,0
20100917,39.75,39.75,39.75,39.75,0,0
20100920,39.26,39.26,39.26,39.26,0,0
20100923,39.26,39.26,39.26,39.26,0,0
20100928,38.18,38.18,38.18,38.18,0,0
20101005,38.21,38.21,38.21,38.21,0,0
20101006,39.18,39.18,39.18,39.18,0,0
20101012,39.13,39.18,39.13,39.18,0,0
20101015,39.16,39.16,39.16,39.16,0,0
20101018,38.03,38.03,38.03,38.03,0,0
20101020,37.96,38.45,37.96,38.45,0,0
20101025,37.1,37.32,37.1,37.32,0,0
20101026,38.58,38.58,38.58,38.58,0,0
20101104,36.75,36.75,36.75,36.75,0,0
20101109,36.76,36.76,36.76,36.76,0,0
20101110,38.58,38.91,36.78,38.91,0,0
20101112,37.8,39.7,37.8,38.94,0,0
20101115,37.8,38.94,37.8,38.94,0,0
20101118,38.94,38.94,38.94,38.94,0,0
20101119,37.82,39.54,37.82,39.54,0,0
20101122,37.87,37.87,37.87,37.87,0,0
20101124,37.82,37.82,37.8,37.8,0,0
20101126,37.09,37.09,37.09,37.09,0,0
20101130,36.75,36.75,36.75,36.75,0,0
20101201,38.48,39.7,38.48,39.7,0,0
20101206,38.14,38.14,38.14,38.14,0,0
20101207,38.14,38.14,38.14,38.14,0,0
20101208,38.14,38.14,38.14,38.14,0,0
20101209,38.13,38.13,36.86,36.86,0,0
20101213,36.86,36.86,36.86,36.86,0,0
20101214,38.11,38.11,38.11,38.11,0,0
20101215,36.81,36.81,36.81,36.81,0,0
20101216,36.81,38.05,36.78,38.05,0,0
20101217,36.71,37.32,36.71,36.71,0,0
20101220,38.52,38.52,36.71,37.54,0,0
20101221,37.54,37.54,37.51,37.51,0,0
20101223,37.07,37.51,37.06,37.06,0,0
20101227,37.07,37.07,36.71,36.71,0,0
20101228,36.71,37.96,36.7,36.7,0,0
20101230,38.5,38.52,38.5,38.52,0,0
20110105,37.32,37.32,37.32,37.32,0,0
20110107,37.32,37.32,37.32,37.32,0,0
20110114,35.79,37.54,35.79,37.54,0,0
20110118,36.67,37.56,36.67,37.56,0,0
20110119,37.64,37.64,36.2,36.2,0,0
20110120,37.64,37.64,36.18,36.18,0,0
20110124,36.83,36.83,36.18,36.18,0,0
20110126,35.71,35.71,35.71,35.71,0,0
20110127,35.74,35.74,35.69,35.69,0,0
20110128,35.37,35.37,35.37,35.37,0,0
20110201,35.06,35.69,34.12,35.69,0,0
20110202,34.09,34.09,34.09,34.09,0,0
20110203,34.41,34.41,32.84,34.15,0,0
20110204,34.15,34.49,34.15,34.49,0,0
20110207,35.29,35.29,34.49,35.29,0,0
20110209,33.68,33.68,33.68,33.68,0,0
20110216,33.7,33.7,33.66,33.66,0,0
20110217,33.42,33.66,33.42,33.42,0,0
20110218,34.72,34.88,34.72,34.88,0,0
20110221,33.36,34.88,33.36,33.36,0,0
20110224,34.88,34.88,34.88,34.88,0,0
20110225,34.88,35.01,34.88,35.01,0,0
20110228,35.04,35.04,35.04,35.04,0,0
20110302,33.47,35.04,33.47,35.04,0,0
20110304,33.47,35.04,33.18,33.18,0,0
20110307,32.45,32.45,32.45,32.45,0,0
20110308,32.45,32.45,32.45,32.45,0,0
20110309,32.45,32.45,32.45,32.45,0,0
20110310,32.25,32.45,32.25,32.25,0,0
20110315,32.22,32.25,32.22,32.25,0,0
20110316,32.29,32.29,32.29,32.29,0,0
20110317,32.24,33.83,32.24,33.83,0,0
20110318,34.41,34.41,33.83,34.41,0,0
20110321,34.41,35.27,34.41,35.27,0,0
20110331,33.66,33.66,33.66,33.66,0,0
20110404,34.72,34.72,33.6,33.6,0,0
20110406,34.72,34.72,34.72,34.72,0,0
20110408,34.38,34.72,34.38,34.38,0,0
20110413,35.04,35.04,35.04,35.04,0,0
20110414,33.58,35.04,33.58,33.58,0,0
20110415,33.6,33.6,33.58,33.6,0,0
20110418,34.07,34.07,34.07,34.07,0,0
20110419,34.07,34.07,33.26,33.26,0,0
20110427,32.77,33.58,32.77,33.58,0,0
20110428,33.91,33.91,33.91,33.91,0,0
20110429,33.91,33.91,33.91,33.91,0,0
20110505,32.45,33.91,32.29,32.29,0,0
20110506,32.77,32.77,31.8,31.8,0,0
20110509,31.91,31.91,31.9,31.91,0,0
20110510,32.17,32.17,32.17,32.17,0,0
20110513,31.85,32.17,31.52,31.52,0,0
20110516,31.93,35.06,31.52,34.07,0,0
20110517,34.07,34.07,32.93,32.93,0,0
20110518,32.93,32.93,32.93,32.93,0,0
20110519,33.26,33.42,33.26,33.42,0,0
20110520,32.63,33.58,32.61,33.58,0,0
20110524,34.15,35.58,33.58,35.58,0,0
20110525,35.35,36.47,35.35,36.47,0,0
20110526,34.85,38.13,34.85,38.13,0,0
20110527,38.11,42.85,38.11,42.85,0,0
20110530,44.62,48.66,40.15,44.62,0,0
20110531,44.62,44.62,39.52,39.52,0,0
20110601,38.95,42.85,38.95,42.83,0,0
20110603,43.33,43.33,42.83,43.33,0,0
20110609,41.29,41.29,41.29,41.29,0,0
20110610,41.78,41.86,41.29,41.86,0,0
20110614,39.89,41.86,39.88,39.91,0,0
20110615,39.91,39.91,39.88,39.88,0,0
20110621,39.91,39.91,39.91,39.91,0,0
20110627,39.91,39.91,39.86,39.86,0,0
20110701,38.94,38.94,38.94,38.94,0,0
20110706,38.45,38.45,38.45,38.45,0,0
20110708,38.29,38.29,38.29,38.29,0,0
20110711,39.57,39.83,39.57,39.83,0,0
20110712,39.77,43.27,39.75,41.37,0,0
20110713,43.27,44.62,42.83,42.99,0,0
20110714,44.62,45.26,42.83,45.26,0,0
20110715,45.26,52.89,45.26,52.89,0,0
20110718,51.92,52.89,51.51,51.51,0,0
20110719,48.83,48.83,43.95,44.62,0,0
20110720,43.97,45.91,43.4,45.91,0,0
20110721,44.31,45.91,43.64,44.37,0,0
20110725,43.24,43.48,42.99,43.48,0,0
20110727,43.24,43.24,42.26,42.26,0,0
20110728,43.48,43.48,42.18,43.48,0,0
20110729,43.48,45.1,43.48,45.1,0,0
20110802,45.26,45.26,45.26,45.26,0,0
20110803,43.16,45.26,42.02,42.02,0,0
20110804,43.16,43.16,38.94,38.94,0,0
20110805,37.48,41.21,37.48,41.21,0,0
20110809,39.59,39.59,38.29,38.29,0,0
20110810,39.86,39.86,38.61,38.61,0,0
20110811,38.61,38.61,38.61,38.61,0,0
20110816,38.13,38.13,38.13,38.13,0,0
20110818,38.13,39.75,38.13,38.61,0,0
20110819,39.86,40.56,38.61,40.56,0,0
20110823,40.38,40.38,40.38,40.38,0,0
20110824,38.45,40.4,38.45,40.4,0,0
20110826,40.56,43.79,40.4,43.79,0,0
20110829,48.14,48.14,42.18,43.79,0,0
20110830,43.79,43.95,43.48,43.48,0,0
20110901,44.78,44.78,43.48,44.78,0,0
20110902,40.56,42.18,40.56,42.18,0,0
20110905,40.97,42.18,40.97,40.97,0,0
20110906,39.26,41.21,39.26,41.21,0,0
20110907,41.21,43.09,41.21,43.09,0,0
20110909,41.21,41.21,41.05,41.05,0,0
20110912,41.05,41.05,40.56,40.56,0,0
20110913,40.02,40.43,38.13,40.43,0,0
20110914,38.94,38.94,38.53,38.53,0,0
20110920,39.75,39.91,38.53,39.91,0,0
20110921,41.23,41.23,41.23,41.23,0,0
20110922,39.26,39.26,39.26,39.26,0,0
20110926,39.26,39.26,39.26,39.26,0,0
20110928,40.56,41.23,38.13,41.23,0,0
20111004,39.26,39.26,39.26,39.26,0,0
20111005,39.26,39.26,39.26,39.26,0,0
20111006,41.23,41.23,39.26,39.26,0,0
20111007,39.26,41.23,39.26,41.23,0,0
20111017,39.28,39.28,39.28,39.28,0,0
20111021,39.28,39.28,39.28,39.28,0,0
20111026,39.28,39.28,39.28,39.28,0,0
20111027,39.28,39.28,39.26,39.26,0,0
20111028,39.26,39.26,39.26,39.26,0,0
20111102,40.72,40.74,39.75,39.75,0,0
20111104,39.31,39.31,39.31,39.31,0,0
20111107,41.26,41.27,41.26,41.27,0,0
20111110,39.94,39.94,39.94,39.94,0,0
20111115,39.96,39.96,39.93,39.93,0,0
20111116,39.93,39.93,39.93,39.93,0,0
20111117,39.93,39.93,39.93,39.93,0,0
20111118,39.96,39.96,39.96,39.96,0,0
20111122,39.96,39.96,39.91,39.91,0,0
20111130,38.47,38.47,38.47,38.47,0,0
20111201,38.47,38.47,38.47,38.47,0,0
20111205,38.78,38.78,38.78,38.78,0,0
20111214,36.93,36.93,36.93,36.93,0,0
20111216,36.67,36.93,36.67,36.67,0,0
20111219,36.67,36.67,36.67,36.67,0,0
20111222,35.32,36.67,35.3,35.3,0,0
20111229,35.69,35.69,35.69,35.69,0,0
20111230,35.53,35.53,35.53,35.53,0,0
20120105,35.37,35.37,35.37,35.37,0,0
20120117,35.37,35.37,35.37,35.37,0,0
20120119,35.61,35.61,35.61,35.61,0,0
20120201,37.07,38.08,37.07,38.08,0,0
20120202,36.26,36.26,36.26,36.26,0,0
20120203,36.28,36.28,36.26,36.28,0,0
20120206,36.28,36.28,36.28,36.28,0,0
20120207,36.28,36.28,36.28,36.28,0,0
20120213,36.28,36.28,36.28,36.28,0,0
20120216,36.28,36.28,36.28,36.28,0,0
20120217,36.28,36.28,36.28,36.28,0,0
20120229,36.36,37.82,36.26,37.82,0,0
20120301,36.59,37.82,36.26,36.26,0,0
20120302,37.23,37.23,37.23,37.23,0,0
20120314,36.34,36.34,36.34,36.34,0,0
20120315,37.23,37.23,37.23,37.23,0,0
20120321,37.23,38.16,37.23,38.16,0,0
20120322,37.74,42.02,37.74,42.02,0,0
20120323,41.86,47.05,41.86,47.05,0,0
20120326,42.99,46.24,42.99,43.8,0,0
20120327,43.8,43.8,43.8,43.8,0,0
20120329,43.8,43.8,43.8,43.8,0,0
20120404,43.64,43.64,43.64,43.64,0,0
20120405,43.64,43.64,43.56,43.56,0,0
20120412,43.56,43.56,43.56,43.56,0,0
20120423,43.16,43.16,43.16,43.16,0,0
20120507,42.91,42.91,42.91,42.91,0,0
20120508,43.4,43.4,43.4,43.4,0,0
20120510,41.34,41.34,41.34,41.34,0,0
20120516,40.17,40.17,40.17,40.17,0,0
20120523,38.47,39.94,38.47,39.91,0,0
20120525,38.06,43.9,38.06,40.88,0,0
20120604,41.48,41.48,41.48,41.48,0,0
20120628,39.59,39.59,38.16,38.16,0,0
20120629,40.07,40.07,40.07,40.07,0,0
20120725,38.21,38.21,38.21,38.21,0,0
20120726,38.94,38.94,38.94,38.94,0,0
20120727,38.22,38.22,38.22,38.22,0,0
20120813,38.26,38.26,38.24,38.24,0,0
20120828,38.24,38.24,38.24,38.24,0,0
20120831,39.75,43.29,39.75,43.29,0,0
20120904,41.37,43.29,41.37,42.83,0,0
20120906,41.13,42.83,41.13,41.13,0,0
20120907,40.56,41.13,40.56,40.56,0,0
20120912,39.77,40.56,39.77,39.77,0,0
20120914,40.51,42.02,40.07,42.02,0,0
20120920,42.17,42.17,41.13,41.13,0,0
20120927,41.05,41.05,41.05,41.05,0,0
20121003,39.6,41.05,39.59,39.59,0,0
20121010,39.6,39.6,39.6,39.6,0,0
20121026,40.56,40.56,40.56,40.56,0,0
20121029,40.56,40.56,40.56,40.56,0,0
20121108,39.44,39.44,39.42,39.42,0,0
20121113,39.42,39.42,39.42,39.42,0,0
20121116,40.4,40.4,40.4,40.4,0,0
20121129,39.44,40.4,39.44,39.44,0,0
20121203,39.44,39.44,39.44,39.44,0,0
20121204,40.56,40.56,40.56,40.56,0,0
20121205,41.13,41.13,41.13,41.13,0,0
20121206,39.44,41.13,39.44,39.44,0,0
20121212,39.44,39.44,39.44,39.44,0,0
20121218,39.44,39.44,39.44,39.44,0,0
20121219,41.14,41.14,39.44,41.14,0,0
20121221,39.44,39.44,39.44,39.44,0,0
20130107,39.44,39.44,39.42,39.42,0,0
20130110,39.34,39.34,39.34,39.34,0,0
20130111,39.34,39.34,39.34,39.34,0,0
20130114,39.34,39.34,39.34,39.34,0,0
20130115,39.34,39.34,39.26,39.26,0,0
20130212,38.94,38.94,38.94,38.94,0,0
20130219,39.42,40.32,39.42,40.32,0,0
20130221,38.94,38.94,38.94,38.94,0,0
20130226,40.88,40.88,40.88,40.88,0,0
20130304,39.91,40.56,39.75,40.56,0,0
20130308,39.26,40.56,39.26,39.26,0,0
20130312,39.26,39.26,39.26,39.26,0,0
20130326,39.72,39.72,39.72,39.72,0,0
20130327,39.1,39.72,38.94,39.72,0,0
20130402,39.12,39.12,38.94,39.12,0,0
20130403,39.12,39.12,39.12,39.12,0,0
20130404,39.12,39.12,39.12,39.12,0,0
20130408,39.28,39.28,39.1,39.1,0,0
20130417,38.78,38.78,38.78,38.78,0,0
20130418,38.79,38.79,38.79,38.79,0,0
20130422,38.86,38.86,38.86,38.86,0,0
20130429,38.86,38.86,38.86,38.86,0,0
20130508,38.78,39.42,38.78,39.42,0,0
20130510,38.32,39.42,38.32,38.32,0,0
20130513,38.32,38.32,38.32,38.32,0,0
20130517,39.02,39.02,39.02,39.02,0,0
20130520,38.3,39.02,38.3,38.3,0,0
20130524,37.9,37.9,37.9,37.9,0,0
20130529,37.88,37.88,37.88,37.88,0,0
20130605,37.88,37.88,37.88,37.88,0,0
20130613,39.65,39.65,39.65,39.65,0,0
20130614,39.65,39.65,39.65,39.65,0,0
20130618,39.67,39.67,39.65,39.65,0,0
20130627,38.3,38.3,38.3,38.3,0,0
20130723,38.37,38.37,38.37,38.37,0,0
20130729,40.2,40.2,40.2,40.2,0,0
20130730,41.74,41.74,40.2,41.74,0,0
20130806,40.56,40.56,40.56,40.56,0,0
20130820,40.56,40.56,40.56,40.56,0,0
20130821,40.56,40.56,40.56,40.56,0,0
20130826,39.75,39.75,39.26,39.26,0,0
20130830,40.56,40.56,40.56,40.56,0,0
20130902,40.56,40.56,40.54,40.54,0,0
20130903,39.75,39.75,39.75,39.75,0,0
20130910,39.6,39.6,39.6,39.6,0,0
20130912,39.6,39.6,39.6,39.6,0,0
20130916,39.6,39.6,39.59,39.59,0,0
20130918,39.54,39.54,39.54,39.54,0,0
20130919,39.55,39.75,39.55,39.59,0,0
20130926,39.54,39.54,39.54,39.54,0,0
20130927,39.52,39.52,39.52,39.52,0,0
20131001,39.52,39.52,39.52,39.52,0,0
20131002,39.52,39.52,39.51,39.51,0,0
20131008,38.78,38.78,38.78,38.78,0,0
20131011,38.91,38.94,38.91,38.94,0,0
20131014,38.94,38.94,38.94,38.94,0,0
20131016,38.94,38.94,38.94,38.94,0,0
20131017,39.02,39.02,39.02,39.02,0,0
20131021,40.56,41.21,40.56,41.21,0,0
20131022,42,43.98,42,43.98,0,0
20131024,44.21,44.21,42.83,42.83,0,0
20131025,42.67,42.67,42.67,42.67,0,0
20131029,42.67,42.67,42.67,42.67,0,0
20131030,43.8,43.8,43.8,43.8,0,0
20131107,42.34,42.34,42.18,42.18,0,0
20131115,42.18,42.18,42.18,42.18,0,0
20131119,42.18,42.18,42.18,42.18,0,0
20131120,42.18,42.18,42.18,42.18,0,0
20131128,43.22,43.22,43.22,43.22,0,0
20131129,41.21,41.21,41.21,41.21,0,0
20131216,39.46,39.46,39.44,39.44,0,0
20131217,39.44,39.44,39.44,39.44,0,0
20131219,39.47,39.47,39.44,39.47,0,0
20140113,39.42,39.42,39.42,39.42,0,0
20140121,39.26,39.26,39.26,39.26,0,0
20140122,40.53,41.13,39.26,40.24,0,0
20140123,40.24,40.24,40.24,40.24,0,0
20140203,39.51,39.51,39.51,39.51,0,0
20140303,39.83,39.83,39.83,39.83,0,0
20140305,40.48,40.59,40.48,40.59,0,0
20140321,40.56,40.56,40.56,40.56,0,0
20140324,41.37,45.41,41.37,45.41,0,0
20140326,45.09,45.09,40.61,40.61,0,0
20140327,45.09,45.09,45.09,45.09,0,0
20140328,40.72,40.72,40.72,40.72,0,0
20140402,40.64,40.64,40.64,40.64,0,0
20140404,42.18,42.25,42.18,42.25,0,0
20140408,40.72,40.72,40.24,40.24,0,0
20140409,41.21,42.51,40.88,40.88,0,0
20140414,42.93,42.93,40.9,40.9,0,0
20140416,42.83,42.83,42.83,42.83,0,0
20140417,44.29,44.76,44.13,44.13,0,0
20140423,43.32,43.32,43.32,43.32,0,0
20140425,44.6,44.62,42.51,43.32,0,0
20140428,42.67,42.67,42.67,42.67,0,0
20140430,42.52,42.67,42.52,42.52,0,0
20140506,42.52,42.52,42.52,42.52,0,0
20140513,42.52,42.52,42.52,42.52,0,0
20140515,44.6,48.66,44.6,47.05,0,0
20140516,44.94,44.94,44.94,44.94,0,0
20140519,47.05,47.86,47.05,47.86,0,0
20140520,47.05,47.86,47.05,47.86,0,0
20140527,47.86,47.86,47.86,47.86,0,0
20140530,45.48,45.48,45.26,45.26,0,0
20140617,46.24,46.24,45.26,45.67,0,0
20140625,44.63,44.63,44.63,44.63,0,0
20140626,44.63,44.63,44.63,44.63,0,0
20140630,45.43,45.43,45.43,45.43,0,0
20140707,45.44,45.44,44.39,44.39,0,0
20140721,44.41,44.41,44.41,44.41,0,0
20140728,46.24,46.24,46.24,46.24,0,0
20140729,45.75,45.75,45.75,45.75,0,0
20140806,44.29,44.29,44.29,44.29,0,0
20140811,44.31,44.31,43.98,43.98,0,0
20140822,43.98,43.98,43.98,43.98,0,0
20140826,43.98,43.98,43.98,43.98,0,0
20140827,43.98,43.98,43.98,43.98,0,0
20140828,43.98,43.98,43.98,43.98,0,0
20140829,45.75,50.1,45.75,50.1,0,0
20140901,49.65,52.89,49.65,52.89,0,0
20140902,52.89,52.89,51.11,51.11,0,0
20140903,48.92,48.92,48.92,48.92,0,0
20140905,49.16,49.97,49.16,49.97,0,0
20140922,49.65,51.51,49.65,51.51,0,0
20141013,49.08,49.08,49.08,49.08,0,0
20141017,48.67,49.48,48.67,49.48,0,0
20141021,47.13,52.57,47.13,52.57,0,0
20141024,50.29,50.78,50.29,50.78,0,0
20141027,50.78,50.78,50.78,50.78,0,0
20141029,48.67,50.78,48.67,50.78,0,0
20141030,50.78,52.57,50.78,52.57,0,0
20141031,50.29,52.57,49.16,49.16,0,0
20141103,50.46,50.46,50.46,50.46,0,0
20141106,50.46,50.46,50.46,50.46,0,0
20141112,48.1,50.46,48.1,50.46,0,0
20141114,48.1,50.13,44.13,48.67,0,0
20141119,49.24,49.24,49.24,49.24,0,0
20141127,47.07,47.07,47.05,47.05,0,0
20141203,47.05,47.05,47.05,47.05,0,0
20141204,47.05,47.05,47.05,47.05,0,0
20141205,47.05,47.05,47.05,47.05,0,0
20141208,47.05,47.05,47.05,47.05,0,0
20141209,47.05,47.05,47.05,47.05,0,0
20141210,47.05,47.05,47.05,47.05,0,0
20141211,47.05,47.05,47.05,47.05,0,0
20141212,47.05,47.05,47.05,47.05,0,0
20141215,47.05,47.05,47.05,47.05,0,0
20141216,47.05,47.05,47.05,47.05,0,0
20141217,47.05,47.05,47.05,47.05,0,0
20141218,45.91,45.91,45.91,45.91,0,0
20141222,47.05,47.05,47.05,47.05,0,0
20141223,47.05,47.05,47.05,47.05,0,0
20141229,47.05,47.05,47.05,47.05,0,0
20141230,47.05,47.05,47.05,47.05,0,0
