Date,Open,High,Low,Close,Volume,OpenInt
20070813,10.37,10.37,10.37,10.37,0,0
20070814,9.94,9.94,9.94,9.94,0,0
20070816,8.59,8.59,8.59,8.59,0,0
20070817,9.53,9.53,9.53,9.53,0,0
20070820,9.84,9.84,9.84,9.84,0,0
20070821,9.54,9.54,9.54,9.54,0,0
20070822,10.9,10.9,10.9,10.9,0,0
20070823,11.24,11.24,11.24,11.24,0,0
20070824,12.1,12.1,12.1,12.1,0,0
20070827,11.89,11.89,11.89,11.89,0,0
20070828,11.4,11.4,11.4,11.4,0,0
20070829,11.8,11.8,11.8,11.8,0,0
20070830,12.17,12.17,12.17,12.17,0,0
20070831,12.66,12.66,12.66,12.66,0,0
20070903,12.75,12.75,12.75,12.75,0,0
20070904,12.72,12.72,12.72,12.72,0,0
20070905,12.18,12.18,12.18,12.18,0,0
20070906,11.98,11.98,11.98,11.98,0,0
20070907,11.48,11.48,11.48,11.48,0,0
20070910,11.06,11.06,11.06,11.06,0,0
20070911,11.96,11.96,11.96,11.96,0,0
20070912,11.98,11.98,11.98,11.98,0,0
20070913,12.02,12.02,12.02,12.02,0,0
20070914,12.22,12.22,12.22,12.22,0,0
20070917,11.99,11.99,11.99,11.99,0,0
20070918,12.2,12.2,12.2,12.2,0,0
20070919,12.84,12.84,12.84,12.84,0,0
20070920,12.41,12.41,12.41,12.41,0,0
20070921,12.25,12.25,12.25,12.25,0,0
20070924,11.76,11.76,11.76,11.76,0,0
20070925,11.43,11.43,11.43,11.43,0,0
20070926,11.43,11.43,11.43,11.43,0,0
20070927,11.32,11.32,11.32,11.32,0,0
20070928,11.06,11.06,11.06,11.06,0,0
20071001,11.1,11.1,11.1,11.1,0,0
20071002,11.12,11.12,11.12,11.12,0,0
20071003,10.99,10.99,10.99,10.99,0,0
20071004,11.1,11.1,11.1,11.1,0,0
20071005,11.54,11.54,11.54,11.54,0,0
20071008,11.83,11.83,11.83,11.83,0,0
20071009,11.96,11.96,11.96,11.96,0,0
20071010,11.89,11.89,11.89,11.89,0,0
20071011,12,12,12,12,0,0
20071012,11.79,11.79,11.79,11.79,0,0
20071015,11.83,11.83,11.83,11.83,0,0
20071016,11.6,11.6,11.6,11.6,0,0
20071017,11.45,11.45,11.45,11.45,0,0
20071018,11.21,11.21,11.21,11.21,0,0
20071019,11.45,11.45,11.45,11.45,0,0
20071022,11.21,11.21,11.21,11.21,0,0
20071023,11.13,11.13,11.13,11.13,0,0
20071024,10.94,10.94,10.94,10.94,0,0
20071025,10.84,10.84,10.84,10.84,0,0
20071026,10.84,10.84,10.84,10.84,0,0
20071029,10.75,10.75,10.75,10.75,0,0
20071030,10.75,10.75,10.75,10.75,0,0
20071031,10.75,10.75,10.75,10.75,0,0
20071102,10.86,10.86,10.86,10.86,0,0
20071105,11.01,11.01,11.01,11.01,0,0
20071106,11.25,11.25,11.25,11.25,0,0
20071107,10.71,10.71,10.71,10.71,0,0
20071108,10.58,10.58,10.58,10.58,0,0
20071109,10.63,10.76,10.3,10.41,0,0
20071112,10.2,10.41,10.17,10.24,0,0
20071113,10.07,10.33,10.03,10.33,0,0
20071114,10.33,10.33,9.55,9.55,0,0
20071115,9.38,9.55,8.17,8.39,0,0
20071116,8.05,8.52,7.66,8.39,0,0
20071119,8.52,8.58,8.05,8.17,0,0
20071120,8.05,8.05,7.13,7.13,0,0
20071121,6.87,7.09,6.87,6.95,0,0
20071122,6.83,7.58,6.73,7.46,0,0
20071123,7.46,7.78,7.46,7.7,0,0
20071126,7.95,8.04,7.5,7.79,0,0
20071127,7.5,7.66,7.5,7.64,0,0
20071128,7.78,8.14,7.47,8.13,0,0
20071129,8.35,8.45,8.3,8.41,0,0
20071130,8.41,8.96,8.41,8.96,0,0
20071203,9.01,9.01,8.61,8.81,0,0
20071204,8.67,8.91,8.65,8.81,0,0
20071205,8.85,9.11,8.85,9.03,0,0
20071206,9.05,9.05,8.89,9.01,0,0
20071207,9.09,9.09,8.93,9.01,0,0
20071210,8.85,9,8.76,8.87,0,0
20071211,8.87,8.87,8.59,8.67,0,0
20071212,8.28,8.65,8.28,8.65,0,0
20071213,8.33,8.49,8.33,8.41,0,0
20071214,8.37,8.38,8.04,8.11,0,0
20071217,7.96,7.96,7.57,7.62,0,0
20071218,7.55,7.64,7.53,7.64,0,0
20071219,7.57,7.57,7.3,7.46,0,0
20071220,7.36,7.36,7.12,7.26,0,0
20071221,7.32,7.6,7.32,7.45,0,0
20071227,7.56,7.66,7.44,7.48,0,0
20071228,7.59,7.59,7.39,7.46,0,0
20080102,7.43,7.43,7.37,7.39,0,0
20080103,7.24,7.24,7.08,7.24,0,0
20080104,7.24,7.24,6.96,6.96,0,0
20080107,6.76,6.76,6.56,6.64,0,0
20080108,6.56,6.58,6.44,6.48,0,0
20080109,6.36,6.36,5.95,5.99,0,0
20080110,6,6,5.51,5.63,0,0
20080111,5.59,5.83,5.51,5.75,0,0
20080114,5.64,5.64,5.64,5.64,0,0
20080115,5.75,5.86,5.52,5.55,0,0
20080116,5.23,5.23,4.88,5.07,0,0
20080117,5.24,5.24,4.99,5.05,0,0
20080118,4.94,5.22,4.77,5.03,0,0
20080121,4.87,4.89,4.57,4.57,0,0
20080122,4.07,4.62,4.07,4.51,0,0
20080123,4.63,4.8,4.46,4.55,0,0
20080124,4.83,4.93,4.83,4.89,0,0
20080125,5.14,5.17,5.04,5.09,0,0
20080128,4.94,4.94,4.91,4.94,0,0
20080129,5.06,5.15,5.06,5.15,0,0
20080130,5.16,5.34,5.16,5.27,0,0
20080131,5.28,5.28,5.21,5.23,0,0
20080201,5.35,5.37,5.31,5.37,0,0
20080204,5.58,5.89,5.55,5.72,0,0
20080205,5.6,5.74,5.45,5.51,0,0
20080206,5.33,5.73,5.31,5.73,0,0
20080207,5.68,5.81,5.59,5.72,0,0
20080208,5.76,5.81,5.66,5.73,0,0
20080211,5.76,5.77,5.71,5.73,0,0
20080212,5.75,5.96,5.75,5.96,0,0
20080213,5.96,6.16,5.86,6.16,0,0
20080214,6.45,6.45,6.17,6.24,0,0
20080215,6.2,6.2,6.07,6.09,0,0
20080218,6.04,6.18,6.04,6.08,0,0
20080219,6.1,6.1,5.92,6.05,0,0
20080220,5.98,6.02,5.85,5.92,0,0
20080221,6.14,6.24,5.92,6.24,0,0
20080222,6.24,6.36,6.18,6.21,0,0
20080225,6.24,6.31,6.19,6.2,0,0
20080226,6.24,6.27,6.04,6.1,0,0
20080227,6.18,6.18,5.86,5.88,0,0
20080228,5.92,5.92,5.84,5.84,0,0
20080229,5.84,5.88,5.78,5.78,0,0
20080303,5.48,5.48,3.64,3.64,0,0
20080304,3.69,3.69,3.62,3.62,0,0
20080305,3.63,3.7,3.63,3.7,0,0
20080306,3.74,3.74,3.65,3.68,0,0
20080307,3.62,3.63,3.59,3.62,0,0
20080310,3.6,3.72,3.6,3.67,0,0
20080311,3.71,3.85,3.67,3.81,0,0
20080312,3.87,3.92,3.81,3.87,0,0
20080313,3.81,3.87,3.75,3.78,0,0
20080314,3.76,3.86,3.76,3.81,0,0
20080317,3.75,3.75,3.61,3.66,0,0
20080318,3.66,3.67,3.64,3.65,0,0
20080319,3.62,3.66,3.62,3.64,0,0
20080320,3.62,3.74,3.62,3.66,0,0
20080325,3.74,3.75,3.72,3.75,0,0
20080326,3.76,3.76,3.69,3.72,0,0
20080327,3.75,3.94,3.72,3.88,0,0
20080328,3.9,3.97,3.87,3.94,0,0
20080331,3.94,3.94,3.94,3.94,0,0
20080401,3.94,3.94,3.85,3.89,0,0
20080402,3.95,3.95,3.9,3.91,0,0
20080403,3.94,3.94,3.89,3.89,0,0
20080404,3.86,3.86,3.78,3.81,0,0
20080407,3.78,3.78,3.73,3.73,0,0
20080408,3.75,3.75,3.68,3.72,0,0
20080409,3.72,3.72,3.64,3.67,0,0
20080410,3.63,3.67,3.6,3.6,0,0
20080411,3.61,3.67,3.52,3.52,0,0
20080414,3.47,3.47,3.36,3.4,0,0
20080415,3.45,3.45,3.3,3.34,0,0
20080416,3.32,3.32,3.18,3.23,0,0
20080417,3.22,3.26,3.22,3.24,0,0
20080418,3.25,3.25,3.22,3.22,0,0
20080421,3.21,3.21,3.15,3.17,0,0
20080422,3.16,3.16,3.03,3.06,0,0
20080423,3,3.06,2.94,3.06,0,0
20080424,3.07,3.34,3.05,3.31,0,0
20080425,3.36,3.64,3.36,3.64,0,0
20080428,3.7,3.7,3.43,3.45,0,0
20080429,3.44,3.44,3.41,3.41,0,0
20080430,3.42,3.42,3.36,3.38,0,0
20080505,3.45,3.46,3.45,3.46,0,0
20080506,3.46,3.46,3.42,3.44,0,0
20080507,3.45,3.48,3.44,3.44,0,0
20080508,3.44,3.45,3.44,3.44,0,0
20080509,3.42,3.42,3.4,3.42,0,0
20080512,3.42,3.45,3.4,3.45,0,0
20080513,3.45,3.45,3.41,3.41,0,0
20080514,3.4,3.42,3.34,3.36,0,0
20080515,3.34,3.37,3.34,3.35,0,0
20080516,3.41,3.41,3.34,3.35,0,0
20080519,3.33,3.35,2.5,2.5,0,0
20080520,2.5,2.5,2.47,2.47,0,0
20080521,2.47,2.47,2.41,2.47,0,0
20080523,2.49,2.49,2.45,2.45,0,0
20080526,2.44,2.45,2.42,2.45,0,0
20080527,2.43,2.43,2.4,2.41,0,0
20080528,2.44,2.44,2.41,2.41,0,0
20080529,2.42,2.43,2.41,2.43,0,0
20080530,2.43,2.43,2.38,2.39,0,0
20080602,2.39,2.39,2.36,2.37,0,0
20080603,2.35,2.35,2.34,2.34,0,0
20080604,2.33,2.33,2.29,2.31,0,0
20080605,2.33,2.33,2.24,2.24,0,0
20080606,2.24,2.27,2.18,2.18,0,0
20080609,2.15,2.18,2.07,2.08,0,0
20080610,2.04,2.08,1.92,1.92,0,0
20080611,1.89,1.91,1.84,1.86,0,0
20080612,1.86,2.02,1.83,1.83,0,0
20080613,1.85,1.85,1.79,1.79,0,0
20080616,1.81,1.81,1.74,1.76,0,0
20080617,1.76,1.86,1.75,1.83,0,0
20080618,1.8,1.8,1.78,1.78,0,0
20080619,1.75,1.78,1.75,1.77,0,0
20080620,1.77,1.85,1.76,1.76,0,0
20080623,1.77,1.82,1.74,1.75,0,0
20080624,1.72,1.72,1.67,1.67,0,0
20080625,1.66,1.67,1.65,1.65,0,0
20080626,1.66,1.68,1.65,1.66,0,0
20080627,1.59,1.68,1.59,1.66,0,0
20080630,1.66,1.69,1.64,1.68,0,0
20080701,1.66,1.66,1.64,1.65,0,0
20080702,1.65,1.66,1.62,1.63,0,0
20080703,1.61,1.61,1.55,1.55,0,0
20080704,1.58,1.58,1.5,1.5,0,0
20080707,1.48,1.48,1.41,1.43,0,0
20080708,1.41,1.41,1.31,1.36,0,0
20080709,1.36,1.43,1.36,1.37,0,0
20080710,1.35,1.38,1.35,1.37,0,0
20080711,1.38,1.38,1.36,1.36,0,0
20080714,1.38,1.38,1.36,1.36,0,0
20080715,1.35,1.35,1.29,1.29,0,0
20080716,1.28,1.33,1.26,1.31,0,0
20080717,1.31,1.33,1.3,1.31,0,0
20080718,1.3,1.35,1.29,1.35,0,0
20080721,1.36,1.41,1.35,1.39,0,0
20080722,1.44,1.44,1.37,1.38,0,0
20080723,1.4,1.43,1.38,1.42,0,0
20080724,1.44,1.44,1.41,1.42,0,0
20080725,1.4,1.44,1.39,1.44,0,0
20080728,1.42,1.58,1.42,1.58,0,0
20080729,1.53,1.72,1.53,1.71,0,0
20080730,1.77,1.85,1.77,1.83,0,0
20080731,1.84,1.84,1.69,1.7,0,0
20080801,1.69,1.7,1.66,1.69,0,0
20080804,1.69,1.74,1.69,1.7,0,0
20080805,1.69,1.81,1.69,1.81,0,0
20080806,1.85,1.85,1.78,1.82,0,0
20080807,1.79,1.81,1.71,1.76,0,0
20080808,1.74,1.75,1.71,1.75,0,0
20080811,1.75,1.77,1.75,1.77,0,0
20080812,1.79,1.85,1.77,1.81,0,0
20080813,1.7,1.71,1.6,1.6,0,0
20080814,1.58,1.58,1.55,1.56,0,0
20080818,1.53,1.53,1.48,1.52,0,0
20080819,1.49,1.49,1.46,1.47,0,0
20080820,1.44,1.49,1.44,1.47,0,0
20080821,1.5,1.5,1.47,1.48,0,0
20080822,1.47,1.53,1.47,1.48,0,0
20080825,1.51,1.56,1.49,1.5,0,0
20080826,1.57,1.57,1.5,1.52,0,0
20080827,1.54,1.54,1.52,1.54,0,0
20080828,1.52,1.56,1.51,1.55,0,0
20080829,1.57,1.58,1.57,1.58,0,0
20080901,1.56,1.74,1.56,1.7,0,0
20080902,1.74,1.85,1.74,1.81,0,0
20080903,1.83,1.86,1.82,1.82,0,0
20080904,1.84,1.86,1.8,1.82,0,0
20080905,1.7,1.74,1.67,1.67,0,0
20080908,1.73,1.82,1.73,1.76,0,0
20080909,1.79,1.79,1.72,1.72,0,0
20080910,1.72,1.72,1.61,1.69,0,0
20080911,1.67,1.67,1.64,1.64,0,0
20080912,1.67,1.68,1.65,1.67,0,0
20080915,1.63,1.63,1.53,1.54,0,0
20080916,1.52,1.53,1.48,1.49,0,0
20080917,1.53,1.53,1.47,1.5,0,0
20080918,1.46,1.49,1.43,1.48,0,0
20080919,1.55,1.58,1.48,1.56,0,0
20080922,1.58,1.6,1.55,1.58,0,0
20080923,1.56,1.56,1.54,1.55,0,0
20080924,1.56,1.56,1.5,1.51,0,0
20080925,1.53,1.57,1.53,1.57,0,0
20080926,1.59,1.59,1.57,1.57,0,0
20080929,1.55,1.55,1.47,1.47,0,0
20080930,1.43,1.47,1.41,1.47,0,0
20081001,1.5,1.54,1.47,1.51,0,0
20081002,1.52,1.52,1.48,1.48,0,0
20081003,1.48,1.48,1.46,1.47,0,0
20081006,1.41,1.41,1.34,1.34,0,0
20081007,1.37,1.38,1.33,1.34,0,0
20081008,1.24,1.34,1.22,1.28,0,0
20081009,1.29,1.29,1.27,1.28,0,0
20081010,1.16,1.16,1.08,1.13,0,0
20081013,1.19,1.19,1.13,1.15,0,0
20081014,1.25,1.25,1.2,1.23,0,0
20081015,1.22,1.22,1.16,1.16,0,0
20081016,1.06,1.11,1.06,1.06,0,0
20081017,1.09,1.09,1.04,1.04,0,0
20081020,1.08,1.08,1.06,1.06,0,0
20081021,1.08,1.1,1.06,1.1,0,0
20081022,1.11,1.11,1.06,1.06,0,0
20081023,1.06,1.06,1.02,1.06,0,0
20081024,1.05,1.12,1,1.12,0,0
20081027,1.11,1.12,1.09,1.12,0,0
20081028,1.12,1.15,1.12,1.13,0,0
20081029,1.19,1.19,1.11,1.13,0,0
20081030,1.17,1.17,1.14,1.14,0,0
20081031,1.11,1.12,1.11,1.11,0,0
20081103,1.14,1.14,1.12,1.13,0,0
20081104,1.13,1.27,1.13,1.27,0,0
20081105,1.28,1.28,1.23,1.26,0,0
20081106,1.2,1.26,1.19,1.21,0,0
20081107,1.21,1.21,1.16,1.19,0,0
20081110,1.21,1.24,1.19,1.21,0,0
20081112,1.15,1.15,1.12,1.14,0,0
20081113,1.11,1.11,1.04,1.04,0,0
20081114,1.05,1.05,0.96,0.96,0,0
20081117,0.96,0.96,0.87,0.88,0,0
20081118,0.87,0.87,0.84,0.87,0,0
20081119,0.9,0.9,0.81,0.85,0,0
20081120,0.81,0.81,0.76,0.78,0,0
20081121,0.81,0.83,0.78,0.81,0,0
20081124,0.84,0.86,0.81,0.84,0,0
20081125,0.86,0.86,0.83,0.84,0,0
20081126,0.83,0.83,0.79,0.79,0,0
20081127,0.81,0.84,0.79,0.79,0,0
20081128,0.83,0.83,0.79,0.79,0,0
20081201,0.79,0.79,0.71,0.73,0,0
20081202,0.69,0.73,0.66,0.7,0,0
20081203,0.71,0.71,0.65,0.66,0,0
20081204,0.66,0.67,0.64,0.64,0,0
20081205,0.62,0.73,0.61,0.73,0,0
20081208,0.77,0.82,0.74,0.77,0,0
20081209,0.79,0.84,0.77,0.81,0,0
20081210,0.81,0.82,0.77,0.81,0,0
20081211,0.83,0.9,0.79,0.9,0,0
20081212,0.87,0.87,0.81,0.83,0,0
20081215,0.83,0.83,0.76,0.76,0,0
20081216,0.76,0.76,0.73,0.74,0,0
20081217,0.74,0.75,0.71,0.72,0,0
20081218,0.72,0.72,0.7,0.7,0,0
20081219,0.7,0.74,0.7,0.72,0,0
20081222,0.74,0.74,0.7,0.72,0,0
20081223,0.71,0.71,0.69,0.7,0,0
20081229,0.7,0.7,0.69,0.69,0,0
20081230,0.69,0.69,0.67,0.67,0,0
20081231,0.68,0.69,0.68,0.69,0,0
20090105,0.71,0.72,0.69,0.69,0,0
20090106,0.69,0.74,0.69,0.74,0,0
20090107,0.74,0.77,0.72,0.72,0,0
20090108,0.71,0.72,0.7,0.71,0,0
20090109,0.71,0.71,0.69,0.7,0,0
20090112,0.7,0.7,0.67,0.68,0,0
20090113,0.66,0.66,0.62,0.63,0,0
20090114,0.65,0.66,0.61,0.61,0,0
20090115,0.63,0.63,0.58,0.59,0,0
20090116,0.59,0.62,0.59,0.6,0,0
20090119,0.6,0.61,0.57,0.57,0,0
20090120,0.57,0.59,0.55,0.57,0,0
20090121,0.55,0.56,0.53,0.56,0,0
20090122,0.57,0.57,0.51,0.51,0,0
20090123,0.5,0.52,0.5,0.51,0,0
20090126,0.51,0.53,0.51,0.52,0,0
20090127,0.53,0.53,0.5,0.51,0,0
20090128,0.5,0.51,0.46,0.46,0,0
20090129,0.45,0.45,0.41,0.41,0,0
20090130,0.4,0.51,0.4,0.51,0,0
20090202,0.5,0.5,0.44,0.45,0,0
20090203,0.44,0.45,0.41,0.43,0,0
20090204,0.43,0.48,0.43,0.47,0,0
20090205,0.46,0.49,0.45,0.47,0,0
20090206,0.48,0.51,0.48,0.51,0,0
20090209,0.52,0.6,0.52,0.57,0,0
20090210,0.58,0.58,0.53,0.54,0,0
20090211,0.52,0.58,0.52,0.56,0,0
20090212,0.55,0.55,0.52,0.52,0,0
20090213,0.52,0.54,0.51,0.51,0,0
20090216,0.5,0.51,0.46,0.47,0,0
20090217,0.44,0.46,0.42,0.43,0,0
20090218,0.43,0.47,0.41,0.45,0,0
20090219,0.46,0.48,0.46,0.48,0,0
20090220,0.46,0.47,0.44,0.46,0,0
20090223,0.47,0.48,0.46,0.46,0,0
20090224,0.44,0.46,0.44,0.45,0,0
20090225,0.47,0.48,0.44,0.44,0,0
20090226,0.46,0.46,0.45,0.46,0,0
20090227,0.46,0.46,0.44,0.46,0,0
20090302,0.45,0.45,0.43,0.44,0,0
20090303,0.44,0.45,0.43,0.44,0,0
20090304,0.45,0.45,0.43,0.43,0,0
20090305,0.44,0.44,0.43,0.44,0,0
20090306,0.43,0.47,0.43,0.45,0,0
20090309,0.46,0.46,0.44,0.46,0,0
20090310,0.46,0.53,0.46,0.5,0,0
20090311,0.52,0.58,0.52,0.56,0,0
20090312,0.56,0.56,0.52,0.55,0,0
20090313,0.58,0.58,0.53,0.53,0,0
20090316,0.53,0.53,0.51,0.51,0,0
20090317,0.5,0.55,0.49,0.55,0,0
20090318,0.55,0.59,0.55,0.56,0,0
20090319,0.56,0.61,0.56,0.61,0,0
20090320,0.61,0.66,0.61,0.66,0,0
20090323,0.69,0.73,0.69,0.73,0,0
20090324,0.78,0.78,0.7,0.74,0,0
20090325,0.7,0.88,0.7,0.88,0,0
20090326,0.88,0.96,0.88,0.88,0,0
20090327,0.88,0.91,0.88,0.91,0,0
20090330,0.9,0.9,0.8,0.8,0,0
20090331,0.81,0.89,0.81,0.86,0,0
20090401,0.92,0.95,0.87,0.95,0,0
20090402,0.99,1.14,0.95,1.14,0,0
20090403,1.18,1.31,1.17,1.17,0,0
20090406,1.22,1.22,1.08,1.1,0,0
20090407,1.1,1.18,1.07,1.12,0,0
20090408,1.08,1.18,1.08,1.16,0,0
20090409,1.22,1.22,1.17,1.2,0,0
20090414,1.15,1.22,1.15,1.17,0,0
20090415,1.16,1.16,1.13,1.14,0,0
20090416,1.17,1.17,1.14,1.15,0,0
20090417,1.15,1.15,1.08,1.09,0,0
20090420,1.05,1.05,0.99,0.99,0,0
20090421,0.95,1.01,0.93,0.98,0,0
20090422,1.01,1.1,1.01,1.07,0,0
20090423,1.07,1.07,1.05,1.05,0,0
20090424,1.05,1.05,1.01,1.02,0,0
20090427,1.03,1.03,0.99,1,0,0
20090428,0.96,0.96,0.94,0.95,0,0
20090429,0.98,1.07,0.98,1.07,0,0
20090430,1.11,1.17,1.07,1.08,0,0
20090504,1.11,1.12,1.09,1.11,0,0
20090505,1.1,1.11,1.05,1.06,0,0
20090506,1.04,1.1,1.04,1.04,0,0
20090507,1.07,1.1,1.03,1.03,0,0
20090508,1.02,1.02,0.99,1.01,0,0
20090511,1.02,1.02,0.95,0.97,0,0
20090512,0.97,1.04,0.97,1.02,0,0
20090513,1.05,1.05,0.96,0.98,0,0
20090514,0.95,0.99,0.94,0.94,0,0
20090515,0.95,0.95,0.91,0.94,0,0
20090518,0.92,0.95,0.92,0.95,0,0
20090519,0.98,0.98,0.93,0.93,0,0
20090520,0.94,0.96,0.94,0.94,0,0
20090521,0.92,0.93,0.92,0.92,0,0
20090522,0.92,0.92,0.87,0.87,0,0
20090525,0.87,0.87,0.82,0.84,0,0
20090526,0.83,0.87,0.83,0.87,0,0
20090527,0.9,0.92,0.87,0.9,0,0
20090528,0.9,0.9,0.87,0.88,0,0
20090529,0.9,0.91,0.87,0.89,0,0
20090601,0.91,0.93,0.89,0.92,0,0
20090602,0.93,0.99,0.93,0.97,0,0
20090603,0.99,0.99,0.96,0.96,0,0
20090604,0.96,0.99,0.96,0.99,0,0
20090605,1,1.01,0.97,0.97,0,0
20090608,0.96,0.96,0.92,0.93,0,0
20090609,0.93,0.94,0.92,0.93,0,0
20090610,0.95,0.99,0.94,0.94,0,0
20090612,0.96,0.98,0.95,0.96,0,0
20090615,0.96,0.97,0.93,0.95,0,0
20090616,0.94,0.95,0.92,0.94,0,0
20090617,0.93,0.94,0.9,0.91,0,0
20090618,0.9,0.9,0.86,0.9,0,0
20090619,0.89,0.92,0.88,0.92,0,0
20090622,0.92,0.92,0.87,0.87,0,0
20090623,0.84,0.86,0.84,0.85,0,0
20090624,0.86,0.87,0.86,0.87,0,0
20090625,0.88,0.88,0.85,0.87,0,0
20090626,0.88,0.88,0.86,0.87,0,0
20090629,0.85,0.87,0.85,0.87,0,0
20090630,0.86,0.89,0.86,0.88,0,0
20090701,0.89,0.92,0.87,0.9,0,0
20090702,0.92,0.92,0.88,0.89,0,0
20090703,0.87,0.89,0.87,0.87,0,0
20090706,0.87,0.87,0.85,0.85,0,0
20090707,0.86,0.88,0.86,0.86,0,0
20090708,0.86,0.86,0.85,0.86,0,0
20090709,0.86,0.9,0.86,0.88,0,0
20090710,0.87,0.88,0.86,0.87,0,0
20090713,0.86,0.87,0.85,0.87,0,0
20090714,0.88,0.97,0.88,0.97,0,0
20090715,0.98,0.98,0.94,0.97,0,0
20090716,0.97,0.97,0.93,0.94,0,0
20090717,0.94,0.97,0.94,0.94,0,0
20090720,0.95,0.95,0.92,0.92,0,0
20090721,0.92,0.94,0.92,0.92,0,0
20090722,0.92,0.92,0.9,0.91,0,0
20090723,0.92,0.97,0.91,0.97,0,0
20090724,0.99,1.01,0.95,0.95,0,0
20090727,0.96,0.98,0.95,0.95,0,0
20090728,0.96,0.97,0.94,0.94,0,0
20090729,0.94,0.98,0.94,0.96,0,0
20090730,0.96,1,0.96,0.98,0,0
20090731,1.01,1.03,0.99,1,0,0
20090803,1.03,1.09,1.03,1.05,0,0
20090804,1.05,1.06,1.03,1.05,0,0
20090805,1.06,1.08,1.03,1.03,0,0
20090806,1.04,1.04,0.97,0.97,0,0
20090807,0.96,0.99,0.95,0.99,0,0
20090810,0.99,0.99,0.96,0.97,0,0
20090811,0.97,1.03,0.97,0.97,0,0
20090812,0.97,0.99,0.95,0.99,0,0
20090813,1.03,1.05,1.01,1.03,0,0
20090814,1.05,1.1,1.05,1.06,0,0
20090817,1.04,1.18,1.04,1.18,0,0
20090818,1.22,1.22,1.17,1.18,0,0
20090819,1.18,1.21,1.17,1.21,0,0
20090820,1.25,1.28,1.25,1.28,0,0
20090821,1.29,1.34,1.29,1.3,0,0
20090824,1.31,1.31,1.24,1.27,0,0
20090825,1.25,1.31,1.24,1.31,0,0
20090826,1.32,1.36,1.29,1.34,0,0
20090827,1.35,1.35,1.25,1.25,0,0
20090828,1.28,1.28,1.22,1.23,0,0
20090831,1.22,1.27,1.22,1.25,0,0
20090901,1.27,1.27,1.15,1.18,0,0
20090902,1.12,1.18,1.04,1.06,0,0
20090903,1.08,1.11,1.06,1.08,0,0
20090904,1.09,1.12,1.08,1.1,0,0
20090907,1.11,1.13,1.1,1.12,0,0
20090908,1.13,1.13,1.06,1.08,0,0
20090909,1.07,1.12,1.06,1.12,0,0
20090910,1.14,1.14,1.07,1.07,0,0
20090911,1.08,1.08,1.03,1.05,0,0
20090914,1,1.02,0.98,0.98,0,0
20090915,1.01,1.05,0.98,1.03,0,0
20090916,1.06,1.09,1.06,1.09,0,0
20090917,1.12,1.12,1.07,1.09,0,0
20090918,1.07,1.08,1.07,1.08,0,0
20090921,1.07,1.08,1.03,1.03,0,0
20090922,1.03,1.11,1.03,1.11,0,0
20090923,1.12,1.16,1.09,1.09,0,0
20090924,1.06,1.11,1.06,1.07,0,0
20090925,1.08,1.08,1.05,1.06,0,0
20090928,1.05,1.07,1.03,1.06,0,0
20090929,1.07,1.07,1.04,1.04,0,0
20090930,1.05,1.05,1,1,0,0
20091001,1,1.03,1,1,0,0
20091002,0.99,1,0.97,0.98,0,0
20091005,0.99,1,0.97,0.99,0,0
20091006,1.01,1.03,1.01,1.03,0,0
20091007,1.05,1.05,1.02,1.02,0,0
20091008,1.04,1.05,1.02,1.04,0,0
20091009,1.05,1.05,1.03,1.04,0,0
20091012,1.03,1.03,1.02,1.03,0,0
20091013,1.02,1.03,1,1,0,0
20091014,1,1.05,1,1.05,0,0
20091015,1.05,1.05,1.02,1.03,0,0
20091016,1.04,1.05,1.02,1.03,0,0
20091019,1.02,1.04,1.02,1.03,0,0
20091020,1.04,1.04,1.01,1.02,0,0
20091021,1.01,1.03,1,1.03,0,0
20091022,1,1.02,1,1,0,0
20091023,1.02,1.03,1.02,1.03,0,0
20091026,1.03,1.03,1.02,1.03,0,0
20091027,1.02,1.02,1,1.01,0,0
20091028,1,1,0.98,0.98,0,0
20091029,0.98,1.01,0.96,1.01,0,0
20091030,1.01,1.01,0.99,0.99,0,0
20091102,0.97,1,0.97,0.99,0,0
20091103,1,1,0.97,0.99,0,0
20091104,0.99,1,0.99,0.99,0,0
20091105,0.99,1.01,0.98,1,0,0
20091106,1,1,0.99,0.99,0,0
20091109,0.99,1.05,0.99,1.05,0,0
20091110,1.06,1.1,1.06,1.06,0,0
20091112,1.08,1.11,1.01,1.01,0,0
20091113,1,1,0.98,0.98,0,0
20091116,1,1.05,1,1.03,0,0
20091117,1.05,1.06,1.03,1.04,0,0
20091118,1.04,1.04,1,1,0,0
20091119,0.99,0.99,0.95,0.95,0,0
20091120,0.97,0.98,0.95,0.97,0,0
20091123,1.01,1.01,0.98,0.99,0,0
20091124,0.99,0.99,0.98,0.98,0,0
20091125,0.98,0.98,0.95,0.96,0,0
20091126,0.99,1,0.98,0.99,0,0
20091127,0.95,0.99,0.95,0.99,0,0
20091130,1.01,1.04,0.99,1.02,0,0
20091201,1.03,1.06,1.02,1.06,0,0
20091202,1.08,1.13,1.08,1.13,0,0
20091203,1.14,1.14,1.08,1.08,0,0
20091204,1.09,1.14,1.07,1.13,0,0
20091207,1.12,1.14,1.11,1.12,0,0
20091208,1.12,1.13,1.05,1.05,0,0
20091209,1.05,1.05,0.99,0.99,0,0
20091210,1.01,1.03,0.99,1,0,0
20091211,1.03,1.03,1,1.01,0,0
20091214,1.03,1.03,1.01,1.02,0,0
20091215,1.02,1.02,0.99,0.99,0,0
20091216,0.99,1,0.99,1,0,0
20091217,0.99,0.99,0.97,0.97,0,0
20091218,0.97,0.98,0.96,0.97,0,0
20091221,0.97,0.97,0.95,0.96,0,0
20091222,0.96,0.98,0.96,0.97,0,0
20091223,0.97,0.98,0.96,0.96,0,0
20091228,0.97,1.02,0.96,0.99,0,0
20091229,1,1.04,0.99,1.04,0,0
20091230,1.03,1.03,1.03,1.03,0,0
20091231,1.04,1.04,1.02,1.02,0,0
20100104,1.02,1.07,1.02,1.07,0,0
20100105,1.08,1.08,1.05,1.05,0,0
20100106,1.05,1.07,1.05,1.07,0,0
20100107,1.06,1.1,1.06,1.08,0,0
20100108,1.09,1.09,1.08,1.08,0,0
20100111,1.09,1.09,1.07,1.07,0,0
20100112,1.08,1.08,1.04,1.04,0,0
20100113,1.04,1.06,1.04,1.05,0,0
20100114,1.16,1.16,1.12,1.13,0,0
20100115,1.13,1.13,1.1,1.11,0,0
20100118,1.1,1.13,1.1,1.13,0,0
20100119,1.13,1.16,1.13,1.16,0,0
20100120,1.15,1.22,1.15,1.18,0,0
20100121,1.17,1.2,1.17,1.2,0,0
20100122,1.17,1.17,1.13,1.14,0,0
20100125,1.13,1.13,1.11,1.12,0,0
20100126,1.11,1.11,1.07,1.08,0,0
20100127,1.08,1.1,1.07,1.07,0,0
20100128,1.1,1.11,1.07,1.08,0,0
20100129,1.07,1.1,1.05,1.09,0,0
20100201,1.08,1.09,1.07,1.07,0,0
20100202,1.08,1.09,1.07,1.08,0,0
20100203,1.09,1.09,1.06,1.06,0,0
20100204,1.06,1.07,1.03,1.03,0,0
20100205,0.99,1,0.97,0.99,0,0
20100208,1,1.02,0.96,0.97,0,0
20100209,0.99,1,0.98,0.99,0,0
20100210,1,1,0.97,0.97,0,0
20100211,0.99,0.99,0.97,0.97,0,0
20100212,0.99,0.99,0.97,0.98,0,0
20100215,0.99,1.01,0.99,1.01,0,0
20100216,1.02,1.03,1,1.03,0,0
20100217,1.04,1.05,1.03,1.05,0,0
20100218,1.05,1.05,1.02,1.03,0,0
20100219,1.01,1.03,1.01,1.02,0,0
20100222,1.05,1.07,1.03,1.06,0,0
20100223,1.07,1.07,1.04,1.04,0,0
20100224,1.03,1.04,1.02,1.03,0,0
20100225,1.04,1.05,1.01,1.02,0,0
20100226,1.03,1.05,1.02,1.04,0,0
20100301,1.08,1.08,1.06,1.08,0,0
20100302,1.08,1.09,1.06,1.08,0,0
20100303,1.09,1.09,1.07,1.08,0,0
20100304,1.07,1.1,1.07,1.09,0,0
20100305,1.1,1.1,1.08,1.1,0,0
20100308,1.11,1.13,1.11,1.12,0,0
20100309,1.13,1.13,1.09,1.11,0,0
20100310,1.1,1.17,1.09,1.17,0,0
20100311,1.16,1.19,1.03,1.03,0,0
20100312,1.05,1.2,1.05,1.15,0,0
20100315,1.16,1.28,1.15,1.26,0,0
20100316,1.3,1.3,1.22,1.22,0,0
20100317,1.23,1.23,1.19,1.19,0,0
20100318,1.19,1.19,1.15,1.15,0,0
20100319,1.15,1.2,1.15,1.18,0,0
20100322,1.18,1.18,1.14,1.17,0,0
20100323,1.18,1.23,1.18,1.2,0,0
20100324,1.23,1.23,1.18,1.2,0,0
20100325,1.2,1.26,1.2,1.25,0,0
20100326,1.26,1.28,1.23,1.28,0,0
20100329,1.29,1.37,1.29,1.32,0,0
20100330,1.35,1.35,1.29,1.29,0,0
20100331,1.28,1.3,1.26,1.26,0,0
20100401,1.27,1.27,1.22,1.25,0,0
20100406,1.24,1.24,1.21,1.21,0,0
20100407,1.21,1.23,1.21,1.23,0,0
20100408,1.23,1.23,1.18,1.19,0,0
20100409,1.21,1.21,1.19,1.2,0,0
20100412,1.19,1.23,1.19,1.21,0,0
20100413,1.22,1.22,1.2,1.21,0,0
20100414,1.22,1.22,1.21,1.22,0,0
20100415,1.22,1.27,1.22,1.26,0,0
20100416,1.25,1.26,1.24,1.24,0,0
20100419,1.2,1.2,1.17,1.2,0,0
20100420,1.19,1.22,1.19,1.2,0,0
20100421,1.22,1.22,1.2,1.2,0,0
20100422,1.19,1.2,1.15,1.15,0,0
20100423,1.16,1.19,1.16,1.18,0,0
20100426,1.21,1.21,1.2,1.21,0,0
20100427,1.2,1.2,1.18,1.19,0,0
20100428,1.15,1.18,1.15,1.17,0,0
20100429,1.17,1.18,1.17,1.18,0,0
20100430,1.2,1.21,1.19,1.2,0,0
20100504,1.21,1.21,1.16,1.16,0,0
20100505,1.15,1.21,1.12,1.17,0,0
20100506,1.15,1.21,1.15,1.18,0,0
20100507,1.13,1.15,1.11,1.11,0,0
20100510,1.15,1.18,1.15,1.18,0,0
20100511,1.17,1.23,1.17,1.22,0,0
20100512,1.23,1.26,1.15,1.15,0,0
20100513,1.16,1.19,1.16,1.19,0,0
20100514,1.18,1.19,1.16,1.16,0,0
20100517,1.14,1.17,1.14,1.14,0,0
20100518,1.16,1.2,1.14,1.19,0,0
20100519,1.17,1.17,1.13,1.14,0,0
20100520,1.15,1.15,1.08,1.09,0,0
20100521,1.09,1.21,1.05,1.21,0,0
20100524,1.22,1.22,1.2,1.2,0,0
20100525,1.16,1.18,1.15,1.15,0,0
20100526,1.19,1.22,1.19,1.22,0,0
20100527,1.23,1.29,1.21,1.27,0,0
20100528,1.28,1.31,1.27,1.29,0,0
20100531,1.25,1.28,1.25,1.26,0,0
20100601,1.25,1.25,1.23,1.24,0,0
20100602,1.24,1.26,1.23,1.25,0,0
20100604,1.27,1.27,1.2,1.21,0,0
20100607,1.2,1.24,1.19,1.24,0,0
20100608,1.24,1.26,1.23,1.26,0,0
20100609,1.26,1.28,1.25,1.27,0,0
20100610,1.26,1.29,1.25,1.29,0,0
20100611,1.29,1.29,1.25,1.26,0,0
20100614,1.27,1.28,1.26,1.27,0,0
20100615,1.26,1.27,1.25,1.25,0,0
20100616,1.27,1.27,1.25,1.26,0,0
20100617,1.26,1.26,1.23,1.24,0,0
20100618,1.24,1.25,1.21,1.22,0,0
20100621,1.23,1.24,1.22,1.23,0,0
20100622,1.22,1.22,1.2,1.2,0,0
20100623,1.19,1.19,1.17,1.18,0,0
20100624,1.19,1.19,1.15,1.18,0,0
20100625,1.18,1.18,1.16,1.18,0,0
20100628,1.18,1.2,1.18,1.18,0,0
20100629,1.17,1.17,1.13,1.13,0,0
20100630,1.13,1.14,1.11,1.12,0,0
20100701,1.1,1.13,1.08,1.11,0,0
20100702,1.13,1.13,1.11,1.12,0,0
20100705,1.12,1.13,1.12,1.12,0,0
20100706,1.13,1.19,1.13,1.18,0,0
20100707,1.16,1.17,1.15,1.17,0,0
20100708,1.2,1.2,1.19,1.19,0,0
20100709,1.19,1.19,1.17,1.18,0,0
20100712,1.18,1.2,1.18,1.19,0,0
20100713,1.19,1.2,1.19,1.2,0,0
20100714,1.22,1.22,1.19,1.19,0,0
20100715,1.19,1.2,1.18,1.18,0,0
20100716,1.18,1.2,1.18,1.18,0,0
20100719,1.18,1.18,1.16,1.17,0,0
20100720,1.18,1.18,1.17,1.18,0,0
20100721,1.19,1.21,1.19,1.21,0,0
20100722,1.2,1.25,1.2,1.25,0,0
20100723,1.26,1.27,1.24,1.24,0,0
20100726,1.26,1.26,1.23,1.26,0,0
20100727,1.26,1.29,1.26,1.28,0,0
20100728,1.27,1.28,1.26,1.26,0,0
20100729,1.26,1.34,1.23,1.34,0,0
20100730,1.35,1.35,1.3,1.32,0,0
20100802,1.34,1.38,1.32,1.32,0,0
20100803,1.37,1.37,1.34,1.34,0,0
20100804,1.33,1.35,1.32,1.34,0,0
20100805,1.33,1.36,1.33,1.33,0,0
20100806,1.36,1.42,1.3,1.33,0,0
20100809,1.34,1.39,1.34,1.36,0,0
20100810,1.36,1.36,1.3,1.3,0,0
20100811,1.27,1.29,1.27,1.27,0,0
20100812,1.27,1.3,1.24,1.3,0,0
20100813,1.31,1.31,1.26,1.3,0,0
20100816,1.3,1.3,1.26,1.27,0,0
20100817,1.28,1.29,1.27,1.27,0,0
20100818,1.28,1.29,1.27,1.28,0,0
20100819,1.28,1.29,1.28,1.28,0,0
20100820,1.28,1.31,1.28,1.3,0,0
20100823,1.31,1.36,1.31,1.34,0,0
20100824,1.32,1.32,1.27,1.28,0,0
20100825,1.28,1.28,1.24,1.24,0,0
20100826,1.27,1.27,1.25,1.25,0,0
20100827,1.25,1.26,1.23,1.25,0,0
20100830,1.26,1.27,1.25,1.25,0,0
20100831,1.24,1.27,1.23,1.27,0,0
20100901,1.27,1.27,1.18,1.18,0,0
20100902,1.24,1.24,1.2,1.2,0,0
20100903,1.2,1.22,1.19,1.2,0,0
20100906,1.21,1.21,1.19,1.2,0,0
20100907,1.19,1.23,1.19,1.21,0,0
20100908,1.21,1.25,1.21,1.25,0,0
20100909,1.25,1.26,1.24,1.25,0,0
20100910,1.25,1.25,1.22,1.24,0,0
20100913,1.25,1.26,1.24,1.25,0,0
20100914,1.25,1.25,1.23,1.24,0,0
20100915,1.24,1.24,1.21,1.22,0,0
20100916,1.22,1.23,1.21,1.22,0,0
20100917,1.22,1.24,1.22,1.22,0,0
20100920,1.21,1.23,1.21,1.23,0,0
20100921,1.23,1.24,1.23,1.24,0,0
20100922,1.24,1.25,1.23,1.25,0,0
20100923,1.24,1.24,1.22,1.23,0,0
20100924,1.22,1.23,1.2,1.22,0,0
20100927,1.22,1.23,1.21,1.21,0,0
20100928,1.21,1.21,1.2,1.2,0,0
20100929,1.21,1.21,1.2,1.2,0,0
20100930,1.19,1.22,1.19,1.22,0,0
20101001,1.22,1.22,1.2,1.21,0,0
20101004,1.2,1.22,1.2,1.21,0,0
20101005,1.21,1.26,1.21,1.26,0,0
20101006,1.27,1.27,1.24,1.24,0,0
20101007,1.26,1.26,1.23,1.23,0,0
20101008,1.23,1.26,1.22,1.24,0,0
20101011,1.24,1.24,1.22,1.22,0,0
20101012,1.21,1.23,1.21,1.22,0,0
20101013,1.23,1.25,1.23,1.23,0,0
20101014,1.23,1.25,1.23,1.23,0,0
20101015,1.23,1.24,1.22,1.24,0,0
20101018,1.23,1.24,1.22,1.24,0,0
20101019,1.24,1.29,1.23,1.24,0,0
20101020,1.24,1.27,1.24,1.26,0,0
20101021,1.26,1.28,1.25,1.26,0,0
20101022,1.27,1.27,1.26,1.27,0,0
20101025,1.27,1.32,1.27,1.31,0,0
20101026,1.3,1.32,1.29,1.29,0,0
20101027,1.3,1.33,1.3,1.33,0,0
20101028,1.34,1.38,1.34,1.37,0,0
20101029,1.36,1.38,1.36,1.37,0,0
20101102,1.38,1.39,1.35,1.36,0,0
20101103,1.36,1.36,1.29,1.29,0,0
20101104,1.3,1.31,1.28,1.28,0,0
20101105,1.3,1.3,1.28,1.28,0,0
20101108,1.31,1.31,1.3,1.3,0,0
20101109,1.31,1.31,1.3,1.3,0,0
20101110,1.3,1.31,1.26,1.26,0,0
20101112,1.25,1.27,1.24,1.27,0,0
20101115,1.33,1.33,1.28,1.3,0,0
20101116,1.3,1.3,1.15,1.15,0,0
20101117,1.15,1.17,1.14,1.15,0,0
20101118,1.15,1.17,1.15,1.15,0,0
20101119,1.16,1.16,1.13,1.15,0,0
20101122,1.15,1.17,1.15,1.16,0,0
20101123,1.16,1.16,1.14,1.15,0,0
20101124,1.15,1.17,1.15,1.16,0,0
20101125,1.17,1.19,1.16,1.17,0,0
20101126,1.17,1.17,1.15,1.17,0,0
20101129,1.16,1.17,1.16,1.16,0,0
20101130,1.16,1.19,1.15,1.19,0,0
20101201,1.19,1.22,1.19,1.22,0,0
20101202,1.22,1.25,1.21,1.22,0,0
20101203,1.23,1.23,1.2,1.21,0,0
20101206,1.22,1.22,1.2,1.21,0,0
20101207,1.21,1.23,1.21,1.22,0,0
20101208,1.21,1.22,1.19,1.22,0,0
20101209,1.22,1.23,1.22,1.23,0,0
20101210,1.23,1.25,1.23,1.25,0,0
20101213,1.25,1.3,1.25,1.3,0,0
20101214,1.3,1.3,1.26,1.27,0,0
20101215,1.26,1.29,1.23,1.29,0,0
20101216,1.29,1.3,1.27,1.28,0,0
20101217,1.29,1.31,1.29,1.29,0,0
20101220,1.3,1.3,1.26,1.27,0,0
20101221,1.29,1.3,1.27,1.27,0,0
20101222,1.27,1.3,1.27,1.28,0,0
20101223,1.28,1.29,1.27,1.28,0,0
20101227,1.28,1.28,1.27,1.27,0,0
20101228,1.27,1.27,1.23,1.24,0,0
20101229,1.24,1.25,1.23,1.23,0,0
20101230,1.24,1.27,1.24,1.27,0,0
20101231,1.27,1.29,1.26,1.29,0,0
20110103,1.3,1.33,1.28,1.32,0,0
20110104,1.33,1.33,1.3,1.3,0,0
20110105,1.3,1.3,1.23,1.27,0,0
20110107,1.26,1.26,1.25,1.26,0,0
20110110,1.32,1.32,1.26,1.28,0,0
20110111,1.29,1.29,1.28,1.28,0,0
20110112,1.29,1.32,1.29,1.32,0,0
20110113,1.32,1.33,1.31,1.32,0,0
20110114,1.32,1.32,1.29,1.32,0,0
20110117,1.31,1.32,1.3,1.3,0,0
20110118,1.3,1.32,1.3,1.32,0,0
20110119,1.32,1.35,1.32,1.32,0,0
20110120,1.33,1.33,1.29,1.29,0,0
20110121,1.31,1.31,1.29,1.29,0,0
20110124,1.29,1.3,1.28,1.29,0,0
20110125,1.29,1.31,1.27,1.27,0,0
20110126,1.28,1.44,1.27,1.44,0,0
20110127,1.44,1.44,1.42,1.42,0,0
20110128,1.36,1.36,1.36,1.36,0,0
20110131,1.34,1.38,1.32,1.38,0,0
20110201,1.39,1.41,1.38,1.41,0,0
20110202,1.41,1.41,1.38,1.38,0,0
20110203,1.4,1.4,1.38,1.39,0,0
20110204,1.38,1.4,1.38,1.38,0,0
20110207,1.39,1.39,1.37,1.37,0,0
20110208,1.37,1.37,1.33,1.34,0,0
20110209,1.34,1.35,1.32,1.33,0,0
20110210,1.33,1.36,1.32,1.34,0,0
20110211,1.35,1.35,1.32,1.34,0,0
20110214,1.35,1.38,1.34,1.35,0,0
20110215,1.35,1.35,1.32,1.33,0,0
20110216,1.33,1.34,1.33,1.33,0,0
20110217,1.33,1.34,1.32,1.32,0,0
20110218,1.31,1.33,1.31,1.32,0,0
20110221,1.33,1.33,1.31,1.32,0,0
20110222,1.32,1.32,1.29,1.3,0,0
20110223,1.29,1.33,1.29,1.33,0,0
20110224,1.32,1.34,1.31,1.34,0,0
20110225,1.35,1.38,1.34,1.37,0,0
20110228,1.39,1.41,1.38,1.41,0,0
20110301,1.41,1.43,1.38,1.4,0,0
20110302,1.39,1.39,1.36,1.37,0,0
20110303,1.37,1.39,1.37,1.38,0,0
20110304,1.39,1.42,1.38,1.39,0,0
20110307,1.39,1.4,1.38,1.39,0,0
20110308,1.39,1.4,1.38,1.38,0,0
20110309,1.4,1.4,1.38,1.39,0,0
20110310,1.38,1.39,1.36,1.36,0,0
20110311,1.35,1.37,1.35,1.36,0,0
20110314,1.36,1.36,1.35,1.35,0,0
20110315,1.34,1.34,1.31,1.32,0,0
20110316,1.33,1.37,1.33,1.34,0,0
20110317,1.35,1.42,0.98,0.98,0,0
20110318,0.99,0.99,0.96,0.97,0,0
20110321,0.98,0.98,0.97,0.97,0,0
20110322,0.97,0.98,0.95,0.95,0,0
20110323,0.96,0.97,0.95,0.96,0,0
20110324,0.97,0.97,0.95,0.96,0,0
20110325,0.96,0.96,0.95,0.96,0,0
20110328,0.96,0.96,0.95,0.95,0,0
20110329,0.96,0.99,0.95,0.99,0,0
20110330,1.01,1.03,0.99,1,0,0
20110331,1,1.01,0.99,0.99,0,0
20110401,1.01,1.06,0.99,1.06,0,0
20110404,1.06,1.06,1.05,1.06,0,0
20110405,1.06,1.06,1.04,1.05,0,0
20110406,1.05,1.05,1.04,1.04,0,0
20110407,1.04,1.04,1.03,1.03,0,0
20110408,1.05,1.05,1.03,1.05,0,0
20110411,1.05,1.05,1.04,1.04,0,0
20110412,1.04,1.11,1.04,1.07,0,0
20110413,1.07,1.08,1.05,1.06,0,0
20110414,1.06,1.06,1.04,1.05,0,0
20110415,1.05,1.05,1.03,1.04,0,0
20110418,1.04,1.04,1.01,1.01,0,0
20110419,1.01,1.03,1.01,1.02,0,0
20110420,1.03,1.04,1.03,1.03,0,0
20110421,1.04,1.04,1.03,1.03,0,0
20110426,1.03,1.03,1.02,1.02,0,0
20110427,1.02,1.02,1.01,1.01,0,0
20110428,1.02,1.04,1.01,1.03,0,0
20110429,1.04,1.04,1.02,1.03,0,0
20110502,1.02,1.03,1.02,1.02,0,0
20110504,1.02,1.02,1.01,1.01,0,0
20110505,1.01,1.01,1,1.01,0,0
20110506,1,1.01,1,1,0,0
20110509,1,1,0.99,1,0,0
20110510,1,1,1,1,0,0
20110511,1,1,0.99,0.99,0,0
20110512,0.99,0.99,0.97,0.97,0,0
20110513,0.97,0.97,0.96,0.96,0,0
20110516,0.97,1,0.96,1,0,0
20110517,1,1,0.91,0.91,0,0
20110518,0.91,0.92,0.91,0.92,0,0
20110519,0.92,0.93,0.92,0.92,0,0
20110520,0.92,0.93,0.91,0.92,0,0
20110523,0.91,0.91,0.87,0.91,0,0
20110524,0.94,0.94,0.91,0.92,0,0
20110525,0.92,0.92,0.9,0.9,0,0
20110526,0.9,0.91,0.9,0.91,0,0
20110527,0.91,0.91,0.89,0.9,0,0
20110530,0.89,0.89,0.87,0.88,0,0
20110531,0.88,0.93,0.88,0.92,0,0
20110601,0.93,0.93,0.9,0.91,0,0
20110602,0.9,0.91,0.9,0.9,0,0
20110603,0.9,0.91,0.9,0.9,0,0
20110606,0.9,0.91,0.9,0.9,0,0
20110607,0.9,0.91,0.89,0.89,0,0
20110608,0.9,0.9,0.89,0.89,0,0
20110609,0.89,0.89,0.86,0.87,0,0
20110610,0.87,0.87,0.84,0.85,0,0
20110613,0.84,0.84,0.82,0.83,0,0
20110614,0.83,0.86,0.83,0.86,0,0
20110615,0.86,0.87,0.84,0.84,0,0
20110616,0.83,0.84,0.83,0.83,0,0
20110617,0.83,0.84,0.83,0.84,0,0
20110620,0.84,0.84,0.83,0.83,0,0
20110621,0.83,0.83,0.82,0.82,0,0
20110622,0.83,0.83,0.82,0.82,0,0
20110624,0.82,0.82,0.79,0.79,0,0
20110627,0.79,0.79,0.74,0.76,0,0
20110628,0.76,0.78,0.75,0.78,0,0
20110629,0.79,0.84,0.79,0.83,0,0
20110630,0.83,0.86,0.83,0.84,0,0
20110701,0.85,0.85,0.82,0.83,0,0
20110704,0.83,0.84,0.83,0.84,0,0
20110705,0.84,0.84,0.83,0.84,0,0
20110706,0.84,0.84,0.82,0.82,0,0
20110707,0.82,0.84,0.81,0.84,0,0
20110708,0.84,0.84,0.82,0.82,0,0
20110711,0.82,0.82,0.79,0.79,0,0
20110712,0.78,0.81,0.76,0.8,0,0
20110713,0.8,0.82,0.8,0.82,0,0
20110714,0.82,0.83,0.81,0.82,0,0
20110715,0.81,0.83,0.81,0.82,0,0
20110718,0.83,0.83,0.78,0.79,0,0
20110719,0.79,0.8,0.78,0.78,0,0
20110720,0.79,0.8,0.79,0.79,0,0
20110721,0.79,0.8,0.78,0.79,0,0
20110722,0.79,0.81,0.79,0.8,0,0
20110725,0.8,0.8,0.79,0.8,0,0
20110726,0.81,0.83,0.81,0.83,0,0
20110727,0.83,0.83,0.81,0.82,0,0
20110728,0.81,0.82,0.81,0.82,0,0
20110729,0.82,0.82,0.8,0.81,0,0
20110801,0.82,0.82,0.8,0.81,0,0
20110802,0.8,0.8,0.78,0.79,0,0
20110803,0.77,0.79,0.71,0.72,0,0
20110804,0.73,0.73,0.62,0.63,0,0
20110805,0.57,0.63,0.57,0.59,0,0
20110808,0.57,0.6,0.52,0.53,0,0
20110809,0.53,0.53,0.45,0.49,0,0
20110810,0.53,0.55,0.47,0.48,0,0
20110811,0.5,0.55,0.48,0.55,0,0
20110812,0.56,0.6,0.54,0.58,0,0
20110816,0.6,0.6,0.57,0.6,0,0
20110817,0.59,0.6,0.58,0.59,0,0
20110818,0.58,0.58,0.49,0.51,0,0
20110819,0.49,0.54,0.49,0.52,0,0
20110822,0.52,0.54,0.52,0.52,0,0
20110823,0.52,0.54,0.52,0.53,0,0
20110824,0.53,0.54,0.53,0.53,0,0
20110825,0.54,0.54,0.52,0.52,0,0
20110826,0.52,0.53,0.51,0.53,0,0
20110829,0.53,0.54,0.53,0.53,0,0
20110830,0.54,0.55,0.53,0.54,0,0
20110831,0.54,0.57,0.54,0.57,0,0
20110901,0.57,0.57,0.51,0.51,0,0
20110902,0.5,0.5,0.48,0.49,0,0
20110905,0.47,0.49,0.46,0.46,0,0
20110906,0.46,0.48,0.45,0.46,0,0
20110907,0.49,0.49,0.46,0.49,0,0
20110908,0.49,0.49,0.47,0.49,0,0
20110909,0.48,0.48,0.46,0.47,0,0
20110912,0.45,0.45,0.44,0.45,0,0
20110913,0.46,0.46,0.44,0.45,0,0
20110914,0.45,0.45,0.44,0.45,0,0
20110915,0.45,0.47,0.45,0.47,0,0
20110916,0.47,0.48,0.45,0.46,0,0
20110919,0.45,0.45,0.44,0.45,0,0
20110920,0.44,0.46,0.44,0.46,0,0
20110921,0.46,0.46,0.45,0.45,0,0
20110922,0.44,0.45,0.44,0.44,0,0
20110923,0.43,0.45,0.43,0.45,0,0
20110926,0.44,0.45,0.44,0.45,0,0
20110927,0.46,0.46,0.45,0.45,0,0
20110928,0.45,0.45,0.43,0.43,0,0
20110929,0.43,0.44,0.43,0.43,0,0
20110930,0.43,0.44,0.42,0.43,0,0
20111003,0.42,0.43,0.41,0.42,0,0
20111004,0.42,0.42,0.4,0.41,0,0
20111005,0.41,0.44,0.41,0.42,0,0
20111006,0.43,0.44,0.42,0.44,0,0
20111007,0.44,0.45,0.44,0.44,0,0
20111010,0.45,0.46,0.44,0.46,0,0
20111011,0.46,0.46,0.45,0.45,0,0
20111012,0.45,0.46,0.45,0.46,0,0
20111013,0.46,0.46,0.45,0.45,0,0
20111014,0.45,0.48,0.45,0.47,0,0
20111017,0.48,0.49,0.46,0.46,0,0
20111018,0.45,0.46,0.45,0.46,0,0
20111019,0.47,0.47,0.46,0.47,0,0
20111020,0.46,0.47,0.45,0.45,0,0
20111021,0.46,0.48,0.46,0.48,0,0
20111024,0.48,0.51,0.48,0.5,0,0
20111025,0.5,0.5,0.48,0.48,0,0
20111026,0.48,0.49,0.48,0.48,0,0
20111027,0.49,0.51,0.49,0.51,0,0
20111028,0.51,0.53,0.5,0.51,0,0
20111031,0.5,0.51,0.49,0.49,0,0
20111102,0.46,0.49,0.46,0.48,0,0
20111103,0.48,0.5,0.47,0.49,0,0
20111104,0.49,0.49,0.48,0.48,0,0
20111107,0.48,0.5,0.47,0.49,0,0
20111108,0.48,0.49,0.47,0.47,0,0
20111109,0.47,0.47,0.45,0.45,0,0
20111110,0.44,0.45,0.44,0.45,0,0
20111114,0.46,0.47,0.46,0.46,0,0
20111115,0.46,0.49,0.44,0.49,0,0
20111116,0.48,0.49,0.48,0.49,0,0
20111117,0.49,0.49,0.48,0.49,0,0
20111118,0.49,0.49,0.48,0.48,0,0
20111121,0.48,0.49,0.46,0.48,0,0
20111122,0.48,0.49,0.48,0.49,0,0
20111123,0.49,0.49,0.48,0.48,0,0
20111124,0.48,0.49,0.48,0.49,0,0
20111125,0.49,0.49,0.48,0.49,0,0
20111128,0.49,0.5,0.49,0.5,0,0
20111129,0.5,0.5,0.49,0.49,0,0
20111130,0.49,0.5,0.46,0.46,0,0
20111201,0.47,0.49,0.47,0.49,0,0
20111202,0.49,0.49,0.48,0.48,0,0
20111205,0.48,0.49,0.47,0.48,0,0
20111206,0.48,0.49,0.48,0.48,0,0
20111207,0.48,0.49,0.48,0.48,0,0
20111208,0.48,0.49,0.48,0.48,0,0
20111209,0.48,0.48,0.48,0.48,0,0
20111212,0.48,0.48,0.47,0.48,0,0
20111213,0.48,0.48,0.47,0.47,0,0
20111214,0.47,0.47,0.46,0.46,0,0
20111215,0.47,0.47,0.46,0.47,0,0
20111216,0.47,0.47,0.46,0.46,0,0
20111219,0.46,0.47,0.46,0.46,0,0
20111220,0.45,0.45,0.44,0.44,0,0
20111221,0.45,0.45,0.42,0.42,0,0
20111222,0.42,0.43,0.39,0.42,0,0
20111223,0.42,0.45,0.42,0.45,0,0
20111227,0.44,0.47,0.44,0.47,0,0
20111228,0.46,0.48,0.46,0.48,0,0
20111229,0.48,0.48,0.47,0.47,0,0
20111230,0.47,0.49,0.46,0.48,0,0
20120102,0.47,0.48,0.47,0.47,0,0
20120103,0.47,0.48,0.46,0.47,0,0
20120104,0.46,0.47,0.46,0.46,0,0
20120105,0.46,0.47,0.46,0.47,0,0
20120109,0.47,0.47,0.46,0.47,0,0
20120110,0.46,0.47,0.46,0.47,0,0
20120111,0.48,0.48,0.47,0.47,0,0
20120112,0.47,0.48,0.47,0.47,0,0
20120113,0.47,0.48,0.47,0.47,0,0
20120116,0.47,0.48,0.47,0.48,0,0
20120117,0.48,0.52,0.48,0.52,0,0
20120118,0.52,0.53,0.52,0.52,0,0
20120119,0.52,0.52,0.51,0.51,0,0
20120120,0.51,0.51,0.51,0.51,0,0
20120123,0.51,0.51,0.5,0.5,0,0
20120124,0.51,0.51,0.49,0.5,0,0
20120125,0.5,0.51,0.5,0.5,0,0
20120126,0.51,0.53,0.51,0.52,0,0
20120127,0.52,0.55,0.51,0.54,0,0
20120130,0.54,0.54,0.52,0.53,0,0
20120131,0.54,0.56,0.53,0.54,0,0
20120201,0.55,0.58,0.55,0.57,0,0
20120202,0.58,0.59,0.57,0.58,0,0
20120203,0.58,0.59,0.57,0.58,0,0
20120206,0.57,0.58,0.57,0.58,0,0
20120207,0.58,0.58,0.56,0.57,0,0
20120208,0.57,0.6,0.57,0.58,0,0
20120209,0.6,0.6,0.57,0.57,0,0
20120210,0.57,0.57,0.56,0.56,0,0
20120213,0.56,0.6,0.56,0.59,0,0
20120214,0.59,0.62,0.59,0.6,0,0
20120215,0.61,0.63,0.6,0.63,0,0
20120216,0.63,0.63,0.61,0.63,0,0
20120217,0.63,0.67,0.63,0.66,0,0
20120220,0.67,0.68,0.66,0.68,0,0
20120221,0.68,0.68,0.65,0.66,0,0
20120222,0.65,0.65,0.63,0.64,0,0
20120223,0.64,0.67,0.64,0.64,0,0
20120224,0.64,0.66,0.64,0.65,0,0
20120227,0.66,0.66,0.64,0.64,0,0
20120228,0.64,0.65,0.64,0.64,0,0
20120229,0.65,0.66,0.64,0.64,0,0
20120301,0.63,0.64,0.62,0.62,0,0
20120302,0.63,0.63,0.62,0.62,0,0
20120305,0.62,0.62,0.61,0.61,0,0
20120306,0.61,0.61,0.58,0.58,0,0
20120307,0.57,0.61,0.57,0.61,0,0
20120308,0.62,0.64,0.62,0.63,0,0
20120309,0.64,0.64,0.61,0.62,0,0
20120312,0.61,0.62,0.6,0.61,0,0
20120313,0.61,0.63,0.6,0.61,0,0
20120314,0.61,0.64,0.61,0.64,0,0
20120315,0.64,0.67,0.64,0.65,0,0
20120316,0.66,0.67,0.66,0.66,0,0
20120319,0.67,0.67,0.64,0.65,0,0
20120320,0.64,0.65,0.6,0.61,0,0
20120321,0.6,0.61,0.59,0.59,0,0
20120322,0.59,0.6,0.55,0.55,0,0
20120323,0.56,0.57,0.55,0.57,0,0
20120326,0.58,0.61,0.58,0.61,0,0
20120327,0.63,0.63,0.6,0.61,0,0
20120328,0.61,0.61,0.58,0.59,0,0
20120329,0.59,0.59,0.57,0.58,0,0
20120330,0.59,0.6,0.58,0.59,0,0
20120402,0.6,0.6,0.58,0.58,0,0
20120403,0.59,0.59,0.57,0.58,0,0
20120404,0.58,0.59,0.57,0.57,0,0
20120405,0.57,0.57,0.56,0.57,0,0
20120410,0.57,0.57,0.51,0.51,0,0
20120411,0.52,0.54,0.52,0.54,0,0
20120412,0.53,0.56,0.53,0.56,0,0
20120413,0.56,0.56,0.55,0.55,0,0
20120416,0.54,0.55,0.53,0.54,0,0
20120417,0.54,0.55,0.53,0.55,0,0
20120418,0.55,0.55,0.53,0.53,0,0
20120419,0.53,0.55,0.52,0.53,0,0
20120420,0.52,0.53,0.52,0.52,0,0
20120423,0.54,0.54,0.5,0.52,0,0
20120424,0.52,0.54,0.52,0.54,0,0
20120425,0.54,0.56,0.54,0.55,0,0
20120426,0.56,0.57,0.56,0.56,0,0
20120427,0.56,0.57,0.55,0.56,0,0
20120430,0.57,0.57,0.55,0.56,0,0
20120502,0.56,0.56,0.55,0.56,0,0
20120504,0.55,0.56,0.55,0.56,0,0
20120507,0.55,0.57,0.55,0.57,0,0
20120508,0.57,0.57,0.55,0.56,0,0
20120509,0.55,0.56,0.54,0.56,0,0
20120510,0.56,0.56,0.55,0.56,0,0
20120511,0.56,0.56,0.55,0.56,0,0
20120514,0.56,0.56,0.52,0.52,0,0
20120515,0.53,0.55,0.51,0.53,0,0
20120516,0.51,0.53,0.5,0.51,0,0
20120517,0.5,0.52,0.48,0.49,0,0
20120518,0.47,0.51,0.47,0.5,0,0
20120521,0.5,0.53,0.5,0.53,0,0
20120522,0.53,0.54,0.52,0.53,0,0
20120523,0.52,0.52,0.5,0.52,0,0
20120524,0.51,0.52,0.51,0.52,0,0
20120525,0.52,0.52,0.51,0.52,0,0
20120528,0.52,0.53,0.52,0.52,0,0
20120529,0.52,0.53,0.52,0.53,0,0
20120530,0.51,0.53,0.51,0.52,0,0
20120531,0.52,0.53,0.52,0.53,0,0
20120601,0.52,0.52,0.51,0.51,0,0
20120604,0.51,0.52,0.5,0.51,0,0
20120605,0.51,0.51,0.49,0.5,0,0
20120606,0.5,0.51,0.5,0.51,0,0
20120608,0.51,0.52,0.51,0.52,0,0
20120611,0.52,0.54,0.52,0.53,0,0
20120612,0.52,0.54,0.52,0.54,0,0
20120613,0.54,0.54,0.53,0.54,0,0
20120614,0.54,0.54,0.53,0.53,0,0
20120615,0.54,0.56,0.53,0.54,0,0
20120618,0.56,0.56,0.54,0.56,0,0
20120619,0.55,0.58,0.55,0.58,0,0
20120620,0.58,0.58,0.57,0.57,0,0
20120621,0.57,0.58,0.56,0.57,0,0
20120625,0.56,0.57,0.55,0.55,0,0
20120626,0.55,0.57,0.54,0.56,0,0
20120627,0.57,0.57,0.55,0.56,0,0
20120628,0.55,0.56,0.54,0.55,0,0
20120629,0.55,0.56,0.55,0.56,0,0
20120702,0.56,0.57,0.55,0.56,0,0
20120703,0.56,0.56,0.53,0.55,0,0
20120704,0.55,0.56,0.53,0.55,0,0
20120705,0.54,0.56,0.51,0.56,0,0
20120706,0.54,0.57,0.54,0.57,0,0
20120709,0.56,0.57,0.55,0.57,0,0
20120710,0.56,0.57,0.55,0.55,0,0
20120711,0.55,0.56,0.54,0.54,0,0
20120712,0.54,0.54,0.52,0.52,0,0
20120713,0.52,0.55,0.52,0.54,0,0
20120716,0.54,0.54,0.54,0.54,0,0
20120717,0.54,0.54,0.53,0.53,0,0
20120718,0.54,0.55,0.53,0.55,0,0
20120719,0.54,0.55,0.54,0.54,0,0
20120720,0.54,0.55,0.53,0.55,0,0
20120723,0.53,0.53,0.52,0.52,0,0
20120724,0.52,0.53,0.52,0.52,0,0
20120725,0.51,0.52,0.51,0.52,0,0
20120726,0.52,0.52,0.51,0.51,0,0
20120727,0.51,0.52,0.51,0.51,0,0
20120730,0.51,0.53,0.51,0.52,0,0
20120731,0.52,0.53,0.52,0.52,0,0
20120801,0.52,0.53,0.52,0.53,0,0
20120802,0.52,0.52,0.52,0.52,0,0
20120803,0.52,0.53,0.52,0.53,0,0
20120806,0.53,0.53,0.52,0.53,0,0
20120807,0.53,0.53,0.53,0.53,0,0
20120808,0.53,0.53,0.52,0.53,0,0
20120809,0.53,0.53,0.53,0.53,0,0
20120810,0.53,0.53,0.53,0.53,0,0
20120813,0.53,0.53,0.53,0.53,0,0
20120814,0.53,0.53,0.53,0.53,0,0
20120816,0.53,0.53,0.51,0.52,0,0
20120817,0.52,0.53,0.51,0.52,0,0
20120820,0.51,0.52,0.51,0.52,0,0
20120821,0.52,0.52,0.5,0.52,0,0
20120822,0.51,0.51,0.49,0.5,0,0
20120823,0.5,0.51,0.48,0.51,0,0
20120824,0.51,0.51,0.5,0.5,0,0
20120827,0.5,0.52,0.5,0.51,0,0
20120828,0.51,0.52,0.5,0.51,0,0
20120829,0.51,0.51,0.5,0.51,0,0
20120830,0.51,0.51,0.49,0.49,0,0
20120831,0.49,0.49,0.49,0.49,0,0
20120903,0.49,0.5,0.49,0.5,0,0
20120904,0.5,0.5,0.5,0.5,0,0
20120905,0.5,0.5,0.49,0.5,0,0
20120906,0.5,0.5,0.49,0.5,0,0
20120907,0.51,0.51,0.5,0.51,0,0
20120910,0.51,0.51,0.51,0.51,0,0
20120911,0.51,0.51,0.5,0.51,0,0
20120912,0.51,0.51,0.51,0.51,0,0
20120913,0.51,0.51,0.5,0.5,0,0
20120914,0.51,0.52,0.51,0.51,0,0
20120917,0.5,0.52,0.5,0.51,0,0
20120918,0.51,0.51,0.51,0.51,0,0
20120919,0.51,0.52,0.51,0.52,0,0
20120920,0.52,0.52,0.51,0.51,0,0
20120921,0.51,0.52,0.51,0.51,0,0
20120924,0.51,0.51,0.5,0.51,0,0
20120925,0.51,0.52,0.51,0.52,0,0
20120926,0.51,0.52,0.49,0.49,0,0
20120927,0.5,0.5,0.5,0.5,0,0
20120928,0.5,0.51,0.5,0.5,0,0
20121001,0.51,0.51,0.5,0.51,0,0
20121002,0.51,0.51,0.5,0.51,0,0
20121003,0.51,0.51,0.5,0.51,0,0
20121004,0.51,0.52,0.51,0.52,0,0
20121005,0.52,0.54,0.51,0.54,0,0
20121008,0.54,0.55,0.54,0.55,0,0
20121009,0.55,0.56,0.53,0.53,0,0
20121010,0.53,0.54,0.52,0.54,0,0
20121011,0.53,0.54,0.53,0.53,0,0
20121012,0.54,0.54,0.53,0.53,0,0
20121015,0.53,0.54,0.52,0.52,0,0
20121016,0.52,0.53,0.52,0.53,0,0
20121017,0.54,0.54,0.53,0.53,0,0
20121018,0.53,0.53,0.53,0.53,0,0
20121019,0.53,0.54,0.53,0.54,0,0
20121022,0.54,0.54,0.53,0.54,0,0
20121023,0.54,0.54,0.53,0.54,0,0
20121024,0.53,0.53,0.52,0.52,0,0
20121025,0.53,0.53,0.52,0.53,0,0
20121026,0.52,0.53,0.52,0.53,0,0
20121029,0.52,0.53,0.52,0.52,0,0
20121030,0.53,0.53,0.53,0.53,0,0
20121031,0.53,0.53,0.53,0.53,0,0
20121102,0.53,0.56,0.53,0.55,0,0
20121105,0.55,0.55,0.54,0.55,0,0
20121106,0.55,0.55,0.55,0.55,0,0
20121107,0.55,0.55,0.53,0.53,0,0
20121108,0.53,0.53,0.53,0.53,0,0
20121109,0.53,0.53,0.5,0.52,0,0
20121112,0.51,0.52,0.51,0.52,0,0
20121113,0.52,0.52,0.51,0.52,0,0
20121114,0.53,0.53,0.52,0.52,0,0
20121115,0.52,0.53,0.51,0.53,0,0
20121116,0.52,0.53,0.51,0.52,0,0
20121119,0.52,0.54,0.52,0.54,0,0
20121120,0.54,0.54,0.53,0.53,0,0
20121121,0.53,0.53,0.52,0.52,0,0
20121122,0.52,0.54,0.52,0.53,0,0
20121123,0.53,0.53,0.53,0.53,0,0
20121126,0.53,0.57,0.53,0.57,0,0
20121127,0.57,0.57,0.56,0.56,0,0
20121128,0.56,0.56,0.55,0.56,0,0
20121129,0.56,0.59,0.56,0.58,0,0
20121130,0.58,0.59,0.57,0.59,0,0
20121203,0.59,0.6,0.59,0.6,0,0
20121204,0.6,0.6,0.59,0.6,0,0
20121205,0.6,0.6,0.58,0.58,0,0
20121206,0.57,0.59,0.57,0.58,0,0
20121207,0.59,0.59,0.57,0.58,0,0
20121210,0.58,0.58,0.56,0.58,0,0
20121211,0.58,0.6,0.58,0.6,0,0
20121212,0.6,0.63,0.6,0.62,0,0
20121213,0.63,0.65,0.61,0.65,0,0
20121214,0.65,0.65,0.64,0.64,0,0
20121217,0.64,0.64,0.62,0.63,0,0
20121218,0.63,0.63,0.61,0.62,0,0
20121219,0.62,0.64,0.61,0.63,0,0
20121220,0.64,0.64,0.63,0.64,0,0
20121221,0.63,0.64,0.63,0.64,0,0
20121227,0.64,0.69,0.64,0.68,0,0
20121228,0.67,0.72,0.67,0.71,0,0
20130102,0.71,0.74,0.7,0.74,0,0
20130103,0.74,0.74,0.72,0.72,0,0
20130104,0.7,0.72,0.68,0.69,0,0
20130107,0.69,0.71,0.67,0.68,0,0
20130108,0.69,0.7,0.68,0.69,0,0
20130109,0.68,0.7,0.68,0.69,0,0
20130110,0.7,0.73,0.7,0.72,0,0
20130111,0.73,0.74,0.7,0.71,0,0
20130114,0.72,0.72,0.7,0.72,0,0
20130115,0.72,0.73,0.69,0.73,0,0
20130116,0.76,0.76,0.75,0.75,0,0
20130117,0.77,0.77,0.74,0.74,0,0
20130118,0.74,0.75,0.73,0.75,0,0
20130121,0.75,0.75,0.74,0.74,0,0
20130122,0.75,0.75,0.72,0.72,0,0
20130123,0.71,0.72,0.71,0.71,0,0
20130124,0.71,0.73,0.71,0.72,0,0
20130125,0.72,0.73,0.72,0.72,0,0
20130128,0.73,0.73,0.71,0.73,0,0
20130129,0.73,0.75,0.73,0.73,0,0
20130130,0.75,0.77,0.75,0.76,0,0
20130131,0.75,0.77,0.75,0.75,0,0
20130201,0.76,0.76,0.75,0.75,0,0
20130204,0.75,0.76,0.75,0.76,0,0
20130205,0.75,0.75,0.74,0.75,0,0
20130206,0.74,0.75,0.72,0.74,0,0
20130207,0.73,0.74,0.73,0.73,0,0
20130208,0.74,0.75,0.73,0.74,0,0
20130211,0.74,0.75,0.74,0.75,0,0
20130212,0.75,0.75,0.73,0.74,0,0
20130213,0.74,0.74,0.73,0.74,0,0
20130214,0.74,0.74,0.73,0.74,0,0
20130215,0.74,0.75,0.73,0.74,0,0
20130218,0.74,0.78,0.74,0.77,0,0
20130219,0.77,0.8,0.77,0.8,0,0
20130220,0.81,0.82,0.78,0.79,0,0
20130221,0.77,0.78,0.76,0.77,0,0
20130222,0.77,0.78,0.77,0.78,0,0
20130225,0.78,0.8,0.78,0.78,0,0
20130226,0.78,0.78,0.77,0.77,0,0
20130227,0.78,0.79,0.77,0.78,0,0
20130228,0.79,0.79,0.77,0.77,0,0
20130301,0.77,0.78,0.76,0.77,0,0
20130304,0.77,0.77,0.76,0.77,0,0
20130305,0.77,0.78,0.76,0.78,0,0
20130306,0.78,0.8,0.78,0.79,0,0
20130307,0.79,0.8,0.78,0.8,0,0
20130308,0.79,0.81,0.78,0.8,0,0
20130311,0.8,0.8,0.79,0.8,0,0
20130312,0.79,0.83,0.79,0.82,0,0
20130313,0.82,0.82,0.79,0.81,0,0
20130314,0.81,0.83,0.8,0.83,0,0
20130315,0.83,0.83,0.82,0.83,0,0
20130318,0.82,0.82,0.8,0.82,0,0
20130319,0.82,0.82,0.8,0.82,0,0
20130320,0.81,0.82,0.81,0.82,0,0
20130321,0.82,0.82,0.77,0.79,0,0
20130322,0.78,0.78,0.76,0.76,0,0
20130325,0.75,0.76,0.72,0.73,0,0
20130326,0.71,0.71,0.69,0.71,0,0
20130327,0.7,0.73,0.7,0.71,0,0
20130328,0.73,0.73,0.72,0.72,0,0
20130402,0.72,0.74,0.72,0.74,0,0
20130403,0.73,0.73,0.71,0.73,0,0
20130404,0.71,0.73,0.71,0.72,0,0
20130405,0.72,0.73,0.72,0.72,0,0
20130408,0.72,0.74,0.72,0.73,0,0
20130409,0.73,0.75,0.73,0.74,0,0
20130410,0.74,0.76,0.74,0.75,0,0
20130411,0.74,0.76,0.74,0.76,0,0
20130412,0.76,0.79,0.76,0.77,0,0
20130415,0.77,0.79,0.76,0.77,0,0
20130417,0.77,0.77,0.72,0.73,0,0
20130418,0.72,0.74,0.72,0.73,0,0
20130419,0.74,0.74,0.73,0.74,0,0
20130422,0.73,0.74,0.72,0.73,0,0
20130423,0.73,0.73,0.71,0.72,0,0
20130424,0.71,0.73,0.71,0.73,0,0
20130425,0.72,0.73,0.71,0.73,0,0
20130426,0.71,0.74,0.71,0.74,0,0
20130429,0.74,0.75,0.72,0.75,0,0
20130430,0.74,0.76,0.74,0.75,0,0
20130502,0.76,0.79,0.74,0.76,0,0
20130506,0.76,0.79,0.76,0.78,0,0
20130507,0.78,0.78,0.78,0.78,0,0
20130508,0.78,0.78,0.77,0.78,0,0
20130509,0.78,0.8,0.78,0.79,0,0
20130510,0.79,0.79,0.78,0.78,0,0
20130513,0.78,0.78,0.75,0.77,0,0
20130514,0.77,0.8,0.76,0.8,0,0
20130515,0.79,0.82,0.79,0.8,0,0
20130516,0.8,0.84,0.79,0.83,0,0
20130517,0.84,0.84,0.82,0.82,0,0
20130520,0.84,0.84,0.82,0.84,0,0
20130521,0.84,0.84,0.82,0.83,0,0
20130522,0.82,0.84,0.81,0.81,0,0
20130523,0.78,0.79,0.77,0.79,0,0
20130524,0.78,0.82,0.78,0.82,0,0
20130527,0.82,0.84,0.81,0.84,0,0
20130528,0.84,0.85,0.83,0.83,0,0
20130529,0.84,0.84,0.81,0.84,0,0
20130531,0.84,0.84,0.82,0.84,0,0
20130603,0.82,0.83,0.81,0.83,0,0
20130604,0.83,0.83,0.81,0.83,0,0
20130605,0.82,0.84,0.82,0.84,0,0
20130606,0.83,0.85,0.83,0.84,0,0
20130607,0.84,0.84,0.82,0.82,0,0
20130610,0.82,0.83,0.81,0.83,0,0
20130611,0.84,0.85,0.81,0.84,0,0
20130612,0.83,0.9,0.83,0.88,0,0
20130613,0.88,0.89,0.86,0.88,0,0
20130614,0.87,0.88,0.86,0.86,0,0
20130617,0.86,0.87,0.86,0.86,0,0
20130618,0.86,0.86,0.85,0.85,0,0
20130619,0.85,0.86,0.84,0.85,0,0
20130620,0.84,0.84,0.8,0.82,0,0
20130621,0.8,0.82,0.78,0.82,0,0
20130624,0.78,0.8,0.78,0.8,0,0
20130625,0.8,0.83,0.79,0.83,0,0
20130626,0.82,0.83,0.79,0.81,0,0
20130627,0.81,0.83,0.81,0.81,0,0
20130628,0.81,0.81,0.8,0.8,0,0
20130701,0.8,0.85,0.8,0.85,0,0
20130702,0.85,0.86,0.84,0.86,0,0
20130703,0.85,0.86,0.81,0.86,0,0
20130704,0.86,0.88,0.85,0.88,0,0
20130705,0.88,0.88,0.86,0.88,0,0
20130708,0.87,0.87,0.84,0.87,0,0
20130709,0.86,0.86,0.84,0.86,0,0
20130710,0.85,0.87,0.85,0.86,0,0
20130711,0.87,0.87,0.86,0.87,0,0
20130712,0.88,0.89,0.87,0.88,0,0
20130715,0.87,0.88,0.87,0.88,0,0
20130716,0.87,0.88,0.86,0.88,0,0
20130717,0.88,0.88,0.86,0.87,0,0
20130718,0.88,0.88,0.86,0.87,0,0
20130719,0.87,0.87,0.86,0.87,0,0
20130722,0.86,0.88,0.86,0.88,0,0
20130723,0.88,0.88,0.87,0.88,0,0
20130724,0.87,0.89,0.87,0.88,0,0
20130725,0.89,0.89,0.87,0.88,0,0
20130726,0.88,0.88,0.87,0.88,0,0
20130729,0.87,0.88,0.87,0.88,0,0
20130730,0.88,0.88,0.87,0.88,0,0
20130731,0.88,0.89,0.87,0.89,0,0
20130801,0.89,0.91,0.89,0.91,0,0
20130802,0.91,0.93,0.9,0.9,0,0
20130805,0.9,0.91,0.9,0.91,0,0
20130806,0.91,0.91,0.9,0.9,0,0
20130807,0.9,0.91,0.89,0.89,0,0
20130808,0.91,0.93,0.91,0.92,0,0
20130809,0.93,0.95,0.92,0.95,0,0
20130812,0.95,0.95,0.94,0.95,0,0
20130813,0.95,0.95,0.92,0.95,0,0
20130814,0.94,0.95,0.93,0.94,0,0
20130816,0.93,0.94,0.92,0.92,0,0
20130819,0.92,0.93,0.9,0.92,0,0
20130820,0.92,0.93,0.89,0.93,0,0
20130821,0.93,0.96,0.93,0.96,0,0
20130822,0.96,0.96,0.95,0.95,0,0
20130823,0.95,0.96,0.94,0.95,0,0
20130826,0.95,0.98,0.95,0.98,0,0
20130827,0.98,0.98,0.95,0.95,0,0
20130828,0.94,0.95,0.93,0.95,0,0
20130829,0.98,0.98,0.95,0.95,0,0
20130830,0.97,0.98,0.96,0.97,0,0
20130902,0.97,1.01,0.87,0.87,0,0
20130903,0.87,0.9,0.87,0.9,0,0
20130904,0.9,0.9,0.87,0.87,0,0
20130905,0.87,0.87,0.8,0.84,0,0
20130906,0.84,0.86,0.82,0.86,0,0
20130909,0.87,0.89,0.87,0.89,0,0
20130910,0.9,0.92,0.9,0.92,0,0
20130911,0.92,0.92,0.9,0.92,0,0
20130912,0.93,0.95,0.92,0.93,0,0
20130913,0.93,0.94,0.93,0.93,0,0
20130916,0.93,0.94,0.91,0.91,0,0
20130917,0.92,0.92,0.91,0.92,0,0
20130918,0.92,0.93,0.92,0.93,0,0
20130919,0.94,0.96,0.94,0.95,0,0
20130920,0.95,0.95,0.91,0.93,0,0
20130923,0.93,0.93,0.9,0.9,0,0
20130924,0.9,0.92,0.9,0.91,0,0
20130925,0.91,0.94,0.9,0.94,0,0
20130926,0.94,0.95,0.93,0.95,0,0
20130927,0.95,0.95,0.93,0.94,0,0
20130930,0.94,0.94,0.92,0.94,0,0
20131001,0.95,0.95,0.93,0.94,0,0
20131002,0.95,0.95,0.93,0.93,0,0
20131003,0.96,0.96,0.93,0.95,0,0
20131004,0.95,0.96,0.95,0.95,0,0
20131007,0.95,0.95,0.94,0.95,0,0
20131008,0.95,0.95,0.94,0.95,0,0
20131009,0.95,0.95,0.94,0.94,0,0
20131010,0.94,0.95,0.94,0.94,0,0
20131011,0.95,0.95,0.94,0.94,0,0
20131014,0.94,0.94,0.91,0.91,0,0
20131015,0.91,0.92,0.91,0.91,0,0
20131016,0.92,0.93,0.89,0.92,0,0
20131017,0.92,0.96,0.92,0.95,0,0
20131018,0.95,0.95,0.92,0.95,0,0
20131021,0.95,0.97,0.95,0.97,0,0
20131022,0.97,0.98,0.95,0.96,0,0
20131023,0.95,0.95,0.95,0.95,0,0
20131024,0.95,0.95,0.94,0.94,0,0
20131025,0.94,0.95,0.94,0.94,0,0
20131028,0.95,0.95,0.93,0.93,0,0
20131029,0.93,0.93,0.92,0.93,0,0
20131030,0.93,0.94,0.92,0.93,0,0
20131031,0.93,0.94,0.93,0.93,0,0
20131104,0.92,0.94,0.92,0.93,0,0
20131105,0.94,0.95,0.93,0.93,0,0
20131106,0.94,0.95,0.94,0.94,0,0
20131107,0.94,0.94,0.93,0.93,0,0
20131108,0.92,0.94,0.92,0.94,0,0
20131112,0.95,0.99,0.95,0.96,0,0
20131113,0.96,0.97,0.94,0.96,0,0
20131114,0.97,0.98,0.93,0.95,0,0
20131115,0.94,0.96,0.94,0.96,0,0
20131118,0.96,0.98,0.87,0.87,0,0
20131119,0.87,0.88,0.86,0.87,0,0
20131120,0.86,0.87,0.85,0.86,0,0
20131121,0.85,0.86,0.85,0.85,0,0
20131122,0.85,0.86,0.85,0.85,0,0
20131125,0.85,0.86,0.85,0.86,0,0
20131126,0.86,0.86,0.85,0.85,0,0
20131127,0.85,0.86,0.85,0.86,0,0
20131128,0.86,0.86,0.84,0.84,0,0
20131129,0.84,0.84,0.84,0.84,0,0
20131202,0.83,0.87,0.83,0.86,0,0
20131203,0.86,0.86,0.83,0.84,0,0
20131204,0.84,0.84,0.81,0.83,0,0
20131205,0.81,0.83,0.81,0.82,0,0
20131206,0.81,0.83,0.81,0.83,0,0
20131209,0.83,0.84,0.83,0.83,0,0
20131210,0.83,0.83,0.81,0.83,0,0
20131211,0.84,0.84,0.81,0.83,0,0
20131212,0.82,0.82,0.78,0.8,0,0
20131213,0.79,0.81,0.79,0.79,0,0
20131216,0.79,0.79,0.77,0.78,0,0
20131217,0.77,0.78,0.74,0.75,0,0
20131218,0.74,0.76,0.74,0.76,0,0
20131219,0.79,0.8,0.76,0.78,0,0
20131220,0.78,0.78,0.76,0.76,0,0
20131223,0.77,0.79,0.76,0.78,0,0
20131227,0.79,0.81,0.79,0.81,0,0
20131230,0.8,0.81,0.79,0.8,0,0
20140102,0.81,0.82,0.81,0.82,0,0
20140103,0.81,0.82,0.8,0.81,0,0
20140107,0.81,0.81,0.78,0.79,0,0
20140108,0.78,0.79,0.76,0.77,0,0
20140109,0.77,0.77,0.76,0.76,0,0
20140110,0.76,0.76,0.72,0.76,0,0
20140113,0.76,0.77,0.76,0.77,0,0
20140114,0.76,0.77,0.76,0.77,0,0
20140115,0.77,0.79,0.77,0.77,0,0
20140116,0.78,0.79,0.77,0.77,0,0
20140117,0.78,0.78,0.77,0.77,0,0
20140120,0.77,0.78,0.77,0.77,0,0
20140121,0.77,0.78,0.77,0.78,0,0
20140122,0.78,0.79,0.77,0.78,0,0
20140123,0.79,0.79,0.77,0.78,0,0
20140124,0.77,0.78,0.76,0.77,0,0
20140127,0.76,0.8,0.74,0.77,0,0
20140128,0.78,0.81,0.78,0.81,0,0
20140129,0.82,0.83,0.8,0.8,0,0
20140130,0.8,0.82,0.79,0.82,0,0
20140131,0.83,0.83,0.8,0.81,0,0
20140203,0.82,0.83,0.82,0.83,0,0
20140204,0.81,0.82,0.81,0.81,0,0
20140205,0.81,0.83,0.81,0.82,0,0
20140206,0.82,0.87,0.82,0.87,0,0
20140207,0.87,0.87,0.85,0.86,0,0
20140210,0.86,0.87,0.85,0.85,0,0
20140211,0.86,0.88,0.85,0.87,0,0
20140212,0.88,0.88,0.86,0.87,0,0
20140213,0.86,0.87,0.85,0.86,0,0
20140214,0.87,0.88,0.86,0.86,0,0
20140217,0.86,0.92,0.86,0.9,0,0
20140218,0.91,0.91,0.9,0.91,0,0
20140219,0.92,0.92,0.91,0.91,0,0
20140220,0.91,0.91,0.89,0.89,0,0
20140221,0.89,0.91,0.89,0.89,0,0
20140224,0.91,0.91,0.89,0.89,0,0
20140225,0.9,0.9,0.89,0.89,0,0
20140226,0.89,0.9,0.86,0.86,0,0
20140227,0.85,0.86,0.82,0.84,0,0
20140228,0.85,0.85,0.83,0.83,0,0
20140303,0.78,0.81,0.72,0.74,0,0
20140304,0.78,0.81,0.74,0.8,0,0
20140305,0.81,0.83,0.8,0.8,0,0
20140306,0.8,0.82,0.8,0.8,0,0
20140307,0.8,0.81,0.79,0.79,0,0
20140310,0.79,0.79,0.78,0.78,0,0
20140311,0.78,0.79,0.76,0.78,0,0
20140312,0.75,0.78,0.75,0.76,0,0
20140313,0.76,0.77,0.74,0.75,0,0
20140314,0.74,0.74,0.69,0.69,0,0
20140317,0.69,0.73,0.69,0.72,0,0
20140318,0.74,0.77,0.73,0.75,0,0
20140319,0.76,0.82,0.75,0.81,0,0
20140320,0.8,0.81,0.8,0.8,0,0
20140321,0.8,0.8,0.78,0.78,0,0
20140324,0.78,0.78,0.76,0.77,0,0
20140325,0.77,0.8,0.76,0.8,0,0
20140326,0.8,0.81,0.78,0.78,0,0
20140327,0.78,0.79,0.77,0.78,0,0
20140328,0.78,0.78,0.77,0.77,0,0
20140331,0.77,0.77,0.76,0.77,0,0
20140401,0.76,0.77,0.76,0.77,0,0
20140402,0.78,0.79,0.77,0.79,0,0
20140403,0.79,0.8,0.78,0.78,0,0
20140404,0.79,0.79,0.77,0.79,0,0
20140407,0.77,0.78,0.75,0.77,0,0
20140408,0.76,0.77,0.74,0.76,0,0
20140409,0.76,0.79,0.76,0.79,0,0
20140410,0.8,0.81,0.79,0.81,0,0
20140411,0.8,0.81,0.79,0.8,0,0
20140414,0.8,0.8,0.77,0.78,0,0
20140415,0.77,0.79,0.77,0.77,0,0
20140416,0.77,0.78,0.75,0.75,0,0
20140417,0.76,0.77,0.75,0.76,0,0
20140422,0.77,0.78,0.77,0.77,0,0
20140423,0.78,0.78,0.77,0.77,0,0
20140424,0.77,0.77,0.77,0.77,0,0
20140425,0.77,0.77,0.76,0.77,0,0
20140428,0.76,0.76,0.75,0.76,0,0
20140429,0.75,0.76,0.74,0.74,0,0
20140430,0.74,0.74,0.72,0.73,0,0
20140502,0.74,0.74,0.72,0.74,0,0
20140505,0.74,0.74,0.72,0.73,0,0
20140506,0.73,0.74,0.7,0.73,0,0
20140507,0.73,0.73,0.7,0.71,0,0
20140508,0.71,0.73,0.71,0.73,0,0
20140509,0.73,0.73,0.72,0.72,0,0
20140512,0.71,0.72,0.71,0.72,0,0
20140513,0.76,0.78,0.76,0.78,0,0
20140514,0.78,0.79,0.69,0.69,0,0
20140515,0.68,0.7,0.68,0.69,0,0
20140516,0.69,0.7,0.69,0.69,0,0
20140519,0.69,0.71,0.69,0.71,0,0
20140520,0.71,0.71,0.7,0.71,0,0
20140521,0.7,0.7,0.69,0.69,0,0
20140522,0.7,0.71,0.69,0.7,0,0
20140523,0.7,0.7,0.69,0.69,0,0
20140526,0.69,0.69,0.68,0.69,0,0
20140527,0.69,0.69,0.67,0.67,0,0
20140528,0.68,0.69,0.67,0.69,0,0
20140529,0.7,0.7,0.69,0.69,0,0
20140530,0.68,0.7,0.68,0.7,0,0
20140602,0.7,0.7,0.69,0.7,0,0
20140603,0.7,0.7,0.69,0.69,0,0
20140604,0.69,0.69,0.69,0.69,0,0
20140605,0.69,0.7,0.69,0.7,0,0
20140606,0.7,0.7,0.69,0.69,0,0
20140609,0.69,0.71,0.69,0.7,0,0
20140610,0.73,0.73,0.73,0.73,0,0
20140611,0.74,0.74,0.72,0.72,0,0
20140612,0.73,0.73,0.72,0.72,0,0
20140613,0.72,0.72,0.7,0.7,0,0
20140616,0.69,0.7,0.69,0.7,0,0
20140617,0.7,0.71,0.7,0.71,0,0
20140618,0.71,0.71,0.69,0.7,0,0
20140620,0.7,0.71,0.69,0.71,0,0
20140623,0.7,0.71,0.7,0.71,0,0
20140624,0.7,0.71,0.7,0.71,0,0
20140625,0.7,0.71,0.7,0.71,0,0
20140626,0.71,0.71,0.7,0.7,0,0
20140627,0.7,0.7,0.68,0.69,0,0
20140630,0.7,0.7,0.68,0.68,0,0
20140701,0.68,0.68,0.66,0.68,0,0
20140702,0.68,0.69,0.67,0.68,0,0
20140703,0.68,0.68,0.67,0.68,0,0
20140704,0.68,0.69,0.66,0.69,0,0
20140707,0.69,0.7,0.69,0.69,0,0
20140708,0.7,0.7,0.68,0.7,0,0
20140709,0.7,0.7,0.69,0.69,0,0
20140710,0.69,0.7,0.69,0.7,0,0
20140711,0.7,0.71,0.7,0.71,0,0
20140714,0.72,0.73,0.72,0.72,0,0
20140715,0.72,0.72,0.71,0.71,0,0
20140716,0.72,0.72,0.71,0.71,0,0
20140717,0.7,0.71,0.7,0.7,0,0
20140718,0.7,0.7,0.69,0.7,0,0
20140721,0.7,0.7,0.68,0.68,0,0
20140722,0.68,0.68,0.67,0.67,0,0
20140723,0.68,0.68,0.68,0.68,0,0
20140724,0.68,0.69,0.68,0.69,0,0
20140725,0.69,0.69,0.67,0.68,0,0
20140728,0.67,0.68,0.67,0.67,0,0
20140729,0.67,0.68,0.67,0.67,0,0
20140730,0.67,0.67,0.66,0.66,0,0
20140731,0.66,0.68,0.66,0.68,0,0
20140801,0.67,0.67,0.67,0.67,0,0
20140804,0.67,0.67,0.66,0.67,0,0
20140805,0.67,0.67,0.65,0.65,0,0
20140806,0.64,0.65,0.63,0.64,0,0
20140807,0.64,0.66,0.63,0.63,0,0
20140808,0.63,0.63,0.61,0.62,0,0
20140811,0.63,0.64,0.63,0.64,0,0
20140812,0.64,0.64,0.63,0.63,0,0
20140813,0.64,0.64,0.62,0.62,0,0
20140814,0.63,0.64,0.62,0.63,0,0
20140818,0.64,0.66,0.63,0.66,0,0
20140819,0.66,0.67,0.65,0.65,0,0
20140820,0.66,0.66,0.65,0.66,0,0
20140821,0.66,0.67,0.66,0.66,0,0
20140822,0.67,0.67,0.67,0.67,0,0
20140825,0.66,0.67,0.66,0.66,0,0
20140826,0.66,0.68,0.66,0.68,0,0
20140827,0.68,0.69,0.68,0.69,0,0
20140828,0.7,0.7,0.65,0.67,0,0
20140829,0.66,0.68,0.66,0.67,0,0
20140901,0.68,0.69,0.67,0.68,0,0
20140902,0.69,0.69,0.62,0.62,0,0
20140903,0.62,0.64,0.61,0.64,0,0
20140904,0.64,0.64,0.63,0.64,0,0
20140905,0.64,0.67,0.63,0.67,0,0
20140908,0.67,0.67,0.65,0.65,0,0
20140909,0.65,0.67,0.63,0.63,0,0
20140910,0.63,0.64,0.63,0.63,0,0
20140911,0.64,0.64,0.63,0.63,0,0
20140912,0.64,0.65,0.63,0.65,0,0
20140915,0.65,0.65,0.64,0.65,0,0
20140916,0.65,0.65,0.63,0.65,0,0
20140917,0.65,0.67,0.65,0.66,0,0
20140918,0.67,0.67,0.64,0.65,0,0
20140919,0.66,0.66,0.65,0.65,0,0
20140922,0.66,0.66,0.65,0.66,0,0
20140923,0.66,0.66,0.65,0.65,0,0
20140924,0.65,0.66,0.65,0.66,0,0
20140925,0.66,0.69,0.66,0.68,0,0
20140926,0.68,0.68,0.67,0.67,0,0
20140929,0.68,0.69,0.67,0.68,0,0
20140930,0.68,0.69,0.68,0.69,0,0
20141001,0.69,0.69,0.68,0.68,0,0
20141002,0.68,0.68,0.67,0.67,0,0
20141003,0.67,0.68,0.67,0.67,0,0
20141006,0.67,0.68,0.67,0.67,0,0
20141007,0.67,0.68,0.67,0.68,0,0
20141008,0.67,0.67,0.66,0.66,0,0
20141009,0.67,0.68,0.67,0.67,0,0
20141010,0.66,0.67,0.64,0.64,0,0
20141013,0.64,0.65,0.64,0.65,0,0
20141014,0.64,0.67,0.64,0.67,0,0
20141015,0.67,0.67,0.65,0.65,0,0
20141016,0.65,0.65,0.63,0.64,0,0
20141017,0.64,0.65,0.64,0.65,0,0
20141020,0.66,0.66,0.66,0.66,0,0
20141021,0.65,0.66,0.64,0.65,0,0
20141022,0.65,0.65,0.65,0.65,0,0
20141023,0.64,0.65,0.64,0.64,0,0
20141024,0.65,0.65,0.64,0.64,0,0
20141027,0.64,0.64,0.64,0.64,0,0
20141028,0.65,0.65,0.64,0.65,0,0
20141029,0.64,0.65,0.64,0.64,0,0
20141030,0.65,0.65,0.64,0.65,0,0
20141031,0.65,0.65,0.64,0.64,0,0
20141103,0.65,0.65,0.64,0.65,0,0
20141104,0.65,0.65,0.65,0.65,0,0
20141105,0.65,0.66,0.65,0.66,0,0
20141106,0.66,0.66,0.63,0.63,0,0
20141107,0.63,0.64,0.63,0.63,0,0
20141110,0.63,0.63,0.63,0.63,0,0
20141112,0.63,0.63,0.6,0.6,0,0
20141113,0.6,0.62,0.6,0.61,0,0
20141114,0.61,0.63,0.61,0.63,0,0
20141117,0.62,0.63,0.61,0.63,0,0
20141118,0.62,0.63,0.62,0.62,0,0
20141119,0.62,0.62,0.62,0.62,0,0
20141120,0.62,0.62,0.62,0.62,0,0
20141121,0.63,0.63,0.62,0.62,0,0
20141124,0.61,0.63,0.61,0.63,0,0
20141125,0.63,0.64,0.63,0.64,0,0
20141126,0.64,0.65,0.64,0.65,0,0
20141127,0.65,0.65,0.64,0.65,0,0
20141128,0.64,0.65,0.63,0.64,0,0
20141201,0.64,0.64,0.63,0.64,0,0
20141202,0.63,0.64,0.63,0.63,0,0
20141203,0.64,0.64,0.63,0.64,0,0
20141204,0.63,0.64,0.63,0.64,0,0
20141205,0.64,0.64,0.63,0.64,0,0
20141208,0.63,0.64,0.63,0.63,0,0
20141209,0.63,0.63,0.63,0.63,0,0
20141210,0.63,0.63,0.63,0.63,0,0
20141211,0.63,0.63,0.62,0.63,0,0
20141212,0.63,0.63,0.62,0.63,0,0
20141215,0.63,0.63,0.62,0.62,0,0
20141216,0.61,0.62,0.59,0.59,0,0
20141217,0.59,0.6,0.59,0.6,0,0
20141218,0.6,0.62,0.6,0.62,0,0
20141219,0.62,0.63,0.62,0.62,0,0
20141222,0.62,0.62,0.61,0.62,0,0
20141223,0.61,0.62,0.6,0.62,0,0
20141229,0.61,0.62,0.61,0.62,0,0
20141230,0.61,0.64,0.61,0.64,0,0
