Date,Open,High,Low,Close,Volume,OpenInt
20070813,55,55,55,55,0,0
20070814,54.3,54.3,54.3,54.3,0,0
20070816,51.7,51.7,51.7,51.7,0,0
20070817,51,51,51,51,0,0
20070820,52.5,52.5,52.5,52.5,0,0
20070821,50,50,50,50,0,0
20070822,49.6,49.6,49.6,49.6,0,0
20070823,50.3,50.3,50.3,50.3,0,0
20070824,50.1,50.1,50.1,50.1,0,0
20070827,50.7,50.7,50.7,50.7,0,0
20070828,50.7,50.7,50.7,50.7,0,0
20070829,50.7,50.7,50.7,50.7,0,0
20070830,53.9,53.9,53.9,53.9,0,0
20070831,57.3,57.3,57.3,57.3,0,0
20070903,57.8,57.8,57.8,57.8,0,0
20070904,57.8,57.8,57.8,57.8,0,0
20070905,55.7,55.7,55.7,55.7,0,0
20070906,57.2,57.2,57.2,57.2,0,0
20070907,57.2,57.2,57.2,57.2,0,0
20070910,57.3,57.3,57.3,57.3,0,0
20070911,59.3,59.3,59.3,59.3,0,0
20070912,60.8,60.8,60.8,60.8,0,0
20070913,62.2,62.2,62.2,62.2,0,0
20070914,61.7,61.7,61.7,61.7,0,0
20070917,61.2,61.2,61.2,61.2,0,0
20070918,62,62,62,62,0,0
20070919,61.5,61.5,61.5,61.5,0,0
20070920,60.8,60.8,60.8,60.8,0,0
20070921,60.8,60.8,60.8,60.8,0,0
20070924,60.8,60.8,60.8,60.8,0,0
20070925,59.3,59.3,59.3,59.3,0,0
20070926,57.9,57.9,57.9,57.9,0,0
20070927,59.6,59.6,59.6,59.6,0,0
20070928,61.2,61.2,61.2,61.2,0,0
20071001,58.6,58.6,58.6,58.6,0,0
20071002,57.9,57.9,57.9,57.9,0,0
20071003,59,59,59,59,0,0
20071004,59,59,59,59,0,0
20071005,57.9,57.9,57.9,57.9,0,0
20071008,60.1,60.1,60.1,60.1,0,0
20071009,63,63,63,63,0,0
20071010,65.8,65.8,65.8,65.8,0,0
20071011,66.7,66.7,66.7,66.7,0,0
20071012,66.6,66.6,66.6,66.6,0,0
20071015,67.3,67.3,67.3,67.3,0,0
20071016,65.4,65.4,65.4,65.4,0,0
20071017,67.7,67.7,67.7,67.7,0,0
20071018,65.5,65.5,65.5,65.5,0,0
20071019,65.1,65.1,65.1,65.1,0,0
20071022,66.9,66.9,66.9,66.9,0,0
20071023,66.6,66.6,66.6,66.6,0,0
20071024,66.9,66.9,66.9,66.9,0,0
20071025,66.9,66.9,66.9,66.9,0,0
20071026,66.6,66.6,66.6,66.6,0,0
20071029,66.6,66.6,66.6,66.6,0,0
20071030,63.5,63.5,63.5,63.5,0,0
20071031,64.4,64.4,64.4,64.4,0,0
20071102,64.4,64.4,64.4,64.4,0,0
20071105,66.2,66.2,66.2,66.2,0,0
20071106,51.6,51.6,51.6,51.6,0,0
20071107,51.6,51.6,51.6,51.6,0,0
20071108,51.5,51.5,51.5,51.5,0,0
20071109,51.3,51.3,49,49,0,0
20071112,49,49.8,49,49.6,0,0
20071113,49,50.2,49,50.1,0,0
20071114,50.7,50.7,50.4,50.4,0,0
20071115,51.2,51.2,49.5,49.6,0,0
20071116,49.6,50.2,49.3,50.1,0,0
20071119,49,51.6,49,51.6,0,0
20071120,49.5,51.3,49.5,51.3,0,0
20071121,51.5,51.5,50.7,50.7,0,0
20071122,50.7,50.7,49,49.1,0,0
20071123,50.6,50.6,49.3,50.4,0,0
20071126,50.4,50.4,48.6,48.6,0,0
20071127,48.6,48.6,46.4,48.6,0,0
20071128,48.7,48.7,48.3,48.3,0,0
20071129,48.2,49,46.7,46.8,0,0
20071130,46.8,46.8,46.8,46.8,0,0
20071203,46.7,46.7,46.7,46.7,0,0
20071204,46.8,50.1,45.6,50.1,0,0
20071205,50.7,50.7,50.7,50.7,0,0
20071206,50.7,50.7,46.7,49,0,0
20071207,49,49,47.9,47.9,0,0
20071210,48.2,48.2,47.3,47.3,0,0
20071211,47.6,47.6,47.6,47.6,0,0
20071212,47.6,47.6,47.6,47.6,0,0
20071213,47.6,47.6,45.6,46.8,0,0
20071214,47,47.9,45.9,46.3,0,0
20071217,46.2,47.1,45.1,45.4,0,0
20071218,45.1,45.1,44.8,45.1,0,0
20071219,43.4,44.8,43.4,44.7,0,0
20071220,43.4,43.7,43.4,43.7,0,0
20071221,43.5,43.6,42.8,42.8,0,0
20071227,45,47.3,44.5,47.3,0,0
20071228,45,50.7,45,50.7,0,0
20080102,50.7,50.7,46.8,49,0,0
20080103,47.2,47.3,45,47.3,0,0
20080104,46.8,47.4,46.5,46.5,0,0
20080107,46.8,46.8,46.8,46.8,0,0
20080108,46.8,46.8,46.8,46.8,0,0
20080109,46.5,46.5,44.8,44.8,0,0
20080110,45.1,45.1,43,43,0,0
20080111,45.1,45.7,45.1,45.6,0,0
20080114,44.2,44.2,44.2,44.2,0,0
20080115,43.1,43.1,42.8,42.9,0,0
20080116,40.9,40.9,39.2,39.4,0,0
20080117,41.4,45.1,41.4,45.1,0,0
20080118,43.4,43.5,42.3,42.3,0,0
20080121,42.3,42.3,40.9,40.9,0,0
20080122,40,40.3,40,40.3,0,0
20080123,42,42,40,40,0,0
20080124,40.3,40.3,40,40,0,0
20080125,42,42,40.5,41.7,0,0
20080129,41.5,44.3,41.5,44.3,0,0
20080130,44.3,44.3,42.3,42.3,0,0
20080131,41.1,41.1,41.1,41.1,0,0
20080201,41.7,44.5,41.7,44.5,0,0
20080204,44.5,44.5,42.9,42.9,0,0
20080205,42.7,42.9,42.5,42.5,0,0
20080206,40.7,43.9,40.7,43.8,0,0
20080207,42.2,43.8,41.1,43.8,0,0
20080211,43.8,43.8,43.8,43.8,0,0
20080213,41.8,41.9,41.8,41.9,0,0
20080214,43.8,43.8,42.3,43.8,0,0
20080215,43.8,43.8,43.8,43.8,0,0
20080218,42.3,43.8,41.9,43.8,0,0
20080219,42.4,44,42,42.8,0,0
20080220,44,44,43.9,43.9,0,0
20080221,42,44,42,44,0,0
20080222,42.9,43.5,42.9,43.4,0,0
20080226,42.3,43.8,42.3,43.8,0,0
20080227,43.8,43.8,41.8,41.9,0,0
20080228,42.3,42.3,41.4,41.4,0,0
20080229,43.1,43.4,37.5,41.1,0,0
20080303,41.1,41.1,39.4,40.6,0,0
20080305,40.5,41.7,40.5,41.7,0,0
20080307,41.7,42.7,39.7,42.7,0,0
20080310,43.1,44.5,43.1,44.5,0,0
20080311,44.8,45.9,44.8,44.8,0,0
20080312,44.9,45.6,44.8,45.6,0,0
20080313,44.8,45.6,44.8,44.8,0,0
20080314,46.7,47.7,46.1,47.7,0,0
20080317,47.3,49,47.2,49,0,0
20080318,47.8,49.2,47.2,49.2,0,0
20080319,48.9,48.9,48.9,48.9,0,0
20080320,47.6,49.5,47.5,49.5,0,0
20080325,48.7,50.1,48.7,50,0,0
20080326,50,50.9,50,50.9,0,0
20080327,50.8,50.9,50.3,50.3,0,0
20080328,50.6,51.2,50,51.2,0,0
20080331,52.8,52.8,52.8,52.8,0,0
20080401,54.9,57.2,54.9,57.2,0,0
20080402,57.2,58.2,57.1,58.2,0,0
20080403,57.4,57.5,57.4,57.4,0,0
20080404,57.1,57.1,57.1,57.1,0,0
20080407,57.1,57.3,57,57.1,0,0
20080408,56.8,57,53.2,57,0,0
20080409,57,64,57,61.4,0,0
20080410,61.2,65.6,61.2,62.8,0,0
20080411,62.8,65.1,62.8,65.1,0,0
20080414,62,62.9,62,62.2,0,0
20080415,60.2,60.4,58.5,58.6,0,0
20080416,58.6,58.6,57.4,57.9,0,0
20080417,57.4,58.6,57.4,58.4,0,0
20080418,58.4,58.4,56.7,56.8,0,0
20080421,57.5,58.3,56.6,58.3,0,0
20080422,58.3,58.3,56.6,56.6,0,0
20080423,56.4,56.6,56.4,56.4,0,0
20080424,56.9,57,55.6,57,0,0
20080425,56.7,58.1,56.7,58.1,0,0
20080428,57.8,59.4,57.7,59.4,0,0
20080429,59.4,59.4,58.4,58.4,0,0
20080430,59.1,59.5,58.4,59.5,0,0
20080505,59.5,62.7,59.5,62.7,0,0
20080506,62.4,62.8,60.9,62,0,0
20080507,62.6,62.8,62,62.8,0,0
20080508,62.8,62.8,62,62,0,0
20080509,61.2,62,61.2,62,0,0
20080512,62.3,63.3,62.3,63.3,0,0
20080513,63.4,66.2,63.4,66.2,0,0
20080514,67.1,74.5,67.1,72.2,0,0
20080515,69.8,71.1,68.3,68.3,0,0
20080516,67.4,67.6,66.1,67.2,0,0
20080519,67.4,69,66.9,68.8,0,0
20080520,69.4,69.8,67.5,67.6,0,0
20080521,68.9,68.9,67.1,68.6,0,0
20080523,68.9,68.9,68.6,68.8,0,0
20080526,68.9,68.9,67.6,67.6,0,0
20080527,68.4,69.4,68.3,69.3,0,0
20080528,69.3,69.3,68.3,68.3,0,0
20080529,69.1,69.2,67.6,67.6,0,0
20080530,67.4,67.4,66.8,67,0,0
20080602,65.1,67,65.1,67,0,0
20080603,67.5,67.5,66.4,66.4,0,0
20080604,66.1,66.2,65.9,66.2,0,0
20080605,65.9,65.9,65.3,65.3,0,0
20080606,65.3,65.3,65.3,65.3,0,0
20080609,66.6,67,65.1,67,0,0
20080610,67,67,65.1,66.7,0,0
20080611,66.7,66.7,66.7,66.7,0,0
20080612,64,64.5,64,64.5,0,0
20080613,66.7,66.7,64.5,64.5,0,0
20080616,65.9,65.9,65.9,65.9,0,0
20080617,64.2,65.9,63.9,63.9,0,0
20080618,63.9,67.1,63.9,67.1,0,0
20080619,66.5,66.5,66.4,66.4,0,0
20080620,66.3,66.3,63.9,63.9,0,0
20080623,63.9,63.9,62.9,63,0,0
20080624,63.7,63.7,62.2,63.3,0,0
20080625,63.4,63.4,61.2,63.1,0,0
20080626,62.9,62.9,62.8,62.8,0,0
20080627,60.1,62.8,60.1,62.8,0,0
20080630,62.8,62.8,62.8,62.8,0,0
20080701,62.7,63.1,62.7,63.1,0,0
20080702,62.9,63.7,62.8,62.8,0,0
20080703,63.6,63.6,62.9,63.6,0,0
20080704,65,65,62.9,64.2,0,0
20080707,63.4,63.4,63.2,63.2,0,0
20080708,62.4,62.4,61.1,62,0,0
20080709,61.7,62.3,61.7,62.3,0,0
20080710,61.2,61.5,60.9,61.2,0,0
20080711,61.2,62,61.2,61.2,0,0
20080714,60.9,61.2,60.8,61.2,0,0
20080715,60.9,60.9,57.9,58.4,0,0
20080716,57.2,58.6,57,58.4,0,0
20080717,58.8,59,57.3,57.3,0,0
20080718,57.3,57.3,57,57.3,0,0
20080721,57.3,57.7,57.3,57.7,0,0
20080722,56.2,58.2,55.9,58.1,0,0
20080723,56.8,58.8,56.8,58.7,0,0
20080724,58.6,58.8,58.6,58.8,0,0
20080725,58.8,58.8,58.8,58.8,0,0
20080728,57.3,58.4,55.6,58.4,0,0
20080729,60.1,61.7,59.5,59.5,0,0
20080730,59,60.8,59,60.8,0,0
20080731,60.6,60.6,58.9,60.4,0,0
20080801,60.4,60.4,59.2,59.2,0,0
20080804,60,60.1,60,60.1,0,0
20080805,58.4,59.9,58.4,59.8,0,0
20080806,59.8,59.8,58.1,58.2,0,0
20080807,57.9,57.9,27.3,27.3,0,0
20080808,28,28,27.1,27.1,0,0
20080811,27.1,27.5,27.1,27.5,0,0
20080812,27.1,27.5,27.1,27.5,0,0
20080813,27.2,27.8,27.2,27.7,0,0
20080814,27.1,27.1,27.1,27.1,0,0
20080818,27.1,27.6,27.1,27.6,0,0
20080819,27.6,27.6,27,27.2,0,0
20080820,27.1,27.6,27.1,27.6,0,0
20080821,27.7,27.7,27.2,27.7,0,0
20080822,27.7,28.1,27.5,28.1,0,0
20080825,27.3,27.3,27.3,27.3,0,0
20080826,28.1,28.1,27.7,27.7,0,0
20080827,27.4,28.2,27.4,27.5,0,0
20080828,28,28,27.5,27.5,0,0
20080829,27.9,28.1,27.6,27.6,0,0
20080901,27.5,27.5,27.3,27.4,0,0
20080902,27.4,27.5,27.3,27.5,0,0
20080903,27.4,28,27.4,27.6,0,0
20080904,28.3,28.3,27.6,28.3,0,0
20080905,27.3,27.8,27.3,27.7,0,0
20080908,27.2,28.1,27.2,28.1,0,0
20080909,28.1,28.1,27.2,28.1,0,0
20080910,27.8,27.9,27.7,27.7,0,0
20080911,28,28,27.4,27.5,0,0
20080912,27.7,27.7,27.4,27.5,0,0
20080915,27.5,27.5,27.3,27.3,0,0
20080916,27,27.7,27,27.5,0,0
20080917,26.9,27.4,26.7,27.4,0,0
20080918,26.8,27.4,26.7,26.7,0,0
20080919,26.7,26.7,26.4,26.7,0,0
20080922,26.7,26.7,26.3,26.4,0,0
20080923,26.1,26.1,26,26.1,0,0
20080924,25.3,26.2,25.3,25.4,0,0
20080925,26.2,26.9,26.2,26.8,0,0
20080926,26.8,26.8,26.8,26.8,0,0
20080929,26.7,26.8,26.7,26.8,0,0
20080930,25.4,26.9,25.4,26.9,0,0
20081001,26.9,26.9,26.9,26.9,0,0
20081002,26.1,26.9,26.1,26.8,0,0
20081006,25.8,26.4,25.5,26.4,0,0
20081007,25.4,25.7,24.5,24.6,0,0
20081008,23.3,24.6,23.1,23.4,0,0
20081009,24.1,24.2,24.1,24.2,0,0
20081010,22.1,22.9,21.8,22.5,0,0
20081013,22.5,22.5,22.5,22.5,0,0
20081014,22.8,24.6,22.8,23.8,0,0
20081015,23.3,23.3,23.3,23.3,0,0
20081016,22.8,22.8,22.7,22.7,0,0
20081017,22.4,23,21.9,22.3,0,0
20081020,21.9,21.9,21.9,21.9,0,0
20081021,21.9,21.9,21.9,21.9,0,0
20081022,21.8,21.9,20.6,20.6,0,0
20081023,20.4,20.6,19.1,20,0,0
20081024,19,19,18.6,19,0,0
20081027,18.2,20.9,18.2,20.6,0,0
20081028,19.9,24.4,19.9,23.2,0,0
20081029,23.8,25.5,23.2,25.5,0,0
20081030,25.9,26.7,25.6,26.7,0,0
20081031,30.5,30.5,27.8,28.8,0,0
20081103,28.5,28.5,28.5,28.5,0,0
20081104,28.5,28.8,28.4,28.4,0,0
20081105,27.8,28.5,27.8,28.5,0,0
20081106,27.5,28.5,26.5,26.5,0,0
20081107,27.8,27.8,25.7,25.7,0,0
20081110,25.5,25.8,25.1,25.1,0,0
20081112,25.4,25.4,24.2,25.4,0,0
20081113,25.4,25.4,25.4,25.4,0,0
20081114,25.4,25.4,25,25.4,0,0
20081117,25.9,25.9,24.2,25,0,0
20081118,25.1,25.1,25,25,0,0
20081119,25,25,25,25,0,0
20081120,24.9,24.9,23.8,23.8,0,0
20081121,22.8,24.9,21.7,24.9,0,0
20081124,25.1,25.4,25.1,25.4,0,0
20081125,25.4,25.4,25.4,25.4,0,0
20081126,23.9,25.1,23.9,25.1,0,0
20081127,24.6,25.1,24.4,24.4,0,0
20081128,24.5,25.4,24.5,25.4,0,0
20081201,24.7,25.4,22.6,22.6,0,0
20081202,22.6,23.5,22.6,23.5,0,0
20081203,23.5,23.5,23.5,23.5,0,0
20081204,23.5,23.5,23.5,23.5,0,0
20081205,23.5,23.5,23.5,23.5,0,0
20081208,24,24.1,24,24.1,0,0
20081209,24,24,23.9,23.9,0,0
20081210,23.1,23.1,23.1,23.1,0,0
20081211,23.9,23.9,23.9,23.9,0,0
20081212,24,25.4,23.1,24.3,0,0
20081215,23.5,24.3,23.2,23.2,0,0
20081216,23.2,23.5,23.1,23.5,0,0
20081217,22.9,23,22,22.3,0,0
20081218,22,22,21.7,22,0,0
20081219,22.3,22.6,22.3,22.6,0,0
20081222,22.6,22.6,22.1,22.6,0,0
20081223,22.2,22.2,22.1,22.1,0,0
20081229,21.8,21.8,20,20.7,0,0
20081230,20.7,20.9,20.2,20.9,0,0
20081231,20.5,21.1,20.2,20.2,0,0
20090105,20.6,20.6,20.1,20.1,0,0
20090106,20.8,20.8,20.2,20.2,0,0
20090107,20.2,20.2,20.2,20.2,0,0
20090108,20.6,21.8,20.6,21.8,0,0
20090109,21.1,21.1,21,21,0,0
20090112,21,21,20.7,20.9,0,0
20090113,20.8,20.8,20.8,20.8,0,0
20090114,20.6,20.6,18.8,19.3,0,0
20090115,18.9,19.3,18.9,19.3,0,0
20090116,19.7,19.7,19.7,19.7,0,0
20090119,19.7,19.7,19.3,19.7,0,0
20090120,19.6,19.9,17.2,17.2,0,0
20090121,17.1,17.1,17.1,17.1,0,0
20090122,16.5,17.1,16.5,17.1,0,0
20090123,16.4,16.5,16.3,16.3,0,0
20090126,16.7,16.7,16.7,16.7,0,0
20090127,16.7,16.7,16.1,16.1,0,0
20090128,16.2,16.2,16.1,16.2,0,0
20090129,16.2,16.2,16.2,16.2,0,0
20090130,16.1,16.2,16.1,16.2,0,0
20090202,16.1,16.8,16.1,16.8,0,0
20090204,16.3,16.8,16.2,16.2,0,0
20090205,16.3,16.3,15.7,15.7,0,0
20090206,15.6,15.7,15.5,15.7,0,0
20090209,16.2,16.2,16.2,16.2,0,0
20090210,16.2,17.3,16.1,16.5,0,0
20090212,16.2,16.2,16,16,0,0
20090213,16.2,16.2,16,16.2,0,0
20090216,16.3,16.5,16.2,16.5,0,0
20090218,16,16,16,16,0,0
20090219,16.3,16.3,16.2,16.2,0,0
20090220,16.5,16.6,16.5,16.6,0,0
20090223,15.8,16.6,15.8,16.5,0,0
20090224,16.3,16.3,15.5,16,0,0
20090225,15.3,17.6,15.3,16.2,0,0
20090226,16.6,19.6,16.5,16.8,0,0
20090227,16.8,16.8,16.2,16.6,0,0
20090302,16.8,20.1,16.8,20,0,0
20090303,19.4,20,18,18,0,0
20090304,16.9,17.3,16.9,17.3,0,0
20090305,16.8,16.8,16.4,16.4,0,0
20090310,15.8,15.8,15.5,15.8,0,0
20090311,15.8,15.8,15.4,15.4,0,0
20090312,15.4,15.7,15.1,15.1,0,0
20090313,15.2,15.2,15.1,15.1,0,0
20090316,15.2,15.4,15.1,15.1,0,0
20090318,14.6,14.7,14.1,14.7,0,0
20090320,14.1,14.7,14.1,14.7,0,0
20090323,14.7,15.5,14.7,15.5,0,0
20090324,15.5,15.5,15,15.5,0,0
20090325,15.5,15.5,15.4,15.4,0,0
20090326,15.6,15.8,14.9,15.7,0,0
20090327,15.5,15.5,15.3,15.5,0,0
20090330,15.1,15.1,14.8,15.1,0,0
20090331,15,15,15,15,0,0
20090401,15,15,14.6,14.6,0,0
20090402,14.9,14.9,14.9,14.9,0,0
20090403,14.6,14.9,14.6,14.8,0,0
20090406,14.6,14.8,14.4,14.4,0,0
20090407,14.8,14.8,14.4,14.8,0,0
20090408,14.4,14.8,14.4,14.8,0,0
20090409,15.3,15.3,15,15.1,0,0
20090414,15.3,15.3,15.1,15.1,0,0
20090415,15.1,15.1,14.6,15,0,0
20090416,14.8,15,14.5,14.8,0,0
20090417,14.5,14.8,14.4,14.7,0,0
20090420,14.6,14.6,14.6,14.6,0,0
20090421,14.6,14.7,14.4,14.6,0,0
20090422,14.6,14.6,14.5,14.6,0,0
20090423,15,15,14.4,14.5,0,0
20090424,14.5,14.5,14.3,14.5,0,0
20090427,14.4,14.7,14.2,14.2,0,0
20090428,14.2,14.2,14.2,14.2,0,0
20090429,14.3,14.3,14.1,14.2,0,0
20090430,14.4,14.4,14,14.2,0,0
20090504,14.3,14.6,14.1,14.6,0,0
20090505,14.4,14.6,14.1,14.5,0,0
20090506,14.3,14.3,14.1,14.1,0,0
20090507,14,14.1,14,14.1,0,0
20090508,14.2,14.2,13.9,14.2,0,0
20090511,14.2,14.2,14.2,14.2,0,0
20090512,14.2,14.4,14.2,14.2,0,0
20090513,14.4,14.4,14.4,14.4,0,0
20090514,14.3,14.4,14.2,14.4,0,0
20090515,14.5,14.5,14.5,14.5,0,0
20090518,14.6,15,14.3,14.3,0,0
20090519,14.5,15.7,14.4,15,0,0
20090520,14.9,14.9,14.3,14.5,0,0
20090521,14.2,14.2,14,14.2,0,0
20090522,14.3,14.3,14.3,14.3,0,0
20090525,14,14.3,13.8,13.8,0,0
20090526,13.8,13.8,13.6,13.8,0,0
20090527,13.5,13.8,13.5,13.8,0,0
20090528,13.6,13.8,13.5,13.6,0,0
20090529,13.5,13.6,13.4,13.6,0,0
20090601,13.8,14,13.6,14,0,0
20090602,14,14,13.8,14,0,0
20090603,14.1,14.7,13.9,14.7,0,0
20090604,14.8,14.9,14.7,14.9,0,0
20090605,14.9,15.1,14.8,15,0,0
20090608,14.9,14.9,14.4,14.4,0,0
20090609,14.5,14.9,14.5,14.9,0,0
20090610,14.8,14.9,14.7,14.8,0,0
20090612,14.9,15,14.7,15,0,0
20090615,14.9,15,14.7,14.9,0,0
20090616,14.6,14.8,14.6,14.6,0,0
20090617,14.5,15,14.5,15,0,0
20090618,14.9,15,14.9,15,0,0
20090619,15,15.7,14.7,15.7,0,0
20090622,15.5,15.5,15.4,15.4,0,0
20090623,14.6,14.6,14.6,14.6,0,0
20090624,15.1,16,15.1,16,0,0
20090625,15.7,16,15.7,16,0,0
20090626,16,16.4,16,16.4,0,0
20090629,16,16.7,16,16.7,0,0
20090630,16.7,17.5,16.5,17.5,0,0
20090701,16.9,17.3,16.7,17.3,0,0
20090702,16.8,17.3,16.6,17.3,0,0
20090703,17.3,17.3,16.6,17.2,0,0
20090706,16.8,17.6,16.6,16.6,0,0
20090707,16.8,16.8,16.6,16.6,0,0
20090708,16.5,16.6,16.5,16.5,0,0
20090709,16.1,16.6,16.1,16.6,0,0
20090710,16.6,16.6,15.6,16,0,0
20090713,15.7,15.7,15.6,15.7,0,0
20090714,15.6,16.7,15.6,16.7,0,0
20090715,15.7,16.2,15.7,16.2,0,0
20090716,16.4,16.4,15.4,16,0,0
20090717,15.6,16.1,15.6,16.1,0,0
20090720,16.1,16.1,15.7,16,0,0
20090721,16,16,15.8,16,0,0
20090722,16,16,15.7,15.8,0,0
20090723,15.8,16,15.8,15.8,0,0
20090724,15.8,16.4,15.8,16.4,0,0
20090727,16.3,16.6,16.1,16.6,0,0
20090728,16.5,16.5,16.3,16.3,0,0
20090729,16.4,16.4,16.1,16.4,0,0
20090730,16.4,16.4,16.3,16.3,0,0
20090731,16.5,17.4,16.5,17.3,0,0
20090803,17.4,18.6,16.9,17.3,0,0
20090804,17.5,17.5,17,17.5,0,0
20090805,17.5,17.6,16.9,17.5,0,0
20090806,17.5,17.9,17,17.9,0,0
20090807,17.4,18,17.3,18,0,0
20090810,18,18.4,17.8,18,0,0
20090811,18.2,18.7,17.5,18.2,0,0
20090812,17.3,18.3,17.3,18.3,0,0
20090813,18.3,19.2,18.3,19.1,0,0
20090814,19.1,19.1,19.1,19.1,0,0
20090817,19.1,19.1,17.8,18,0,0
20090818,18,18,17.6,17.6,0,0
20090819,17.6,17.8,17.6,17.8,0,0
20090820,17.8,18.1,17.8,18,0,0
20090821,18,18.5,17.6,18.5,0,0
20090824,18.7,18.7,17.4,17.9,0,0
20090825,17.4,19,17.4,19,0,0
20090826,18.2,18.2,17.7,17.8,0,0
20090827,17.8,17.9,17.6,17.6,0,0
20090828,17.5,18,17.4,18,0,0
20090831,18,18,17.7,17.7,0,0
20090901,18,19,18,18.3,0,0
20090902,18.5,18.5,17.4,17.8,0,0
20090903,17.8,17.8,12.5,12.5,0,0
20090904,12.6,12.8,12.5,12.7,0,0
20090907,12.6,12.6,12.2,12.5,0,0
20090908,12.3,12.3,12,12.2,0,0
20090909,12.3,12.4,12,12.4,0,0
20090910,12.4,12.4,12.1,12.3,0,0
20090914,12,12.3,11.7,12.1,0,0
20090915,11.8,12.1,11.3,11.5,0,0
20090916,11.6,11.6,10.9,11.1,0,0
20090917,11,11.1,10.7,10.9,0,0
20090918,10.9,11,10.9,11,0,0
20090921,11.2,11.2,10.7,11.1,0,0
20090922,10.8,10.9,10.5,10.7,0,0
20090923,11.1,11.1,10.8,10.8,0,0
20090924,10.8,11.1,10.8,11.1,0,0
20090925,11.1,11.4,10.7,11.4,0,0
20090928,11.5,11.5,10.9,11.2,0,0
20090929,11.1,11.1,10.9,11.1,0,0
20090930,10.8,10.8,10.8,10.8,0,0
20091001,11,11,11,11,0,0
20091005,11.2,11.2,11,11.2,0,0
20091006,11.3,11.4,11.1,11.4,0,0
20091007,11.3,11.3,11.1,11.1,0,0
20091008,11,11.1,11,11,0,0
20091009,10.9,11.4,10.9,11.4,0,0
20091012,11.3,11.3,10.7,11,0,0
20091013,10.7,11,10.6,10.8,0,0
20091014,10.8,10.8,10.6,10.7,0,0
20091015,10.7,10.7,10.4,10.7,0,0
20091016,10.5,10.7,10.5,10.7,0,0
20091019,10.6,10.9,10.6,10.8,0,0
20091020,10.7,11.1,10.7,11.1,0,0
20091021,11.1,11.1,10.7,10.7,0,0
20091022,11,11,10.8,10.9,0,0
20091023,11,11.2,10.9,11.2,0,0
20091026,10.9,11.2,10.9,11.1,0,0
20091027,11.1,11.1,10.9,11.1,0,0
20091028,11.1,11.1,10.7,10.8,0,0
20091029,10.8,10.9,10.6,10.9,0,0
20091030,10.9,11.2,10.9,11.2,0,0
20091102,11.2,11.2,11.2,11.2,0,0
20091103,11.2,11.2,10.9,10.9,0,0
20091104,10.7,11,10.7,11,0,0
20091105,10.8,10.8,10.6,10.8,0,0
20091106,10.9,11.2,10.9,11.2,0,0
20091109,11.2,11.2,11.1,11.1,0,0
20091110,11,11.5,11,11.5,0,0
20091112,11.3,11.7,11.3,11.7,0,0
20091113,11.8,12.3,11.8,11.9,0,0
20091116,12,12.1,11.7,11.9,0,0
20091117,11.9,12.2,11.9,12.1,0,0
20091118,12,12.2,12,12,0,0
20091119,12,12.1,12,12.1,0,0
20091120,12,12.5,12,12.5,0,0
20091123,12.5,12.5,12.4,12.5,0,0
20091124,12.5,12.6,12.4,12.4,0,0
20091125,12.5,12.5,12.1,12.1,0,0
20091126,12,12.2,12,12.2,0,0
20091127,12.2,12.2,12.2,12.2,0,0
20091130,12,12.3,12,12.3,0,0
20091201,11.9,12.2,11.9,12.1,0,0
20091202,12.1,12.1,11.9,12.1,0,0
20091203,12.1,12.1,12,12,0,0
20091204,12,12.1,12,12.1,0,0
20091207,12.1,12.1,12.1,12.1,0,0
20091208,11.8,12.1,11.8,12,0,0
20091209,11.7,12,11.7,12,0,0
20091210,12.1,12.1,11.6,11.9,0,0
20091211,12,12,11.6,11.7,0,0
20091214,11.4,11.8,11.4,11.7,0,0
20091215,11.7,11.7,11.4,11.7,0,0
20091216,11.3,11.8,11.2,11.2,0,0
20091217,11.2,11.2,10.9,11.1,0,0
20091218,11,11.1,11,11.1,0,0
20091221,11,11.2,10.9,11.1,0,0
20091222,11.2,11.2,10.9,11.1,0,0
20091223,10.8,11.1,10.7,11,0,0
20091228,11,11.2,10.9,11,0,0
20091229,11.2,11.3,11,11.1,0,0
20091230,11.1,11.1,11,11.1,0,0
20091231,11.1,11.7,10.9,11.5,0,0
20100104,11.5,11.7,11.4,11.7,0,0
20100105,11.8,12.2,11.7,12.2,0,0
20100106,12,12.3,11.9,12.1,0,0
20100107,12.1,12.4,12,12.2,0,0
20100108,12.2,12.2,11.9,12,0,0
20100111,12.2,12.2,11.5,12,0,0
20100112,11.9,11.9,11.6,11.7,0,0
20100113,11.6,12.2,11.4,12.2,0,0
20100114,12,13.1,12,12.8,0,0
20100115,12.8,13.6,12.7,13.6,0,0
20100118,13.4,14.3,12.9,13.9,0,0
20100119,13.9,13.9,13.5,13.6,0,0
20100120,13.8,13.8,13.1,13.2,0,0
20100121,13,13,12.7,12.9,0,0
20100122,12.9,12.9,12.6,12.8,0,0
20100125,12.5,12.5,12.2,12.4,0,0
20100126,12.5,12.5,12,12.4,0,0
20100127,12.3,12.4,12.3,12.4,0,0
20100128,12.4,12.7,12.4,12.4,0,0
20100129,12.3,12.4,12.2,12.3,0,0
20100201,12.4,12.4,12.3,12.4,0,0
20100202,12.5,12.5,12.3,12.3,0,0
20100203,12.4,12.4,12.1,12.2,0,0
20100204,12.3,12.3,12.1,12.2,0,0
20100205,12,12,11.2,11.7,0,0
20100208,11.8,12.2,11.8,12.1,0,0
20100209,11.8,12.1,11.8,12.1,0,0
20100210,12.2,12.2,12,12,0,0
20100211,12.4,12.4,11.5,11.8,0,0
20100212,11.8,11.8,11.6,11.7,0,0
20100215,11.8,11.8,11.8,11.8,0,0
20100216,11.5,12,11.5,12,0,0
20100217,12,12.1,12,12.1,0,0
20100218,12.1,12.1,12.1,12.1,0,0
20100219,12.1,12.2,12.1,12.2,0,0
20100222,12.2,12.2,11.9,12.1,0,0
20100223,12.1,12.1,11.8,12.1,0,0
20100224,12.1,12.1,11.8,11.9,0,0
20100225,11.9,12.1,11.9,11.9,0,0
20100226,11.9,12.3,11.9,12.2,0,0
20100301,12.2,12.3,12.2,12.3,0,0
20100302,12.5,12.6,11.4,11.4,0,0
20100303,11.7,11.7,11.6,11.7,0,0
20100304,11.7,11.8,11.6,11.6,0,0
20100305,11.7,11.9,11.7,11.7,0,0
20100308,11.7,12,11.7,12,0,0
20100309,12,12.2,11.9,11.9,0,0
20100310,12,12.3,11.7,12.2,0,0
20100311,12.2,12.2,12.1,12.2,0,0
20100312,12.2,13,12.2,12.9,0,0
20100315,12.8,12.8,12.6,12.8,0,0
20100316,12.7,12.7,12.6,12.6,0,0
20100317,12.6,12.7,12.3,12.4,0,0
20100318,12.4,12.4,12.1,12.4,0,0
20100319,12.4,12.4,12.2,12.2,0,0
20100322,12.1,12.6,12.1,12.6,0,0
20100323,12,12.6,12,12.3,0,0
20100324,12.3,12.6,12.3,12.5,0,0
20100325,12.5,12.6,12.3,12.6,0,0
20100326,12.5,12.6,12.4,12.6,0,0
20100329,12.6,12.6,12.5,12.5,0,0
20100330,12.4,12.5,12.4,12.5,0,0
20100331,12.5,12.9,12.2,12.4,0,0
20100401,12.6,12.8,12.6,12.8,0,0
20100406,12.8,13.1,12.6,12.9,0,0
20100407,13,13.2,12.9,13.2,0,0
20100408,12.9,13.3,12.9,13.3,0,0
20100409,13.3,13.5,13.3,13.5,0,0
20100412,13.5,13.5,13.1,13.4,0,0
20100413,13.3,13.4,13.3,13.3,0,0
20100414,13.3,13.5,13.3,13.5,0,0
20100415,13.3,13.3,13.2,13.3,0,0
20100416,13.2,13.3,13.1,13.3,0,0
20100419,13.1,13.1,12.7,12.7,0,0
20100420,12.8,13,12.7,12.9,0,0
20100421,12.7,13.3,12.7,12.9,0,0
20100422,12.9,13.3,12.9,13,0,0
20100423,13,13.3,13,13.2,0,0
20100426,13.4,13.4,13.1,13.3,0,0
20100427,13.6,13.6,13.6,13.6,0,0
20100428,13.1,13.5,13.1,13.3,0,0
20100429,13.3,13.3,13.3,13.3,0,0
20100430,13.3,13.3,13.3,13.3,0,0
20100504,13.2,13.2,13.1,13.1,0,0
20100505,12.8,12.8,12.7,12.7,0,0
20100506,12.7,12.7,12.4,12.5,0,0
20100507,12.4,12.5,11.8,12.4,0,0
20100510,12.1,13.1,12.1,13.1,0,0
20100511,12.9,13.1,12.8,12.8,0,0
20100512,12.9,13.1,12.8,13.1,0,0
20100513,13.1,13.1,13.1,13.1,0,0
20100514,13.1,13.1,13,13,0,0
20100517,12.9,12.9,12.9,12.9,0,0
20100518,13,13,12.7,12.8,0,0
20100519,12.8,13,12.4,13,0,0
20100520,12.6,12.6,12.3,12.3,0,0
20100521,12.8,12.8,12.2,12.7,0,0
20100524,12.8,12.9,12.8,12.9,0,0
20100525,12.4,12.7,12.2,12.6,0,0
20100526,12.6,12.6,12.6,12.6,0,0
20100527,12.7,12.7,12.6,12.6,0,0
20100528,12.6,12.8,12.6,12.8,0,0
20100601,12.5,12.7,12.4,12.6,0,0
20100602,12.7,12.7,12.7,12.7,0,0
20100604,12.4,12.7,12.4,12.7,0,0
20100608,12.3,12.9,12.3,12.9,0,0
20100611,12.3,12.7,12.3,12.7,0,0
20100614,12.3,12.6,12.3,12.6,0,0
20100615,12.6,12.6,12.5,12.5,0,0
20100616,12.3,12.6,12.3,12.6,0,0
20100617,12.6,12.8,12.4,12.8,0,0
20100618,12.8,12.8,12.6,12.8,0,0
20100622,12.4,12.8,12.4,12.8,0,0
20100623,12.7,12.7,12.5,12.7,0,0
20100624,12.4,12.4,12.4,12.4,0,0
20100625,12.2,12.6,12.2,12.6,0,0
20100628,12.1,12.6,12.1,12.6,0,0
20100629,12.6,12.6,12.1,12.2,0,0
20100630,12.2,12.7,12.2,12.2,0,0
20100701,12.6,12.6,12.6,12.6,0,0
20100702,12.1,12.5,12.1,12.5,0,0
20100705,12.1,12.5,12.1,12.5,0,0
20100707,12.5,12.5,12.5,12.5,0,0
20100708,12.5,12.6,12.5,12.5,0,0
20100709,12.5,12.5,12.2,12.2,0,0
20100712,12.2,12.2,12.2,12.2,0,0
20100713,12.2,12.3,12.2,12.3,0,0
20100714,12.3,12.6,12.3,12.6,0,0
20100715,12.6,12.6,12.4,12.4,0,0
20100716,12.4,12.4,12.4,12.4,0,0
20100719,12.4,12.4,12.3,12.3,0,0
20100720,12.3,12.4,12.2,12.2,0,0
20100721,12.2,12.2,12.2,12.2,0,0
20100722,12.3,12.5,12.3,12.5,0,0
20100723,12.5,12.5,12.5,12.5,0,0
20100726,12.3,12.3,12.3,12.3,0,0
20100727,12.3,12.5,12.3,12.5,0,0
20100728,12.2,12.5,12.2,12.5,0,0
20100729,12.2,12.3,12.2,12.3,0,0
20100730,12.3,12.6,12.3,12.6,0,0
20100802,12.6,12.7,12.3,12.6,0,0
20100803,12.6,12.7,12.6,12.7,0,0
20100804,12.7,12.7,12.7,12.7,0,0
20100805,12.7,12.7,12.7,12.7,0,0
20100806,12.7,12.7,12.7,12.7,0,0
20100809,12.7,12.7,12.7,12.7,0,0
20100810,12.7,12.7,12.3,12.7,0,0
20100811,12.6,12.8,12.6,12.6,0,0
20100812,12.6,12.7,12.4,12.6,0,0
20100813,12.6,12.6,12.5,12.6,0,0
20100817,12.4,12.6,12.4,12.5,0,0
20100818,12.4,12.4,12.4,12.4,0,0
20100819,12.6,12.6,12.3,12.3,0,0
20100820,12.3,12.3,12,12.3,0,0
20100823,12,12.4,12,12.4,0,0
20100824,12.1,12.3,12,12,0,0
20100825,12.4,12.4,11.8,11.8,0,0
20100826,11.9,12.3,11.9,12.3,0,0
20100827,12.4,12.4,12.4,12.4,0,0
20100830,12.4,12.4,12.4,12.4,0,0
20100831,12.2,12.6,12.2,12.5,0,0
20100901,12.5,12.5,12.2,12.2,0,0
20100902,12.1,12.1,12.1,12.1,0,0
20100903,12.3,16.9,12.3,16.9,0,0
20100906,16.9,17.1,16.9,17.1,0,0
20100907,17,17,17,17,0,0
20100908,17,17,17,17,0,0
20100909,17.1,17.1,17,17.1,0,0
20100910,17,17,16.8,16.8,0,0
20100913,16.8,17.1,16.8,16.9,0,0
20100914,17.1,17.1,17,17,0,0
20100915,16.9,16.9,16.8,16.9,0,0
20100916,16.9,16.9,16.8,16.8,0,0
20100917,16.5,16.8,16.4,16.8,0,0
20100920,16.8,16.8,16.8,16.8,0,0
20100921,16.7,16.8,16.7,16.8,0,0
20100922,17,17,17,17,0,0
20100924,16.4,17.1,16.4,17.1,0,0
20100928,16.8,16.8,16.6,16.6,0,0
20100929,16.6,16.6,16.6,16.6,0,0
20100930,16.3,16.6,16.3,16.5,0,0
20101001,16.5,16.9,16.5,16.9,0,0
20101004,16.3,16.3,15.6,16.1,0,0
20101005,16.1,16.1,16.1,16.1,0,0
20101006,15.7,16.1,15.6,16.1,0,0
20101007,16.2,16.2,16.2,16.2,0,0
20101008,15.5,16.2,15.4,15.8,0,0
20101012,15.4,16.9,15.4,16.9,0,0
20101013,17,17.1,17,17.1,0,0
20101014,17.2,17.3,17.1,17.1,0,0
20101015,16.9,17.2,16.9,17.1,0,0
20101018,16.9,16.9,16.8,16.8,0,0
20101019,16.9,16.9,16.5,16.8,0,0
20101020,16.8,17.3,16.8,17.1,0,0
20101021,17.3,17.3,16.9,17.2,0,0
20101022,16.7,17.2,16.7,17.1,0,0
20101025,17.1,17.3,17.1,17.3,0,0
20101026,17.4,18.7,17.4,18.6,0,0
20101027,18.6,18.6,17.6,17.7,0,0
20101028,17.7,18.2,17.7,18.2,0,0
20101029,17.8,18.3,17,18.3,0,0
20101102,18.2,18.2,17.6,17.7,0,0
20101103,18.2,18.2,17.3,17.6,0,0
20101104,18.1,18.1,17.6,17.6,0,0
20101105,17.9,18.8,17.9,18.8,0,0
20101108,19,19,18.3,18.7,0,0
20101109,18.7,18.9,18.7,18.9,0,0
20101110,18.9,19.2,18.2,18.8,0,0
20101112,18.3,19.2,18,18.8,0,0
20101115,19.1,19.3,19.1,19.2,0,0
20101116,18.7,18.7,18.3,18.6,0,0
20101117,18.7,18.7,18.4,18.7,0,0
20101118,18.6,19,13.3,13.3,0,0
20101119,13.3,13.3,13,13.1,0,0
20101122,13.3,13.3,13.1,13.3,0,0
20101123,13.4,13.4,13,13.2,0,0
20101124,13,13.2,12.9,13.2,0,0
20101125,13.2,13.2,12.8,12.8,0,0
20101126,13.1,13.2,12.8,12.9,0,0
20101129,12.9,13.1,12.9,13.1,0,0
20101130,13.1,13.1,12.9,12.9,0,0
20101201,12.9,13.1,12.8,13.1,0,0
20101202,13.2,13.3,13.1,13.2,0,0
20101203,13.2,13.2,12.8,13,0,0
20101206,13,13,12.9,12.9,0,0
20101207,12.9,12.9,12.6,12.9,0,0
20101208,12.8,12.9,12.8,12.9,0,0
20101209,13,13,12.5,12.8,0,0
20101210,12.6,12.7,12.5,12.7,0,0
20101213,12.6,13,12.4,13,0,0
20101214,12.8,12.9,12.8,12.9,0,0
20101215,12.8,12.9,12.8,12.9,0,0
20101216,12.8,13.2,12.6,13.2,0,0
20101217,13.2,13.2,12.9,13.2,0,0
20101220,13.1,13.2,12.9,13.2,0,0
20101221,12.9,13.4,12.9,13.3,0,0
20101222,13.1,13.3,12.7,12.7,0,0
20101223,12.9,12.9,12.2,12.5,0,0
20101227,12.2,12.6,11.9,12,0,0
20101228,12,12.1,11.2,11.4,0,0
20101229,11.6,11.6,11.2,11.4,0,0
20101230,11.4,11.4,11.2,11.2,0,0
20101231,11.4,11.4,11.2,11.2,0,0
20110103,11.2,11.2,11.2,11.2,0,0
20110104,11.4,11.4,11,11.2,0,0
20110105,11.2,11.8,11,11.7,0,0
20110107,11.8,12.2,11.8,12.1,0,0
20110110,12.1,12.1,11.7,11.7,0,0
20110111,11.9,12.2,11.7,12.1,0,0
20110112,11.9,12.3,11.9,12.3,0,0
20110113,12.1,12.5,12.1,12.4,0,0
20110114,12.3,12.3,12.3,12.3,0,0
20110117,12.3,12.3,12.1,12.3,0,0
20110118,12.1,12.2,12.1,12.2,0,0
20110119,12.2,12.2,12.1,12.1,0,0
20110120,12.3,12.3,11.6,12,0,0
20110121,11.7,12,11.7,11.9,0,0
20110124,11.8,11.9,11.8,11.9,0,0
20110125,11.9,11.9,11.9,11.9,0,0
20110126,11.9,12.2,11.8,12.2,0,0
20110127,12.2,12.5,12.2,12.5,0,0
20110128,12.6,12.6,12.6,12.6,0,0
20110131,12.8,12.8,12.3,12.5,0,0
20110201,12.5,12.6,12.3,12.6,0,0
20110202,12.6,12.6,12.5,12.6,0,0
20110203,12.6,12.6,12.5,12.6,0,0
20110204,12.6,12.7,12.5,12.7,0,0
20110207,12.7,12.9,12.6,12.9,0,0
20110208,12.9,12.9,12.9,12.9,0,0
20110209,12.8,12.8,12.7,12.7,0,0
20110210,12.7,12.7,12.6,12.7,0,0
20110211,12.9,12.9,12.7,12.7,0,0
20110214,12.8,12.8,12.5,12.7,0,0
20110215,12.7,12.7,12.7,12.7,0,0
20110216,12.9,12.9,12.4,12.9,0,0
20110217,12.6,12.9,12.3,12.3,0,0
20110218,12.3,12.3,12.2,12.3,0,0
20110221,12.5,12.5,12.2,12.5,0,0
20110222,12.5,12.5,12.5,12.5,0,0
20110223,12.5,12.5,12,12.4,0,0
20110224,12.4,12.4,12.4,12.4,0,0
20110225,12.4,12.4,12.1,12.4,0,0
20110228,12.4,12.4,11.9,12.4,0,0
20110301,12.4,12.4,12.2,12.2,0,0
20110302,12.2,12.4,12.2,12.4,0,0
20110303,12.6,12.7,12.6,12.6,0,0
20110304,12.9,12.9,12.6,12.8,0,0
20110307,12.9,12.9,12.8,12.8,0,0
20110308,12.8,12.8,12.4,12.8,0,0
20110309,12.8,12.8,12.5,12.5,0,0
20110310,12.3,12.6,12.3,12.6,0,0
20110311,12.4,12.7,12.3,12.7,0,0
20110314,12.7,12.7,12.7,12.7,0,0
20110315,12,12.5,12,12.5,0,0
20110316,12.2,12.4,12.2,12.4,0,0
20110317,12.4,12.5,12.4,12.5,0,0
20110318,12.5,12.5,12.3,12.3,0,0
20110321,12.2,12.2,12,12.1,0,0
20110322,12,12.1,11.9,12,0,0
20110323,12,12,11.7,12,0,0
20110324,11.8,11.8,11.4,11.4,0,0
20110325,11.4,11.4,11.4,11.4,0,0
20110328,11.3,11.4,11.3,11.4,0,0
20110329,11.4,11.4,11.3,11.3,0,0
20110330,11.4,11.4,11.3,11.3,0,0
20110331,11.4,11.4,11.4,11.4,0,0
20110401,11.2,11.4,11.2,11.3,0,0
20110404,11.4,11.4,11.1,11.1,0,0
20110405,11.4,11.4,11.1,11.4,0,0
20110406,11.4,11.4,11.1,11.3,0,0
20110407,11.1,11.4,10.8,10.9,0,0
20110408,11,11,10.8,10.8,0,0
20110411,10.8,10.8,10.5,10.6,0,0
20110412,10.6,10.6,10.5,10.6,0,0
20110413,10.6,10.6,10.5,10.6,0,0
20110414,10.5,10.7,10.5,10.6,0,0
20110415,10.6,10.6,10.5,10.6,0,0
20110418,10.6,10.9,10.5,10.9,0,0
20110419,10.7,10.9,10.6,10.6,0,0
20110420,10.6,10.6,10.6,10.6,0,0
20110421,10.7,10.7,10.6,10.6,0,0
20110426,10.6,10.6,10.6,10.6,0,0
20110427,10.6,10.6,10.5,10.6,0,0
20110428,10.6,10.6,10.6,10.6,0,0
20110429,10.7,10.7,10.6,10.6,0,0
20110502,10.7,10.7,10.5,10.7,0,0
20110504,10.8,10.8,10.7,10.7,0,0
20110505,10.7,10.7,10.5,10.7,0,0
20110506,10.7,10.7,10.7,10.7,0,0
20110509,10.7,10.7,9.9,10.4,0,0
20110510,10.6,10.6,10.4,10.4,0,0
20110511,10.5,10.5,10.1,10.5,0,0
20110512,10.5,10.5,10.1,10.2,0,0
20110513,10.2,10.2,9.7,10.2,0,0
20110516,9.8,10.3,9.8,10.3,0,0
20110517,10.4,10.6,9.9,9.9,0,0
20110518,10.1,10.1,9.9,10.1,0,0
20110519,10.1,10.1,10,10,0,0
20110520,9.9,10,9.9,10,0,0
20110523,9.9,9.9,9.9,9.9,0,0
20110524,9.9,9.9,9.8,9.9,0,0
20110525,10,10.1,10,10.1,0,0
20110526,10.1,10.1,9.7,10.1,0,0
20110527,10.1,10.1,9.8,9.8,0,0
20110530,9.9,9.9,9.8,9.8,0,0
20110531,10.1,10.1,9.7,10,0,0
20110601,10,10,10,10,0,0
20110602,10,10,10,10,0,0
20110603,10,10,9.8,9.8,0,0
20110606,9.9,10.1,9.9,10.1,0,0
20110607,10.1,10.1,9.4,9.4,0,0
20110608,9.5,10.4,9.5,10.1,0,0
20110609,10.2,10.2,9.8,10,0,0
20110610,9.8,10,9.7,9.7,0,0
20110613,10,10,10,10,0,0
20110614,10,10.8,9.5,10,0,0
20110615,10.4,10.4,10,10,0,0
20110616,10.1,10.1,9.9,9.9,0,0
20110617,9.9,9.9,9.8,9.8,0,0
20110620,9.8,9.8,9.8,9.8,0,0
20110621,9.8,10,9.8,10,0,0
20110622,10,10,10,10,0,0
20110624,9.9,9.9,9.3,9.6,0,0
20110627,9.4,9.5,9.3,9.3,0,0
20110628,9.5,9.5,8.8,9.4,0,0
20110629,9.4,9.4,9.1,9.1,0,0
20110630,9.2,9.7,9.1,9.7,0,0
20110701,9.7,9.7,9.4,9.4,0,0
20110704,9.7,9.7,8.9,9.7,0,0
20110705,9.7,9.7,9.7,9.7,0,0
20110706,9.7,9.7,9.4,9.4,0,0
20110707,9.7,9.7,9.4,9.4,0,0
20110708,9.7,9.7,9.7,9.7,0,0
20110711,9.7,9.7,9.3,9.6,0,0
20110712,9.6,9.6,9.2,9.6,0,0
20110713,9.6,9.6,9.2,9.2,0,0
20110714,9.5,9.5,9,9,0,0
20110715,9.2,9.2,8.8,8.8,0,0
20110718,8.6,8.6,7.7,7.7,0,0
20110719,7.9,8.3,7.8,8.2,0,0
20110720,8.3,8.3,8.3,8.3,0,0
20110721,8.2,8.5,8.2,8.5,0,0
20110722,8.2,8.5,8.2,8.5,0,0
20110725,8.5,8.5,8.3,8.3,0,0
20110726,8.4,8.4,8.3,8.3,0,0
20110727,8.4,8.4,8.2,8.2,0,0
20110728,8.3,8.5,8.3,8.5,0,0
20110729,8.5,9.2,8.5,9.1,0,0
20110801,8.4,9.1,8.4,9,0,0
20110802,9,9,8.8,8.8,0,0
20110803,8.7,8.8,7.9,8,0,0
20110804,8.1,8.1,7.2,7.2,0,0
20110805,6.9,7.2,6.9,7.2,0,0
20110808,7.1,7.1,6.8,6.8,0,0
20110809,6.5,6.7,5.5,6.1,0,0
20110810,6.7,6.7,5.8,5.8,0,0
20110811,5.9,6.2,5.9,6.1,0,0
20110812,6.3,7.2,6.1,7.2,0,0
20110816,8.2,8.2,7.3,7.3,0,0
20110817,7.3,7.3,7,7.1,0,0
20110818,6.9,7,6.4,7,0,0
20110819,6.6,7,6.3,6.3,0,0
20110822,6.4,6.4,6.3,6.3,0,0
20110823,6.4,6.5,6.4,6.5,0,0
20110824,6.4,6.5,6.3,6.3,0,0
20110825,6.5,6.5,6,6,0,0
20110826,6.1,6.1,5.8,6,0,0
20110829,6,6.6,6,6.6,0,0
20110830,6.9,6.9,6.9,6.9,0,0
20110831,6.9,7.3,6.3,7.2,0,0
20110901,7.2,7.3,6.6,7.3,0,0
20110902,7.3,7.4,7,7,0,0
20110905,7,7,6.4,6.5,0,0
20110906,6.7,6.7,6.7,6.7,0,0
20110907,6.7,6.7,6.6,6.6,0,0
20110908,6.9,6.9,6.3,6.3,0,0
20110909,6.5,6.5,6.1,6.1,0,0
20110912,6.1,6.1,5.7,5.9,0,0
20110913,5.7,6,5.7,6,0,0
20110914,6.1,6.1,5.9,5.9,0,0
20110915,6,6,6,6,0,0
20110916,6.3,6.3,5.8,5.9,0,0
20110919,6.3,6.3,5.7,5.7,0,0
20110920,5.7,6,5.7,5.8,0,0
20110921,5.8,5.8,5.7,5.7,0,0
20110922,5.7,5.7,5.6,5.7,0,0
20110923,5.7,5.7,5.4,5.4,0,0
20110926,5.4,5.4,5.1,5.2,0,0
20110927,5.3,5.3,5.2,5.3,0,0
20110928,5.3,5.5,5,5,0,0
20110929,4.9,5.1,4.9,5.1,0,0
20110930,5,5.1,5,5,0,0
20111004,4.9,4.9,4.9,4.9,0,0
20111005,5,5,5,5,0,0
20111006,5.3,5.4,5,5.4,0,0
20111007,5.5,5.5,5.3,5.5,0,0
20111010,5.5,5.5,5.2,5.2,0,0
20111011,5.5,5.5,5.3,5.3,0,0
20111012,5.2,5.4,5.2,5.4,0,0
20111013,5.4,5.5,5.4,5.5,0,0
20111014,5.5,5.5,5.3,5.5,0,0
20111017,5.5,5.6,5.3,5.6,0,0
20111018,5.6,5.6,5.6,5.6,0,0
20111019,5.6,5.6,5.5,5.5,0,0
20111020,5.5,5.5,5.3,5.4,0,0
20111021,5.4,5.4,5.4,5.4,0,0
20111024,5.4,5.4,5.4,5.4,0,0
20111025,5.6,5.6,5.2,5.4,0,0
20111026,5.5,5.5,5.3,5.5,0,0
20111027,5.5,5.5,5.5,5.5,0,0
20111028,5.5,5.6,5.4,5.4,0,0
20111031,5.4,5.4,5.3,5.4,0,0
20111102,5.4,5.4,5.3,5.3,0,0
20111103,5.4,5.4,5.2,5.4,0,0
20111104,5.4,5.4,5.3,5.3,0,0
20111107,5.4,5.4,5.3,5.3,0,0
20111108,5.3,5.4,5.3,5.4,0,0
20111109,5.4,5.5,5.3,5.3,0,0
20111110,5.3,5.3,5.3,5.3,0,0
20111114,5.4,5.4,5.3,5.4,0,0
20111115,5.5,5.5,5.3,5.4,0,0
20111116,5.4,5.4,5.2,5.4,0,0
20111117,5.4,7.3,5.4,7.3,0,0
20111118,7.3,7.3,7.1,7.1,0,0
20111121,7.2,7.2,7.1,7.1,0,0
20111122,7.2,7.3,7.2,7.2,0,0
20111123,7,7.3,7,7.3,0,0
20111124,7.3,7.3,7,7.2,0,0
20111125,7.3,7.3,7.3,7.3,0,0
20111128,7.3,7.3,7.1,7.3,0,0
20111129,7.4,7.4,7,7,0,0
20111130,7.2,7.2,7.2,7.2,0,0
20111201,7.3,7.3,7.1,7.2,0,0
20111202,7.2,7.2,7.1,7.2,0,0
20111205,7,7,7,7,0,0
20111206,6.8,7.1,6.6,6.6,0,0
20111207,7.1,7.1,6.6,6.6,0,0
20111208,6.6,6.6,6.6,6.6,0,0
20111209,6.8,6.8,6.8,6.8,0,0
20111212,6.8,6.8,6.6,6.6,0,0
20111213,6.8,7.3,6.8,7.3,0,0
20111214,7.3,7.3,7.3,7.3,0,0
20111215,7.1,7.3,6.9,7.2,0,0
20111216,7.3,7.3,7,7,0,0
20111219,7.2,7.2,6.9,6.9,0,0
20111220,6.7,7.2,6.7,7.2,0,0
20111221,6.7,7,6.6,6.7,0,0
20111222,6.7,6.9,6.7,6.7,0,0
20111223,6.8,6.8,6.7,6.8,0,0
20111227,6.6,6.8,6.6,6.8,0,0
20111228,7,7,6.8,7,0,0
20111229,7,7,6.8,7,0,0
20111230,7,7,6.8,7,0,0
20120102,6.9,7.3,6.9,7.3,0,0
20120103,7.3,7.4,7.3,7.4,0,0
20120104,7.5,7.5,7.4,7.4,0,0
20120105,7.3,7.3,7.3,7.3,0,0
20120109,7.4,7.4,7.4,7.4,0,0
20120110,7.4,7.4,7.1,7.4,0,0
20120111,7.2,7.2,7.1,7.1,0,0
20120112,7.3,7.3,7.1,7.1,0,0
20120113,7.3,7.3,7.3,7.3,0,0
20120116,7.2,7.2,7.2,7.2,0,0
20120117,7.2,7.3,7.1,7.3,0,0
20120118,7.3,7.3,7.1,7.3,0,0
20120119,7.4,7.7,7.4,7.7,0,0
20120120,8.2,8.9,8,8,0,0
20120123,8,8.4,8,8.4,0,0
20120124,8.4,8.7,8.4,8.7,0,0
20120125,8.7,8.7,8.6,8.6,0,0
20120126,8.6,8.8,8.6,8.7,0,0
20120127,8.9,8.9,8.5,8.5,0,0
20120130,8.5,8.7,8.5,8.7,0,0
20120131,9.1,9.1,8.3,9,0,0
20120201,8.9,9,8.6,9,0,0
20120202,9,9,8.2,9,0,0
20120203,8.9,9,8.9,8.9,0,0
20120206,8.9,8.9,8.7,8.8,0,0
20120207,8.9,8.9,8.5,8.9,0,0
20120208,8.8,8.9,8.5,8.8,0,0
20120209,8.8,9,8.8,9,0,0
20120210,8.9,8.9,8.9,8.9,0,0
20120213,9,9,8.9,8.9,0,0
20120214,8.5,8.7,8.5,8.6,0,0
20120215,8.8,8.8,8.5,8.8,0,0
20120216,8.8,8.8,8.7,8.8,0,0
20120217,8.6,8.9,8.6,8.8,0,0
20120220,8.8,8.8,8.6,8.8,0,0
20120221,8.8,8.8,8.5,8.5,0,0
20120222,8.5,8.7,8.5,8.7,0,0
20120223,8.8,8.8,8.8,8.8,0,0
20120224,8.5,8.6,8.5,8.6,0,0
20120227,8.7,8.7,8.7,8.7,0,0
20120228,8.4,8.7,8.4,8.7,0,0
20120229,8.8,8.9,8.8,8.9,0,0
20120301,9,9.2,8.9,9.2,0,0
20120302,9.2,9.3,9.1,9.3,0,0
20120305,9.4,9.6,9.1,9.6,0,0
20120306,9.6,9.6,9.5,9.6,0,0
20120307,9.6,9.9,9.5,9.9,0,0
20120308,9.4,9.4,9,9.3,0,0
20120309,9.9,9.9,9.9,9.9,0,0
20120312,9.6,9.6,9.6,9.6,0,0
20120313,9.6,9.6,9.4,9.5,0,0
20120314,9.6,10,9.6,10,0,0
20120315,10,10,9.3,9.8,0,0
20120316,10,10,10,10,0,0
20120319,9.8,10,9.5,9.6,0,0
20120320,9.6,9.8,9.6,9.8,0,0
20120321,9.9,9.9,9.6,9.7,0,0
20120322,9.5,9.7,9.5,9.7,0,0
20120323,9.6,9.6,9.6,9.6,0,0
20120326,9.5,9.8,9.3,9.8,0,0
20120327,9.8,9.9,9.8,9.8,0,0
20120328,9.8,9.8,9.6,9.6,0,0
20120329,9.6,9.6,9.5,9.6,0,0
20120330,9.6,9.6,9.4,9.6,0,0
20120402,9.4,9.6,9.4,9.6,0,0
20120403,9.7,9.8,9.4,9.7,0,0
20120404,9.7,9.7,9.4,9.6,0,0
20120405,9.4,9.4,9.3,9.4,0,0
20120410,9.7,9.7,9.4,9.5,0,0
20120411,8.9,9.1,8.9,9.1,0,0
20120412,9,9.2,8.9,9.1,0,0
20120413,9.2,9.2,8.9,9,0,0
20120416,9,9,8.9,9,0,0
20120417,9,9,8.9,8.9,0,0
20120418,8.7,8.8,8.2,8.8,0,0
20120419,8.8,8.8,8.4,8.8,0,0
20120420,8.9,8.9,8.9,8.9,0,0
20120423,8.9,8.9,8.1,8.9,0,0
20120424,8.3,8.7,8.3,8.4,0,0
20120425,8.5,8.5,8.4,8.4,0,0
20120426,8.5,8.5,8.2,8.4,0,0
20120427,8.2,8.6,8.2,8.6,0,0
20120430,8.8,8.8,8.5,8.8,0,0
20120502,8.4,8.9,8.4,8.5,0,0
20120504,8.5,8.7,8.5,8.7,0,0
20120507,8.6,8.7,8.6,8.7,0,0
20120508,8.3,8.7,8.3,8.7,0,0
20120509,8.7,8.7,8.7,8.7,0,0
20120510,8.6,8.6,8.3,8.5,0,0
20120511,8.3,8.4,8.3,8.4,0,0
20120514,8.4,8.4,8.4,8.4,0,0
20120515,8.4,8.4,7.8,7.8,0,0
20120516,7.6,7.7,7.5,7.7,0,0
20120517,7.7,8.6,7.3,8.6,0,0
20120518,8.3,8.6,8.3,8.3,0,0
20120521,8.3,8.3,8.2,8.2,0,0
20120522,8.2,8.4,8,8.4,0,0
20120523,8.4,8.4,8.4,8.4,0,0
20120524,8.4,8.4,8,8.4,0,0
20120525,8.4,8.4,8.4,8.4,0,0
20120528,8.3,8.4,8.3,8.3,0,0
20120529,8.4,8.6,8.3,8.6,0,0
20120530,8.6,8.8,8.5,8.6,0,0
20120531,8.8,9.1,8.3,9,0,0
20120601,9,9.3,8.6,9,0,0
20120604,9.3,9.7,9.2,9.3,0,0
20120605,9.3,9.3,9.3,9.3,0,0
20120606,9.1,9.6,9.1,9.6,0,0
20120608,9.6,9.6,9.3,9.3,0,0
20120611,9.3,9.7,8.9,8.9,0,0
20120612,9.1,9.4,8.9,9.4,0,0
20120613,9.4,9.4,9.2,9.2,0,0
20120614,9.4,9.4,9.1,9.1,0,0
20120615,9.4,9.4,9,9,0,0
20120618,9.4,9.6,9,9,0,0
20120619,9.3,9.3,9.1,9.1,0,0
20120620,9.4,9.4,9.1,9.1,0,0
20120621,9.1,9.3,9.1,9.1,0,0
20120622,9,9.3,9,9,0,0
20120625,9.5,9.5,9.5,9.5,0,0
20120626,9.5,9.5,9.1,9.3,0,0
20120627,9.6,9.6,9.3,9.3,0,0
20120628,9.2,9.8,9.2,9.6,0,0
20120629,9.6,10.2,9.6,10.2,0,0
20120702,10,10,9.3,9.3,0,0
20120703,9.6,9.6,9.3,9.3,0,0
20120704,9.3,9.5,9.2,9.2,0,0
20120705,8.9,9.6,8.9,9,0,0
20120706,9,9,8.8,8.8,0,0
20120709,9.2,9.3,8.8,9.3,0,0
20120710,9.5,9.5,8.8,8.8,0,0
20120711,9.5,9.5,8.8,8.8,0,0
20120712,8.8,8.8,8.3,8.3,0,0
20120713,8.4,8.4,8.1,8.4,0,0
20120716,8.6,8.6,8.2,8.2,0,0
20120717,8.2,8.2,8.2,8.2,0,0
20120718,8.2,8.2,8.2,8.2,0,0
20120719,8.4,8.4,8.4,8.4,0,0
20120720,8.4,8.4,8.4,8.4,0,0
20120723,8.6,8.6,8.2,8.2,0,0
20120724,8.6,8.6,8.2,8.3,0,0
20120725,8.3,8.3,8.1,8.3,0,0
20120726,8,8.3,8,8.3,0,0
20120727,8.3,8.3,8.3,8.3,0,0
20120730,8.2,8.4,8.2,8.4,0,0
20120731,8.4,8.4,8.3,8.4,0,0
20120801,8.4,8.5,8.4,8.5,0,0
20120802,8.5,8.5,8.5,8.5,0,0
20120803,8.5,8.7,8.5,8.5,0,0
20120806,8.8,8.8,8.8,8.8,0,0
20120807,8.8,8.8,8.7,8.7,0,0
20120808,8.4,8.8,8.4,8.8,0,0
20120809,8.4,9.1,8.4,9.1,0,0
20120810,9.1,9.1,8.7,9.1,0,0
20120813,9.1,9.1,9.1,9.1,0,0
20120814,9.1,9.1,8.7,8.7,0,0
20120816,9.1,9.1,8.7,8.8,0,0
20120817,8.8,8.8,8.4,8.8,0,0
20120820,8.8,8.8,8.5,8.8,0,0
20120821,8.7,8.9,8.7,8.9,0,0
20120823,9.1,9.1,9.1,9.1,0,0
20120824,9.1,9.3,8.6,9.3,0,0
20120827,9.3,9.3,8.8,8.8,0,0
20120828,9.2,9.2,9,9,0,0
20120830,9.1,9.1,9.1,9.1,0,0
20120831,9,9.2,9,9.2,0,0
20120903,9,9.2,9,9.1,0,0
20120904,9,10.6,9,10.6,0,0
20120905,10.6,10.6,10.4,10.5,0,0
20120906,10.6,10.6,10.3,10.5,0,0
20120907,10.6,10.7,10.5,10.7,0,0
20120911,10.7,10.7,10.7,10.7,0,0
20120912,10.7,10.7,10.7,10.7,0,0
20120913,10.7,10.7,10.7,10.7,0,0
20120914,10.7,10.7,10.2,10.6,0,0
20120917,10.6,10.6,10.6,10.6,0,0
20120919,10.7,10.7,10.6,10.6,0,0
20120920,10.6,10.6,10.6,10.6,0,0
20120921,10.6,10.6,10.2,10.3,0,0
20120924,10.3,10.3,10.3,10.3,0,0
20120925,10.4,10.4,10.3,10.3,0,0
20120926,10.5,10.5,10.2,10.3,0,0
20120927,10.3,11,10.3,10.9,0,0
20120928,10.6,11.1,10.6,11.1,0,0
20121001,10.6,10.7,10.6,10.7,0,0
20121002,10.7,10.9,10.4,10.9,0,0
20121003,10.4,10.9,10.4,10.5,0,0
20121004,10.5,10.5,10.5,10.5,0,0
20121005,10.5,10.5,10.5,10.5,0,0
20121008,10.4,10.4,10.4,10.4,0,0
20121009,10.3,10.4,10.3,10.3,0,0
20121010,10.5,10.5,10.5,10.5,0,0
20121011,10.5,10.5,9.7,10.4,0,0
20121012,10.4,10.6,10.3,10.5,0,0
20121015,10.6,10.7,10.6,10.7,0,0
20121016,10.7,10.7,10.6,10.6,0,0
20121017,10.6,10.7,10.6,10.7,0,0
20121018,10.4,10.7,10.2,10.2,0,0
20121019,10.2,10.3,10.2,10.3,0,0
20121022,10.2,10.4,10,10.4,0,0
20121023,10.5,10.5,10.4,10.4,0,0
20121024,10.4,10.5,10.4,10.5,0,0
20121025,10.6,10.7,10.6,10.7,0,0
20121026,10.7,10.7,10.7,10.7,0,0
20121029,10.7,10.7,10.7,10.7,0,0
20121030,10.7,10.7,10.4,10.4,0,0
20121031,10.7,10.7,9.9,10.3,0,0
20121102,10.7,10.7,10.2,10.4,0,0
20121105,10.7,10.7,10.7,10.7,0,0
20121106,10.7,10.7,10.7,10.7,0,0
20121107,10.7,10.7,10.2,10.2,0,0
20121108,10.4,10.4,10.2,10.3,0,0
20121109,10.5,10.5,10.5,10.5,0,0
20121112,10.5,10.5,10.5,10.5,0,0
20121113,10.5,10.5,9.7,10.3,0,0
20121114,10.4,10.4,10.4,10.4,0,0
20121115,9.9,10.4,9.9,10.4,0,0
20121116,10.4,10.4,10.2,10.2,0,0
20121119,10.2,10.2,10.2,10.2,0,0
20121120,10,10.2,10,10,0,0
20121121,10.1,10.1,9.4,10,0,0
20121122,10.1,10.1,10.1,10.1,0,0
20121123,10.1,10.1,10.1,10.1,0,0
20121126,9.9,10.1,9.9,10.1,0,0
20121127,10.1,10.1,10.1,10.1,0,0
20121128,10.1,10.2,9.7,10.2,0,0
20121129,10.5,10.5,10.2,10.5,0,0
20121130,10.4,10.6,10.4,10.6,0,0
20121203,10.2,10.6,10.1,10.6,0,0
20121204,10.7,10.7,10.5,10.6,0,0
20121205,10.7,10.7,10.6,10.6,0,0
20121206,10.6,10.6,10.6,10.6,0,0
20121207,10.6,10.6,10.6,10.6,0,0
20121210,10.5,10.5,10.5,10.5,0,0
20121211,10.5,10.5,10.1,10.5,0,0
20121212,10.5,10.5,10.5,10.5,0,0
20121213,10.1,10.5,10.1,10.5,0,0
20121214,10.2,10.5,10.2,10.5,0,0
20121217,10.5,10.5,10.2,10.2,0,0
20121218,10.1,10.2,10.1,10.2,0,0
20121219,10.2,10.5,10.2,10.5,0,0
20121220,10.5,10.5,10.2,10.2,0,0
20121221,10.6,10.6,10.6,10.6,0,0
20121227,10.6,10.8,10.6,10.8,0,0
20121228,10.8,11.3,10.8,11.3,0,0
20130102,11.3,11.3,10.8,11.1,0,0
20130103,11.1,11.1,10.5,11.1,0,0
20130104,10.7,11.1,10.6,10.6,0,0
20130107,10.6,10.6,10.6,10.6,0,0
20130108,10.6,10.6,10.6,10.6,0,0
20130109,10.6,10.6,10.4,10.4,0,0
20130110,10.5,10.5,10.5,10.5,0,0
20130111,10.5,10.5,10.3,10.5,0,0
20130114,10.5,10.5,10.5,10.5,0,0
20130115,10.5,10.5,10.5,10.5,0,0
20130117,10.5,10.5,10.2,10.2,0,0
20130118,10,10.4,9.9,10.3,0,0
20130121,10.3,10.4,10.3,10.4,0,0
20130122,10.3,10.3,10.2,10.2,0,0
20130123,10.2,10.2,10.2,10.2,0,0
20130124,10.2,10.2,10.2,10.2,0,0
20130125,10.2,10.6,10.2,10.6,0,0
20130128,10.5,10.5,10.5,10.5,0,0
20130129,10.5,10.6,10.5,10.5,0,0
20130130,10.5,11,10.5,11,0,0
20130131,11,11,10.9,10.9,0,0
20130201,10.9,10.9,10.6,10.6,0,0
20130204,10.9,10.9,10.4,10.5,0,0
20130205,10.5,10.5,10.5,10.5,0,0
20130206,10.4,10.4,10.4,10.4,0,0
20130207,10.4,10.4,10.4,10.4,0,0
20130208,10.3,10.3,10.2,10.2,0,0
20130211,10,10.2,10,10,0,0
20130212,10,10,10,10,0,0
20130213,9.8,10,9.6,9.9,0,0
20130214,9.9,9.9,9.9,9.9,0,0
20130215,9.9,9.9,9.7,9.7,0,0
20130218,9.7,10.5,9.6,9.9,0,0
20130219,9.6,9.9,9.6,9.8,0,0
20130220,9.8,9.8,9.5,9.6,0,0
20130221,9.6,9.6,9.3,9.3,0,0
20130222,9.6,9.6,9.6,9.6,0,0
20130226,9.8,9.8,9.2,9.4,0,0
20130227,9.6,9.6,8.6,8.9,0,0
20130228,8.6,9,8.6,9,0,0
20130301,8.8,9,8.7,8.9,0,0
20130304,9,9,8.2,8.4,0,0
20130305,8.2,14.4,8.2,14.4,0,0
20130306,14.2,14.5,14.2,14.5,0,0
20130307,14.4,14.5,14,14,0,0
20130308,14,14,13.5,13.8,0,0
20130311,13.2,13.4,13,13.4,0,0
20130312,13.4,13.6,13.4,13.6,0,0
20130313,13.4,13.4,13.4,13.4,0,0
20130314,13.4,13.4,13.4,13.4,0,0
20130315,13.2,14.3,13.1,14.1,0,0
20130318,13.8,13.8,13.8,13.8,0,0
20130319,14.1,14.1,14.1,14.1,0,0
20130320,14.1,14.1,14,14,0,0
20130321,14,14,13.4,14,0,0
20130322,14,14,13.3,14,0,0
20130325,14,14,12.9,13.9,0,0
20130326,13.7,13.8,13.2,13.8,0,0
20130327,13.7,13.8,13.7,13.8,0,0
20130328,13.8,13.8,13.7,13.7,0,0
20130402,13.8,13.9,13.7,13.9,0,0
20130403,13.9,13.9,13.8,13.8,0,0
20130404,13.8,13.8,13,13.7,0,0
20130405,13.1,13.3,13.1,13.3,0,0
20130408,12.7,13.2,12.6,12.6,0,0
20130409,12.7,12.9,11.9,12.9,0,0
20130410,12.5,12.9,11.7,11.7,0,0
20130411,11.7,12,11.2,11.9,0,0
20130412,12.2,12.2,12.2,12.2,0,0
20130415,12.6,12.6,12.6,12.6,0,0
20130417,11.7,12.3,11.2,11.3,0,0
20130418,11.1,11.8,11.1,11.1,0,0
20130419,11.3,11.3,10.8,11.1,0,0
20130422,11.3,11.3,11.1,11.1,0,0
20130423,11.2,11.2,10.8,10.8,0,0
20130424,10.7,10.7,10.2,10.2,0,0
20130425,10.6,10.6,10.2,10.2,0,0
20130426,10.2,10.2,9.5,9.8,0,0
20130429,9.4,9.8,9.1,9.4,0,0
20130430,9.4,9.4,9.4,9.4,0,0
20130502,9.4,10.3,9.4,10,0,0
20130506,10,10.4,10,10.4,0,0
20140305,10.5,10.5,10.5,10.5,0,0
20140306,10.3,10.5,10.1,10.4,0,0
20140307,10.5,10.5,10.1,10.1,0,0
20140310,10,10.1,9.9,9.9,0,0
20140311,9.9,9.9,9.9,9.9,0,0
20140312,9.6,9.9,9.6,9.7,0,0
20140313,10.4,10.5,10.3,10.3,0,0
20140314,10.3,10.3,9.6,9.6,0,0
20140317,9.7,10.3,9.7,10.3,0,0
20140318,10.4,10.5,10.3,10.5,0,0
20140319,10.6,10.8,10.5,10.8,0,0
20140320,10.6,10.8,10.6,10.8,0,0
20140321,10.9,11.1,10.9,11.1,0,0
20140324,10.7,11.8,10.7,11.8,0,0
20140325,11.6,11.6,11.6,11.6,0,0
20140326,11.9,12.4,11.9,12.1,0,0
20140327,12.1,12.3,12.1,12.3,0,0
20140328,12.3,12.3,11.6,12.2,0,0
20140331,11.6,11.6,11.6,11.6,0,0
20140401,11.7,11.7,11.6,11.7,0,0
20140402,11.7,12.1,11.7,12.1,0,0
20140404,11.6,12.1,11.6,11.9,0,0
20140407,11.9,11.9,11.9,11.9,0,0
20140409,11.5,11.9,11.5,11.9,0,0
20140411,11.5,11.6,11.5,11.6,0,0
20140414,11.6,11.6,11.6,11.6,0,0
20140416,11.3,11.3,11.3,11.3,0,0
20140417,11.3,11.3,11.3,11.3,0,0
20140423,11.1,11.1,11.1,11.1,0,0
20140424,11.5,11.5,11.1,11.5,0,0
20140425,11.6,11.6,11.5,11.5,0,0
20140430,11.3,11.6,11.3,11.6,0,0
20140502,11.1,11.6,11.1,11.6,0,0
20140505,11.1,11.5,11.1,11.4,0,0
20140506,11.1,12,11.1,12,0,0
20140508,12,12,12,12,0,0
20140509,11.6,11.6,11.6,11.6,0,0
20140512,12,12,11.6,11.6,0,0
20140513,11.5,11.5,11.5,11.5,0,0
20140514,11.7,11.7,11.4,11.5,0,0
20140516,11.7,12.1,11.7,12.1,0,0
20140519,12,12.1,12,12.1,0,0
20140520,11.7,11.8,11.7,11.8,0,0
20140521,11.7,11.7,11.7,11.7,0,0
20140522,11.8,11.8,11.7,11.7,0,0
20140523,11.6,11.7,11.5,11.7,0,0
20140526,11.6,11.7,11.6,11.6,0,0
20140527,11.7,12.1,10.1,10.1,0,0
20140528,10.4,10.4,10.3,10.3,0,0
20140529,10.3,10.7,10.3,10.7,0,0
20140530,10.7,10.7,10.4,10.4,0,0
20140602,10.4,10.7,10.4,10.6,0,0
20140603,10.5,10.7,10.5,10.6,0,0
20140604,10.5,10.5,10.4,10.4,0,0
20140605,10.4,10.7,10.3,10.7,0,0
20140606,10.7,10.7,10.4,10.4,0,0
20140609,10.7,10.7,10,10.4,0,0
20140610,10.4,10.4,10.4,10.4,0,0
20140611,10.2,10.2,9.9,10.2,0,0
20140612,9.7,9.7,9.6,9.6,0,0
20140613,9.8,9.8,9.7,9.8,0,0
20140616,10.1,10.9,10.1,10.9,0,0
20140617,11.2,11.2,10.8,10.8,0,0
20140618,11.1,11.1,10.8,11.1,0,0
20140620,11.1,11.2,11.1,11.1,0,0
20140623,10.9,11.1,10.9,11.1,0,0
20140624,11.1,11.1,10.9,10.9,0,0
20140625,11.2,11.2,10.7,10.7,0,0
20140626,11.2,11.2,10.7,10.7,0,0
20140627,10.8,11.1,10.8,11.1,0,0
20140630,11,11,11,11,0,0
20140701,11,11,11,11,0,0
20140703,10.6,10.6,10.6,10.6,0,0
20140707,10.4,10.5,10.4,10.5,0,0
20140708,10.5,10.5,10.5,10.5,0,0
20140709,10.9,11,10.5,10.9,0,0
20140710,11.1,11.1,10.7,10.7,0,0
20140714,11.1,11.2,11.1,11.2,0,0
20140715,11.2,11.5,11.2,11.4,0,0
20140716,11.4,11.4,11.3,11.3,0,0
20140717,11.4,11.4,11.4,11.4,0,0
20140721,11.4,11.4,11.4,11.4,0,0
20140722,11.4,11.4,11,11,0,0
20140723,11.1,11.1,11,11,0,0
20140724,11,11.1,10.9,10.9,0,0
20140725,11.3,11.3,10.6,10.8,0,0
20140728,11.1,11.1,11.1,11.1,0,0
20140729,11,11,11,11,0,0
20140730,10.7,10.9,10.7,10.9,0,0
20140731,10.9,10.9,10.9,10.9,0,0
20140801,10.6,10.7,10.5,10.7,0,0
20140805,10.9,10.9,10.8,10.8,0,0
20140806,10.9,10.9,10.5,10.5,0,0
20140807,10.8,10.8,10.5,10.5,0,0
20140808,10.9,11.4,10.9,11.4,0,0
20140811,11,11.5,11,11.5,0,0
20140812,11.3,11.3,11.3,11.3,0,0
20140813,11.4,11.4,10.9,10.9,0,0
20140814,10.9,10.9,10.8,10.8,0,0
20140818,11.1,11.1,11.1,11.1,0,0
20140819,11.1,11.1,10.8,10.8,0,0
20140820,10.8,10.8,10.8,10.8,0,0
20140821,11.1,11.1,10.8,10.8,0,0
20140822,10.8,10.8,10.8,10.8,0,0
20140825,10.8,10.9,10.8,10.8,0,0
20140826,10.8,10.8,10.8,10.8,0,0
20140827,10.8,11.1,10.8,11.1,0,0
20140828,11.1,11.6,10.8,11.6,0,0
20140829,11.8,11.8,11.8,11.8,0,0
20140901,11.7,11.7,11.7,11.7,0,0
20140902,11.6,11.6,11.2,11.6,0,0
20140903,11.5,11.5,11.5,11.5,0,0
20140904,11.4,11.5,11.4,11.5,0,0
20140905,11.5,11.6,11.5,11.6,0,0
20140908,11.5,11.7,8.2,8.2,0,0
20140909,8.2,8.3,8.1,8.1,0,0
20140910,8.3,8.3,8.3,8.3,0,0
20140911,8.3,8.3,8.1,8.1,0,0
20140912,8.2,8.2,8.2,8.2,0,0
20140915,8.1,8.1,8.1,8.1,0,0
20140916,8.1,8.1,8.1,8.1,0,0
20140917,7.9,8.1,7.9,8.1,0,0
20140918,7.9,7.9,7.9,7.9,0,0
20140919,7.9,7.9,7.9,7.9,0,0
20140922,7.9,8.2,7.9,8.1,0,0
20140923,7.9,7.9,7.9,7.9,0,0
20140924,7.9,8,7.9,8,0,0
20140925,8,8,8,8,0,0
20140926,8,8,8,8,0,0
20140929,8,8,8,8,0,0
20140930,8.1,8.1,8.1,8.1,0,0
20141001,8.1,8.2,8.1,8.2,0,0
20141002,8.2,8.2,8.1,8.1,0,0
20141003,8.1,8.1,8.1,8.1,0,0
20141006,8.1,8.1,8.1,8.1,0,0
20141007,8.3,8.3,8.3,8.3,0,0
20141008,8.3,8.3,8.3,8.3,0,0
20141009,8.3,8.3,8.3,8.3,0,0
20141010,8.1,8.1,8,8,0,0
20141014,7.8,7.8,7.7,7.7,0,0
20141015,7.6,7.7,7.6,7.7,0,0
20141016,7.8,7.8,7.7,7.7,0,0
20141017,7.7,7.7,7.7,7.7,0,0
20141020,7.8,7.8,7.7,7.7,0,0
20141021,7.5,7.6,7.5,7.6,0,0
20141022,7.7,7.9,7.7,7.9,0,0
20141023,7.9,7.9,7.9,7.9,0,0
20141024,7.9,8,7.9,8,0,0
20141027,8,8,8,8,0,0
20141028,8,8,8,8,0,0
20141029,8.4,8.4,8.4,8.4,0,0
20141030,8.2,8.2,7.7,7.7,0,0
20141031,7.7,7.7,7.7,7.7,0,0
20141103,8.1,8.2,8.1,8.2,0,0
20141104,8.2,8.2,7.9,7.9,0,0
20141105,8,8,8,8,0,0
20141106,8.2,8.2,8.2,8.2,0,0
20141107,7.9,7.9,7.9,7.9,0,0
20141110,7.8,7.9,7.8,7.8,0,0
20141113,7.7,7.7,7.7,7.7,0,0
20141114,7.7,7.8,7.7,7.8,0,0
20141117,8.1,8.7,8.1,8.7,0,0
20141118,8.7,8.7,8.4,8.4,0,0
20141120,8.4,8.4,7.1,7.1,0,0
20141121,7.3,7.3,6.9,6.9,0,0
20141124,6.9,6.9,6.9,6.9,0,0
20141125,7.2,7.2,6.9,6.9,0,0
20141126,7.2,7.2,6.9,6.9,0,0
20141127,7.2,7.2,6.6,6.9,0,0
20141128,7,7.5,7,7.5,0,0
20141201,7.5,7.5,7.1,7.5,0,0
20141202,7.5,7.5,7.2,7.4,0,0
20141203,7.4,7.5,7.3,7.5,0,0
20141204,7.5,7.5,7.2,7.5,0,0
20141205,7.1,7.4,7.1,7.4,0,0
20141208,7.3,7.3,6.8,7.2,0,0
20141209,7.2,7.2,6.9,7.1,0,0
20141210,7,7.1,6.8,7.1,0,0
20141211,7.1,7.1,7.1,7.1,0,0
20141212,7.1,7.8,6.9,7.8,0,0
20141215,8.1,8.4,7.8,8.2,0,0
20141216,8.2,8.4,8.1,8.1,0,0
20141217,8.2,8.4,7.9,8.4,0,0
20141218,8,8.4,8,8.4,0,0
20141219,8.4,8.4,8.1,8.2,0,0
20141222,8.1,8.2,8,8.1,0,0
20141223,8,8.4,8,8.4,0,0
20141229,8.4,8.4,8,8.1,0,0
20141230,8.4,8.4,8,8.1,0,0
