Date,Open,High,Low,Close,Volume,OpenInt
20070813,1.7148,1.7148,1.7148,1.7148,0,0
20070814,1.7148,1.7148,1.7148,1.7148,0,0
20070816,1.6979,1.6979,1.6979,1.6979,0,0
20070817,1.6979,1.6979,1.6979,1.6979,0,0
20070820,1.7571,1.7571,1.7571,1.7571,0,0
20070821,1.7487,1.7487,1.7487,1.7487,0,0
20070822,1.7064,1.7064,1.7064,1.7064,0,0
20070823,1.7739,1.7739,1.7739,1.7739,0,0
20070824,1.7233,1.7233,1.7233,1.7233,0,0
20070827,1.7571,1.7571,1.7571,1.7571,0,0
20070828,1.7992,1.7992,1.7992,1.7992,0,0
20070829,1.7233,1.7233,1.7233,1.7233,0,0
20070830,1.7317,1.7317,1.7317,1.7317,0,0
20070831,1.7739,1.7739,1.7739,1.7739,0,0
20070903,1.7487,1.7487,1.7487,1.7487,0,0
20070904,1.8078,1.8078,1.8078,1.8078,0,0
20070905,1.8078,1.8078,1.8078,1.8078,0,0
20070906,1.8078,1.8078,1.8078,1.8078,0,0
20070907,1.8078,1.8078,1.8078,1.8078,0,0
20070910,1.7908,1.7908,1.7908,1.7908,0,0
20070911,1.8078,1.8078,1.8078,1.8078,0,0
20070912,1.7992,1.7992,1.7992,1.7992,0,0
20070913,1.8078,1.8078,1.8078,1.8078,0,0
20070914,1.7908,1.7908,1.7908,1.7908,0,0
20070917,1.7317,1.7317,1.7317,1.7317,0,0
20070918,1.7487,1.7487,1.7487,1.7487,0,0
20070919,1.7487,1.7487,1.7487,1.7487,0,0
20070920,1.7317,1.7317,1.7317,1.7317,0,0
20070921,1.7317,1.7317,1.7317,1.7317,0,0
20070924,1.7317,1.7317,1.7317,1.7317,0,0
20070925,1.7233,1.7233,1.7233,1.7233,0,0
20070926,1.7487,1.7487,1.7487,1.7487,0,0
20070927,1.7824,1.7824,1.7824,1.7824,0,0
20070928,1.7148,1.7148,1.7148,1.7148,0,0
20071001,1.7655,1.7655,1.7655,1.7655,0,0
20071002,1.7487,1.7487,1.7487,1.7487,0,0
20071003,1.6894,1.6894,1.6894,1.6894,0,0
20071004,1.7317,1.7317,1.7317,1.7317,0,0
20071005,1.7148,1.7148,1.7148,1.7148,0,0
20071008,1.7317,1.7317,1.7317,1.7317,0,0
20071009,1.7317,1.7317,1.7317,1.7317,0,0
20071010,1.7064,1.7064,1.7064,1.7064,0,0
20071011,1.7064,1.7064,1.7064,1.7064,0,0
20071012,1.6472,1.6472,1.6472,1.6472,0,0
20071015,1.6725,1.6725,1.6725,1.6725,0,0
20071016,1.605,1.605,1.605,1.605,0,0
20071017,1.6642,1.6642,1.6642,1.6642,0,0
20071018,1.5797,1.5797,1.5797,1.5797,0,0
20071019,1.605,1.605,1.605,1.605,0,0
20071022,1.6219,1.6219,1.6219,1.6219,0,0
20071023,1.605,1.605,1.605,1.605,0,0
20071024,1.605,1.605,1.605,1.605,0,0
20071025,1.605,1.605,1.605,1.605,0,0
20071026,1.605,1.605,1.605,1.605,0,0
20071029,1.6642,1.6642,1.6642,1.6642,0,0
20071030,1.6642,1.6642,1.6642,1.6642,0,0
20071031,1.7064,1.7064,1.7064,1.7064,0,0
20071102,1.681,1.681,1.681,1.681,0,0
20071105,1.6304,1.6304,1.6304,1.6304,0,0
20071106,1.6558,1.6558,1.6558,1.6558,0,0
20071107,1.605,1.605,1.605,1.605,0,0
20071108,1.6134,1.6134,1.6134,1.6134,0,0
20071109,1.605,1.6304,1.605,1.6134,0,0
20071112,1.5713,1.6134,1.5627,1.5627,0,0
20071113,1.5627,1.605,1.5627,1.605,0,0
20071114,1.5713,1.605,1.5713,1.605,0,0
20071115,1.605,1.605,1.5544,1.5544,0,0
20071116,1.529,1.5544,1.5121,1.5544,0,0
20071119,1.5121,1.5544,1.4952,1.4952,0,0
20071120,1.529,1.529,1.4699,1.4699,0,0
20071121,1.4361,1.4361,1.3938,1.3938,0,0
20071122,1.3938,1.4699,1.3938,1.4699,0,0
20071123,1.4699,1.4699,1.4699,1.4699,0,0
20071126,1.4699,1.4699,1.4699,1.4699,0,0
20071127,1.4699,1.4699,1.4614,1.4614,0,0
20071128,1.4614,1.4614,1.4531,1.4614,0,0
20071129,1.4614,1.4614,1.4108,1.4531,0,0
20071130,1.4614,1.4614,1.4614,1.4614,0,0
20071203,1.4531,1.4699,1.4108,1.4699,0,0
20071204,1.4614,1.4614,1.4614,1.4614,0,0
20071205,1.4614,1.4614,1.4614,1.4614,0,0
20071206,1.4614,1.4614,1.4277,1.4277,0,0
20071207,1.4614,1.4614,1.4614,1.4614,0,0
20071210,1.4531,1.4531,1.3938,1.4531,0,0
20071211,1.3938,1.4277,1.377,1.4277,0,0
20071212,1.377,1.4277,1.377,1.4277,0,0
20071213,1.377,1.4531,1.377,1.4277,0,0
20071214,1.4531,1.4531,1.4277,1.4277,0,0
20071217,1.4277,1.4277,1.4277,1.4277,0,0
20071218,1.377,1.4108,1.3686,1.4108,0,0
20071219,1.4108,1.4108,1.3516,1.4108,0,0
20071220,1.3686,1.3938,1.3432,1.3686,0,0
20071221,1.3938,1.3938,1.3516,1.3938,0,0
20071227,1.4023,1.4277,1.3938,1.4277,0,0
20071228,1.3686,1.4277,1.3264,1.3264,0,0
20080102,1.3516,1.3516,1.3516,1.3516,0,0
20080103,1.2841,1.3432,1.2841,1.3432,0,0
20080104,1.3432,1.3432,1.2924,1.2924,0,0
20080107,1.3094,1.3094,1.2841,1.2841,0,0
20080108,1.3094,1.3094,1.2671,1.301,0,0
20080109,1.2502,1.2502,1.1995,1.2502,0,0
20080110,1.2418,1.2418,1.1742,1.2164,0,0
20080111,1.1573,1.1573,1.1489,1.1489,0,0
20080114,1.1489,1.1489,1.1489,1.1489,0,0
20080115,1.0981,1.132,1.0898,1.0898,0,0
20080116,1.0898,1.0898,0.9968,1.0136,0,0
20080117,1.0136,1.0136,0.9968,0.9968,0,0
20080118,1.0136,1.0136,0.98,0.9968,0,0
20080121,1.0136,1.0136,0.9883,0.9883,0,0
20080122,0.98,0.98,0.9546,0.9546,0,0
20080123,0.98,1.0136,0.98,0.9968,0,0
20080124,1.0136,1.0136,0.98,0.9968,0,0
20080125,1.0221,1.0221,0.98,0.98,0,0
20080128,1.0136,1.0306,1.0053,1.0306,0,0
20080129,1.039,1.0559,1.0136,1.0136,0,0
20080130,1.0221,1.0221,1.0053,1.0136,0,0
20080131,1.0136,1.0221,1.0053,1.0136,0,0
20080201,1.0136,1.0221,1.0136,1.0221,0,0
20080204,1.0221,1.0475,1.0136,1.0136,0,0
20080205,1.0306,1.0306,0.9968,1.0221,0,0
20080206,0.98,0.9968,0.98,0.9968,0,0
20080207,0.9968,0.9968,0.9968,0.9968,0,0
20080208,0.9968,0.9968,0.98,0.98,0,0
20080211,0.98,0.9968,0.9715,0.9715,0,0
20080212,0.98,0.98,0.9546,0.98,0,0
20080213,0.9546,0.9968,0.9546,0.98,0,0
20080214,0.9968,0.9968,0.9883,0.9883,0,0
20080215,0.9883,0.9883,0.98,0.98,0,0
20080218,0.9968,0.9968,0.98,0.9883,0,0
20080219,0.9968,0.9968,0.98,0.98,0,0
20080220,0.9715,0.98,0.9715,0.98,0,0
20080221,0.98,0.98,0.9715,0.98,0,0
20080222,0.9715,0.9883,0.9715,0.9883,0,0
20080225,0.9968,0.9968,0.9968,0.9968,0,0
20080226,0.9968,1.0053,0.98,0.98,0,0
20080227,0.9883,0.9883,0.98,0.98,0,0
20080228,0.9968,0.9968,0.98,0.9883,0,0
20080229,0.9883,1.0136,0.9715,0.9968,0,0
20080303,0.98,0.9968,0.9715,0.9968,0,0
20080304,1.0053,1.0053,0.98,0.9883,0,0
20080305,0.9883,1.0053,0.9883,1.0053,0,0
20080306,1.0053,1.0136,1.0053,1.0136,0,0
20080307,0.9968,1.0053,0.9883,0.9968,0,0
20080310,1.0053,1.0053,0.9968,1.0053,0,0
20080311,0.9968,1.0221,0.9968,1.0221,0,0
20080312,1.0221,1.0221,1.0053,1.0053,0,0
20080313,0.9968,1.0053,0.9968,0.9968,0,0
20080314,1.0053,1.0136,1.0053,1.0053,0,0
20080317,0.9968,1.0053,0.9883,1.0053,0,0
20080318,0.9883,1.0053,0.98,1.0053,0,0
20080319,0.9883,1.0053,0.9883,1.0053,0,0
20080320,1.0053,1.0053,1.0053,1.0053,0,0
20080325,0.9968,0.9968,0.9968,0.9968,0,0
20080326,0.9968,1.0053,0.9968,1.0053,0,0
20080327,1.0053,1.0136,0.9968,1.0136,0,0
20080328,1.0136,1.0306,0.9968,1.0306,0,0
20080331,1.0306,1.0306,1.0306,1.0306,0,0
20080401,1.0306,1.039,1.0306,1.039,0,0
20080402,1.0221,1.039,1.0221,1.0306,0,0
20080403,1.0306,1.0306,1.0136,1.0306,0,0
20080404,1.039,1.0559,1.039,1.0559,0,0
20080407,1.0644,1.0813,1.0644,1.0644,0,0
20080408,1.0813,1.0813,1.0728,1.0728,0,0
20080409,1.0559,1.0728,1.0559,1.0728,0,0
20080410,1.0559,1.0728,1.0559,1.0559,0,0
20080411,1.0728,1.0981,1.0475,1.0644,0,0
20080414,1.0644,1.0644,1.0644,1.0644,0,0
20080415,1.0644,1.0644,1.0644,1.0644,0,0
20080416,1.0813,1.0813,1.0475,1.0644,0,0
20080417,1.0475,1.0475,1.0475,1.0475,0,0
20080418,1.0475,1.0475,1.0221,1.039,0,0
20080421,1.039,1.039,1.0136,1.0136,0,0
20080422,1.0221,1.0221,1.0053,1.0221,0,0
20080423,1.0053,1.0221,1.0053,1.0053,0,0
20080424,1.0221,1.0221,1.0053,1.0221,0,0
20080425,1.0221,1.0221,1.0221,1.0221,0,0
20080428,1.0221,1.0306,1.0053,1.0306,0,0
20080429,1.039,1.039,1.039,1.039,0,0
20080430,1.039,1.0559,1.039,1.0559,0,0
20080505,1.0475,1.0644,1.0475,1.0644,0,0
20080506,1.0644,1.0644,1.039,1.039,0,0
20080507,1.039,1.039,1.0136,1.0306,0,0
20080508,1.0136,1.0475,1.0136,1.0475,0,0
20080509,1.0136,1.0475,1.0136,1.0475,0,0
20080512,1.0306,1.039,1.0306,1.0306,0,0
20080513,1.0221,1.0306,1.0221,1.0306,0,0
20080514,1.0221,1.0306,1.0221,1.0221,0,0
20080515,1.0136,1.0475,1.0136,1.0475,0,0
20080516,1.0053,1.0136,0.9883,0.9968,0,0
20080519,1.0053,1.0136,0.9883,0.9883,0,0
20080520,0.98,0.98,0.98,0.98,0,0
20080521,0.9968,0.9968,0.98,0.98,0,0
20080523,0.9968,0.9968,0.98,0.98,0,0
20080526,0.9968,0.9968,0.9968,0.9968,0,0
20080527,1.0136,1.0136,1.0053,1.0136,0,0
20080528,1.0136,1.0136,0.9968,1.0136,0,0
20080529,1.0136,1.0136,1.0136,1.0136,0,0
20080530,0.9968,1.0136,0.9968,1.0136,0,0
20080602,1.0136,1.0136,0.9968,0.9968,0,0
20080603,0.9968,0.9968,0.98,0.98,0,0
20080604,0.9968,0.9968,0.9968,0.9968,0,0
20080605,0.9968,0.9968,0.9968,0.9968,0,0
20080606,0.98,0.9968,0.98,0.98,0,0
20080609,0.98,0.98,0.963,0.98,0,0
20080610,0.98,0.98,0.9715,0.98,0,0
20080611,0.98,0.9968,0.9715,0.9968,0,0
20080612,0.963,0.9968,0.963,0.9968,0,0
20080613,0.9883,0.9883,0.9883,0.9883,0,0
20080616,0.98,1.0136,0.98,0.98,0,0
20080617,1.0136,1.0136,0.9546,1.0053,0,0
20080618,0.9883,0.9883,0.98,0.98,0,0
20080619,0.98,0.9968,0.98,0.9968,0,0
20080620,0.9968,1.0053,0.9968,0.9968,0,0
20080623,0.9968,1.0053,0.9968,1.0053,0,0
20080624,0.98,1.0053,0.98,1.0053,0,0
20080625,0.9968,1.0306,0.9968,1.0221,0,0
20080626,1.0136,1.0475,0.9968,1.039,0,0
20080627,1.0306,1.0475,0.98,0.98,0,0
20080630,0.9968,1.0136,0.9715,1.0136,0,0
20080701,0.9968,1.0136,0.9546,1.0136,0,0
20080702,1.0053,1.0475,0.9883,1.0475,0,0
20080703,0.9968,1.0475,0.98,1.0475,0,0
20080704,1.0306,1.0306,0.9968,1.0306,0,0
20080707,1.0306,1.0306,1.0306,1.0306,0,0
20080708,1.0221,1.0221,1.0136,1.0136,0,0
20080709,0.98,1.0136,0.98,1.0053,0,0
20080710,1.0053,1.0053,1.0053,1.0053,0,0
20080711,1.0053,1.0053,0.98,1.0053,0,0
20080714,0.98,1.0053,0.98,1.0053,0,0
20080715,0.9715,0.9883,0.9376,0.9376,0,0
20080716,0.9292,0.963,0.8786,0.963,0,0
20080717,0.9292,0.9715,0.9292,0.9292,0,0
20080718,0.9292,0.9461,0.9292,0.9461,0,0
20080721,0.9715,0.9715,0.9715,0.9715,0,0
20080722,0.9292,0.9715,0.9292,0.9715,0,0
20080723,0.9292,0.9715,0.9292,0.9715,0,0
20080724,0.98,0.98,0.9376,0.98,0,0
20080725,0.9715,0.9715,0.9715,0.9715,0,0
20080728,0.9715,0.9715,0.9715,0.9715,0,0
20080729,0.9715,0.98,0.9461,0.98,0,0
20080730,0.98,0.98,0.98,0.98,0,0
20080731,0.9292,0.98,0.9292,0.98,0,0
20080801,0.98,0.9883,0.98,0.9883,0,0
20080804,0.9883,0.9883,0.98,0.98,0,0
20080805,0.98,1.0053,0.9546,1.0053,0,0
20080806,0.9968,1.0053,0.9715,1.0053,0,0
20080807,0.9883,1.0053,0.9883,1.0053,0,0
20080808,1.0053,1.0053,1.0053,1.0053,0,0
20080811,0.9968,1.0053,0.9968,1.0053,0,0
20080812,1.0053,1.0053,1.0053,1.0053,0,0
20080813,1.0053,1.0053,1.0053,1.0053,0,0
20080814,1.0053,1.0053,1.0053,1.0053,0,0
20080818,1.0221,1.1066,1.0221,1.0559,0,0
20080819,1.0813,1.1066,1.0644,1.0644,0,0
20080820,1.0898,1.0981,1.0898,1.0981,0,0
20080821,1.1235,1.132,1.1235,1.132,0,0
20080822,1.132,1.1995,1.132,1.1489,0,0
20080825,1.1489,1.1489,1.115,1.1489,0,0
20080826,1.1235,1.1489,1.1235,1.1235,0,0
20080827,1.115,1.1489,1.0981,1.1403,0,0
20080828,1.115,1.1403,1.115,1.1403,0,0
20080829,1.1489,1.1489,1.115,1.1489,0,0
20080901,1.132,1.1573,1.132,1.1573,0,0
20080902,1.1573,1.1573,1.132,1.1489,0,0
20080903,1.1235,1.1573,1.1235,1.1573,0,0
20080904,1.1573,1.1742,1.1573,1.1742,0,0
20080905,1.1573,1.1742,1.1403,1.1573,0,0
20080908,1.1573,1.1573,1.1573,1.1573,0,0
20080909,1.1235,1.1573,1.1235,1.132,0,0
20080910,1.115,1.1489,1.115,1.1489,0,0
20080911,1.1489,1.1489,1.1235,1.1403,0,0
20080912,1.1489,1.1489,1.1489,1.1489,0,0
20080915,1.115,1.1489,1.1066,1.1489,0,0
20080916,1.132,1.1489,1.132,1.1489,0,0
20080917,1.1235,1.132,1.115,1.132,0,0
20080918,1.1066,1.132,1.0981,1.132,0,0
20080919,1.1235,1.132,1.1235,1.132,0,0
20080922,1.132,1.1489,1.132,1.1489,0,0
20080923,1.132,1.132,1.115,1.132,0,0
20080924,1.132,1.132,1.115,1.132,0,0
20080925,1.1235,1.2164,1.1235,1.2164,0,0
20080926,1.208,1.208,1.1742,1.1742,0,0
20080929,1.1657,1.1657,1.1403,1.1403,0,0
20080930,1.1066,1.1657,1.1066,1.1657,0,0
20081001,1.1657,1.1657,1.115,1.115,0,0
20081002,1.115,1.115,1.1066,1.1066,0,0
20081003,1.1066,1.1066,1.0981,1.0981,0,0
20081006,1.0813,1.0813,1.039,1.039,0,0
20081007,1.0559,1.0559,1.0559,1.0559,0,0
20081008,1.0306,1.0559,0.9546,0.9546,0,0
20081009,0.963,0.98,0.963,0.98,0,0
20081010,0.9715,0.9715,0.9123,0.9123,0,0
20081013,0.9292,0.963,0.9123,0.9546,0,0
20081014,0.9968,0.9968,0.9715,0.9715,0,0
20081015,0.9715,0.9715,0.9715,0.9715,0,0
20081016,0.9715,0.9715,0.9461,0.9461,0,0
20081017,0.9376,0.9376,0.9208,0.9208,0,0
20081020,0.9376,0.9376,0.9123,0.9292,0,0
20081021,0.9292,0.9292,0.9292,0.9292,0,0
20081022,0.9292,0.9292,0.9123,0.9123,0,0
20081023,0.887,0.9123,0.887,0.9123,0,0
20081024,0.8786,0.9208,0.8786,0.9208,0,0
20081027,0.9208,0.9208,0.9123,0.9123,0,0
20081028,0.9123,0.9123,0.8701,0.8701,0,0
20081029,0.9123,0.9123,0.8701,0.8701,0,0
20081030,0.8701,0.887,0.8533,0.8701,0,0
20081031,0.8786,0.8786,0.8701,0.8786,0,0
20081103,0.887,0.887,0.8701,0.887,0,0
20081104,0.8955,0.9123,0.8955,0.8955,0,0
20081105,0.9123,0.9208,0.887,0.887,0,0
20081106,0.887,0.887,0.8533,0.8533,0,0
20081107,0.8533,0.8533,0.8533,0.8533,0,0
20081110,0.8533,0.8533,0.8364,0.8364,0,0
20081112,0.8533,0.8533,0.8194,0.8194,0,0
20081113,0.8111,0.8279,0.7604,0.8279,0,0
20081114,0.8279,0.8279,0.8026,0.8026,0,0
20081117,0.8533,0.8533,0.8279,0.8279,0,0
20081118,0.8279,0.8279,0.7604,0.7604,0,0
20081119,0.7772,0.7772,0.7604,0.7604,0,0
20081120,0.7519,0.7604,0.7265,0.7265,0,0
20081121,0.7434,0.7434,0.7265,0.7265,0,0
20081124,0.7265,0.7349,0.7097,0.7097,0,0
20081125,0.718,0.7265,0.6926,0.6926,0,0
20081126,0.7097,0.7097,0.6926,0.6926,0,0
20081127,0.718,0.718,0.7012,0.7012,0,0
20081128,0.7349,0.7604,0.7349,0.7349,0,0
20081201,0.7265,0.7434,0.718,0.7434,0,0
20081202,0.7265,0.7857,0.7265,0.7857,0,0
20081203,0.7857,0.8279,0.7604,0.7772,0,0
20081204,0.7942,0.8447,0.7772,0.8447,0,0
20081205,0.8194,0.8533,0.8194,0.8447,0,0
20081208,0.8447,0.8617,0.8447,0.8447,0,0
20081209,0.8617,0.8617,0.8447,0.8617,0,0
20081210,0.8617,0.8617,0.8447,0.8447,0,0
20081211,0.8364,0.8364,0.8194,0.8194,0,0
20081212,0.7772,0.8194,0.7772,0.8194,0,0
20081215,0.8194,0.8279,0.7942,0.7942,0,0
20081216,0.8194,0.8194,0.7772,0.8026,0,0
20081217,0.8026,0.8026,0.7688,0.8026,0,0
20081218,0.8194,0.8194,0.7857,0.8026,0,0
20081219,0.7942,0.7942,0.7772,0.7942,0,0
20081222,0.8026,0.8026,0.7857,0.7857,0,0
20081223,0.7857,0.8026,0.7772,0.7772,0,0
20081229,0.7772,0.8026,0.7772,0.8026,0,0
20081230,0.7857,0.8026,0.7857,0.7857,0,0
20081231,0.7942,0.8194,0.7942,0.8194,0,0
20090105,0.8279,0.8279,0.8194,0.8279,0,0
20090106,0.8194,0.8194,0.8194,0.8194,0,0
20090107,0.8194,0.8194,0.7857,0.7857,0,0
20090108,0.7857,0.7857,0.7857,0.7857,0,0
20090109,0.7772,0.7772,0.7519,0.7519,0,0
20090112,0.7688,0.7688,0.7265,0.7265,0,0
20090113,0.7349,0.7349,0.7012,0.7012,0,0
20090114,0.718,0.718,0.642,0.6843,0,0
20090115,0.6843,0.6843,0.6504,0.6504,0,0
20090116,0.6758,0.6758,0.6251,0.6251,0,0
20090119,0.642,0.6673,0.642,0.6673,0,0
20090120,0.642,0.642,0.6082,0.642,0,0
20090121,0.6335,0.642,0.6251,0.642,0,0
20090122,0.6504,0.6504,0.6251,0.6251,0,0
20090123,0.642,0.642,0.642,0.642,0,0
20090126,0.6504,0.718,0.6504,0.6758,0,0
20090127,0.718,0.718,0.7097,0.7097,0,0
20090128,0.7434,0.7434,0.6673,0.6758,0,0
20090129,0.6673,0.6673,0.6673,0.6673,0,0
20090130,0.6589,0.6758,0.6335,0.6758,0,0
20090202,0.6504,0.6589,0.6335,0.6589,0,0
20090203,0.6673,0.6673,0.6335,0.6673,0,0
20090204,0.6673,0.6758,0.6673,0.6673,0,0
20090205,0.6673,0.6673,0.642,0.6504,0,0
20090206,0.6589,0.6673,0.6504,0.6589,0,0
20090209,0.6673,0.6673,0.642,0.6504,0,0
20090210,0.6504,0.6504,0.642,0.642,0,0
20090211,0.6504,0.6504,0.642,0.642,0,0
20090212,0.642,0.6589,0.6082,0.6082,0,0
20090213,0.6251,0.6589,0.6082,0.6589,0,0
20090216,0.6758,0.6758,0.6504,0.6504,0,0
20090217,0.6251,0.642,0.6251,0.6335,0,0
20090218,0.6335,0.6335,0.6167,0.6335,0,0
20090219,0.642,0.6504,0.642,0.6504,0,0
20090220,0.6251,0.6504,0.6251,0.6251,0,0
20090223,0.6251,0.6335,0.6251,0.6335,0,0
20090224,0.6082,0.6082,0.5913,0.6082,0,0
20090225,0.6167,0.642,0.6167,0.6335,0,0
20090226,0.642,0.642,0.6082,0.6167,0,0
20090227,0.6335,0.6335,0.6335,0.6335,0,0
20090302,0.6335,0.6335,0.583,0.6251,0,0
20090303,0.5913,0.5998,0.583,0.5913,0,0
20090304,0.5998,0.5998,0.5913,0.5913,0,0
20090305,0.6082,0.6082,0.6082,0.6082,0,0
20090306,0.6082,0.6335,0.6082,0.6335,0,0
20090309,0.642,0.6589,0.6335,0.6589,0,0
20090310,0.6589,0.6673,0.642,0.642,0,0
20090311,0.6673,0.6673,0.642,0.6673,0,0
20090312,0.6758,0.6758,0.6673,0.6673,0,0
20090313,0.6673,0.6673,0.6673,0.6673,0,0
20090316,0.6673,0.6673,0.6251,0.642,0,0
20090317,0.6251,0.6251,0.6251,0.6251,0,0
20090318,0.6251,0.6335,0.6251,0.6335,0,0
20090319,0.6335,0.642,0.6335,0.642,0,0
20090320,0.642,0.642,0.6335,0.642,0,0
20090323,0.6589,0.7097,0.6589,0.7097,0,0
20090324,0.7519,0.7772,0.7349,0.7772,0,0
20090325,0.7772,0.8447,0.7772,0.8447,0,0
20090326,0.8533,0.9461,0.8447,0.9292,0,0
20090327,0.9292,0.9292,0.8786,0.9292,0,0
20090330,0.9039,0.9292,0.9039,0.9292,0,0
20090331,0.9039,0.9208,0.9039,0.9123,0,0
20090401,0.9039,0.9208,0.9039,0.9208,0,0
20090402,0.9208,0.9292,0.9208,0.9208,0,0
20090403,0.9123,0.9208,0.887,0.887,0,0
20090406,0.8786,0.9208,0.8786,0.9039,0,0
20090407,0.9123,0.9461,0.9123,0.9461,0,0
20090408,0.9461,0.98,0.9376,0.9461,0,0
20090409,0.9292,0.9883,0.9292,0.9883,0,0
20090414,0.9883,0.9883,0.9376,0.9461,0,0
20090415,0.9461,0.9461,0.9208,0.9461,0,0
20090416,0.9715,0.9883,0.9461,0.9883,0,0
20090417,1.0053,1.0136,0.9883,1.0136,0,0
20090420,0.98,0.9883,0.9715,0.9715,0,0
20090421,0.9461,0.9715,0.9208,0.9461,0,0
20090422,0.963,0.9715,0.963,0.9715,0,0
20090423,0.9883,0.9883,0.9883,0.9883,0,0
20090424,0.9883,0.9883,0.9461,0.9461,0,0
20090427,0.9461,0.9461,0.9208,0.9461,0,0
20090428,0.9208,0.9376,0.9123,0.9376,0,0
20090429,0.9376,0.9376,0.9039,0.9208,0,0
20090430,0.9208,0.9208,0.9039,0.9208,0,0
20090504,0.9208,0.9208,0.8955,0.9208,0,0
20090505,0.9208,0.9208,0.8701,0.9208,0,0
20090506,0.887,0.9292,0.887,0.9292,0,0
20090507,0.8955,0.9039,0.8955,0.9039,0,0
20090508,0.9039,0.9039,0.8786,0.8786,0,0
20090511,0.8786,0.8955,0.8786,0.8955,0,0
20090512,0.9039,0.9039,0.8955,0.8955,0,0
20090513,0.9208,0.9208,0.9123,0.9123,0,0
20090514,0.8955,0.9123,0.8955,0.8955,0,0
20090515,0.8786,0.8955,0.8786,0.8955,0,0
20090518,0.8786,0.8786,0.8701,0.8701,0,0
20090519,0.887,0.8955,0.8617,0.8701,0,0
20090520,0.8955,0.8955,0.8701,0.8701,0,0
20090521,0.887,0.887,0.8701,0.8786,0,0
20090522,0.8617,0.8617,0.8533,0.8533,0,0
20090525,0.8533,0.8533,0.8447,0.8447,0,0
20090526,0.8447,0.8447,0.8447,0.8447,0,0
20090527,0.8617,0.9546,0.8447,0.9546,0,0
20090528,0.963,0.963,0.9546,0.9546,0,0
20090529,0.9589,0.9936,0.9589,0.9849,0,0
20090601,0.9883,0.9883,0.9715,0.9715,0,0
20090602,0.9883,1.0136,0.98,1.0136,0,0
20090603,0.9968,1.0221,0.9968,1.0221,0,0
20090604,0.9968,1.0221,0.9883,1.0221,0,0
20090605,1.0221,1.0221,1.0136,1.0136,0,0
20090608,0.9849,1.0111,0.9849,1.0111,0,0
20090609,0.9883,1.0136,0.9715,1.0136,0,0
20090610,1.0136,1.0136,1.0136,1.0136,0,0
20090612,0.9968,0.9968,0.98,0.9968,0,0
20090615,1.0136,1.0136,1.0136,1.0136,0,0
20090616,1.0053,1.0053,0.9968,0.9968,0,0
20090617,1.0053,1.0053,0.98,0.98,0,0
20090618,0.9715,0.9715,0.9546,0.9546,0,0
20090619,0.9883,1.0475,0.9883,1.039,0,0
20090622,1.0475,1.0475,1.039,1.039,0,0
20090623,1.0221,1.039,1.0136,1.039,0,0
20090624,1.0372,1.1245,1.0372,1.0721,0,0
20090625,1.0983,1.1245,1.0808,1.1245,0,0
20090626,1.1245,1.2116,1.1245,1.2116,0,0
20090629,1.2291,1.2987,1.2291,1.29,0,0
20090630,1.3162,1.3162,1.2378,1.2727,0,0
20090701,1.3075,1.3075,1.2727,1.2987,0,0
20090702,1.3075,1.3075,1.2029,1.2204,0,0
20090703,1.1855,1.2204,1.1855,1.2204,0,0
20090706,1.2029,1.2378,1.2029,1.2378,0,0
20090707,1.2378,1.2465,1.2204,1.2465,0,0
20090708,1.2465,1.2641,1.2204,1.2641,0,0
20090709,1.2465,1.2465,1.2029,1.2029,0,0
20090710,1.2291,1.2465,1.2291,1.2465,0,0
20090713,1.2465,1.2727,1.2465,1.2727,0,0
20090714,1.2727,1.3075,1.2727,1.3075,0,0
20090715,1.3162,1.3424,1.3075,1.3162,0,0
20090716,1.3424,1.3424,1.3162,1.3424,0,0
20090717,1.2987,1.3424,1.2987,1.3424,0,0
20090720,1.3336,1.3424,1.3162,1.3336,0,0
20090721,1.3424,1.3424,1.3336,1.3424,0,0
20090722,1.3424,1.3424,1.3336,1.3336,0,0
20090723,1.3336,1.3336,1.3249,1.3249,0,0
20090724,1.3249,1.3249,1.3249,1.3249,0,0
20090727,1.3249,1.3249,1.2727,1.2727,0,0
20090728,1.2552,1.2727,1.2465,1.2465,0,0
20090729,1.2465,1.2987,1.2465,1.2987,0,0
20090730,1.3075,1.3249,1.2987,1.3162,0,0
20090731,1.3162,1.3336,1.3162,1.3336,0,0
20090803,1.3424,1.4034,1.3424,1.3772,0,0
20090804,1.3424,1.3859,1.3424,1.3599,0,0
20090805,1.3599,1.447,1.3599,1.4295,0,0
20090806,1.4295,1.447,1.4295,1.447,0,0
20090807,1.447,1.447,1.3599,1.4295,0,0
20090810,1.3947,1.4905,1.3947,1.4382,0,0
20090811,1.4644,1.4993,1.447,1.4905,0,0
20090812,1.4993,1.5603,1.4905,1.5342,0,0
20090813,1.5342,1.6038,1.5342,1.6038,0,0
20090814,1.5864,1.6125,1.5864,1.6038,0,0
20090817,1.6213,1.6213,1.569,1.5778,0,0
20090818,1.5778,1.5778,1.5516,1.569,0,0
20090819,1.5778,1.5951,1.5603,1.5951,0,0
20090820,1.5951,1.63,1.5951,1.63,0,0
20090821,1.6213,1.6213,1.5951,1.6213,0,0
20090824,1.6125,1.6125,1.5429,1.5951,0,0
20090825,1.5778,1.5951,1.5342,1.5778,0,0
20090826,1.5603,1.5603,1.5429,1.5429,0,0
20090827,1.5429,1.5864,1.5429,1.5603,0,0
20090828,1.5516,1.5951,1.5429,1.5951,0,0
20090831,1.6213,1.6824,1.6213,1.6562,0,0
20090901,1.63,1.6474,1.5603,1.6474,0,0
20090902,1.6038,1.6474,1.1593,1.1593,0,0
20090903,1.1593,1.1593,1.1245,1.1506,0,0
20090904,1.1506,1.1506,1.1245,1.1245,0,0
20090907,1.1331,1.1506,1.1245,1.1419,0,0
20090908,1.1506,1.1506,1.1331,1.1331,0,0
20090909,1.1331,1.1419,1.1331,1.1331,0,0
20090910,1.1331,1.1331,1.1331,1.1331,0,0
20090911,1.1331,1.1331,1.0896,1.1245,0,0
20090914,1.1245,1.1331,1.0896,1.1157,0,0
20090915,1.0808,1.1331,1.0808,1.1245,0,0
20090916,1.1331,1.1419,1.1245,1.1419,0,0
20090917,1.1419,1.1506,1.1331,1.1506,0,0
20090918,1.1593,1.1593,1.1506,1.1593,0,0
20090921,1.168,1.1855,1.1593,1.1767,0,0
20090922,1.1855,1.1941,1.168,1.1941,0,0
20090923,1.1941,1.2029,1.1941,1.1941,0,0
20090924,1.2029,1.2116,1.1855,1.2116,0,0
20090925,1.2116,1.2116,1.1767,1.1941,0,0
20090928,1.1767,1.1767,1.1331,1.1593,0,0
20090929,1.1419,1.1419,1.1157,1.1331,0,0
20090930,1.1331,1.1506,1.1331,1.1506,0,0
20091001,1.1593,1.1593,1.1593,1.1593,0,0
20091002,1.1593,1.1593,1.1157,1.1506,0,0
20091005,1.1593,1.1593,1.1331,1.1506,0,0
20091006,1.168,1.1767,1.1506,1.1767,0,0
20091007,1.1767,1.1767,1.1419,1.1767,0,0
20091008,1.168,1.168,1.1506,1.1593,0,0
20091009,1.1593,1.1593,1.1593,1.1593,0,0
20091012,1.1506,1.168,1.1245,1.1419,0,0
20091013,1.1245,1.1419,1.1245,1.1331,0,0
20091014,1.1331,1.1419,1.1331,1.1419,0,0
20091015,1.1419,1.1419,1.1331,1.1419,0,0
20091016,1.1331,1.1331,1.1157,1.1157,0,0
20091019,1.1331,1.1419,1.1157,1.1331,0,0
20091020,1.1331,1.1331,1.1331,1.1331,0,0
20091021,1.1331,1.1331,1.1157,1.1331,0,0
20091022,1.1331,1.1331,1.0983,1.1331,0,0
20091023,1.1331,1.1331,1.1245,1.1331,0,0
20091026,1.1331,1.1331,1.1157,1.1157,0,0
20091027,1.0896,1.1071,1.0896,1.1071,0,0
20091028,1.0983,1.1331,1.0983,1.1331,0,0
20091029,1.1331,1.1331,1.1157,1.1331,0,0
20091030,1.1331,1.1331,1.1331,1.1331,0,0
20091102,1.1331,1.1331,1.1071,1.1245,0,0
20091103,1.1245,1.1245,1.0983,1.1157,0,0
20091104,1.1157,1.1157,1.1157,1.1157,0,0
20091105,1.1157,1.1245,1.1157,1.1245,0,0
20091106,1.1157,1.1245,1.0983,1.0983,0,0
20091109,1.1157,1.1245,1.0983,1.0983,0,0
20091110,1.0983,1.1157,1.0983,1.1157,0,0
20091112,1.0983,1.1157,1.0983,1.1157,0,0
20091113,1.1157,1.1245,1.0896,1.1157,0,0
20091116,1.1157,1.1331,1.1157,1.1331,0,0
20091117,1.1331,1.1419,1.1157,1.1157,0,0
20091118,1.1331,1.1331,1.0983,1.0983,0,0
20091119,1.0983,1.1157,1.0983,1.1157,0,0
20091120,1.1071,1.1071,1.0808,1.0896,0,0
20091123,1.0983,1.0983,1.0635,1.0721,0,0
20091124,1.0461,1.0547,1.0461,1.0461,0,0
20091125,1.0461,1.0547,1.0461,1.0547,0,0
20091126,1.0461,1.0721,1.0372,1.0635,0,0
20091127,1.0635,1.0721,1.0547,1.0721,0,0
20091130,1.0983,1.1071,1.0983,1.0983,0,0
20091201,1.1071,1.1071,1.0983,1.1071,0,0
20091202,1.1245,1.1245,1.1071,1.1071,0,0
20091203,1.1245,1.1506,1.1245,1.1506,0,0
20091204,1.1593,1.1767,1.1506,1.1767,0,0
20091207,1.1767,1.1941,1.1767,1.1767,0,0
20091208,1.1767,1.1855,1.1767,1.1855,0,0
20091209,1.1855,1.1941,1.1767,1.1941,0,0
20091210,1.1941,1.1941,1.1855,1.1941,0,0
20091211,1.2029,1.2029,1.168,1.1941,0,0
20091214,1.168,1.1855,1.168,1.1767,0,0
20091215,1.1767,1.1767,1.1767,1.1767,0,0
20091216,1.1593,1.1855,1.1593,1.1593,0,0
20091217,1.1767,1.1767,1.1419,1.1767,0,0
20091218,1.1593,1.1767,1.1506,1.1506,0,0
20091221,1.1767,1.1767,1.1419,1.168,0,0
20091222,1.1419,1.168,1.1419,1.1506,0,0
20091223,1.1419,1.1593,1.1419,1.1506,0,0
20091228,1.1419,1.1506,1.1419,1.1506,0,0
20091229,1.1331,1.1593,1.1331,1.1593,0,0
20091230,1.1506,1.1767,1.1506,1.1767,0,0
20091231,1.1855,1.1855,1.1855,1.1855,0,0
20100104,1.168,1.1855,1.1593,1.1593,0,0
20100105,1.1767,1.1767,1.1593,1.1593,0,0
20100106,1.1593,1.168,1.1593,1.168,0,0
20100107,1.1593,1.1767,1.1593,1.1767,0,0
20100108,1.168,1.168,1.168,1.168,0,0
20100111,1.168,1.1767,1.168,1.168,0,0
20100112,1.168,1.1767,1.168,1.1767,0,0
20100113,1.168,1.1767,1.168,1.1767,0,0
20100114,1.168,1.168,1.168,1.168,0,0
20100115,1.1767,1.1941,1.1767,1.1941,0,0
20100118,1.1767,1.1941,1.1767,1.1941,0,0
20100119,1.1941,1.2204,1.1855,1.2204,0,0
20100120,1.2204,1.2204,1.2029,1.2204,0,0
20100121,1.2029,1.2204,1.2029,1.2204,0,0
20100122,1.1941,1.1941,1.1855,1.1941,0,0
20100125,1.168,1.1767,1.168,1.168,0,0
20100126,1.168,1.2029,1.1593,1.2029,0,0
20100127,1.1506,1.2029,1.1506,1.2029,0,0
20100128,1.1767,1.2029,1.1767,1.1855,0,0
20100129,1.1658,1.1928,1.1658,1.1658,0,0
20100201,1.168,1.2029,1.168,1.168,0,0
20100202,1.1767,1.1767,1.1767,1.1767,0,0
20100203,1.168,1.1941,1.168,1.1855,0,0
20100204,1.1767,1.1767,1.168,1.1767,0,0
20100205,1.168,1.168,1.1593,1.1593,0,0
20100208,1.1593,1.168,1.1157,1.1331,0,0
20100209,1.0983,1.1506,1.0983,1.1506,0,0
20100210,1.1331,1.1593,1.1331,1.1593,0,0
20100211,1.1593,1.1593,1.1419,1.1593,0,0
20100212,1.1419,1.1506,1.1419,1.1506,0,0
20100215,1.1506,1.1593,1.1506,1.1506,0,0
20100216,1.1506,1.1593,1.1506,1.1593,0,0
20100217,1.1593,1.168,1.1506,1.1506,0,0
20100218,1.1593,1.1593,1.1506,1.1593,0,0
20100219,1.1506,1.168,1.1506,1.1593,0,0
20100222,1.1506,1.168,1.1506,1.168,0,0
20100223,1.1506,1.1593,1.1506,1.1506,0,0
20100224,1.1506,1.1767,1.1506,1.1767,0,0
20100225,1.1506,1.1767,1.1506,1.168,0,0
20100226,1.1593,1.1767,1.1593,1.168,0,0
20100301,1.1767,1.1767,1.1593,1.168,0,0
20100302,1.1593,1.2029,1.1419,1.2029,0,0
20100303,1.2029,1.2204,1.1941,1.2116,0,0
20100304,1.2116,1.2116,1.2029,1.2116,0,0
20100305,1.2116,1.2116,1.1855,1.2029,0,0
20100308,1.2029,1.2029,1.1855,1.1941,0,0
20100309,1.1855,1.2029,1.1767,1.2029,0,0
20100310,1.1941,1.2029,1.1941,1.2029,0,0
20100311,1.2204,1.2204,1.1941,1.1941,0,0
20100312,1.1941,1.2029,1.1941,1.2029,0,0
20100315,1.1941,1.2029,1.1767,1.1941,0,0
20100316,1.1941,1.2116,1.1941,1.2116,0,0
20100317,1.1941,1.2116,1.1941,1.2116,0,0
20100318,1.2029,1.2204,1.1941,1.2204,0,0
20100319,1.2029,1.2116,1.2029,1.2029,0,0
20100322,1.2029,1.2029,1.1767,1.2029,0,0
20100323,1.1767,1.2029,1.1767,1.2029,0,0
20100324,1.2029,1.2029,1.1855,1.2029,0,0
20100325,1.1941,1.2029,1.1855,1.1855,0,0
20100326,1.1855,1.1941,1.1767,1.1855,0,0
20100329,1.2029,1.2465,1.1767,1.2291,0,0
20100330,1.2029,1.2465,1.2029,1.2204,0,0
20100331,1.2196,1.2196,1.2017,1.2196,0,0
20100401,1.2029,1.2116,1.2029,1.2029,0,0
20100406,1.2204,1.2291,1.2029,1.2291,0,0
20100407,1.2116,1.2291,1.2116,1.2116,0,0
20100408,1.2029,1.2116,1.2029,1.2029,0,0
20100409,1.2029,1.2029,1.2029,1.2029,0,0
20100412,1.2029,1.2204,1.2029,1.2204,0,0
20100413,1.2204,1.2727,1.2029,1.2727,0,0
20100414,1.2727,1.2814,1.2552,1.2814,0,0
20100415,1.2814,1.3075,1.2641,1.29,0,0
20100416,1.2814,1.2814,1.2727,1.2727,0,0
20100419,1.2552,1.2727,1.2204,1.2727,0,0
20100420,1.2552,1.2641,1.2291,1.2465,0,0
20100421,1.2378,1.2465,1.2291,1.2465,0,0
20100422,1.2291,1.2465,1.2291,1.2291,0,0
20100423,1.2286,1.2466,1.2286,1.2286,0,0
20100426,1.2291,1.2465,1.2291,1.2291,0,0
20100427,1.2291,1.2378,1.2291,1.2378,0,0
20100428,1.2291,1.2291,1.2291,1.2291,0,0
20100429,1.2204,1.2465,1.2204,1.2465,0,0
20100430,1.2466,1.2466,1.2466,1.2466,0,0
20100504,1.2552,1.2641,1.2465,1.2641,0,0
20100505,1.2378,1.2378,1.2116,1.2378,0,0
20100506,1.2116,1.2291,1.1941,1.2204,0,0
20100507,1.1855,1.2029,1.168,1.168,0,0
20100510,1.168,1.2291,1.168,1.2291,0,0
20100511,1.2291,1.2291,1.1941,1.1941,0,0
20100512,1.2029,1.2029,1.1855,1.1855,0,0
20100513,1.1855,1.1941,1.168,1.168,0,0
20100514,1.168,1.168,1.1157,1.168,0,0
20100517,1.168,1.2029,1.1419,1.2029,0,0
20100518,1.2029,1.2204,1.2029,1.2116,0,0
20100519,1.2116,1.2116,1.1506,1.1941,0,0
20100520,1.1855,1.1855,1.1593,1.1767,0,0
20100521,1.1767,1.1941,1.1767,1.1941,0,0
20100524,1.2029,1.2029,1.168,1.1941,0,0
20100525,1.1593,1.1767,1.1593,1.1767,0,0
20100526,1.1506,1.1941,1.1506,1.1941,0,0
20100527,1.1941,1.1941,1.1767,1.1941,0,0
20100528,1.1941,1.1941,1.1941,1.1941,0,0
20100531,1.1749,1.2196,1.1749,1.2017,0,0
20100601,1.2116,1.2116,1.1941,1.1941,0,0
20100602,1.168,1.1941,1.168,1.1941,0,0
20100604,1.168,1.1941,1.168,1.1941,0,0
20100607,1.1767,1.1767,1.1767,1.1767,0,0
20100608,1.1767,1.1855,1.168,1.1855,0,0
20100609,1.1767,1.1767,1.168,1.168,0,0
20100610,1.1593,1.1767,1.1593,1.1767,0,0
20100611,1.1767,1.1767,1.1767,1.1767,0,0
20100614,1.1767,1.1767,1.1419,1.1419,0,0
20100615,1.1419,1.1593,1.1419,1.1593,0,0
20100616,1.1419,1.168,1.1419,1.168,0,0
20100617,1.1569,1.1749,1.1479,1.1749,0,0
20100618,1.1506,1.1767,1.1506,1.1593,0,0
20100621,1.1593,1.1593,1.1593,1.1593,0,0
20100622,1.1593,1.1855,1.1593,1.1593,0,0
20100623,1.1593,1.1593,1.1593,1.1593,0,0
20100624,1.1506,1.1506,1.1506,1.1506,0,0
20100625,1.1658,1.1658,1.139,1.139,0,0
20100628,1.1479,1.1479,1.139,1.139,0,0
20100629,1.1419,1.1419,1.1245,1.1245,0,0
20100630,1.1031,1.1479,1.0942,1.1479,0,0
20100701,1.1569,1.1658,1.1569,1.1658,0,0
20100702,1.1479,1.1658,1.139,1.1658,0,0
20100706,1.1658,1.1838,1.1479,1.1479,0,0
20100707,1.1479,1.1569,1.1479,1.1569,0,0
20100708,1.139,1.1838,1.139,1.1479,0,0
20100709,1.1569,1.1569,1.1479,1.1479,0,0
20100712,1.1569,1.1749,1.1569,1.1749,0,0
20100713,1.1838,1.2196,1.1838,1.2107,0,0
20100714,1.2376,1.2376,1.2196,1.2196,0,0
20100715,1.2286,1.2286,1.2107,1.2107,0,0
20100716,1.2286,1.2286,1.2286,1.2286,0,0
20100719,1.2286,1.2286,1.2107,1.2196,0,0
20100720,1.2376,1.2376,1.2107,1.2196,0,0
20100721,1.2286,1.2824,1.2196,1.2734,0,0
20100722,1.2556,1.2914,1.2376,1.2824,0,0
20100723,1.2645,1.2734,1.2556,1.2734,0,0
20100726,1.2556,1.2734,1.2556,1.2734,0,0
20100728,1.2556,1.2734,1.2466,1.2556,0,0
20100729,1.2556,1.2734,1.2466,1.2556,0,0
20100730,1.2556,1.2734,1.2556,1.2734,0,0
20100802,1.2734,1.2914,1.2734,1.2734,0,0
20100803,1.2734,1.2914,1.2734,1.2914,0,0
20100804,1.2734,1.2914,1.2734,1.2914,0,0
20100805,1.2824,1.2824,1.2824,1.2824,0,0
20100806,1.2824,1.3094,1.2824,1.2914,0,0
20100809,1.2914,1.3094,1.2914,1.3094,0,0
20100810,1.2914,1.3004,1.2914,1.2914,0,0
20100811,1.2914,1.2914,1.2914,1.2914,0,0
20100812,1.2914,1.2914,1.2914,1.2914,0,0
20100813,1.3004,1.3004,1.2914,1.2914,0,0
20100816,1.2914,1.2914,1.2824,1.2824,0,0
20100817,1.2645,1.2734,1.2645,1.2734,0,0
20100818,1.2556,1.2556,1.2556,1.2556,0,0
20100819,1.2466,1.2466,1.2286,1.2286,0,0
20100820,1.2107,1.2196,1.2107,1.2196,0,0
20100823,1.2286,1.2556,1.2286,1.2556,0,0
20100824,1.2556,1.2556,1.2286,1.2286,0,0
20100825,1.2556,1.2556,1.2286,1.2286,0,0
20100826,1.2286,1.2286,1.2196,1.2196,0,0
20100827,1.2376,1.2556,1.2376,1.2376,0,0
20100830,1.2556,1.2734,1.2376,1.2734,0,0
20100831,1.2734,1.2734,1.2466,1.2734,0,0
20100901,1.2734,1.2734,1.2645,1.2645,0,0
20100902,1.2466,1.2734,1.2466,1.2734,0,0
20100903,1.2645,1.3094,1.2645,1.2645,0,0
20100906,1.2824,1.3094,1.2734,1.2914,0,0
20100907,1.2914,1.3094,1.2914,1.3094,0,0
20100908,1.3094,1.3094,1.3094,1.3094,0,0
20100909,1.3094,1.3094,1.3094,1.3094,0,0
20100910,1.3094,1.3183,1.3094,1.3183,0,0
20100913,1.3273,1.417,1.3273,1.3901,0,0
20100914,1.3901,1.3991,1.363,1.3991,0,0
20100915,1.3991,1.3991,1.381,1.3901,0,0
20100916,1.3901,1.3991,1.363,1.3991,0,0
20100917,1.3991,1.417,1.3991,1.417,0,0
20100920,1.417,1.417,1.3991,1.3991,0,0
20100921,1.3991,1.417,1.3991,1.3991,0,0
20100922,1.4081,1.4349,1.4081,1.4349,0,0
20100923,1.4349,1.4349,1.417,1.4259,0,0
20100924,1.4259,1.4349,1.417,1.4349,0,0
20100927,1.3991,1.4349,1.3991,1.4349,0,0
20100928,1.4349,1.4349,1.417,1.4259,0,0
20100929,1.417,1.417,1.4081,1.417,0,0
20100930,1.4349,1.4349,1.4349,1.4349,0,0
20101001,1.4259,1.4259,1.417,1.417,0,0
20101004,1.417,1.417,1.417,1.417,0,0
20101005,1.3991,1.4349,1.3991,1.3991,0,0
20101006,1.3991,1.417,1.381,1.417,0,0
20101007,1.417,1.417,1.381,1.3901,0,0
20101008,1.3721,1.4081,1.3721,1.4081,0,0
20101011,1.4081,1.4081,1.3991,1.3991,0,0
20101013,1.3991,1.3991,1.381,1.381,0,0
20101014,1.381,1.4081,1.381,1.381,0,0
20101015,1.381,1.3991,1.3721,1.3991,0,0
20101018,1.3721,1.381,1.3721,1.381,0,0
20101019,1.381,1.381,1.381,1.381,0,0
20101020,1.381,1.3991,1.381,1.381,0,0
20101021,1.381,1.3991,1.3542,1.3542,0,0
20101022,1.3542,1.363,1.3363,1.363,0,0
20101025,1.3363,1.363,1.3363,1.363,0,0
20101026,1.3451,1.3721,1.3451,1.3721,0,0
20101027,1.3273,1.3991,1.3273,1.3991,0,0
20101028,1.363,1.3901,1.363,1.363,0,0
20101029,1.3388,1.3854,1.3388,1.3667,0,0
20101102,1.363,1.381,1.3542,1.381,0,0
20101103,1.3451,1.3451,1.3273,1.3363,0,0
20101104,1.3273,1.381,1.3273,1.3451,0,0
20101105,1.3451,1.3451,1.3451,1.3451,0,0
20101108,1.3451,1.3721,1.3451,1.3721,0,0
20101109,1.381,1.381,1.363,1.381,0,0
20101110,1.381,1.381,1.3721,1.3721,0,0
20101112,1.381,1.381,1.381,1.381,0,0
20101115,1.3721,1.3721,1.3363,1.3363,0,0
20101116,1.3451,1.3451,1.3183,1.3183,0,0
20101117,1.3004,1.3094,1.3004,1.3094,0,0
20101118,1.3183,1.3183,1.3094,1.3094,0,0
20101119,1.2824,1.2914,1.2645,1.2914,0,0
20101122,1.2645,1.2914,1.2556,1.2914,0,0
20101123,1.2645,1.2645,1.2645,1.2645,0,0
20101124,1.2734,1.2824,1.2645,1.2824,0,0
20101125,1.2466,1.2824,1.2466,1.2824,0,0
20101126,1.2645,1.2824,1.2376,1.2824,0,0
20101129,1.2556,1.2645,1.2466,1.2645,0,0
20101130,1.2914,1.2914,1.2914,1.2914,0,0
20101201,1.2914,1.2914,1.2556,1.2556,0,0
20101202,1.2556,1.2824,1.2196,1.2196,0,0
20101203,1.2376,1.2376,1.2017,1.2107,0,0
20101206,1.2107,1.2556,1.2107,1.2556,0,0
20101207,1.2734,1.2734,1.2734,1.2734,0,0
20101208,1.2645,1.2645,1.2645,1.2645,0,0
20101209,1.2734,1.2734,1.2734,1.2734,0,0
20101210,1.2734,1.2734,1.2645,1.2645,0,0
20101213,1.2466,1.2645,1.2466,1.2645,0,0
20101214,1.2734,1.2734,1.2645,1.2645,0,0
20101215,1.2734,1.3004,1.2734,1.2914,0,0
20101216,1.3004,1.3004,1.2734,1.2734,0,0
20101217,1.2914,1.2914,1.2914,1.2914,0,0
20101220,1.2914,1.3004,1.2914,1.3004,0,0
20101221,1.3004,1.3094,1.3004,1.3094,0,0
20101222,1.3004,1.3363,1.3004,1.3094,0,0
20101223,1.3004,1.3094,1.3004,1.3004,0,0
20101227,1.3004,1.3363,1.2914,1.3363,0,0
20101228,1.3273,1.3363,1.3273,1.3273,0,0
20101229,1.3273,1.3273,1.3183,1.3273,0,0
20101230,1.3273,1.3363,1.3273,1.3363,0,0
20101231,1.3388,1.3482,1.3388,1.3388,0,0
20110103,1.3542,1.3542,1.3183,1.3363,0,0
20110104,1.3363,1.3363,1.3273,1.3363,0,0
20110105,1.3542,1.3542,1.3273,1.3363,0,0
20110107,1.3363,1.3363,1.3363,1.3363,0,0
20110110,1.3363,1.3363,1.3183,1.3183,0,0
20110111,1.3004,1.3094,1.2824,1.3094,0,0
20110112,1.3363,1.3363,1.3363,1.3363,0,0
20110113,1.3094,1.3363,1.3094,1.3183,0,0
20110114,1.3004,1.3183,1.3004,1.3183,0,0
20110117,1.3183,1.3183,1.3004,1.3004,0,0
20110118,1.3451,1.3901,1.3451,1.3901,0,0
20110119,1.3901,1.3901,1.381,1.3901,0,0
20110120,1.3901,1.4259,1.3901,1.4259,0,0
20110121,1.4259,1.4259,1.3901,1.4081,0,0
20110124,1.417,1.4259,1.4081,1.417,0,0
20110125,1.417,1.417,1.4081,1.4081,0,0
20110126,1.4081,1.4081,1.3991,1.3991,0,0
20110127,1.417,1.417,1.3991,1.3991,0,0
20110128,1.3901,1.3901,1.3901,1.3901,0,0
20110131,1.3946,1.3946,1.3574,1.3574,0,0
20110201,1.3542,1.417,1.3542,1.417,0,0
20110202,1.417,1.4259,1.417,1.4259,0,0
20110203,1.4259,1.4349,1.4259,1.4349,0,0
20110204,1.4438,1.4438,1.4349,1.4349,0,0
20110207,1.4349,1.4438,1.4349,1.4438,0,0
20110208,1.4438,1.4438,1.4081,1.4438,0,0
20110209,1.4438,1.4438,1.417,1.4438,0,0
20110210,1.4259,1.4438,1.3901,1.4438,0,0
20110211,1.4259,1.4438,1.4259,1.4438,0,0
20110214,1.4081,1.4438,1.4081,1.4438,0,0
20110215,1.4259,1.4438,1.4259,1.4438,0,0
20110216,1.417,1.4438,1.417,1.417,0,0
20110217,1.4349,1.4349,1.4081,1.4259,0,0
20110218,1.4081,1.4081,1.4081,1.4081,0,0
20110221,1.4081,1.417,1.3991,1.417,0,0
20110222,1.3901,1.4259,1.3901,1.417,0,0
20110223,1.4259,1.4259,1.4081,1.4259,0,0
20110224,1.4259,1.4259,1.4081,1.4259,0,0
20110225,1.4349,1.4349,1.4081,1.4349,0,0
20110228,1.4349,1.4349,1.417,1.4349,0,0
20110301,1.4349,1.4349,1.417,1.4349,0,0
20110302,1.4081,1.4259,1.4081,1.4259,0,0
20110303,1.4259,1.4349,1.417,1.4349,0,0
20110304,1.4259,1.4349,1.4081,1.4349,0,0
20110307,1.417,1.4259,1.4081,1.417,0,0
20110308,1.417,1.417,1.417,1.417,0,0
20110309,1.417,1.4259,1.4081,1.417,0,0
20110311,1.4081,1.417,1.3901,1.4081,0,0
20110314,1.3991,1.3991,1.3901,1.3901,0,0
20110315,1.363,1.3901,1.3183,1.3901,0,0
20110316,1.3721,1.3901,1.3721,1.381,0,0
20110317,1.3451,1.3901,1.3451,1.3901,0,0
20110318,1.3721,1.3901,1.3721,1.3901,0,0
20110321,1.3901,1.4081,1.3901,1.3991,0,0
20110322,1.3991,1.4081,1.3183,1.3183,0,0
20110323,1.3273,1.3273,1.3094,1.3094,0,0
20110324,1.3094,1.3273,1.3094,1.3273,0,0
20110325,1.3094,1.3273,1.3094,1.3273,0,0
20110328,1.3273,1.3273,1.3094,1.3273,0,0
20110329,1.3273,1.3273,1.3183,1.3273,0,0
20110330,1.3273,1.3363,1.3094,1.3363,0,0
20110331,1.3388,1.3388,1.3388,1.3388,0,0
20110401,1.3273,1.3363,1.3273,1.3363,0,0
20110404,1.3363,1.3363,1.3183,1.3363,0,0
20110405,1.3273,1.3363,1.3273,1.3273,0,0
20110406,1.3273,1.3363,1.3094,1.3094,0,0
20110407,1.3094,1.3094,1.3094,1.3094,0,0
20110408,1.3183,1.3273,1.3094,1.3273,0,0
20110411,1.3094,1.3273,1.3094,1.3273,0,0
20110412,1.3183,1.3273,1.3094,1.3273,0,0
20110413,1.3094,1.3094,1.2734,1.3004,0,0
20110414,1.3004,1.3004,1.2734,1.2824,0,0
20110415,1.2734,1.2824,1.2645,1.2645,0,0
20110418,1.2824,1.2824,1.2376,1.2734,0,0
20110419,1.2645,1.2734,1.2645,1.2645,0,0
20110420,1.2556,1.3094,1.2556,1.3094,0,0
20110421,1.2734,1.2824,1.2734,1.2824,0,0
20110426,1.2824,1.2824,1.2645,1.2734,0,0
20110427,1.2556,1.3094,1.2556,1.2734,0,0
20110428,1.2645,1.2914,1.2645,1.2645,0,0
20110429,1.2645,1.3017,1.2645,1.3017,0,0
20110502,1.3094,1.3094,1.3004,1.3094,0,0
20110504,1.3004,1.3004,1.2734,1.3004,0,0
20110505,1.2914,1.3004,1.2734,1.2734,0,0
20110506,1.2734,1.2734,1.2376,1.2466,0,0
20110509,1.2556,1.2645,1.2466,1.2645,0,0
20110510,1.2645,1.2914,1.2556,1.2734,0,0
20110511,1.2734,1.3451,1.2734,1.3451,0,0
20110512,1.3363,1.3363,1.2466,1.2466,0,0
20110513,1.2466,1.2466,1.2107,1.2286,0,0
20110516,1.2286,1.2376,1.2286,1.2376,0,0
20110517,1.2466,1.2466,1.2107,1.2107,0,0
20110518,1.2107,1.2376,1.2107,1.2376,0,0
20110519,1.2107,1.2286,1.2107,1.2107,0,0
20110520,1.2107,1.2107,1.2017,1.2017,0,0
20110523,1.2107,1.2107,1.2107,1.2107,0,0
20110524,1.1928,1.2107,1.1838,1.1838,0,0
20110525,1.1838,1.2017,1.1569,1.1838,0,0
20110526,1.1838,1.1838,1.1838,1.1838,0,0
20110527,1.1749,1.1838,1.1749,1.1749,0,0
20110530,1.1928,1.1928,1.1838,1.1928,0,0
20110531,1.1901,1.1901,1.1808,1.1901,0,0
20110601,1.1928,1.2017,1.1928,1.2017,0,0
20110602,1.1928,1.2107,1.1749,1.1928,0,0
20110603,1.1928,1.1928,1.1749,1.1749,0,0
20110606,1.1749,1.1749,1.1749,1.1749,0,0
20110607,1.1928,1.1928,1.1749,1.1749,0,0
20110608,1.1749,1.1749,1.1749,1.1749,0,0
20110609,1.1749,1.1838,1.1749,1.1838,0,0
20110610,1.1928,1.1928,1.1749,1.1749,0,0
20110613,1.1569,1.1569,1.1569,1.1569,0,0
20110614,1.1479,1.1928,1.1479,1.1928,0,0
20110615,1.1928,1.1928,1.1658,1.1658,0,0
20110616,1.1658,1.1658,1.1479,1.1479,0,0
20110617,1.139,1.1479,1.139,1.1479,0,0
20110620,1.121,1.1658,1.121,1.1658,0,0
20110621,1.1658,1.1658,1.1658,1.1658,0,0
20110622,1.112,1.1658,1.112,1.1658,0,0
20110624,1.1031,1.1479,1.1031,1.139,0,0
20110627,1.121,1.139,1.121,1.1299,0,0
20110628,1.139,1.1479,1.1299,1.1479,0,0
20110629,1.1299,1.1749,1.1299,1.1749,0,0
20110630,1.1623,1.1994,1.1436,1.1994,0,0
20110704,1.1928,1.1928,1.1658,1.1928,0,0
20110705,1.1658,1.1928,1.1658,1.1928,0,0
20110706,1.1838,1.1928,1.1658,1.1928,0,0
20110707,1.1749,1.1928,1.1658,1.1658,0,0
20110708,1.1838,1.1838,1.139,1.139,0,0
20110711,1.139,1.1569,1.0851,1.1569,0,0
20110713,1.121,1.139,1.0942,1.139,0,0
20110715,1.139,1.139,1.139,1.139,0,0
20110718,1.112,1.112,1.1031,1.1031,0,0
20110719,1.0942,1.0942,1.0851,1.0851,0,0
20110720,1.0671,1.0942,1.0671,1.0942,0,0
20110721,1.0762,1.0942,1.0671,1.0851,0,0
20110722,1.0942,1.0942,1.0671,1.0851,0,0
20110725,1.0942,1.0942,1.0492,1.0492,0,0
20110726,1.0971,1.0971,1.06,1.06,0,0
20110727,1.0762,1.0762,1.0403,1.0671,0,0
20110728,1.0403,1.0762,1.0403,1.0762,0,0
20110729,1.0693,1.0693,1.0413,1.0413,0,0
20110801,1.0403,1.0492,1.0403,1.0403,0,0
20110802,1.06,1.06,1.0228,1.032,0,0
20110803,1.0224,1.0313,0.9955,1.0044,0,0
20110804,0.9775,0.9865,0.9507,0.9507,0,0
20110805,0.9057,0.9685,0.9057,0.9685,0,0
20110808,0.9148,0.9327,0.9057,0.9327,0,0
20110809,0.879,0.8969,0.861,0.861,0,0
20110810,0.879,0.9057,0.825,0.825,0,0
20110811,0.807,0.8519,0.7712,0.8519,0,0
20110812,0.9327,0.9417,0.8519,0.9417,0,0
20110816,0.9507,0.9775,0.9417,0.9775,0,0
20110817,0.9685,0.9775,0.9417,0.9417,0,0
20110818,0.9417,0.9417,0.9417,0.9417,0,0
20110819,0.9237,0.9417,0.9237,0.9237,0,0
20110822,0.9237,0.9237,0.9237,0.9237,0,0
20110823,0.9148,0.9237,0.8969,0.9237,0,0
20110824,0.9417,0.9417,0.8969,0.8969,0,0
20110825,0.9148,0.9417,0.8969,0.8969,0,0
20110826,0.8878,0.8969,0.8878,0.8878,0,0
20110829,0.9417,0.9507,0.9327,0.9507,0,0
20110830,0.9685,1.964,0.9685,1.964,0,0
20110831,1.9618,1.9989,1.9618,1.9989,0,0
20110901,1.9909,1.9999,1.973,1.9999,0,0
20110902,1.9618,1.9618,1.9618,1.9618,0,0
20110905,1.9281,1.964,1.9192,1.9461,0,0
20110906,1.9247,1.9247,1.9247,1.9247,0,0
20110907,1.8967,1.9247,1.8967,1.8967,0,0
20110908,1.9247,1.9247,1.9247,1.9247,0,0
20110909,1.9247,1.9247,1.8223,1.8223,0,0
20110912,1.8115,1.9012,1.7219,1.9012,0,0
20110913,1.8688,1.8967,1.72,1.8967,0,0
20110914,1.8595,1.8967,1.8595,1.8688,0,0
20110915,1.9102,2.0269,1.9102,2.0269,0,0
20110916,2.027,2.027,2.027,2.027,0,0
20110919,1.9711,2.0083,1.9247,2.0083,0,0
20110920,1.9618,2.1106,1.9618,2.1106,0,0
20110921,1.9897,2.1199,1.9897,2.1199,0,0
20110922,2.1199,2.1199,2.0083,2.1012,0,0
20110923,2.0455,2.1012,1.9711,2.0176,0,0
20110926,2.0919,2.1478,2.0176,2.1291,0,0
20110927,2.0826,2.2501,2.0826,2.2501,0,0
20110928,2.1942,2.3058,2.1664,2.3058,0,0
20110929,2.3058,2.3151,2.2593,2.3151,0,0
20110930,2.2593,2.3266,2.2593,2.3266,0,0
20111003,2.3616,2.3616,2.2593,2.3151,0,0
20111004,2.3151,2.3151,2.2035,2.2035,0,0
20111005,2.064,2.1942,2.064,2.1942,0,0
20111006,2.1942,2.2593,2.1942,2.2593,0,0
20111007,2.2593,2.2593,2.2035,2.2314,0,0
20111010,2.2314,2.2593,2.2314,2.2593,0,0
20111011,2.2593,2.2593,2.2035,2.2035,0,0
20111012,2.2501,2.2593,2.1942,2.2593,0,0
20111013,2.2314,2.2593,2.2314,2.2593,0,0
20111014,2.1664,2.2129,2.1664,2.1942,0,0
20111017,2.2407,2.2407,2.2407,2.2407,0,0
20111018,2.0919,2.2407,2.0919,2.2407,0,0
20111019,2.2501,2.2501,2.2501,2.2501,0,0
20111020,2.2314,2.2501,2.2035,2.2035,0,0
20111024,2.2314,2.2314,2.1849,2.2314,0,0
20111025,2.1849,2.2314,2.1849,2.2314,0,0
20111026,2.1849,2.2314,2.1384,2.1849,0,0
20111027,2.1478,2.1478,2.1384,2.1384,0,0
20111028,2.1384,2.222,2.1384,2.1849,0,0
20111031,2.1942,2.1942,2.1384,2.1849,0,0
20111102,2.1012,2.1478,2.1012,2.1478,0,0
20111103,2.1942,2.1942,2.1942,2.1942,0,0
20111104,2.1942,2.1942,2.1942,2.1942,0,0
20111107,2.1942,2.1942,2.1849,2.1942,0,0
20111108,2.222,2.222,2.1849,2.1849,0,0
20111109,2.222,2.2407,2.0919,2.1664,0,0
20111110,2.1664,2.2129,2.1664,2.1942,0,0
20111114,2.2314,2.2314,2.1199,2.1199,0,0
20111116,1.0228,1.0228,1.0134,1.0134,0,0
20111117,1.032,1.032,1.0134,1.032,0,0
20111118,1.032,1.032,1.032,1.032,0,0
20111121,1.032,1.032,1.0134,1.0134,0,0
20111122,1.0134,1.0228,1.0134,1.0228,0,0
20111123,1.0228,1.0413,1.0134,1.0134,0,0
20111124,1.0134,1.0693,1.0134,1.0693,0,0
20111125,1.0506,1.0693,1.0506,1.0693,0,0
20111128,1.0785,1.1064,1.0785,1.1064,0,0
20111129,1.125,1.125,1.0878,1.0878,0,0
20111130,1.0864,1.1152,1.0671,1.1152,0,0
20111201,1.125,1.125,1.1064,1.1064,0,0
20111202,1.1064,1.1157,1.0878,1.1157,0,0
20111205,1.0878,1.0878,1.0878,1.0878,0,0
20111206,1.0785,1.0785,1.0785,1.0785,0,0
20111207,1.0785,1.0785,1.0506,1.0785,0,0
20111208,1.0878,1.0878,1.0785,1.0785,0,0
20111209,1.0785,1.0878,1.0785,1.0785,0,0
20111212,1.0878,1.0878,1.06,1.06,0,0
20111213,1.032,1.06,1.032,1.06,0,0
20111214,1.06,1.06,1.06,1.06,0,0
20111216,1.06,1.06,1.06,1.06,0,0
20111219,1.06,1.06,1.0413,1.0413,0,0
20111221,1.032,1.0413,1.0228,1.032,0,0
20111223,1.0228,1.032,1.0228,1.0228,0,0
20111227,1.0413,1.0413,1.0228,1.032,0,0
20111228,1.0413,1.0413,1.032,1.0413,0,0
20111229,1.0134,1.0785,1.0134,1.0785,0,0
20111230,1.048,1.0864,1.048,1.0671,0,0
20120102,1.0506,1.0506,1.0506,1.0506,0,0
20120103,1.0693,1.0878,1.0693,1.0785,0,0
20120104,1.0785,1.0785,1.06,1.06,0,0
20120105,1.0785,1.0878,1.06,1.0878,0,0
20120109,1.0878,1.0878,1.06,1.06,0,0
20120110,1.0693,1.0878,1.0693,1.0878,0,0
20120111,1.0878,1.0878,1.0693,1.0693,0,0
20120112,1.0878,1.0878,1.0878,1.0878,0,0
20120113,1.0693,1.0878,1.0693,1.0878,0,0
20120116,1.0878,1.0971,1.0878,1.0971,0,0
20120117,1.0971,1.0971,1.0878,1.0971,0,0
20120118,1.0878,1.0878,1.0878,1.0878,0,0
20120119,1.0971,1.1064,1.0878,1.0878,0,0
20120120,1.1064,1.1064,1.1064,1.1064,0,0
20120123,1.1157,1.1157,1.0878,1.0878,0,0
20120124,1.0785,1.0785,1.0785,1.0785,0,0
20120125,1.0785,1.0878,1.0785,1.0785,0,0
20120126,1.0785,1.0878,1.0785,1.0878,0,0
20120127,1.0878,1.0878,1.0693,1.0878,0,0
20120130,1.0785,1.0785,1.0785,1.0785,0,0
20120131,1.0768,1.0864,1.0768,1.0864,0,0
20120201,1.0878,1.0878,1.0878,1.0878,0,0
20120202,1.0878,1.0878,1.0785,1.0785,0,0
20120203,1.0785,1.0878,1.0785,1.0878,0,0
20120206,1.0878,1.1342,1.0878,1.1342,0,0
20120207,1.125,1.1436,1.125,1.1342,0,0
20120208,1.1623,1.1901,1.1436,1.1436,0,0
20120209,1.1623,1.1901,1.1436,1.1436,0,0
20120210,1.1342,1.1808,1.1342,1.1808,0,0
20120213,1.1714,1.1901,1.1714,1.1901,0,0
20120214,1.1714,1.1994,1.1714,1.1994,0,0
20120215,1.2087,1.2087,1.1808,1.1808,0,0
20120216,1.1714,1.2179,1.1714,1.2179,0,0
20120217,1.2087,1.2179,1.2087,1.2179,0,0
20120220,1.1994,1.2179,1.1808,1.2179,0,0
20120221,1.1994,1.2179,1.1994,1.2179,0,0
20120222,1.2087,1.2087,1.2087,1.2087,0,0
20120223,1.1994,1.2179,1.1994,1.2179,0,0
20120224,1.2273,1.2273,1.2179,1.2179,0,0
20120227,1.1994,1.2273,1.1994,1.2273,0,0
20120228,1.2273,1.2273,1.2273,1.2273,0,0
20120301,1.2087,1.2273,1.2087,1.2087,0,0
20120302,1.2087,1.2179,1.1901,1.1901,0,0
20120305,1.1901,1.1901,1.1901,1.1901,0,0
20120306,1.1901,1.1994,1.1901,1.1994,0,0
20120307,1.1994,1.2087,1.1994,1.2087,0,0
20120308,1.1994,1.2273,1.1901,1.2273,0,0
20120309,1.2273,1.2365,1.2273,1.2365,0,0
20120312,1.2365,1.2459,1.2365,1.2459,0,0
20120313,1.2365,1.2459,1.2365,1.2459,0,0
20120314,1.2459,1.2459,1.2459,1.2459,0,0
20120315,1.2179,1.2459,1.2179,1.2459,0,0
20120316,1.2459,1.2459,1.2087,1.2459,0,0
20120319,1.2179,1.2459,1.1994,1.2273,0,0
20120320,1.2087,1.2365,1.2087,1.2365,0,0
20120321,1.2179,1.2459,1.2087,1.2459,0,0
20120322,1.2365,1.2365,1.1342,1.1342,0,0
20120323,1.125,1.1436,1.125,1.1436,0,0
20120326,1.1436,1.1436,1.1436,1.1436,0,0
20120327,1.1436,1.1436,1.1436,1.1436,0,0
20120328,1.1342,1.1529,1.1342,1.1529,0,0
20120329,1.1436,1.1529,1.1436,1.1529,0,0
20120402,1.1529,1.1529,1.1529,1.1529,0,0
20120403,1.1537,1.1537,1.1537,1.1537,0,0
20120404,1.1441,1.1537,1.1441,1.1537,0,0
20120405,1.1441,1.1537,1.1441,1.1537,0,0
20120410,1.1436,1.1714,1.1436,1.1714,0,0
20120411,1.1529,1.1623,1.1529,1.1623,0,0
20120412,1.1623,1.1623,1.1529,1.1623,0,0
20120413,1.1633,1.1633,1.1537,1.1633,0,0
20120416,1.1623,1.1623,1.1436,1.1436,0,0
20120417,1.1537,1.1537,1.1441,1.1537,0,0
20120418,1.1529,1.1529,1.1436,1.1529,0,0
20120419,1.1436,1.1529,1.125,1.1436,0,0
20120420,1.1537,1.1537,1.1344,1.1344,0,0
20120423,1.1248,1.1248,1.1056,1.1152,0,0
20120424,1.1152,1.1248,1.0864,1.096,0,0
20120425,1.0768,1.0864,1.0671,1.0864,0,0
20120426,1.0768,1.1248,1.0671,1.1248,0,0
20120427,1.1248,1.1441,1.1056,1.1441,0,0
20120430,1.1441,1.1537,1.1441,1.1441,0,0
20120502,1.1922,1.1922,1.1633,1.1825,0,0
20120504,1.1825,1.1922,1.1825,1.1922,0,0
20120507,1.2017,1.2017,1.1825,1.1825,0,0
20120508,1.1825,1.1825,1.1825,1.1825,0,0
20120509,1.1633,1.1729,1.1441,1.1729,0,0
20120510,1.1537,1.1825,1.1537,1.1825,0,0
20120511,1.1922,1.2114,1.1633,1.2114,0,0
20120514,1.2017,1.2114,1.1248,1.1248,0,0
20120515,1.1152,1.1152,1.1152,1.1152,0,0
20120516,1.1056,1.1152,1.1056,1.1152,0,0
20120517,1.1152,1.1152,1.1056,1.1152,0,0
20120518,1.096,1.1441,1.096,1.1248,0,0
20120521,1.1248,1.1825,1.1248,1.1825,0,0
20120522,1.1729,1.1922,1.1729,1.1825,0,0
20120523,1.1825,1.1825,1.1729,1.1825,0,0
20120524,1.1825,1.1922,1.1825,1.1922,0,0
20120525,1.1922,1.1922,1.1825,1.1825,0,0
20120528,1.1633,1.1825,1.1633,1.1825,0,0
20120529,1.1633,1.1633,1.1441,1.1441,0,0
20120530,1.1537,1.1537,1.1441,1.1441,0,0
20120531,1.1441,1.1441,1.1441,1.1441,0,0
20120601,1.1441,1.1441,1.1441,1.1441,0,0
20120604,1.1344,1.1344,1.1056,1.1056,0,0
20120605,1.1056,1.1152,1.0864,1.0864,0,0
20120606,1.1152,1.1152,1.1152,1.1152,0,0
20120608,1.1152,1.1152,1.1152,1.1152,0,0
20120611,1.1248,1.1248,1.1152,1.1152,0,0
20120612,1.1056,1.1344,1.1056,1.1344,0,0
20120613,1.1344,1.1344,1.1344,1.1344,0,0
20120614,1.1344,1.1344,1.1344,1.1344,0,0
20120615,1.1441,1.1441,1.1344,1.1344,0,0
20120618,1.1344,1.1344,1.1152,1.1152,0,0
20120619,1.1152,1.1441,1.1152,1.1441,0,0
20120620,1.1248,1.1441,1.1248,1.1344,0,0
20120621,1.1248,1.1441,1.1248,1.1441,0,0
20120622,1.1248,1.1441,1.1248,1.1441,0,0
20120625,1.1344,1.1344,1.1344,1.1344,0,0
20120626,1.1248,1.1344,1.1248,1.1344,0,0
20120627,1.1441,1.1441,1.1344,1.1441,0,0
20120628,1.1441,1.1537,1.1441,1.1537,0,0
20120629,1.1537,1.1537,1.1441,1.1441,0,0
20120702,1.1441,1.1441,1.1344,1.1441,0,0
20120703,1.1537,1.1825,1.1441,1.1825,0,0
20120704,1.1729,1.1825,1.1729,1.1729,0,0
20120705,1.1633,1.1825,1.1633,1.1729,0,0
20120706,1.1825,1.1825,1.1729,1.1825,0,0
20120709,1.1729,1.1825,1.1729,1.1729,0,0
20120710,1.1922,1.1922,1.1729,1.1922,0,0
20120711,1.1922,1.1922,1.1729,1.1922,0,0
20120712,1.1825,1.1922,1.1825,1.1922,0,0
20120713,1.1825,1.1922,1.1825,1.1922,0,0
20120716,1.2017,1.2498,1.2017,1.221,0,0
20120717,1.221,1.2498,1.2114,1.221,0,0
20120718,1.2114,1.221,1.2114,1.221,0,0
20120719,1.2114,1.2306,1.2114,1.2306,0,0
20120720,1.221,1.2306,1.221,1.2306,0,0
20120723,1.221,1.2402,1.2114,1.2402,0,0
20120724,1.2402,1.2402,1.2114,1.221,0,0
20120725,1.2114,1.221,1.2114,1.221,0,0
20120726,1.221,1.221,1.221,1.221,0,0
20120727,1.221,1.2306,1.221,1.2306,0,0
20120730,1.2402,1.2402,1.2402,1.2402,0,0
20120731,1.221,1.2402,1.221,1.2402,0,0
20120801,1.2402,1.3171,1.2402,1.3171,0,0
20120802,1.2883,1.3171,1.2883,1.3171,0,0
20120803,1.2883,1.3075,1.2883,1.2979,0,0
20120806,1.3075,1.3075,1.2786,1.2979,0,0
20120807,1.2979,1.2979,1.2883,1.2979,0,0
20120808,1.2979,1.2979,1.2786,1.2786,0,0
20120809,1.2786,1.2786,1.2498,1.2595,0,0
20120810,1.2498,1.2595,1.2498,1.2595,0,0
20120813,1.2498,1.269,1.2498,1.269,0,0
20120814,1.2498,1.2786,1.2498,1.2786,0,0
20120816,1.2786,1.2786,1.2498,1.269,0,0
20120817,1.269,1.269,1.2498,1.269,0,0
20120820,1.269,1.269,1.2595,1.269,0,0
20120821,1.269,1.269,1.2498,1.269,0,0
20120822,1.269,1.269,1.2595,1.269,0,0
20120823,1.269,1.2786,1.2595,1.2786,0,0
20120824,1.2786,1.2786,1.2595,1.2786,0,0
20120827,1.2786,1.2979,1.2786,1.2979,0,0
20120828,1.2979,1.3171,1.2979,1.3171,0,0
20120829,1.3171,1.3171,1.3075,1.3171,0,0
20120830,1.3075,1.3171,1.2883,1.2883,0,0
20120831,1.2979,1.2979,1.2883,1.2883,0,0
20120903,1.2979,1.3171,1.2979,1.3171,0,0
20120904,1.3075,1.3171,1.3075,1.3075,0,0
20120905,1.2979,1.3075,1.2979,1.3075,0,0
20120906,1.2979,1.3075,1.2979,1.3075,0,0
20120907,1.2979,1.3075,1.2979,1.3075,0,0
20120910,1.3075,1.3075,1.3075,1.3075,0,0
20120911,1.2979,1.3075,1.2883,1.2883,0,0
20120912,1.2883,1.2979,1.269,1.2979,0,0
20120913,1.2979,1.2979,1.2979,1.2979,0,0
20120914,1.2786,1.2979,1.2786,1.2979,0,0
20120917,1.2979,1.2979,1.2883,1.2979,0,0
20120918,1.2979,1.2979,1.2402,1.2786,0,0
20120919,1.269,1.2883,1.269,1.2786,0,0
20120920,1.2786,1.2786,1.2402,1.2786,0,0
20120921,1.2498,1.2595,1.2498,1.2498,0,0
20120924,1.2402,1.2498,1.2402,1.2498,0,0
20120925,1.2595,1.269,1.2595,1.269,0,0
20120926,1.2786,1.2786,1.2498,1.2498,0,0
20120927,1.2498,1.269,1.2498,1.269,0,0
20120928,1.2595,1.269,1.2595,1.2595,0,0
20121001,1.2498,1.269,1.2498,1.2595,0,0
20121002,1.2595,1.269,1.2595,1.269,0,0
20121003,1.2498,1.269,1.2498,1.2595,0,0
20121004,1.269,1.269,1.2595,1.269,0,0
20121005,1.269,1.2786,1.269,1.2786,0,0
20121008,1.269,1.269,1.2595,1.269,0,0
20121009,1.269,1.269,1.269,1.269,0,0
20121010,1.269,1.269,1.269,1.269,0,0
20121011,1.269,1.269,1.269,1.269,0,0
20121012,1.2786,1.2979,1.269,1.2979,0,0
20121015,1.2979,1.3075,1.2979,1.3075,0,0
20121016,1.3075,1.3556,1.3075,1.3556,0,0
20121017,1.3364,1.4037,1.3364,1.3652,0,0
20121018,1.394,1.394,1.3652,1.3652,0,0
20121019,1.3652,1.3652,1.3652,1.3652,0,0
20121022,1.3652,1.3652,1.3652,1.3652,0,0
20121023,1.3748,1.3748,1.3267,1.3652,0,0
20121024,1.3556,1.3556,1.3556,1.3556,0,0
20121025,1.3459,1.3459,1.3459,1.3459,0,0
20121026,1.3459,1.3748,1.3459,1.3652,0,0
20121029,1.3459,1.3748,1.3459,1.3652,0,0
20121030,1.3652,1.3652,1.3459,1.3652,0,0
20121031,1.3459,1.3652,1.3459,1.3652,0,0
20121102,1.3459,1.3459,1.3364,1.3364,0,0
20121105,1.3364,1.3459,1.3171,1.3459,0,0
20121106,1.3364,1.3459,1.3267,1.3459,0,0
20121107,1.3364,1.3364,1.3267,1.3267,0,0
20121108,1.3267,1.3556,1.3267,1.3556,0,0
20121109,1.3556,1.4132,1.3556,1.4037,0,0
20121112,1.4037,1.4037,1.3171,1.3171,0,0
20121113,1.3267,1.3459,1.3171,1.3364,0,0
20121114,1.3364,1.3364,1.3364,1.3364,0,0
20121115,1.3364,1.3364,1.3267,1.3364,0,0
20121116,1.3364,1.3364,1.3267,1.3267,0,0
20121119,1.3267,1.3364,1.3171,1.3364,0,0
20121120,1.3267,1.3364,1.3171,1.3171,0,0
20121121,1.3171,1.3171,1.3075,1.3171,0,0
20121122,1.3075,1.3075,1.3075,1.3075,0,0
20121123,1.3075,1.3267,1.3075,1.3267,0,0
20121126,1.3267,1.3267,1.2786,1.3171,0,0
20121127,1.3075,1.3075,1.3075,1.3075,0,0
20121128,1.3075,1.3075,1.3075,1.3075,0,0
20121129,1.3075,1.3075,1.3075,1.3075,0,0
20121130,1.3075,1.3075,1.3075,1.3075,0,0
20121203,1.3075,1.3075,1.3075,1.3075,0,0
20121204,1.3075,1.3075,1.2786,1.2979,0,0
20121205,1.3075,1.3075,1.2883,1.2979,0,0
20121206,1.2979,1.3075,1.2786,1.3075,0,0
20121207,1.2883,1.2883,1.2883,1.2883,0,0
20121210,1.2786,1.2786,1.269,1.2786,0,0
20121211,1.2786,1.2883,1.2786,1.2883,0,0
20121212,1.2883,1.2979,1.2883,1.2979,0,0
20121213,1.2979,1.2979,1.2786,1.2883,0,0
20121214,1.2883,1.2883,1.2883,1.2883,0,0
20121217,1.2786,1.2883,1.2786,1.2883,0,0
20121218,1.2883,1.2883,1.2786,1.2883,0,0
20121219,1.2883,1.2883,1.2786,1.2883,0,0
20121220,1.2786,1.2883,1.2786,1.2883,0,0
20121221,1.2786,1.2786,1.2786,1.2786,0,0
20121227,1.2786,1.2786,1.269,1.2786,0,0
20121228,1.2786,1.2883,1.2786,1.2883,0,0
20130102,1.3075,1.3075,1.2786,1.2979,0,0
20130103,1.2883,1.2979,1.269,1.2786,0,0
20130104,1.269,1.2786,1.269,1.2786,0,0
20130107,1.269,1.2786,1.269,1.269,0,0
20130108,1.269,1.2883,1.269,1.2786,0,0
20130109,1.269,1.2786,1.269,1.269,0,0
20130110,1.2883,1.2883,1.269,1.269,0,0
20130111,1.2595,1.2595,1.2402,1.2402,0,0
20130114,1.2402,1.2498,1.2402,1.2402,0,0
20130115,1.2402,1.2595,1.2402,1.2595,0,0
20130116,1.221,1.2498,1.221,1.2402,0,0
20130117,1.2498,1.2498,1.2306,1.2306,0,0
20130118,1.2498,1.2786,1.2498,1.269,0,0
20130121,1.269,1.2786,1.269,1.2786,0,0
20130122,1.2883,1.3364,1.2883,1.3267,0,0
20130123,1.3267,1.3267,1.2883,1.3075,0,0
20130124,1.3267,1.394,1.3267,1.3748,0,0
20130125,1.394,1.4421,1.394,1.4421,0,0
20130128,1.4421,1.4613,1.4325,1.4613,0,0
20130129,1.4613,1.471,1.4037,1.4613,0,0
20130130,1.4421,1.4517,1.4229,1.4229,0,0
20130131,1.4517,1.471,1.4325,1.471,0,0
20130201,1.4613,1.5382,1.4613,1.5382,0,0
20130204,1.6247,1.644,1.5286,1.5767,0,0
20130205,1.5959,1.6055,1.5671,1.5864,0,0
20130206,1.5864,1.6055,1.5767,1.5864,0,0
20130207,1.5864,1.5959,1.5671,1.5959,0,0
20130208,1.5959,1.5959,1.5767,1.5864,0,0
20130211,1.5959,1.5959,1.5767,1.5864,0,0
20130212,1.644,1.7209,1.644,1.6921,0,0
20130213,1.7209,1.8843,1.6921,1.8651,0,0
20130214,1.9131,1.9131,1.7979,1.8267,0,0
20130215,1.8459,1.9612,1.8267,1.9612,0,0
20130218,1.9709,2.0189,1.9612,1.9709,0,0
20130219,1.9516,1.9612,1.8747,1.8843,0,0
20130220,1.8843,1.8843,1.7882,1.7882,0,0
20130221,1.7594,1.8267,1.6728,1.7305,0,0
20130222,1.7209,1.7979,1.7209,1.7882,0,0
20130225,1.8363,1.8363,1.817,1.817,0,0
20130226,1.8074,1.8074,1.7594,1.7979,0,0
20130227,1.7979,1.8267,1.7979,1.817,0,0
20130228,1.8396,1.8592,1.81,1.8494,0,0
20130301,1.8651,1.8843,1.8363,1.8555,0,0
20130304,1.8555,1.8555,1.8267,1.8363,0,0
20130305,1.8267,1.8555,1.817,1.8459,0,0
20130306,1.8459,1.8843,1.8459,1.8747,0,0
20130307,1.8843,1.9612,1.8747,1.9612,0,0
20130308,1.9804,1.9901,1.9421,1.9612,0,0
20130311,1.9612,1.9612,1.9228,1.9324,0,0
20130312,1.9324,1.9709,1.9324,1.9612,0,0
20130313,1.9612,2.0094,1.9612,2.0094,0,0
20130314,2.0094,2.0285,2.0094,2.0285,0,0
20130315,2.0285,2.0285,1.9804,1.9997,0,0
20130318,1.9324,1.9612,1.9324,1.9516,0,0
20130319,1.9516,1.9901,1.8363,1.8363,0,0
20130320,1.8459,1.8555,1.8459,1.8459,0,0
20130321,1.8363,1.8363,1.7689,1.7882,0,0
20130322,1.7786,1.8267,1.7786,1.8074,0,0
20130325,1.817,1.8651,1.8074,1.8459,0,0
20130326,1.8459,1.8459,1.7689,1.7882,0,0
20130327,1.7882,1.817,1.7497,1.7882,0,0
20130328,1.7786,1.7786,1.7689,1.7786,0,0
20130402,1.7805,1.7805,1.751,1.7805,0,0
20130403,1.7786,1.7882,1.7594,1.7689,0,0
20130404,1.7707,1.7707,1.7412,1.751,0,0
20130405,1.7497,1.7786,1.7401,1.7689,0,0
20130408,1.7786,1.8459,1.7594,1.8459,0,0
20130409,1.8651,1.894,1.8555,1.8555,0,0
20130410,1.8592,1.8789,1.7904,1.81,0,0
20130411,1.7979,1.8459,1.7979,1.817,0,0
20130412,1.8199,1.8199,1.8002,1.8002,0,0
20130415,1.7882,1.817,1.7882,1.817,0,0
20130417,1.8002,1.8002,1.7609,1.7609,0,0
20130418,1.7689,1.7689,1.7209,1.7401,0,0
20130419,1.7215,1.7805,1.7215,1.7707,0,0
20130422,1.7882,1.8074,1.7882,1.7979,0,0
20130423,1.7882,1.7882,1.7689,1.7786,0,0
20130424,1.7882,1.7882,1.7497,1.7497,0,0
20130425,1.7497,1.7689,1.7497,1.7594,0,0
20130426,1.7609,1.7805,1.7609,1.7609,0,0
20130429,1.7497,1.7979,1.7497,1.7979,0,0
20130430,1.81,1.81,1.7904,1.8002,0,0
20130502,1.81,1.81,1.7904,1.7904,0,0
20130506,1.7904,1.81,1.7904,1.7904,0,0
20130507,1.7904,1.81,1.7904,1.7904,0,0
20130508,1.81,1.81,1.7805,1.81,0,0
20130509,1.8691,1.8887,1.8297,1.8297,0,0
20130510,1.8297,1.8396,1.81,1.8199,0,0
20130513,1.8199,1.8297,1.6625,1.6625,0,0
20130514,1.6723,1.6723,1.6625,1.6723,0,0
20130515,1.6723,1.6822,1.6723,1.6723,0,0
20130516,1.6723,1.6723,1.633,1.6527,0,0
20130517,1.6527,1.6527,1.633,1.6428,0,0
20130520,1.633,1.6428,1.6035,1.6035,0,0
20130521,1.6035,1.6231,1.574,1.6231,0,0
20130522,1.6231,1.6723,1.6133,1.6723,0,0
20130523,1.6625,1.6723,1.6428,1.6625,0,0
20130524,1.6723,1.6822,1.6723,1.6822,0,0
20130527,1.6822,1.6822,1.6625,1.6822,0,0
20130528,1.6822,1.7018,1.6822,1.7018,0,0
20130529,1.7018,1.7018,1.6723,1.692,0,0
20130531,1.7018,1.7018,1.6822,1.7018,0,0
20130603,1.692,1.692,1.6723,1.6822,0,0
20130604,1.6822,1.7018,1.6723,1.7018,0,0
20130605,1.7018,1.7215,1.6723,1.7215,0,0
20130606,1.7215,1.7314,1.7117,1.7314,0,0
20130607,1.7314,1.8592,1.7314,1.8297,0,0
20130610,1.8592,1.8887,1.8494,1.8887,0,0
20130611,1.8887,1.8986,1.8789,1.8887,0,0
20130612,1.8986,2.0068,1.8986,1.9773,0,0
20130613,1.9773,1.9773,1.9281,1.9379,0,0
20130614,1.9576,1.9674,1.9379,1.9674,0,0
20130617,1.9871,1.9871,1.9379,1.9576,0,0
20130618,1.9576,1.9576,1.8986,1.9576,0,0
20130619,1.9379,1.9674,1.9379,1.9576,0,0
20130620,1.9576,1.9576,1.8789,1.8986,0,0
20130621,1.8789,1.9084,1.8494,1.8986,0,0
20130624,1.8789,1.9478,1.8789,1.9183,0,0
20130625,1.9084,1.9478,1.9084,1.9478,0,0
20130626,1.9478,1.9478,1.9084,1.9478,0,0
20130627,1.9478,1.9478,1.9084,1.9183,0,0
20130628,1.9183,1.9674,1.8986,1.9674,0,0
20130701,1.9773,1.997,1.9576,1.9773,0,0
20130702,1.9674,2.0068,1.9674,1.9871,0,0
20130703,1.997,1.997,1.9871,1.997,0,0
20130704,1.997,1.997,1.9871,1.997,0,0
20130705,2.0068,2.0068,1.9773,1.9773,0,0
20130708,1.9773,1.997,1.9379,1.9674,0,0
20130709,1.9674,1.9674,1.9478,1.9478,0,0
20130710,1.9379,1.9478,1.8986,1.9478,0,0
20130711,1.9576,1.9773,1.9576,1.9773,0,0
20130712,1.9773,1.997,1.9773,1.997,0,0
20130715,2.0068,2.0068,1.9674,1.9773,0,0
20130716,1.9674,1.9871,1.9674,1.9871,0,0
20130717,1.9871,2.0068,1.9871,2.0068,0,0
20130718,2.0068,2.0953,2.0068,2.0953,0,0
20130719,2.0953,2.0953,2.0757,2.0855,0,0
20130722,2.0855,2.1052,2.0757,2.1052,0,0
20130723,2.1052,2.1347,2.1052,2.1347,0,0
20130724,2.1445,2.1937,2.1445,2.1937,0,0
20130725,2.1937,2.1937,2.1445,2.174,0,0
20130726,2.2134,2.2232,2.1937,2.2035,0,0
20130729,2.2134,2.2232,2.1642,2.1937,0,0
20130730,2.1937,2.1937,2.174,2.174,0,0
20130731,2.1642,2.1642,2.0658,2.115,0,0
20130801,2.0855,2.115,2.0757,2.115,0,0
20130802,2.1445,2.174,2.1347,2.174,0,0
20130805,2.1445,2.1839,2.1445,2.1839,0,0
20130806,2.1937,2.2232,2.174,2.2232,0,0
20130807,2.2232,2.3019,2.2232,2.2822,0,0
20130808,2.3019,2.4003,2.2921,2.4003,0,0
20130809,2.4003,2.5085,2.4003,2.4987,0,0
20130812,2.4987,2.4987,2.3511,2.3806,0,0
20130813,2.3708,2.4298,2.3708,2.3806,0,0
20130814,2.3904,2.4298,2.3904,2.4298,0,0
20130816,2.4298,2.4495,2.3904,2.42,0,0
20130819,2.4298,2.4298,2.3609,2.4101,0,0
20130820,2.3413,2.3904,2.2822,2.3806,0,0
20130821,2.3806,2.3904,2.3511,2.3806,0,0
20130822,2.3904,2.42,2.3806,2.42,0,0
20130823,2.4101,2.42,2.3904,2.42,0,0
20130826,2.3904,2.42,2.3904,2.4101,0,0
20130827,2.4101,2.4101,2.3117,2.3806,0,0
20130828,2.3511,2.3904,2.3511,2.3806,0,0
20130829,2.3609,2.4101,2.3511,2.4101,0,0
20130830,2.4101,2.4101,2.3806,2.3904,0,0
20130902,2.3609,2.42,2.3413,2.3609,0,0
20130903,2.3806,2.4003,2.3806,2.3806,0,0
20130904,2.3511,2.3904,2.3216,2.3413,0,0
20130905,2.3117,2.3117,2.1347,2.1839,0,0
20130906,2.1445,2.2626,2.1445,2.2626,0,0
20130909,2.3216,2.3314,2.2626,2.3314,0,0
20130910,2.3314,2.3708,2.3314,2.3708,0,0
20130911,2.3708,2.3708,2.3413,2.3511,0,0
20130912,2.3413,2.3511,2.3314,2.3314,0,0
20130913,2.3314,2.3511,2.3314,2.3511,0,0
20130916,2.3708,2.4003,2.3314,2.3904,0,0
20130917,2.4003,2.4298,2.3904,2.4101,0,0
20130918,2.4101,2.4396,2.4101,2.4396,0,0
20130919,2.4396,2.4691,2.4396,2.4593,0,0
20130920,2.4593,2.4593,2.4396,2.4495,0,0
20130923,2.4495,2.4495,2.42,2.4396,0,0
20130924,2.4101,2.42,2.3708,2.3904,0,0
20130925,2.3708,2.3904,2.3314,2.3609,0,0
20130926,2.3117,2.4495,2.3117,2.4495,0,0
20130927,2.3413,2.5183,2.3413,2.4987,0,0
20130930,2.3413,2.5282,2.3413,2.5282,0,0
20131001,2.4888,2.6364,2.4888,2.6265,0,0
20131002,2.6265,2.7839,2.6265,2.7249,0,0
20131003,2.7347,2.8626,2.7249,2.7446,0,0
20131004,2.7446,2.7839,2.6954,2.7643,0,0
20131007,2.7544,2.7839,2.7544,2.7839,0,0
20131008,2.7741,2.7839,2.7544,2.7544,0,0
20131009,2.7544,2.7839,2.7544,2.7643,0,0
20131010,2.7741,2.8036,2.7544,2.7938,0,0
20131011,2.8134,2.8626,2.8036,2.8331,0,0
20131014,2.8134,2.8626,2.7938,2.8626,0,0
20131015,2.8626,2.9118,2.8626,2.9118,0,0
20131016,2.8921,3.0299,2.8921,3.02,0,0
20131017,2.9905,3.02,2.9118,3.02,0,0
20131018,2.961,3.0102,2.9118,3.0102,0,0
20131021,3.0102,3.0102,2.961,3.0004,0,0
20131022,2.9905,2.9905,2.961,2.9807,0,0
20131023,2.9708,2.9807,2.9413,2.961,0,0
20131024,2.961,3.0102,2.961,3.0004,0,0
20131025,2.9905,3.1774,2.9807,3.1774,0,0
20131028,3.1577,3.2069,3.0889,3.2069,0,0
20131029,3.2168,3.3348,3.2168,3.3348,0,0
20131030,3.3643,3.3938,3.266,3.2758,0,0
20131031,3.2856,3.384,3.1479,3.384,0,0
20131104,3.3938,3.3938,3.2561,3.3053,0,0
20131105,3.3348,3.3348,3.2364,3.3053,0,0
20131106,3.3053,3.325,3.266,3.266,0,0
20131107,3.2955,3.3053,3.2561,3.2856,0,0
20131108,3.2955,3.4824,3.2856,3.4234,0,0
20131112,3.4529,3.5709,3.4529,3.5611,0,0
20131113,3.5512,3.5512,3.384,3.4037,0,0
20131114,3.4234,3.4529,3.4037,3.443,0,0
20131115,3.5021,3.5021,3.3938,3.4332,0,0
20131118,3.4627,3.5119,3.2364,3.2364,0,0
20131119,3.2856,3.2856,3.1873,3.2168,0,0
20131120,3.2266,3.2758,3.1873,3.266,0,0
20131121,3.1774,3.2758,3.1774,3.266,0,0
20131122,3.266,3.266,3.2069,3.2069,0,0
20131125,3.2364,3.266,3.2069,3.2463,0,0
20131126,3.2463,3.2463,3.1774,3.2168,0,0
20131127,3.2168,3.3545,3.1774,3.3545,0,0
20131128,3.3545,3.384,3.2955,3.3545,0,0
20131129,3.3545,3.3545,3.3151,3.3545,0,0
20131202,3.3447,3.3447,3.2856,3.2856,0,0
20131203,3.2856,3.3348,3.266,3.266,0,0
20131204,3.2168,3.2168,3.1971,3.1971,0,0
20131205,3.1774,3.1873,3.1479,3.1774,0,0
20131206,3.1971,3.2364,3.1381,3.2069,0,0
20131209,3.1774,3.2168,3.1577,3.2069,0,0
20131210,3.2168,3.266,3.1873,3.2168,0,0
20131211,3.2069,3.2168,3.1971,3.2069,0,0
20131212,3.1971,3.2168,3.1184,3.2168,0,0
20131213,3.2069,3.2266,3.1479,3.2069,0,0
20131216,3.2069,3.2168,3.1479,3.1774,0,0
20131217,3.1676,3.1774,3.1184,3.1676,0,0
20131218,3.1676,3.2463,3.1479,3.1577,0,0
20131219,3.1577,3.2069,3.1086,3.1676,0,0
20131220,3.1676,3.1971,3.1184,3.1774,0,0
20131223,3.1873,3.1873,3.1184,3.1184,0,0
20131227,3.1184,3.2069,3.1184,3.1873,0,0
20131230,3.1873,3.1971,3.1184,3.1577,0,0
20140102,3.1282,3.1873,3.1282,3.1381,0,0
20140103,3.1774,3.1774,3.0987,3.1479,0,0
20140107,3.1577,3.1577,2.9807,3.0299,0,0
20140108,2.961,3.0102,2.843,3.0102,0,0
20140109,3.0004,3.0004,2.8331,2.8331,0,0
20140110,2.7643,2.8331,2.6659,2.8331,0,0
20140113,2.7151,2.7643,2.6462,2.7643,0,0
20140114,2.7741,2.8626,2.7741,2.843,0,0
20140115,2.8921,2.9217,2.8528,2.9118,0,0
20140116,2.9512,2.9512,2.9118,2.9118,0,0
20140117,2.902,2.9118,2.8626,2.8921,0,0
20140120,2.9512,2.9512,2.8921,2.902,0,0
20140121,2.902,2.9413,2.902,2.9217,0,0
20140122,2.9217,2.9413,2.902,2.9315,0,0
20140123,2.9512,3.0102,2.902,2.9512,0,0
20140124,2.9807,2.9807,2.8528,2.9512,0,0
20140127,2.9512,3.0102,2.8823,2.9512,0,0
20140128,3.0004,3.0299,2.9512,3.0299,0,0
20140129,3.0299,3.0495,2.9807,3.0299,0,0
20140130,3.0594,3.1086,3.0102,3.1086,0,0
20140131,3.1086,3.1676,3.0594,3.0987,0,0
20140203,3.1479,3.1479,3.0987,3.1381,0,0
20140204,3.1184,3.1184,3.0102,3.0692,0,0
20140205,3.0397,3.0397,2.9807,3.0102,0,0
20140206,3.0102,3.0889,3.0102,3.02,0,0
20140207,3.0692,3.0692,3.0299,3.0495,0,0
20140210,3.0594,3.0594,2.961,3.0397,0,0
20140211,3.0397,3.0692,3.0299,3.0692,0,0
20140212,3.0692,3.0889,3.0397,3.0889,0,0
20140213,3.1184,3.1184,3.0397,3.0791,0,0
20140214,3.0889,3.0889,3.0299,3.0889,0,0
20140217,3.0889,3.0889,3.0397,3.0791,0,0
20140218,3.0692,3.0889,3.0299,3.0889,0,0
20140219,3.0594,3.0889,3.0594,3.0889,0,0
20140220,2.9905,3.0791,2.9905,3.0495,0,0
20140221,3.0102,3.0889,3.0102,3.0889,0,0
20140224,3.0889,3.0889,3.0594,3.0889,0,0
20140225,3.0889,3.0889,3.0692,3.0889,0,0
20140226,3.0791,3.0889,3.0495,3.0889,0,0
20140227,3.0692,3.0889,3.0495,3.0594,0,0
20140228,3.0299,3.2364,3.0299,3.2364,0,0
20140303,3.1577,3.1971,2.9315,3.1971,0,0
20140304,3.1479,3.1971,3.1381,3.1479,0,0
20140305,3.1971,3.1971,3.0889,3.1873,0,0
20140306,3.1774,3.1774,3.0594,3.1086,0,0
20140307,3.0889,3.0889,3.02,3.02,0,0
20140310,3.02,3.02,2.9217,2.9512,0,0
20140311,2.9413,2.961,2.8331,2.9217,0,0
20140312,2.8528,2.9217,2.7151,2.9217,0,0
20140313,2.9118,2.9217,2.843,2.8626,0,0
20140314,2.843,2.843,2.6954,2.7249,0,0
20140317,2.7839,2.9217,2.7151,2.902,0,0
20140318,2.8823,2.8823,2.8036,2.8036,0,0
20140319,2.7544,2.8036,2.6856,2.7446,0,0
20140320,2.6954,2.7446,2.5577,2.5577,0,0
20140321,2.5675,2.5675,2.5183,2.5577,0,0
20140324,2.5577,2.5577,2.5085,2.5282,0,0
20140325,2.5085,2.6462,2.5085,2.6462,0,0
20140326,2.6659,2.7643,2.6659,2.7544,0,0
20140327,2.7643,2.7643,2.7151,2.7544,0,0
20140328,2.7643,2.7643,2.6856,2.7249,0,0
20140331,2.7446,2.7446,2.7151,2.7151,0,0
20140401,2.7544,2.8036,2.7249,2.7347,0,0
20140402,2.7839,2.7839,2.7151,2.7347,0,0
20140403,2.7347,2.7446,2.7052,2.7151,0,0
20140404,2.7052,2.7446,2.7052,2.7347,0,0
20140407,2.7347,2.7347,2.6856,2.7052,0,0
20140408,2.7052,2.7249,2.597,2.7249,0,0
20140409,2.7151,2.7151,2.6462,2.6856,0,0
20140410,2.6856,2.6856,2.6561,2.6757,0,0
20140411,2.6561,2.6659,2.6069,2.6561,0,0
20140414,2.6561,2.6561,2.5872,2.5872,0,0
20140415,2.5872,2.6069,2.5872,2.5872,0,0
20140416,2.597,2.6167,2.5675,2.5675,0,0
20140417,2.5675,2.5774,2.538,2.538,0,0
20140422,2.59,2.66,2.58,2.66,0,0
20140423,2.67,2.67,2.62,2.67,0,0
20140424,2.66,2.7,2.56,2.62,0,0
20140425,2.61,2.62,2.58,2.62,0,0
20140428,2.58,2.61,2.57,2.58,0,0
20140429,2.57,2.6,2.57,2.59,0,0
20140430,2.57,2.62,2.57,2.62,0,0
20140502,2.58,2.62,2.56,2.61,0,0
20140505,2.56,2.63,2.56,2.61,0,0
20140506,2.61,2.61,2.52,2.52,0,0
20140507,2.45,2.46,2.38,2.42,0,0
20140508,2.49,2.49,2.4,2.4,0,0
20140509,2.4,2.41,2.28,2.32,0,0
20140512,2.33,2.56,2.33,2.48,0,0
20140513,2.53,2.53,2.48,2.48,0,0
20140514,2.51,2.51,2.28,2.28,0,0
20140515,2.26,2.28,2.26,2.28,0,0
20140516,2.27,2.27,2.16,2.24,0,0
20140519,2.24,2.26,2.23,2.25,0,0
20140520,2.25,2.28,2.23,2.23,0,0
20140521,2.24,2.25,2.22,2.22,0,0
20140522,2.22,2.26,2.22,2.23,0,0
20140523,2.27,2.39,2.27,2.35,0,0
20140526,2.36,2.48,2.36,2.45,0,0
20140527,2.49,2.49,2.44,2.45,0,0
20140528,2.45,2.45,2.39,2.39,0,0
20140529,2.39,2.44,2.39,2.43,0,0
20140530,2.43,2.44,2.42,2.43,0,0
20140602,2.43,2.44,2.42,2.43,0,0
20140603,2.44,2.44,2.43,2.43,0,0
20140604,2.43,2.44,2.43,2.44,0,0
20140605,2.47,2.51,2.47,2.49,0,0
20140606,2.5,2.55,2.5,2.53,0,0
20140609,2.53,2.55,2.52,2.52,0,0
20140610,2.47,2.47,2.47,2.47,0,0
20140611,2.48,2.51,2.47,2.47,0,0
20140612,2.46,2.47,2.46,2.46,0,0
20140613,2.45,2.46,2.4,2.46,0,0
20140616,2.37,2.45,2.37,2.39,0,0
20140617,2.39,2.44,2.37,2.4,0,0
20140618,2.45,2.45,2.37,2.42,0,0
20140620,2.43,2.44,2.43,2.44,0,0
20140623,2.47,2.47,2.43,2.44,0,0
20140624,2.43,2.46,2.42,2.45,0,0
20140625,2.41,2.42,2.34,2.42,0,0
20140626,2.38,2.46,2.38,2.46,0,0
20140627,2.38,2.46,2.38,2.43,0,0
20140630,2.43,2.44,2.41,2.44,0,0
20140701,2.41,2.46,2.38,2.44,0,0
20140702,2.44,2.44,2.35,2.35,0,0
20140703,2.36,2.36,2.3,2.31,0,0
20140704,2.41,2.41,2.34,2.36,0,0
20140707,2.36,2.36,2.34,2.34,0,0
20140708,2.32,2.36,2.32,2.33,0,0
20140709,2.31,2.32,2.29,2.29,0,0
20140710,2.31,2.31,2.26,2.26,0,0
20140711,2.26,2.34,2.26,2.33,0,0
20140714,2.33,2.34,2.28,2.28,0,0
20140715,2.28,2.32,2.28,2.29,0,0
20140716,2.28,2.32,2.28,2.32,0,0
20140717,2.3,2.3,2.26,2.3,0,0
20140718,2.26,2.31,2.26,2.31,0,0
20140721,2.27,2.28,2.26,2.26,0,0
20140722,2.26,2.3,2.24,2.3,0,0
20140723,2.29,2.33,2.27,2.33,0,0
20140724,2.27,2.35,2.27,2.35,0,0
20140725,2.32,2.35,2.32,2.35,0,0
20140728,2.34,2.36,2.34,2.35,0,0
20140729,2.35,2.35,2.33,2.35,0,0
20140730,2.29,2.37,2.23,2.37,0,0
20140731,2.33,2.35,2.28,2.32,0,0
20140801,2.26,2.32,2.23,2.31,0,0
20140804,2.3,2.35,2.3,2.35,0,0
20140805,2.32,2.32,2.26,2.26,0,0
20140806,2.26,2.3,2.19,2.2,0,0
20140807,2.21,2.21,2.05,2.08,0,0
20140808,2.05,2.06,1.97,1.97,0,0
20140811,1.97,2.02,1.97,2,0,0
20140812,2,2.01,1.93,1.93,0,0
20140813,1.96,1.97,1.88,1.94,0,0
20140814,1.94,1.99,1.94,1.96,0,0
20140818,1.96,2,1.96,1.98,0,0
20140819,1.99,2.01,1.97,1.98,0,0
20140820,1.98,2.02,1.98,2.01,0,0
20140821,2.02,2.06,2.02,2.02,0,0
20140822,2.06,2.08,2.06,2.06,0,0
20140825,2.06,2.14,2.06,2.13,0,0
20140826,2.14,2.14,2.12,2.12,0,0
20140827,2.12,2.15,2.11,2.12,0,0
20140828,2.11,2.11,2.02,2.06,0,0
20140829,2.06,2.15,2.04,2.15,0,0
20140901,2.16,2.16,2.14,2.16,0,0
20140902,2.16,2.35,2.14,2.35,0,0
20140903,2.35,2.35,2.3,2.3,0,0
20140904,2.3,2.33,2.3,2.33,0,0
20140905,2.36,2.36,2.29,2.33,0,0
20140908,2.36,2.41,2.36,2.41,0,0
20140909,2.41,2.46,2.41,2.44,0,0
20140910,2.45,2.47,2.44,2.47,0,0
20140911,2.49,2.52,2.34,2.42,0,0
20140912,2.43,2.45,2.4,2.4,0,0
20140915,2.4,2.44,2.37,2.41,0,0
20140916,2.44,2.44,2.37,2.43,0,0
20140917,2.44,2.45,2.42,2.44,0,0
20140918,2.44,2.44,2.43,2.43,0,0
20140919,2.43,2.43,2.36,2.36,0,0
20140922,2.4,2.4,2.36,2.4,0,0
20140923,2.41,2.41,2.39,2.39,0,0
20140924,2.38,2.41,2.38,2.39,0,0
20140925,2.39,2.42,2.38,2.38,0,0
20140926,2.38,2.41,2.31,2.31,0,0
20140929,2.32,2.38,2.31,2.31,0,0
20140930,2.25,2.31,2.25,2.27,0,0
20141001,2.26,2.29,2.25,2.25,0,0
20141002,2.25,2.29,2.25,2.26,0,0
20141003,2.28,2.36,2.26,2.33,0,0
20141006,2.37,2.38,2.33,2.38,0,0
20141007,2.38,2.38,2.36,2.36,0,0
20141008,2.34,2.34,2.33,2.33,0,0
20141009,2.36,2.38,2.36,2.36,0,0
20141010,2.33,2.33,2.32,2.33,0,0
20141013,2.36,2.36,2.33,2.33,0,0
20141014,2.33,2.33,2.32,2.33,0,0
20141015,2.33,2.33,2.32,2.33,0,0
20141016,2.33,2.33,2.31,2.31,0,0
20141017,2.32,2.32,2.31,2.32,0,0
20141020,2.36,2.36,2.31,2.32,0,0
20141021,2.31,2.33,2.31,2.32,0,0
20141022,2.36,2.38,2.36,2.38,0,0
20141023,2.38,2.38,2.33,2.34,0,0
20141024,2.34,2.35,2.34,2.35,0,0
20141027,2.37,2.38,2.32,2.33,0,0
20141028,2.35,2.36,2.31,2.34,0,0
20141029,2.37,2.37,2.31,2.35,0,0
20141030,2.35,2.35,2.32,2.32,0,0
20141031,2.33,2.38,2.33,2.38,0,0
20141103,2.39,2.44,2.39,2.42,0,0
20141104,2.43,2.48,2.43,2.48,0,0
20141105,2.48,2.5,2.48,2.48,0,0
20141106,2.47,2.47,2.39,2.43,0,0
20141107,2.43,2.45,2.4,2.41,0,0
20141110,2.43,2.43,2.41,2.41,0,0
20141112,2.38,2.38,2.31,2.31,0,0
20141113,2.31,2.33,2.3,2.32,0,0
20141114,2.31,2.32,2.29,2.3,0,0
20141117,2.3,2.32,2.3,2.32,0,0
20141118,2.33,2.34,2.32,2.32,0,0
20141119,2.32,2.34,2.32,2.34,0,0
20141120,2.34,2.34,2.29,2.32,0,0
20141121,2.29,2.34,2.29,2.34,0,0
20141124,2.34,2.34,2.31,2.32,0,0
20141125,2.32,2.34,2.32,2.33,0,0
20141126,2.33,2.33,2.32,2.32,0,0
20141127,2.32,2.33,2.32,2.32,0,0
20141128,2.33,2.34,2.33,2.33,0,0
20141201,2.34,2.35,2.33,2.33,0,0
20141202,2.33,2.33,2.32,2.33,0,0
20141203,2.33,2.35,2.32,2.35,0,0
20141204,2.34,2.38,2.34,2.36,0,0
20141205,2.33,2.37,2.33,2.36,0,0
20141208,2.36,2.38,2.34,2.38,0,0
20141209,2.38,2.4,2.38,2.39,0,0
20141210,2.4,2.43,2.39,2.43,0,0
20141211,2.4,2.45,2.4,2.44,0,0
20141212,2.44,2.44,2.36,2.36,0,0
20141215,2.37,2.42,2.37,2.42,0,0
20141216,2.39,2.44,2.34,2.34,0,0
20141217,2.33,2.39,2.33,2.33,0,0
20141218,2.39,2.39,2.35,2.35,0,0
20141219,2.39,2.4,2.36,2.38,0,0
20141222,2.35,2.4,2.35,2.4,0,0
20141223,2.35,2.38,2.35,2.38,0,0
20141229,2.38,2.38,2.27,2.27,0,0
20141230,2.23,2.35,2.23,2.35,0,0
