Date,Open,High,Low,Close,Volume,OpenInt
20070813,4232.68,4232.68,4232.68,4232.68,0,0
20070814,4112.94,4112.94,4112.94,4112.94,0,0
20070816,3915.1,3915.1,3915.1,3915.1,0,0
20070817,3956.75,3956.75,3956.75,3956.75,0,0
20070820,4112.94,4112.94,4112.94,4112.94,0,0
20070821,4107.73,4107.73,4107.73,4107.73,0,0
20070822,4183.75,4183.75,4183.75,4183.75,0,0
20070823,4185.83,4185.83,4185.83,4185.83,0,0
20070824,4248.3,4248.3,4248.3,4248.3,0,0
20070827,4306.61,4306.61,4306.61,4306.61,0,0
20070828,4227.48,4227.48,4227.48,4227.48,0,0
20070829,4165,4165,4165,4165,0,0
20070830,4248.3,4248.3,4248.3,4248.3,0,0
20070831,4476.34,4476.34,4476.34,4476.34,0,0
20070903,4373.25,4373.25,4373.25,4373.25,0,0
20070904,4504.04,4504.04,4504.04,4504.04,0,0
20070905,4452.94,4452.94,4452.94,4452.94,0,0
20070906,4484.37,4484.37,4484.37,4484.37,0,0
20070907,4371.22,4371.22,4371.22,4371.22,0,0
20070910,4400.55,4400.55,4400.55,4400.55,0,0
20070911,4371.22,4371.22,4371.22,4371.22,0,0
20070912,4330.35,4330.35,4330.35,4330.35,0,0
20070913,4306.26,4306.26,4306.26,4306.26,0,0
20070914,4400.55,4400.55,4400.55,4400.55,0,0
20070917,4306.26,4306.26,4306.26,4306.26,0,0
20070918,4107.18,4107.18,4107.18,4107.18,0,0
20070919,4243.39,4243.39,4243.39,4243.39,0,0
20070920,4294.73,4294.73,4294.73,4294.73,0,0
20070921,4292.63,4292.63,4292.63,4292.63,0,0
20070924,4291.59,4291.59,4291.59,4291.59,0,0
20070925,4139.66,4139.66,4139.66,4139.66,0,0
20070926,4294.73,4294.73,4294.73,4294.73,0,0
20070927,4348.17,4348.17,4348.17,4348.17,0,0
20070928,4348.17,4348.17,4348.17,4348.17,0,0
20071001,4316.73,4316.73,4316.73,4316.73,0,0
20071002,4348.17,4348.17,4348.17,4348.17,0,0
20071003,4327.21,4327.21,4327.21,4327.21,0,0
20071004,4327.21,4327.21,4327.21,4327.21,0,0
20071005,4296.83,4296.83,4296.83,4296.83,0,0
20071008,4357.6,4357.6,4357.6,4357.6,0,0
20071009,4452.94,4452.94,4452.94,4452.94,0,0
20071010,4452.94,4452.94,4452.94,4452.94,0,0
20071011,4473.9,4473.9,4473.9,4473.9,0,0
20071012,4411.03,4411.03,4411.03,4411.03,0,0
20071015,4340.83,4340.83,4340.83,4340.83,0,0
20071016,4244.44,4244.44,4244.44,4244.44,0,0
20071017,4295.78,4295.78,4295.78,4295.78,0,0
20071018,4369.12,4369.12,4369.12,4369.12,0,0
20071019,4389.03,4389.03,4389.03,4389.03,0,0
20071022,4295.78,4295.78,4295.78,4295.78,0,0
20071023,4201.48,4201.48,4201.48,4201.48,0,0
20071024,4164.81,4164.81,4164.81,4164.81,0,0
20071025,4191,4191,4191,4191,0,0
20071026,4187.86,4187.86,4187.86,4187.86,0,0
20071029,4191,4191,4191,4191,0,0
20071030,4210.91,4210.91,4210.91,4210.91,0,0
20071031,4189.96,4189.96,4189.96,4189.96,0,0
20071102,4295.78,4295.78,4295.78,4295.78,0,0
20071105,4086.23,4086.23,4086.23,4086.23,0,0
20071106,4138.62,4138.62,4138.62,4138.62,0,0
20071107,4021.27,4021.27,4021.27,4021.27,0,0
20071108,4086.23,4086.23,4086.23,4086.23,0,0
20071109,4128.14,4128.14,4033.84,4033.84,0,0
20071112,4128.14,4128.14,4011.84,4011.84,0,0
20071113,4011.84,4011.84,4011.84,4011.84,0,0
20071114,4011.84,4046.41,4011.84,4046.41,0,0
20071115,3960.5,4046.41,3824.29,3855.72,0,0
20071116,3771.9,3855.72,3688.08,3698.56,0,0
20071119,3698.56,3760.38,3562.35,3562.35,0,0
20071120,3509.96,3562.35,3342.32,3562.35,0,0
20071121,3457.58,3457.58,3299.37,3299.37,0,0
20071122,3299.37,3310.89,3248.03,3300.41,0,0
20071123,3300.41,3352.8,3258.5,3352.8,0,0
20071126,3352.8,3472.25,3352.8,3472.25,0,0
20071127,3472.25,3472.25,3352.8,3352.8,0,0
20071128,3352.8,3384.23,3352.8,3358.04,0,0
20071129,3358.04,3526.73,3358.04,3526.73,0,0
20071130,3489.01,3613.69,3489.01,3541.4,0,0
20071203,3583.31,3583.31,3436.62,3436.62,0,0
20071204,3332.89,3426.14,3331.85,3426.14,0,0
20071205,3373.76,3768.76,3352.8,3768.76,0,0
20071206,3468.05,3468.05,3342.32,3342.32,0,0
20071207,3372.71,3393.66,3342.32,3358.04,0,0
20071210,3394.71,3405.19,3373.76,3379,0,0
20071211,3352.8,3363.28,3305.65,3352.8,0,0
20071212,3249.07,3310.89,3237.55,3237.55,0,0
20071213,3326.61,3326.61,3268.98,3268.98,0,0
20071214,3300.41,3300.41,3195.64,3195.64,0,0
20071217,3194.59,3227.07,3143.25,3195.64,0,0
20071218,3195.64,3195.64,3195.64,3195.64,0,0
20071219,3194.59,3194.59,3094.01,3094.01,0,0
20071220,3073.05,3194.59,3038.48,3038.48,0,0
20071221,3163.16,3164.21,3122.3,3164.21,0,0
20071227,3164.21,3164.21,3096.1,3164.21,0,0
20071228,3090.86,3096.1,3048.95,3048.95,0,0
20080102,3080.39,3111.82,3080.39,3111.82,0,0
20080103,3183.07,3183.07,3090.86,3101.34,0,0
20080104,3038.48,3051.05,2856.17,2954.66,0,0
20080107,2974.56,2974.56,2776.54,2821.59,0,0
20080108,2838.36,2839.4,2834.17,2839.4,0,0
20080109,2745.11,2754.54,2703.2,2753.49,0,0
20080110,2692.72,2692.72,2557.56,2608.9,0,0
20080111,2535.56,2674.91,2535.56,2674.91,0,0
20080114,2681.19,2681.19,2681.19,2681.19,0,0
20080115,2682.24,2682.24,2671.76,2671.76,0,0
20080116,2546.03,2561.75,2514.6,2561.75,0,0
20080117,2561.75,2561.75,2424.5,2508.32,0,0
20080118,2411.92,2513.55,2388.87,2409.83,0,0
20080121,2357.44,2357.44,2284.1,2305.05,0,0
20080122,2200.28,2305.05,2200.28,2262.09,0,0
20080123,2264.19,2273.62,2148.94,2159.41,0,0
20080124,2222.28,2273.62,2096.55,2096.55,0,0
20080125,2222.28,2419.26,2222.28,2419.26,0,0
20080128,2284.1,2326.01,2284.1,2326.01,0,0
20080129,2356.39,2504.12,2356.39,2504.12,0,0
20080130,2514.6,2514.6,2497.84,2505.17,0,0
20080131,2618.33,2618.33,2462.21,2462.21,0,0
20080201,2607.85,2608.9,2519.84,2608.9,0,0
20080204,2595.28,2661.29,2595.28,2650.81,0,0
20080205,2650.81,2650.81,2629.85,2629.85,0,0
20080206,2555.46,2555.46,2468.5,2532.41,0,0
20080207,2555.46,2555.46,2493.65,2493.65,0,0
20080208,2514.6,2514.6,2493.65,2493.65,0,0
20080211,2459.07,2524.97,2441.26,2524.97,0,0
20080212,2535.81,2600.83,2535.81,2600.83,0,0
20080213,2655.01,2670.19,2637.68,2670.19,0,0
20080214,2751.46,2751.46,2709.2,2730.87,0,0
20080215,2747.13,2747.13,2687.52,2687.52,0,0
20080218,2655.01,2655.01,2655.01,2655.01,0,0
20080219,2655.01,2714.62,2655.01,2714.62,0,0
20080220,2701.61,2701.61,2698.36,2698.36,0,0
20080221,2698.36,2698.36,2665.85,2665.85,0,0
20080222,2701.61,2701.61,2655.01,2660.43,0,0
20080225,2720.04,2720.04,2695.11,2695.11,0,0
20080226,2709.2,2709.2,2702.7,2702.7,0,0
20080227,2665.85,2687.52,2665.85,2671.27,0,0
20080228,2671.27,2671.27,2624.67,2664.77,0,0
20080229,2645.26,2645.26,2600.83,2633.34,0,0
20080303,2529.31,2529.31,2514.14,2514.14,0,0
20080304,2568.32,2568.32,2507.63,2507.63,0,0
20080305,2492.46,2492.46,2470.79,2487.04,0,0
20080306,2493.55,2493.55,2490.3,2492.46,0,0
20080307,2475.12,2475.12,2475.12,2475.12,0,0
20080310,2459.95,2459.95,2441.53,2441.53,0,0
20080311,2416.61,2416.61,2330.99,2411.19,0,0
20080312,2373.26,2411.19,2362.42,2362.42,0,0
20080313,2438.28,2438.28,2342.91,2355.92,0,0
20080314,2351.58,2351.58,2351.58,2351.58,0,0
20080317,2329.91,2329.91,2226.96,2233.46,0,0
20080318,2221.54,2275.73,2221.54,2222.63,0,0
20080319,2264.89,2302.82,2256.22,2302.82,0,0
20080320,2222.63,2222.63,2167.36,2210.71,0,0
20080325,2237.8,2298.48,2237.8,2286.56,0,0
20080326,2340.75,2340.75,2226.96,2287.65,0,0
20080327,2252.97,2287.65,2252.97,2252.97,0,0
20080328,2257.3,2257.3,2257.3,2257.3,0,0
20080331,2254.05,2254.05,2254.05,2254.05,0,0
20080401,2167.36,2210.71,2167.36,2210.71,0,0
20080402,2174.94,2254.05,2174.94,2254.05,0,0
20080403,2275.73,2275.73,2222.63,2222.63,0,0
20080404,2221.54,2264.89,2221.54,2264.89,0,0
20080407,2255.14,2258.39,2250.8,2255.14,0,0
20080408,2237.8,2238.88,2221.54,2221.54,0,0
20080409,2209.62,2209.62,2209.62,2209.62,0,0
20080410,2189.03,2209.62,2124.01,2156.52,0,0
20080411,2163.02,2163.02,2083.92,2134.85,0,0
20080414,2069.83,2069.83,1934.37,1962.54,0,0
20080415,1962.54,1993.97,1962.54,1993.97,0,0
20080416,1993.97,1998.3,1956.04,1995.05,0,0
20080417,2004.81,2004.81,1972.3,1991.8,0,0
20080418,1950.62,1950.62,1908.36,1908.36,0,0
20080421,1987.47,1987.47,1896.44,1896.44,0,0
20080422,1896.44,1896.44,1870.43,1870.43,0,0
20080423,1870.43,1884.52,1860.68,1879.1,0,0
20080424,1896.44,1912.69,1854.18,1907.28,0,0
20080425,1918.11,1918.11,1842.25,1843.34,0,0
20080428,1863.93,1872.6,1843.34,1868.26,0,0
20080429,1873.68,1896.44,1873.68,1875.85,0,0
20080430,1907.28,2025.4,1907.28,2025.4,0,0
20080505,2048.15,2222.63,2048.15,2218.29,0,0
20080506,2176.03,2176.03,2137.02,2137.02,0,0
20080507,2156.52,2163.02,2156.52,2163.02,0,0
20080508,2140.27,2140.27,2058.99,2080.66,0,0
20080509,2028.65,2079.58,2004.81,2079.58,0,0
20080512,2027.56,2027.56,1973.38,1973.38,0,0
20080513,2004.81,2015.64,1983.13,2015.64,0,0
20080514,2037.32,2054.66,2015.64,2054.66,0,0
20080515,2058.99,2058.99,2005.89,2031.9,0,0
20080516,2048.15,2058.99,2048.15,2050.32,0,0
20080519,2058.99,2058.99,2044.9,2054.66,0,0
20080520,2044.9,2058.99,2034.07,2042.74,0,0
20080521,2017.81,2017.81,2015.64,2015.64,0,0
20080523,1984.22,2015.64,1951.71,1951.71,0,0
20080526,1950.62,1950.62,1932.2,1932.2,0,0
20080527,1928.95,1928.95,1907.28,1909.44,0,0
20080528,1912.69,1928.95,1912.69,1928.95,0,0
20080529,1971.21,1971.21,1928.95,1952.79,0,0
20080530,1874.77,1874.77,1826,1847.67,0,0
20080602,1863.93,1863.93,1788.07,1788.07,0,0
20080603,1820.58,1820.58,1738.22,1738.22,0,0
20080604,1730.64,1762.06,1712.21,1762.06,0,0
20080605,1760.98,1760.98,1717.63,1741.47,0,0
20080606,1744.72,1744.72,1714.38,1714.38,0,0
20080609,1689.46,1714.38,1668.87,1668.87,0,0
20080610,1625.52,1668.87,1547.49,1571.34,0,0
20080611,1582.17,1582.17,1494.39,1494.39,0,0
20080612,1491.14,1491.14,1406.62,1470.55,0,0
20080613,1484.64,1497.64,1462.97,1480.31,0,0
20080616,1490.06,1497.64,1490.06,1497.64,0,0
20080617,1537.74,1546.41,1497.64,1533.41,0,0
20080618,1499.81,1499.81,1492.23,1492.23,0,0
20080619,1512.82,1512.82,1462.97,1462.97,0,0
20080620,1427.21,1427.21,1349.18,1360.02,0,0
20080623,1360.02,1360.02,1290.66,1305.83,0,0
20080624,1311.25,1315.59,1301.5,1301.5,0,0
20080625,1322.09,1331.84,1322.09,1331.84,0,0
20080626,1343.76,1343.76,1343.76,1343.76,0,0
20080627,1318.84,1343.76,1306.92,1306.92,0,0
20080630,1343.76,1349.18,1334.01,1349.18,0,0
20080701,1331.84,1356.77,1331.84,1355.68,0,0
20080702,1341.6,1344.85,1335.09,1344.85,0,0
20080703,1338.34,1348.1,1332.93,1338.34,0,0
20080704,1324.26,1324.26,1289.58,1289.58,0,0
20080707,1267.9,1286.33,1264.65,1286.33,0,0
20080708,1266.82,1266.82,1203.97,1252.73,0,0
20080709,1240.81,1250.57,1224.56,1250.57,0,0
20080710,1246.23,1251.65,1224.56,1251.65,0,0
20080711,1246.23,1246.23,1219.14,1235.39,0,0
20080714,1234.31,1234.31,1234.31,1234.31,0,0
20080715,1202.88,1202.88,1143.28,1151.95,0,0
20080716,1105.35,1105.35,964.47,1018.66,0,0
20080717,1030.58,1051.17,1017.03,1051.17,0,0
20080718,1051.17,1062.01,1045.21,1062.01,0,0
20080721,1081.51,1081.51,1081.51,1081.51,0,0
20080722,1065.26,1078.26,1040.33,1056.05,0,0
20080723,1075.01,1130.28,1056.05,1130.28,0,0
20080724,1141.11,1141.11,1073.93,1088.01,0,0
20080725,1051.17,1051.17,1007.82,1029.5,0,0
20080728,1000.24,1000.24,939.01,939.01,0,0
20080729,896.74,903.79,866.94,878.86,0,0
20080730,888.62,917.88,886.99,914.08,0,0
20080731,888.62,888.62,845.27,850.69,0,0
20080801,845.27,866.4,845.27,862.61,0,0
20080804,869.65,869.65,860.98,866.94,0,0
20080805,866.94,883.2,866.94,883.2,0,0
20080806,898.37,907.58,892.95,892.95,0,0
20080807,876.15,876.15,808.97,817.64,0,0
20080808,836.6,836.6,780.25,822.51,0,0
20080811,844.73,850.69,838.77,850.69,0,0
20080812,855.02,864.78,851.77,864.78,0,0
20080813,849.6,849.6,823.6,823.6,0,0
20080814,823.6,835.52,812.22,835.52,0,0
20080818,833.89,850.69,833.89,850.69,0,0
20080819,850.69,866.94,850.69,856.11,0,0
20080820,865.86,865.86,829.01,830.64,0,0
20080821,827.93,827.93,810.59,816.01,0,0
20080822,821.43,843.1,818.18,843.1,0,0
20080825,834.43,847.44,832.27,840.39,0,0
20080826,834.43,834.43,823.6,831.18,0,0
20080827,835.52,835.52,823.6,823.6,0,0
20080828,809.51,834.43,809.51,834.43,0,0
20080829,838.23,939.01,838.23,939.01,0,0
20080901,931.96,962.85,931.96,962.85,0,0
20080902,964.47,1062.01,964.47,1051.17,0,0
20080903,1052.25,1052.25,1013.24,1020.83,0,0
20080904,1024.08,1040.33,1018.66,1029.5,0,0
20080905,1034.91,1034.91,965.02,990.48,0,0
20080908,1002.4,1089.1,1002.4,1072.5,0,0
20080909,1062.1,1075.78,1047.33,1075.78,0,0
20080910,1039.67,1057.72,1031.46,1033.1,0,0
20080912,1028.72,1028.72,1022.16,1022.16,0,0
20080915,1022.16,1022.16,872.23,898.49,0,0
20080916,897.4,897.4,765.52,806.56,0,0
20080917,816.41,816.41,612.86,612.86,0,0
20080918,622.16,622.16,501.78,519.83,0,0
20080919,547.19,711.9,519.83,645.69,0,0
20080922,737.62,777.01,716.82,766.07,0,0
20080923,733.24,733.24,675.24,697.12,0,0
20080924,705.88,711.35,669.22,669.22,0,0
20080925,683.99,711.35,683.99,704.24,0,0
20080926,716.82,716.82,693.84,694.39,0,0
20080929,689.46,689.46,657.18,657.18,0,0
20080930,645.69,668.67,601.91,647.88,0,0
20081001,631.46,662.1,571.82,571.82,0,0
20081002,589.87,628.73,571.82,592.06,0,0
20081003,594.25,594.25,570.72,589.87,0,0
20081006,588.78,588.78,533.08,551.02,0,0
20081007,556.5,558.14,495.65,501.45,0,0
20081008,480.11,501.45,401.64,443.23,0,0
20081009,475.51,475.51,408.21,410.61,0,0
20081010,333.24,372.09,329.41,345.94,0,0
20081013,362.24,423.64,345.94,423.64,0,0
20081014,481.53,580.02,481.53,547.19,0,0
20081015,525.31,525.31,470.59,492.47,0,0
20081016,442.13,485.91,442.13,457.13,0,0
20081017,473.87,481.53,421.34,427.91,0,0
20081020,459.64,480.44,459.64,459.64,0,0
20081021,476.06,481.53,440.49,459.64,0,0
20081022,448.7,461.61,435.13,435.13,0,0
20081023,456.36,459.64,427.03,435.13,0,0
20081024,427.03,436.77,384.35,393.32,0,0
20081027,393.98,393.98,351.3,380.3,0,0
20081028,395.29,416.96,395.29,398.03,0,0
20081029,421.34,429.98,393.98,405.36,0,0
20081030,415.87,415.87,388.4,404.92,0,0
20081031,395.18,404.92,395.18,397.26,0,0
20081103,395.62,422.1,395.62,421.89,0,0
20081104,427.91,455.81,422.76,455.81,0,0
20081105,455.81,455.81,410.39,410.39,0,0
20081106,410.39,410.39,404.92,404.92,0,0
20081107,404.92,420.24,404.92,406.02,0,0
20081110,431.19,431.19,411.82,415.1,0,0
20081112,415.76,415.76,387.96,393.98,0,0
20081113,383.04,403.83,383.04,399.45,0,0
20081114,435.46,435.46,366.84,366.84,0,0
20081117,383.04,383.04,361.15,369.03,0,0
20081118,366.07,366.07,306.43,332.15,0,0
20081119,341.78,341.78,286.73,293.08,0,0
20081120,272.5,272.5,227.74,230.7,0,0
20081121,240.77,244.6,230.7,240.77,0,0
20081124,250.61,273.49,232.01,257.51,0,0
20081125,257.73,288.7,257.18,278.96,0,0
20081126,262.65,281.26,262.65,281.26,0,0
20081127,285.2,296.03,285.2,295.48,0,0
20081128,293.08,293.95,264.84,281.26,0,0
20081201,277.97,285.63,265.61,275.79,0,0
20081202,264.95,285.63,264.95,283.45,0,0
20081203,283.45,283.45,279.07,279.07,0,0
20081204,273.6,288.92,273.6,284.54,0,0
20081205,268.56,283.34,268.56,283.34,0,0
20081208,292.75,304.02,286.29,299.86,0,0
20081209,298.66,302.05,294.39,295.48,0,0
20081210,295.48,300.74,292.64,292.86,0,0
20081211,295.48,316.17,295.48,306.32,0,0
20081212,305.77,305.77,287.93,298.55,0,0
20081215,298.44,300.96,296.25,296.58,0,0
20081216,279.07,303.15,279.07,299.86,0,0
20081217,305.99,305.99,297.67,298.66,0,0
20081218,300.41,300.41,290.23,300.41,0,0
20081219,290.23,300.96,284.43,300.96,0,0
20081222,290.01,299.86,284.54,299.86,0,0
20081223,292.2,306.43,289.9,289.9,0,0
20081229,290.56,303.8,290.01,290.01,0,0
20081230,284.54,303.04,284.54,299.86,0,0
20081231,285.74,286.51,285.74,286.4,0,0
20090105,298,369.36,286.4,354.47,0,0
20090106,361.15,361.15,340.35,348.45,0,0
20090107,344.73,367.17,340.46,365.53,0,0
20090108,342.21,363.34,342.21,359.29,0,0
20090109,368.81,368.81,343.09,348.01,0,0
20090112,330.5,379.75,330.5,360.93,0,0
20090113,372.09,375.37,363.34,375.16,0,0
20090114,379.75,399.34,379.75,391.79,0,0
20090115,377.67,425.72,366.62,425.72,0,0
20090116,422.76,422.76,407.11,410.39,0,0
20090119,416.96,423.53,395.18,410.39,0,0
20090120,393.98,401.53,385.11,401.53,0,0
20090121,379.42,379.42,379.42,379.42,0,0
20090122,373.19,399.45,373.19,384.68,0,0
20090123,384.13,393.76,375.05,393.76,0,0
20090126,393.76,393.76,393.43,393.43,0,0
20090127,393.43,412.04,388.84,388.84,0,0
20090128,388.84,405.03,388.84,396.28,0,0
20090129,409.3,409.3,404.92,404.92,0,0
20090130,409.3,410.39,403.5,403.5,0,0
20090202,403.5,403.5,395.51,395.51,0,0
20090203,407.77,415.76,401.09,401.09,0,0
20090204,395.07,401.09,394.2,396.28,0,0
20090205,399.45,399.45,340.46,340.46,0,0
20090206,340.46,353.16,330.61,352.28,0,0
20090209,355.68,355.68,347.03,347.03,0,0
20090210,339.26,354.58,339.26,354.58,0,0
20090211,354.03,354.03,343.64,349,0,0
20090212,343.97,343.97,343.97,343.97,0,0
20090213,340.79,343.97,340.35,340.35,0,0
20090216,340.35,340.35,340.35,340.35,0,0
20090217,340.9,340.9,290.01,290.01,0,0
20090218,295.48,295.48,272.5,273.49,0,0
20090219,294.94,294.94,256.09,261.01,0,0
20090220,251.71,252.8,235.29,250.4,0,0
20090223,252.8,265.5,250.4,265.5,0,0
20090224,243.17,243.17,225.55,232.01,0,0
20090225,237.48,240.77,203.56,203.56,0,0
20090226,205.2,216.69,205.2,210.45,0,0
20090227,218.88,218.88,179.48,186.59,0,0
20090302,195.68,195.68,170.18,175.43,0,0
20090303,170.72,188.67,163.06,183.86,0,0
20090304,189.33,202.35,186.16,187.25,0,0
20090305,196.99,196.99,181.67,184.08,0,0
20090306,186.05,191.52,180.57,191.52,0,0
20090309,195.35,195.35,177.29,177.29,0,0
20090310,177.29,187.14,174.01,186.81,0,0
20090311,188.02,191.3,182.54,183.31,0,0
20090312,187.14,187.14,178.06,186.05,0,0
20090313,191.52,203.45,188.45,202.46,0,0
20090317,186.05,186.05,175.65,175.65,0,0
20090318,175.21,179.15,169.63,175.65,0,0
20090319,175.1,175.1,166.46,171.82,0,0
20090320,170.72,180.57,170.72,179.26,0,0
20090323,188.23,239.89,188.23,239.89,0,0
20090324,284.54,294.06,257.18,278.41,0,0
20090325,281.04,299.86,262.76,284.54,0,0
20090326,272.5,272.5,209.68,209.68,0,0
20090327,209.03,227.3,206.73,214.72,0,0
20090330,222.16,222.16,208.81,208.81,0,0
20090331,210.12,210.12,198.19,198.19,0,0
20090401,203.56,203.56,191.74,194.8,0,0
20090402,195.46,214.83,194.8,214.17,0,0
20090403,209.58,224.35,207.93,213.41,0,0
20090406,222.71,227.63,208.48,218.33,0,0
20090407,218.11,218.11,210.12,215.59,0,0
20090408,210.67,252.8,210.67,237.48,0,0
20090409,251.71,253.46,243.28,249.19,0,0
20090414,249.52,270.75,246.24,250.61,0,0
20090415,255.98,255.98,232.56,235.29,0,0
20090416,243.72,247.44,235.29,246.67,0,0
20090417,248.43,248.43,238.25,243.5,0,0
20090420,241.31,257.18,235.4,237.26,0,0
20090421,233.21,246.24,232.56,237.26,0,0
20090422,247.33,263.75,246.46,263.75,0,0
20090423,272.5,280.16,264.84,273.6,0,0
20090424,282.02,328.32,282.02,323.83,0,0
20090427,317.37,403.72,317.37,389.93,0,0
20090428,388.4,406.56,356.88,376.47,0,0
20090429,382.82,382.82,352.61,352.61,0,0
20090430,377.45,377.45,354.58,354.58,0,0
20090504,366.62,366.62,324.49,333.79,0,0
20090505,341.45,354.58,338.82,345.83,0,0
20090506,349.11,350.2,343.64,343.75,0,0
20090507,350.2,358.96,348.01,350.42,0,0
20090508,350.2,378.66,350.2,371.87,0,0
20090511,385.11,387.41,371,376.25,0,0
20090512,355.68,385.22,355.68,372.09,0,0
20090513,369.36,370.78,340.9,348.01,0,0
20090514,346.92,348.01,329.96,346.92,0,0
20090515,361.15,367.6,352.39,357.86,0,0
20090518,355.68,361.15,347.03,358.63,0,0
20090519,361.15,361.15,342.54,346.37,0,0
20090520,347.47,372.09,342.87,368.26,0,0
20090521,347.47,351.3,344.73,347.03,0,0
20090522,348.01,348.01,336.74,336.74,0,0
20090525,339.15,339.15,326.13,327.22,0,0
20090526,333.79,333.79,309.82,323.94,0,0
20090527,343.64,343.64,323.94,328.97,0,0
20090528,328.32,330.5,320.22,323.94,0,0
20090529,326.13,326.46,319.56,319.56,0,0
20090601,319.56,331.93,319.56,331.93,0,0
20090602,333.13,333.24,326.13,328.32,0,0
20090603,327.99,331.93,321.2,327.11,0,0
20090604,328.32,334.77,323.61,327.33,0,0
20090605,333.57,342,328.53,334.34,0,0
20090608,341.34,341.34,328.32,328.32,0,0
20090609,327.22,334.88,327.22,332.58,0,0
20090610,337.07,337.07,329.41,329.41,0,0
20090612,328.86,329.96,324.49,325.91,0,0
20090615,325.91,333.79,325.91,328.32,0,0
20090616,327.22,327.22,309.71,322.84,0,0
20090617,322.19,322.19,295.48,295.48,0,0
20090618,295.48,295.48,280.16,287.82,0,0
20090619,288.92,310.7,284.54,307.52,0,0
20090622,309.82,309.82,291,291,0,0
20090623,305.88,319.56,300.96,315.51,0,0
20090624,315.18,315.18,300.08,307.74,0,0
20090625,297.67,302.49,297.56,302.49,0,0
20090626,302.49,307.74,299.31,306.98,0,0
20090629,296.69,300.74,294.28,299.75,0,0
20090630,298.77,298.77,288.92,290.34,0,0
20090701,289.79,289.79,281.91,287.06,0,0
20090702,286.73,286.73,280.16,280.16,0,0
20090703,279.07,287.82,279.07,282.9,0,0
20090706,282.9,282.9,276.33,280.71,0,0
20090707,277.1,277.1,269.55,276.11,0,0
20090708,273.6,281.15,273.6,273.71,0,0
20090709,265.06,277.65,265.06,270.86,0,0
20090710,267.03,268.12,257.29,257.29,0,0
20090713,252.04,258.17,247.44,258.17,0,0
20090714,262.65,268.02,262.54,263.53,0,0
20090715,264.95,272.5,264.95,272.5,0,0
20090716,275.79,298.77,272.5,298.77,0,0
20090717,293.51,304.79,290.56,294.94,0,0
20090720,298.88,300.41,295.48,295.48,0,0
20090721,297.56,298.22,292.75,297.56,0,0
20090722,298.22,298.22,286.73,290.01,0,0
20090723,281.26,293.08,281.26,289.36,0,0
20090724,294.28,294.28,282.79,284.54,0,0
20090727,286.51,287.82,279.62,280.71,0,0
20090728,280.16,283.45,280.16,280.71,0,0
20090729,280.16,287.82,279.07,280.71,0,0
20090730,282.9,287.82,282.9,287.82,0,0
20090731,290.01,333.24,290.01,313.98,0,0
20090803,333.79,366.07,333.79,360.05,0,0
20090804,342.32,360.05,337.84,344.73,0,0
20090805,344.51,356.22,344.51,345.83,0,0
20090806,350.2,361.15,350.2,356.77,0,0
20090807,365.42,365.42,346.92,354.47,0,0
20090810,361.15,361.15,349.11,350.2,0,0
20090811,346.92,399.89,346.92,388.51,0,0
20090812,393.98,473.87,388.51,473.87,0,0
20090813,503.53,503.53,454.17,454.17,0,0
20090814,454.17,484.16,454.17,470.59,0,0
20090817,465.11,465.11,437.86,440.16,0,0
20090818,443.23,480.44,440.16,479.23,0,0
20090819,480.44,480.44,459.64,471.68,0,0
20090820,481.53,494.12,473.87,491.38,0,0
20090821,490.29,490.83,482.62,489.19,0,0
20090824,503.42,558.14,503.42,558.14,0,0
20090825,553.76,553.76,519.83,524.21,0,0
20090826,525.31,529.68,499.04,519.51,0,0
20090827,503.53,526.95,487.55,487.66,0,0
20090828,450.89,472.78,450.89,454.72,0,0
20090831,454.17,454.17,394.96,396.72,0,0
20090901,386.87,388.4,348.34,369.57,0,0
20090902,350.2,369.57,332.8,352.5,0,0
20090903,364.43,381.94,362.79,375.48,0,0
20090904,387.52,415.87,387.52,395.62,0,0
20090907,404.92,422.21,404.92,421.23,0,0
20090908,427.91,436.55,410.29,410.29,0,0
20090909,386.32,426.59,386.32,426.59,0,0
20090910,439.4,439.4,410.72,415.43,0,0
20090911,410.39,418.27,405.14,412.8,0,0
20090914,411.16,411.16,392.56,394.42,0,0
20090915,413.68,413.68,394.42,403.72,0,0
20090916,403.83,414.23,403.83,406.56,0,0
20090917,411.49,415.76,398.47,403.83,0,0
20090918,401.09,403.28,400,400,0,0
20090921,400.44,400.44,388.84,392.67,0,0
20090922,386.43,429.44,386.43,411.49,0,0
20090923,424.62,424.62,409.96,417.07,0,0
20090924,396.17,421.34,396.17,414.23,0,0
20090925,366.62,380.52,366.62,371.65,0,0
20090928,371.65,371.65,357.32,366.07,0,0
20090929,367.17,369.79,361.15,367.6,0,0
20090930,367.93,370.89,355.68,355.68,0,0
20091001,354.58,366.29,346.26,356.22,0,0
20091002,361.04,361.04,333.02,335.32,0,0
20091005,335.43,341.78,327.77,328.21,0,0
20091006,331.6,342.54,331.6,342.54,0,0
20091007,348.56,355.13,346.26,347.47,0,0
20091008,353.38,412.58,353.38,412.58,0,0
20091009,415.87,415.87,395.62,404.92,0,0
20091012,404.92,411.38,396.72,404.49,0,0
20091013,393.98,404.49,380.96,388.51,0,0
20091014,388.51,393.98,366.62,370.78,0,0
20091015,374.28,374.28,351.74,354.36,0,0
20091016,372.09,377.56,352.5,353.49,0,0
20091019,372.09,372.09,345.83,345.83,0,0
20091020,355.57,355.68,345.83,345.83,0,0
20091021,336.63,345.17,336.63,343.42,0,0
20091022,344.18,345.28,336.31,342.98,0,0
20091023,344.73,350.2,341.67,345.83,0,0
20091026,345.83,346.15,338.17,338.38,0,0
20091027,338.38,338.38,329.63,336.52,0,0
20091028,336.52,336.52,317.92,319.01,0,0
20091029,318.47,339.04,317.37,338.17,0,0
20091030,344.29,344.29,323.94,323.94,0,0
20091102,323.61,328.86,321.75,323.94,0,0
20091103,321.2,322.3,316.82,319.56,0,0
20091104,317.81,335.54,317.81,332.69,0,0
20091105,332.69,344.73,324.49,343.31,0,0
20091106,346.37,346.37,329.96,337.84,0,0
20091109,329.19,340.35,329.19,339.26,0,0
20091110,339.26,344.73,333.79,338.82,0,0
20091112,335.32,348.01,335.32,343.97,0,0
20091113,348.01,352.39,347.69,347.69,0,0
20091116,343.64,358.85,343.64,358.85,0,0
20091117,358.3,358.3,349.11,350.2,0,0
20091118,350.2,355.68,343.2,350.2,0,0
20091119,341.12,341.34,328.32,339.15,0,0
20091120,342.54,380.85,342.54,371.98,0,0
20091123,382.93,382.93,365.74,371,0,0
20091124,371,371,354.58,356.22,0,0
20091125,352.5,360.38,349.66,350.2,0,0
20091126,350.2,350.2,328.32,328.32,0,0
20091127,319.56,336.52,319.56,333.79,0,0
20091130,333.79,333.79,325.03,328.32,0,0
20091201,333.79,339.26,327.22,333.46,0,0
20091202,333.79,333.79,322.84,326.24,0,0
20091203,326.13,332.58,325.47,328.75,0,0
20091204,327.77,329.96,323.94,329.96,0,0
20091207,329.96,329.96,322.84,327,0,0
20091208,328.32,328.32,319.12,319.12,0,0
20091209,322.84,328.32,315.18,315.18,0,0
20091210,315.18,320,315.18,320,0,0
20091211,322.3,322.3,312.99,312.99,0,0
20091214,313.65,318.03,311.9,314.64,0,0
20091215,307.52,318.47,307.52,311.9,0,0
20091216,308.73,317.37,300.41,305.11,0,0
20091217,295.81,300.85,293.3,293.3,0,0
20091218,293.3,298.44,292.42,295.48,0,0
20091221,295.48,296.36,284.87,288.81,0,0
20091222,288.81,288.81,273.82,273.82,0,0
20091223,273.05,273.82,268.67,268.67,0,0
20091228,263.75,272.5,263.75,266.81,0,0
20091229,267.03,292.2,266.81,285.85,0,0
20091230,290.01,295.16,287.82,292.75,0,0
20091231,292.75,292.75,285.96,285.96,0,0
20100104,286.18,289.47,282.9,288.81,0,0
20100105,289.36,306.21,289.36,303.15,0,0
20100106,312.67,312.67,302.16,311.02,0,0
20100107,296.47,306.32,296.47,300.96,0,0
20100108,304.24,310.04,302.6,302.6,0,0
20100111,313.32,313.32,303.15,307.08,0,0
20100112,311.79,311.79,301.5,301.61,0,0
20100113,306.43,316.28,297.89,315.73,0,0
20100114,298.44,298.44,286.73,288.26,0,0
20100115,286.29,290.89,279.83,279.83,0,0
20100118,279.07,291.11,279.07,285.2,0,0
20100119,285.63,290.89,281.59,287.82,0,0
20100120,287.82,288.92,284.54,284.54,0,0
20100121,284.54,293.73,284.54,286.07,0,0
20100122,285.63,289.36,279.51,281.26,0,0
20100125,280.16,285.74,274.91,274.91,0,0
20100126,273.6,282.24,272.83,275.68,0,0
20100127,271.41,279.07,271.41,277.43,0,0
20100128,282.24,286.29,279.73,286.07,0,0
20100129,280.16,282.9,277.65,282.9,0,0
20100201,283.45,283.45,275.57,281.8,0,0
20100202,280.71,288.15,280.27,283.67,0,0
20100203,283.99,289.79,283.67,285.53,0,0
20100204,284.54,290.23,284.54,285.63,0,0
20100205,279.07,285.09,273.6,276.33,0,0
20100208,271.96,294.39,271.96,287.39,0,0
20100209,287.82,297.56,287.82,290.56,0,0
20100210,279.62,317.15,279.62,304.24,0,0
20100211,306.43,311.35,301.28,308.07,0,0
20100212,312.89,312.89,303.8,307.52,0,0
20100215,303.15,316.17,302.27,306.43,0,0
20100216,306.43,309.71,300.96,306.87,0,0
20100217,313.1,313.98,307.19,313.98,0,0
20100218,308.84,325.58,308.07,325.58,0,0
20100219,319.01,350.2,319.01,339.26,0,0
20100222,344.73,344.73,322.84,328.32,0,0
20100223,322.84,322.84,315.07,318.47,0,0
20100224,318.47,318.47,309.16,310.48,0,0
20100225,309.16,311.13,306.43,311.13,0,0
20100226,304.79,311.13,304.79,311.13,0,0
20100301,314.64,326.89,314.64,318.03,0,0
20100302,327.77,327.77,318.47,326.13,0,0
20100303,328.32,328.32,316.5,325.8,0,0
20100304,327.22,333.79,319.67,331.27,0,0
20100305,332.58,332.58,324.05,328.32,0,0
20100308,333.79,333.79,317.7,327.22,0,0
20100309,319.67,327.22,316.28,327.22,0,0
20100310,319.56,328.32,319.56,327.77,0,0
20100311,326.89,327.77,323.06,324.16,0,0
20100312,322.95,327.22,320.55,326.35,0,0
20100315,326.13,326.13,311.9,317.92,0,0
20100316,315.18,325.91,315.18,324.05,0,0
20100317,324.92,324.92,317.37,322.84,0,0
20100318,323.06,323.06,307.63,308.07,0,0
20100319,307.52,321.75,307.52,318.58,0,0
20100322,321.75,328.32,315.73,319.78,0,0
20100323,318.03,327.77,318.03,327.77,0,0
20100324,320.22,333.68,320.22,333.13,0,0
20100325,339.15,352.39,334.99,341.45,0,0
20100326,344.73,344.73,328.53,335.65,0,0
20100329,328.97,337.62,328.97,330.4,0,0
20100330,335.87,338.17,328.86,328.86,0,0
20100331,328.32,328.32,312.99,314.09,0,0
20100401,314.09,314.09,307.96,307.96,0,0
20100406,306.65,316.28,306.65,312.12,0,0
20100407,316.82,316.82,312.12,316.72,0,0
20100408,312.99,316.28,307.52,307.52,0,0
20100409,306.98,326.13,306.98,320.66,0,0
20100412,320.66,366.43,320.55,366.43,0,0
20100413,371.24,371.24,352.11,359.57,0,0
20100414,363.42,363.42,353.92,355.6,0,0
20100415,353.92,427.24,353.92,427.24,0,0
20100416,421.62,442.7,421.62,438.48,0,0
20100419,429.35,449.72,426.11,442.28,0,0
20100420,446.91,446.91,429.35,429.35,0,0
20100421,442.7,442.7,413.75,415.99,0,0
20100422,414.45,435.67,410.37,414.59,0,0
20100423,410.37,426.53,410.37,421.62,0,0
20100426,421.19,434.97,421.19,434.26,0,0
20100427,435.39,435.39,416.13,425.83,0,0
20100428,409.67,428.64,407.7,414.59,0,0
20100429,427.94,428.36,408.97,408.97,0,0
20100430,420.21,420.21,410.37,410.37,0,0
20100504,413.18,413.18,396.04,396.04,0,0
20100505,407.56,407.56,387.18,387.89,0,0
20100506,386.48,400.25,379.45,393.51,0,0
20100507,390.7,390.7,374.54,376.5,0,0
20100510,373.83,399.83,373.83,386.62,0,0
20100511,394.91,394.91,384.94,385.64,0,0
20100512,386.48,390.56,379.74,385.5,0,0
20100513,387.18,387.18,379.88,385.08,0,0
20100514,380.16,383.11,371.44,373.83,0,0
20100517,365.54,369.62,362.59,362.59,0,0
20100518,362.59,372.43,358.37,362.59,0,0
20100519,358.37,407.56,354.16,391.82,0,0
20100520,399.13,399.13,373.13,379.45,0,0
20100521,366.1,379.45,366.1,374.96,0,0
20100524,387.32,387.32,368.21,379.17,0,0
20100525,365.82,371.02,362.73,365.4,0,0
20100526,372.43,372.43,364,370.88,0,0
20100527,372.43,372.43,348.54,350.93,0,0
20100528,365.4,365.4,346.57,352.75,0,0
20100531,352.89,352.89,347.27,348.11,0,0
20100601,344.32,350.64,327.46,348.25,0,0
20100602,344.46,348.11,338,342.77,0,0
20100604,331.67,350.64,331.67,337.29,0,0
20100607,337.15,337.15,323.24,324.93,0,0
20100608,336.03,336.03,312,312,0,0
20100609,313.4,322.82,309.33,316.21,0,0
20100610,313.4,319.02,309.33,319.02,0,0
20100611,319.02,319.02,313.4,314.81,0,0
20100614,319.02,319.02,310.59,312.7,0,0
20100615,309.33,317.48,309.33,311.29,0,0
20100616,311.29,326.47,311.29,317.34,0,0
20100617,322.96,322.96,312,312,0,0
20100618,312.14,312.14,307.78,307.78,0,0
20100621,321.83,321.83,307.78,307.78,0,0
20100622,314.81,314.81,307.08,308.62,0,0
20100623,308.48,308.48,290.63,295.13,0,0
20100624,288.24,293.59,282.48,290.92,0,0
20100625,281.36,289.51,281.36,287.96,0,0
20100628,289.93,289.93,281.08,287.54,0,0
20100629,279.81,281.08,272.79,276.72,0,0
20100630,268.57,276.16,267.73,274.75,0,0
20100701,270.12,270.12,261.68,267.02,0,0
20100702,267.73,275.46,264.92,270.68,0,0
20100705,280.94,285.01,271.24,275.46,0,0
20100706,274.75,274.75,264.49,274.05,0,0
20100707,275.46,275.46,268.43,268.43,0,0
20100708,271.24,273.07,267.02,269.83,0,0
20100709,275.46,275.46,267.45,269.83,0,0
20100712,273.91,296.54,273.91,285.86,0,0
20100713,300.75,300.75,288.1,289.37,0,0
20100714,290.21,294.43,288.24,288.67,0,0
20100715,289.51,291.48,281.36,285.29,0,0
20100716,283.75,287.96,278.69,286.7,0,0
20100719,283.19,286,278.27,282.34,0,0
20100720,281.08,286.7,281.08,282.62,0,0
20100721,282.62,282.62,281.08,282.48,0,0
20100722,281.08,288.1,281.08,288.1,0,0
20100723,288.1,288.1,281.78,285.29,0,0
20100726,281.08,287.4,277.84,287.4,0,0
20100727,287.4,287.4,277.84,278.41,0,0
20100728,279.39,284.45,278.27,284.45,0,0
20100729,281.92,294.43,281.92,291.62,0,0
20100730,285.72,289.37,285.72,285.72,0,0
20100802,288.1,297.52,284.45,285.72,0,0
20100803,299.49,299.49,290.92,292.18,0,0
20100804,288.95,303.56,288.95,295.13,0,0
20100805,302.02,302.16,295.41,297.94,0,0
20100806,300.75,300.75,292.74,293.02,0,0
20100809,297.8,297.8,291.62,294.85,0,0
20100810,288.1,294.85,288.1,288.24,0,0
20100811,293.73,293.73,286.14,286.14,0,0
20100812,290.21,290.21,283.75,283.75,0,0
20100813,290.21,292.32,281.22,291.9,0,0
20100816,284.31,291.9,284.31,290.92,0,0
20100817,303.14,323.24,298.36,317.48,0,0
20100818,320.43,320.43,306.8,311.29,0,0
20100819,313.4,325.77,309.19,309.19,0,0
20100820,314.1,314.67,306.37,312,0,0
20100823,316.07,316.07,307.78,314.1,0,0
20100824,309.19,322.68,309.19,310.73,0,0
20100825,309.19,309.19,302.86,303.28,0,0
20100826,311.29,311.29,306.09,307.36,0,0
20100827,309.19,311.29,307.78,309.19,0,0
20100830,312,316.21,307.92,314.1,0,0
20100831,314.38,320.43,309.19,320.43,0,0
20100901,337.29,365.12,335.89,362.59,0,0
20100902,365.4,387.61,353.45,381.84,0,0
20100903,385.08,386.2,372.43,384.94,0,0
20100906,374.82,408.97,374.82,408.97,0,0
20100907,417.4,441.01,414.59,439.89,0,0
20100908,435.67,464.48,435.67,445.51,0,0
20100909,442.7,445.51,408.26,409.53,0,0
20100910,414.45,428.64,386.62,427.38,0,0
20100913,442.7,442.7,427.24,431.59,0,0
20100914,427.94,433.56,418.81,418.81,0,0
20100915,417.4,421.48,403.49,421.48,0,0
20100916,410.37,416.84,403.63,416.84,0,0
20100917,407.56,413.75,403.35,407.56,0,0
20100920,408.97,418.81,393.79,400.54,0,0
20100921,400.54,418.81,395.9,414.59,0,0
20100922,407.7,409.11,401.24,402.22,0,0
20100923,400.82,420.21,400.82,420.21,0,0
20100924,420.91,439.46,413.46,439.46,0,0
20100927,445.51,455.91,436.37,449.72,0,0
20100928,449.86,453.94,442.42,442.42,0,0
20100929,435.67,447.62,421.33,421.33,0,0
20100930,417.4,434.12,417.4,431.31,0,0
20101001,428.5,433.56,410.37,410.37,0,0
20101004,414.59,421.62,406.72,411.78,0,0
20101005,421.33,426.53,418.81,418.81,0,0
20101006,421.76,429.35,421.76,429.21,0,0
20101007,430.05,470.8,422.74,470.8,0,0
20101008,504.53,504.53,458.72,458.86,0,0
20101011,463.78,463.78,432.72,435.67,0,0
20101012,431.45,439.18,427.24,427.24,0,0
20101013,438.48,442.7,428.64,442.7,0,0
20101014,444.1,444.1,426.96,429.35,0,0
20101015,429.49,436.23,423.16,423.16,0,0
20101018,421.76,431.45,415.99,418.38,0,0
20101019,418.81,423.02,401.66,401.66,0,0
20101020,403.35,418.81,401.66,409.39,0,0
20101021,407.56,419.65,404.75,413.46,0,0
20101022,407.7,418.81,402.08,405.45,0,0
20101025,405.45,414.03,405.45,407.7,0,0
20101026,406.16,408.97,397.72,408.83,0,0
20101027,400.82,410.37,397.02,410.37,0,0
20101028,410.23,419.51,406.16,419.37,0,0
20101029,418.66,442.56,414.73,442.28,0,0
20101102,442.13,442.13,426.96,429.35,0,0
20101103,435.53,435.53,421.62,422.32,0,0
20101104,421.62,428.5,411.78,420.21,0,0
20101105,420.91,421.48,407.56,417.26,0,0
20101108,407.42,418.81,404.75,412.48,0,0
20101109,405.03,414.59,402.08,414.31,0,0
20101110,425.83,425.83,410.37,415.85,0,0
20101112,414.45,414.45,404.19,407.56,0,0
20101115,410.37,418.81,410.37,417.26,0,0
20101116,414.59,414.59,404.75,410.37,0,0
20101117,394.77,398.57,386.48,392.1,0,0
20101118,400.54,406.86,399.55,401.94,0,0
20101119,403.35,406.02,395.34,404.05,0,0
20101122,403.06,410.37,400.54,404.05,0,0
20101123,399.13,403.91,380.3,393.51,0,0
20101124,387.18,418.81,387.18,414.59,0,0
20101125,401.94,415.99,401.94,415.99,0,0
20101126,421.48,441.29,421.48,435.95,0,0
20101129,435.67,441.29,418.1,418.81,0,0
20101130,422.32,427.1,418.81,421.62,0,0
20101201,421.62,426.39,413.18,424.99,0,0
20101202,426.53,440.59,421.62,438.48,0,0
20101203,428.64,438.62,416.7,421.62,0,0
20101206,421.62,421.62,410.37,411.22,0,0
20101207,423.02,429.35,414.59,421.48,0,0
20101208,419.37,421.33,412.34,414.73,0,0
20101209,414.73,419.51,414.73,416.84,0,0
20101210,416.84,423.72,416.84,420.21,0,0
20101213,423.72,423.72,415.71,421.62,0,0
20101214,421.62,421.62,404.89,407.56,0,0
20101215,407.56,414.59,401.94,414.59,0,0
20101216,402.64,407.28,393.51,396.04,0,0
20101217,411.08,411.08,397.72,404.61,0,0
20101220,404.05,410.37,393.65,398.99,0,0
20101221,405.74,405.74,395.62,398.99,0,0
20101222,396.32,400.54,395.76,400.54,0,0
20101223,403.63,403.63,395.76,396.46,0,0
20101227,395.76,396.32,393.65,393.65,0,0
20101228,393.65,394.91,382.27,386.48,0,0
20101229,383.95,391.96,379.45,379.45,0,0
20101230,389.15,389.15,372.43,372.43,0,0
20101231,373.83,379.45,368.21,378.05,0,0
20110103,376.64,396.6,376.64,388.17,0,0
20110104,392.81,394.91,380.86,386.2,0,0
20110105,379.45,389.85,378.05,389.85,0,0
20110107,374.39,397.72,374.39,395.9,0,0
20110110,399.55,399.55,379.45,379.74,0,0
20110111,375.24,397.3,375.24,393.51,0,0
20110112,387.89,398.99,387.89,398.99,0,0
20110113,397.72,398.99,393.51,395.76,0,0
20110114,390.98,400.54,386.48,399.13,0,0
20110117,397.58,406.02,397.58,406.02,0,0
20110118,413.04,413.04,399.13,399.13,0,0
20110119,392.67,404.75,392.67,401.94,0,0
20110120,400.54,404.05,393.51,393.51,0,0
20110121,402.78,405.45,393.51,400.54,0,0
20110124,400.54,403.77,395.05,400.54,0,0
20110125,394.35,402.64,393.51,393.65,0,0
20110126,393.65,404.75,393.51,399.13,0,0
20110127,402.64,402.64,393.51,393.51,0,0
20110128,394.91,394.91,394.91,394.91,0,0
20110131,394.91,401.8,393.51,401.8,0,0
20110201,401.24,437.08,401.24,434.26,0,0
20110202,436.93,455.35,431.45,431.45,0,0
20110203,431.45,434.97,415.43,434.26,0,0
20110204,423.86,448.32,423.72,442.7,0,0
20110207,455.35,480.64,436.09,480.64,0,0
20110208,489.07,496.8,472.49,472.49,0,0
20110209,484.86,484.86,456.75,463.36,0,0
20110210,455.49,463.36,445.51,456.33,0,0
20110211,455.35,463.78,449.72,461.67,0,0
20110214,461.53,471.51,455.06,455.06,0,0
20110215,453.66,463.64,449.86,463.64,0,0
20110216,460.26,463.64,438.62,446.21,0,0
20110217,449.02,454.78,436.65,453.24,0,0
20110218,459.42,459.42,442.7,453.94,0,0
20110221,458.16,475.3,453.94,469.26,0,0
20110222,459.84,476.29,458.16,476.14,0,0
20110223,473.62,473.62,456.05,457.45,0,0
20110224,449.72,463.64,449.72,456.05,0,0
20110225,449.72,456.19,445.51,448.32,0,0
20110228,460.97,460.97,447.48,456.33,0,0
20110301,459.42,459.42,449.72,455.2,0,0
20110302,449.72,454.64,449.58,449.86,0,0
20110303,450.43,455.06,445.51,449.86,0,0
20110304,450.43,476,449.86,470.52,0,0
20110307,461.39,526.88,461.39,505.24,0,0
20110308,508.61,519.99,498.91,505.94,0,0
20110309,500.6,526.88,500.6,512.97,0,0
20110310,510.3,512.97,496.94,497.51,0,0
20110311,491.74,497.51,478.53,479.38,0,0
20110314,477.55,484.72,470.8,480.5,0,0
20110315,470.8,490.48,459.84,472.21,0,0
20110316,468.13,494.56,468.13,487.53,0,0
20110317,482.33,496.1,482.33,483.59,0,0
20110318,483.45,501.44,483.45,491.89,0,0
20110321,505.8,519.99,504.53,519.99,0,0
20110322,519.99,519.99,501.86,512.4,0,0
20110323,511.56,514.37,506.22,513.67,0,0
20110324,513.53,523.93,513.53,519.99,0,0
20110325,528.43,581.27,519.99,555.13,0,0
20110328,559.06,559.06,534.33,534.47,0,0
20110329,534.47,548.1,523.65,533.91,0,0
20110330,541.07,547.68,533.91,535.45,0,0
20110331,544.87,544.87,527.02,531.24,0,0
20110401,533.91,539.67,521.96,529.13,0,0
20110404,529.83,567.78,525.05,559.34,0,0
20110405,566.79,569.04,545.01,562.15,0,0
20110406,561.87,564.97,551.75,558.64,0,0
20110407,555.13,558.64,535.45,541.21,0,0
20110408,541.07,543.88,527.02,537.98,0,0
20110411,536.72,536.86,518.31,518.31,0,0
20110412,512.97,522.38,512.97,515.78,0,0
20110413,523.51,523.51,517.18,522.24,0,0
20110414,522.8,522.8,501.72,505.94,0,0
20110415,505.94,516.48,500.32,506.22,0,0
20110418,499.76,499.76,480.78,487.67,0,0
20110419,487.67,496.1,484.86,486.26,0,0
20110420,486.26,496.1,480.64,486.4,0,0
20110421,486.97,503.13,482.05,491.89,0,0
20110426,491.89,501.72,487.67,492.59,0,0
20110427,491.89,495.4,480.64,491.74,0,0
20110428,491.89,497.51,477.97,497.51,0,0
20110429,491.6,508.47,491.6,498.91,0,0
20110502,510.16,510.16,492.17,492.17,0,0
20110504,492.03,498.91,484.72,488.93,0,0
20110505,498.91,521.4,488.93,505.24,0,0
20110506,500.46,524.21,499.19,524.21,0,0
20110509,530.53,530.53,511.56,512.97,0,0
20110510,513.95,517.04,505.24,515.07,0,0
20110511,515.78,527.02,506.08,519.29,0,0
20110512,519.15,541.07,513.11,536.86,0,0
20110513,538.26,546.13,511.56,511.56,0,0
20110516,519.99,519.99,498.21,508.47,0,0
20110517,505.94,521.26,503.83,511.56,0,0
20110518,501.16,521.96,501.16,517.18,0,0
20110519,519.99,519.99,508.75,519.15,0,0
20110520,509.45,519.99,509.45,518.59,0,0
20110523,506.78,517.18,496.8,508.61,0,0
20110524,501.72,519.71,501.72,516.2,0,0
20110525,507.63,518.59,507.63,517.6,0,0
20110526,518.45,526.88,517.6,525.61,0,0
20110527,519.85,525.61,504.67,506.08,0,0
20110530,504.53,509.45,491.89,491.89,0,0
20110531,484.86,505.24,477.69,498.77,0,0
20110601,491.89,494.7,483.73,493.43,0,0
20110602,485,491.74,484.86,485.7,0,0
20110603,485.7,493.43,480.64,484.16,0,0
20110606,483.45,498.91,477.97,477.97,0,0
20110607,477.97,491.6,477.97,489.64,0,0
20110608,486.26,494.42,483.45,492.59,0,0
20110609,501.72,501.72,480.78,496.1,0,0
20110610,493.43,496.1,484.86,487.39,0,0
20110613,491.89,492.73,478.53,478.53,0,0
20110614,489.92,490.2,477.83,482.05,0,0
20110615,480.64,482.05,480.36,480.36,0,0
20110616,472.21,472.21,460.12,460.12,0,0
20110617,452.53,466.45,452.53,465.89,0,0
20110620,456.89,467.71,456.89,466.59,0,0
20110621,466.59,470.66,459.56,470.52,0,0
20110622,467.99,470.52,457.73,463.07,0,0
20110624,458.16,463.78,439.46,439.46,0,0
20110627,423.3,439.32,413.04,420.91,0,0
20110628,431.03,431.03,420.35,426.96,0,0
20110629,427.24,451.13,426.96,433,0,0
20110630,444.1,444.1,433,433,0,0
20110701,442.98,449.72,442.84,444.1,0,0
20110704,446.35,456.33,446.35,449.72,0,0
20110705,446.91,455.77,446.77,446.77,0,0
20110706,442.98,449.58,425.83,432.86,0,0
20110707,448.32,449.3,441.29,442.7,0,0
20110708,441.15,443.82,438.06,442.7,0,0
20110711,437.36,437.36,425.83,425.83,0,0
20110712,417.4,433.14,400.68,418.66,0,0
20110713,420.35,426.53,411.78,424.57,0,0
20110714,418.81,432.86,411.92,414.59,0,0
20110715,423.02,423.02,407.7,418.81,0,0
20110718,416.7,417.26,406.02,406.02,0,0
20110719,403.35,428.64,400.96,421.05,0,0
20110720,421.62,432.86,421.62,428.64,0,0
20110721,424.71,435.67,424.71,433.7,0,0
20110722,435.67,454.5,427.1,449.72,0,0
20110725,456.05,456.05,449.72,451.13,0,0
20110726,455.35,455.35,442.7,451.13,0,0
20110727,437.78,451.13,437.78,440.73,0,0
20110728,448.18,448.18,435.53,446.21,0,0
20110729,441.29,449.58,435.67,449.58,0,0
20110801,449.72,458.86,439.89,456.75,0,0
20110802,458.02,458.02,421.62,421.62,0,0
20110803,407.56,446.21,407.56,421.33,0,0
20110804,428.36,428.36,408.26,408.26,0,0
20110805,400.68,408.26,380.86,406.02,0,0
20110808,383.81,396.32,351.35,354.16,0,0
20110809,358.37,358.37,287.4,344.32,0,0
20110810,344.32,365.26,309.19,319.3,0,0
20110811,330.27,349.94,316.49,337.29,0,0
20110812,348.54,364,333.78,363.15,0,0
20110816,371.72,379.17,358.37,359.92,0,0
20110817,359.92,377.35,359.92,377.35,0,0
20110818,372.43,372.99,325.49,336.59,0,0
20110819,327.03,370.04,312,370.04,0,0
20110822,360.06,377.91,360.06,377.91,0,0
20110823,377.77,378.05,365.54,374.54,0,0
20110824,370.18,374.54,364,364,0,0
20110825,364,372.43,364,365.26,0,0
20110826,368.77,368.77,365.26,368.21,0,0
20110829,358.65,374.11,354.16,373.55,0,0
20110830,371.02,378.47,366.81,373.83,0,0
20110831,379.45,397.02,368.63,397.02,0,0
20110901,396.18,397.02,351.35,352.75,0,0
20110902,351.35,357.95,330.27,337.01,0,0
20110905,323.24,337.01,298.64,298.64,0,0
20110906,307.78,320.99,299.07,312,0,0
20110907,323.24,327.88,312,325.63,0,0
20110908,330.27,335.89,317.62,322.54,0,0
20110909,310.03,323.24,309.19,320.29,0,0
20110912,309.19,309.19,296.54,306.23,0,0
20110913,309.19,309.19,281.22,305.67,0,0
20110914,295.13,302.16,286.28,295.13,0,0
20110915,301.31,316.07,301.31,312,0,0
20110916,311.71,312.14,302.44,303.56,0,0
20110919,291.62,309.19,291.62,309.19,0,0
20110920,295.13,309.19,285.29,294.99,0,0
20110921,292.32,294.85,281.08,294.85,0,0
20110922,281.78,281.78,267.73,278.13,0,0
20110923,253.25,313.79,250.3,313.79,0,0
20110926,306.12,330.85,306.12,315.5,0,0
20110927,330.67,330.85,315.5,330.85,0,0
20110928,324.02,330.85,324.02,330.85,0,0
20110929,320.61,332.38,309.36,309.36,0,0
20110930,329.31,329.31,309.36,328.97,0,0
20111003,298.61,327.26,298.61,320.61,0,0
20111004,327.09,327.09,289.92,305.26,0,0
20111005,297.08,297.08,259.56,267.75,0,0
20111006,272.86,273.89,267.23,269.45,0,0
20111007,265.19,276.78,265.19,271.16,0,0
20111010,272.69,296.4,256.83,289.92,0,0
20111011,306.8,306.8,281.39,301.68,0,0
20111012,294.18,298.44,285.14,298.27,0,0
20111013,298.44,301.34,291.28,299.64,0,0
20111014,299.64,301.17,296.74,296.74,0,0
20111017,301.68,332.55,301.68,309.53,0,0
20111018,309.36,315.5,306.97,315.5,0,0
20111019,308.67,320.27,304.92,304.92,0,0
20111020,298.44,304.92,283.95,283.95,0,0
20111021,292.3,292.3,287.02,291.28,0,0
20111024,293.16,301.51,285.14,301.51,0,0
20111025,303.22,303.39,291.79,301,0,0
20111026,290.26,301,289.92,289.92,0,0
20111027,304.92,317.2,300.15,317.2,0,0
20111028,307.14,315.5,306.97,312.09,0,0
20111031,296.23,315.5,296.23,306.97,0,0
20111102,286.5,300.83,286.5,300.15,0,0
20111103,306.8,306.8,289.92,300.15,0,0
20111104,292.81,302.88,286.85,302.71,0,0
20111107,303.9,303.9,292.13,292.13,0,0
20111108,289.92,294.35,286.5,294.01,0,0
20111109,296.06,296.06,287.87,287.87,0,0
20111110,274.74,289.23,274.74,284.8,0,0
20111114,286.5,295.03,281.39,286.5,0,0
20111115,283.95,289.75,281.56,289.75,0,0
20111116,281.39,286.33,277.81,283.95,0,0
20111117,275.42,283.95,264.51,269.45,0,0
20111118,267.92,271.16,263.48,271.16,0,0
20111121,257.85,271.16,257.85,266.04,0,0
20111122,264.33,272.86,259.22,272.69,0,0
20111123,271.16,272.69,256.15,264.33,0,0
20111124,256.83,269.28,252.4,269.28,0,0
20111125,255.81,255.81,238.75,241.99,0,0
20111128,242.34,254.44,240.63,246.43,0,0
20111129,259.22,259.22,241.31,244.21,0,0
20111130,250.69,255.81,248.82,255.81,0,0
20111201,255.81,262.63,248.3,255.13,0,0
20111202,255.13,263.48,255.13,259.22,0,0
20111205,260.75,262.63,255.81,262.46,0,0
20111206,259.05,259.05,254.44,258.37,0,0
20111207,254.27,259.05,248.3,257.17,0,0
20111208,256.15,262.46,247.28,255.81,0,0
20111209,247.28,257.34,247.28,255.81,0,0
20111212,259.22,261.78,250.35,259.22,0,0
20111213,259.22,264.33,259.22,262.63,0,0
20111214,255.98,262.46,250.86,260.07,0,0
20111215,250.35,260.07,250.35,259.9,0,0
20111216,251.89,259.9,251.89,257.34,0,0
20111219,250.69,250.69,241.65,248.99,0,0
20111220,251.72,251.89,240.46,247.28,0,0
20111221,247.28,250.69,243.02,250.69,0,0
20111222,249.67,250.69,245.06,249.84,0,0
20111223,245.58,250.35,243.87,249.67,0,0
20111227,249.67,250.69,230.23,242.16,0,0
20111228,242.16,247.28,235.34,247.28,0,0
20111229,232.1,238.75,232.1,238.75,0,0
20111230,239.78,246.94,238.75,246.94,0,0
20120102,259.73,262.29,259.73,262.29,0,0
20120103,264.33,264.33,258.37,262.29,0,0
20120104,257.51,263.82,257.51,263.31,0,0
20120105,258.37,258.37,250.52,258.37,0,0
20120109,257.68,262.46,255.3,262.46,0,0
20120110,262.12,264.33,260.92,260.92,0,0
20120111,259.22,259.22,248.13,255.81,0,0
20120112,248.3,258.88,248.3,258.88,0,0
20120113,253.93,255.81,250.35,251.54,0,0
20120116,251.54,251.54,245.58,247.28,0,0
20120117,248.99,248.99,246.43,246.43,0,0
20120118,248.13,252.4,245.92,252.4,0,0
20120119,252.4,264.33,252.4,263.99,0,0
20120120,266.04,271.84,252.57,268.43,0,0
20120123,266.89,266.89,253.59,260.92,0,0
20120124,256.66,256.66,251.03,254.44,0,0
20120125,255.98,255.98,246.43,252.23,0,0
20120126,250.86,264.33,250.86,264.33,0,0
20120127,264.16,297.59,264.16,282.24,0,0
20120130,296.74,296.74,277.13,283.26,0,0
20120131,288.21,296.57,283.26,292.81,0,0
20120201,297.59,313.79,295.03,312.6,0,0
20120202,318.4,318.4,299.3,307.65,0,0
20120203,303.39,336.47,301.85,333.4,0,0
20120206,337.5,338.35,326.07,333.4,0,0
20120207,329.99,330.16,307.14,311.74,0,0
20120208,314.64,324.19,310.38,314.64,0,0
20120209,313.79,320.27,304.41,304.41,0,0
20120210,304.75,304.75,292.81,304.41,0,0
20120213,314.13,314.13,300.49,311.06,0,0
20120214,310.38,312.77,298.44,312.77,0,0
20120215,303.73,312.77,294.18,296.4,0,0
20120216,296.4,312.09,289.92,303.56,0,0
20120217,303.39,306.97,292.13,303.56,0,0
20120220,306.12,306.97,293.5,303.05,0,0
20120221,306.8,306.8,298.44,299.98,0,0
20120222,292.64,298.95,291.62,291.62,0,0
20120223,291.62,296.74,281.9,287.02,0,0
20120224,281.39,289.4,276.27,276.44,0,0
20120227,276.44,282.41,272.86,279.51,0,0
20120228,282.07,287.02,277.13,287.02,0,0
20120229,287.02,291.62,281.56,281.56,0,0
20120301,289.06,289.92,281.56,289.92,0,0
20120302,294.18,298.1,290.94,294.18,0,0
20120305,297.59,297.59,289.23,294.86,0,0
20120306,282.24,289.75,273.71,282.24,0,0
20120307,267.92,281.39,267.75,278.83,0,0
20120308,278.83,281.22,272.01,275.76,0,0
20120309,271.16,279.68,271.16,278.66,0,0
20120312,275.59,287.36,272.86,287.36,0,0
20120313,275.08,286.16,275.08,285.31,0,0
20120314,285.31,293.33,283.09,291.62,0,0
20120315,293.16,293.16,282.58,290.6,0,0
20120316,294.35,294.35,281.39,288.72,0,0
20120319,281.73,288.72,281.73,288.04,0,0
20120320,283.78,288.04,279.68,283.78,0,0
20120321,281.39,286.5,276.27,286.5,0,0
20120322,279.68,282.24,272.86,273.2,0,0
20120323,273.2,285.65,273.2,285.65,0,0
20120326,285.65,285.65,275.42,277.98,0,0
20120327,277.98,281.39,274.74,281.39,0,0
20120328,273.37,281.39,273.37,281.05,0,0
20120329,273.71,281.05,267.75,269.45,0,0
20120330,271.16,271.16,256.49,267.75,0,0
20120402,273.54,273.54,263.48,271.16,0,0
20120403,271.16,271.16,259.22,270.99,0,0
20120404,259.39,264.33,252.4,264.33,0,0
20120405,261.78,261.78,249.33,249.33,0,0
20120410,249.5,267.23,249.5,255.81,0,0
20120411,251.03,254.1,245.58,254.1,0,0
20120412,247.28,254.96,242.51,252.4,0,0
20120413,253.93,259.05,247.28,254.96,0,0
20120416,252.4,252.4,245.58,246.43,0,0
20120417,245.58,249.84,245.58,249.84,0,0
20120418,245.58,251.03,243.87,251.03,0,0
20120419,240.97,251.03,238.75,244.89,0,0
20120420,245.58,246.09,230.91,243.02,0,0
20120423,240.46,242.16,221.87,234.49,0,0
20120424,226.65,237.05,222.55,222.55,0,0
20120425,231.25,238.58,229.72,238.58,0,0
20120426,231.59,239.61,227.16,239.61,0,0
20120502,225.11,238.75,223.75,228.52,0,0
20120504,219.14,228.52,219.14,225.96,0,0
20120507,225.11,225.11,202.94,218.97,0,0
20120508,216.07,221.87,205.5,210.27,0,0
20120509,217.61,217.61,203.79,207.03,0,0
20120510,203.79,206.52,199.19,206.18,0,0
20120511,196.46,204.65,196.46,204.48,0,0
20120514,197.82,204.48,192.2,196.97,0,0
20120515,189.3,206.01,189.3,198.51,0,0
20120516,190.49,193.39,188.62,188.62,0,0
20120517,187.59,189.3,170.54,186.4,0,0
20120518,180.77,186.4,170.71,174.8,0,0
20120521,174.12,377.17,174.12,377.17,0,0
20120522,380.36,380.36,367.61,367.61,0,0
20120523,367.61,370.09,342.11,342.82,0,0
20120524,354.51,369.03,349.2,363.01,0,0
20120525,372.22,449.78,369.38,449.78,0,0
20120528,479.88,526.98,449.78,486.96,0,0
20120529,491.92,494.75,467.48,473.15,0,0
20120530,452.61,471.73,435.96,435.96,0,0
20120531,428.17,440.92,426.76,426.76,0,0
20120601,426.76,442.69,416.13,430.3,0,0
20120604,412.24,417.9,394.88,417.55,0,0
20120605,386.38,417.55,378.94,408.69,0,0
20120606,411.88,423.21,409.76,423.21,0,0
20120608,397.72,416.13,397.72,416.13,0,0
20120611,421.8,456.86,400.55,436.67,0,0
20120612,432.07,438.8,420.03,421.44,0,0
20120613,406.21,424.98,406.21,424.98,0,0
20120614,410.82,424.98,382.84,407.28,0,0
20120615,403.38,403.38,380.01,398.07,0,0
20120618,397.72,416.13,397.72,416.13,0,0
20120619,415.78,415.78,415.78,415.78,0,0
20120620,415.78,415.78,415.42,415.42,0,0
20120621,399.84,412.24,389.92,389.92,0,0
20120622,390.28,403.03,383.19,398.42,0,0
20120625,391.34,393.47,390.28,393.47,0,0
20120626,389.57,400.19,372.57,372.57,0,0
20120627,366.55,386.03,366.55,368.32,0,0
20120628,370.09,387.8,363.72,363.72,0,0
20120629,377.17,397.72,377.17,388.86,0,0
20120702,391.34,398.07,389.57,394.88,0,0
20120703,397.01,397.01,368.67,394.88,0,0
20120704,367.61,373.63,364.78,368.32,0,0
20120705,368.32,371.86,362.3,371.86,0,0
20120706,377.17,377.17,357.7,357.7,0,0
20120709,357.34,375.05,357.34,361.24,0,0
20120710,354.51,361.24,350.97,350.97,0,0
20120711,344.24,357.34,336.8,339.99,0,0
20120712,339.99,345.3,335.38,341.76,0,0
20120713,339.99,351.67,327.59,351.67,0,0
20120716,347.07,352.38,331.84,334.32,0,0
20120717,329.72,329.72,322.63,322.63,0,0
20120718,317.32,318.74,301.03,318.74,0,0
20120719,306.34,318.38,290.41,301.03,0,0
20120720,297.49,297.49,283.32,283.32,0,0
20120723,285.09,286.86,283.68,283.68,0,0
20120724,288.28,288.28,286.86,286.86,0,0
20120725,286.51,290.41,286.51,290.41,0,0
20120726,292.53,307.76,276.24,301.03,0,0
20120727,299.97,299.97,292.18,292.18,0,0
20120730,297.49,299.97,297.49,299.97,0,0
20120731,296.43,298.91,288.64,295.01,0,0
20120801,292.18,301.03,286.86,290.05,0,0
20120802,280.49,292.18,280.14,290.41,0,0
20120803,283.68,283.68,283.68,283.68,0,0
20120806,297.49,297.49,285.8,295.72,0,0
20120807,297.14,297.14,297.14,297.14,0,0
20120809,283.32,297.14,283.32,284.39,0,0
20120810,285.8,286.86,283.32,284.39,0,0
20120813,290.41,311.3,290.41,307.76,0,0
20120814,312.01,329.01,307.76,309.53,0,0
20120816,301.39,313.07,301.03,313.07,0,0
20120820,307.76,307.76,299.26,299.26,0,0
20120821,306.7,306.7,294.66,305.63,0,0
20120822,296.43,296.43,284.03,284.03,0,0
20120823,302.8,302.8,285.8,295.72,0,0
20120827,295.72,297.49,295.72,297.49,0,0
20120828,297.84,314.84,290.41,304.57,0,0
20120829,304.57,312.01,294.66,297.49,0,0
20120830,297.49,350.26,297.49,325.11,0,0
20120831,310.59,317.32,298.2,317.32,0,0
20120903,308.47,311.66,286.16,311.66,0,0
20120904,288.64,311.66,251.45,253.57,0,0
20120905,253.22,693.95,244.72,693.95,0,0
20120906,701.95,701.95,589.96,651.95,0,0
20120907,651.95,667.95,611.96,659.95,0,0
20120910,657.95,687.95,639.95,678.95,0,0
20120911,707.95,707.95,664.95,685.95,0,0
20120912,644.95,685.95,630.96,644.95,0,0
20120913,644.95,668.95,624.96,637.95,0,0
20120914,639.95,655.95,634.95,655.95,0,0
20120917,640.95,665.95,619.96,661.95,0,0
20120918,649.95,661.95,625.96,644.95,0,0
20120919,646.95,662.95,639.95,647.95,0,0
20120920,663.95,689.95,655.95,655.95,0,0
20120921,671.95,671.95,651.95,664.95,0,0
20120924,649.95,668.95,629.96,668.95,0,0
20120925,668.95,683.95,654.95,656.95,0,0
20120926,649.95,678.95,648.95,678.95,0,0
20120927,682.95,682.95,659.95,680.95,0,0
20120928,680.95,682.95,635.95,635.95,0,0
20121001,632.95,717.14,632.95,717.14,0,0
20121002,737.63,737.63,717.14,717.14,0,0
20121003,722.53,777.53,703.12,775.38,0,0
20121004,775.38,830.38,760.28,830.38,0,0
20121005,830.38,1016.94,830.38,981.35,0,0
20121008,981.35,1078.41,949,1073.02,0,0
20121009,1078.41,1105.37,992.14,1043.9,0,0
20121010,970.57,1060.08,970.57,1029.88,0,0
20121011,1024.49,1104.29,1024.49,1054.68,0,0
20121012,1043.9,1065.47,1032.04,1065.47,0,0
20121015,1077.33,1077.33,1035.27,1064.39,0,0
20121016,1029.88,1186.25,1022.33,1186.25,0,0
20121017,1186.25,1341.54,1186.25,1341.54,0,0
20121018,1363.11,1401.93,1305.95,1356.64,0,0
20121019,1354.48,1424.58,1308.11,1321.05,0,0
20121022,1357.72,1369.58,1294.09,1337.23,0,0
20121023,1337.23,1337.23,1218.6,1337.23,0,0
20121024,1186.25,1282.23,1186.25,1256.35,0,0
20121025,1202.43,1202.43,1131.25,1179.78,0,0
20121026,1186.25,1197.03,1134.49,1184.09,0,0
20121029,1132.33,1184.09,1038.51,1098.9,0,0
20121030,1030.96,1120.47,1030.96,1120.47,0,0
20121031,1104.29,1104.29,1024.49,1056.84,0,0
20121102,1074.1,1078.41,1046.06,1078.41,0,0
20121105,1078.41,1121.55,1068.7,1078.41,0,0
20121106,1078.41,1109.68,1056.84,1106.45,0,0
20121107,1057.92,1066.55,1010.47,1066.55,0,0
20121108,1008.31,1055.76,994.29,1054.68,0,0
20121109,993.22,1023.41,993.22,1023.41,0,0
20121112,970.57,1019.1,970.57,1019.1,0,0
20121113,927.43,1101.06,927.43,1097.82,0,0
20121114,1078.41,1078.41,1026.65,1062.23,0,0
20121115,1097.82,1097.82,1014.78,1024.49,0,0
20121116,1075.17,1075.17,1067.63,1075.17,0,0
20121119,1098.9,1153.9,993.22,1153.9,0,0
20121120,1153.9,1213.21,1128.02,1184.09,0,0
20121121,1184.09,1212.13,1137.72,1197.03,0,0
20121122,1195.96,1267.13,1195.96,1267.13,0,0
20121123,1266.05,1266.05,1175.47,1264.97,0,0
20121126,1261.74,1264.97,1261.74,1261.74,0,0
20121127,1208.9,1208.9,1207.82,1207.82,0,0
20121128,1153.9,1256.35,1153.9,1256.35,0,0
20121129,1137.72,1256.35,1132.33,1132.33,0,0
20121130,1213.21,1214.29,1132.33,1187.33,0,0
20121203,1227.23,1229.39,1188.41,1228.31,0,0
20121204,1228.31,1256.35,1228.31,1243.41,0,0
20121205,1213.21,1259.58,1207.82,1208.9,0,0
20121206,1202.43,1221.84,1186.25,1221.84,0,0
20121207,1242.33,1242.33,1153.9,1223.99,0,0
20121211,1123.7,1217.52,1122.62,1217.52,0,0
20121212,1139.88,1211.05,1121.55,1208.9,0,0
20121213,1132.33,1208.9,1121.55,1121.55,0,0
20121214,1158.21,1184.09,1122.62,1184.09,0,0
20121217,1157.13,1159.29,1157.13,1159.29,0,0
20121218,1079.49,1110.76,1079.49,1089.19,0,0
20121219,1080.57,1129.09,1080.57,1129.09,0,0
20121220,1122.62,1122.62,1081.64,1081.64,0,0
20121221,1078.41,1081.64,1067.63,1081.64,0,0
20121227,1024.49,1078.41,1024.49,1078.41,0,0
20121228,1026.65,1078.41,1025.57,1078.41,0,0
20130102,1078.41,1180.86,1053.61,1153.9,0,0
20130103,1170.07,1175.47,1089.19,1143.11,0,0
20130104,1132.33,1153.9,1132.33,1152.82,0,0
20130107,1172.23,1172.23,1091.35,1164.68,0,0
20130108,1110.76,1164.68,1110.76,1164.68,0,0
20130109,1123.7,1123.7,1123.7,1123.7,0,0
20130110,1114,1164.68,1110.76,1164.68,0,0
20130111,1101.06,1186.25,1101.06,1184.09,0,0
20130114,1184.09,1229.39,1184.09,1229.39,0,0
20130115,1268.21,1268.21,1240.17,1240.17,0,0
20130116,1180.86,1234.78,1180.86,1180.86,0,0
20130117,1188.41,1250.96,1180.86,1250.96,0,0
20130118,1229.39,1229.39,1229.39,1229.39,0,0
20130121,1186.25,1207.82,1137.72,1207.82,0,0
20130122,1239.09,1239.09,1159.29,1175.47,0,0
20130123,1207.82,1236.94,1207.82,1236.94,0,0
20130124,1218.6,1317.82,1218.6,1317.82,0,0
20130125,1326.44,1326.44,1240.17,1240.17,0,0
20130128,1294.09,1337.23,1170.07,1337.23,0,0
20130129,1294.09,1337.23,1294.09,1337.23,0,0
20130130,1193.8,1326.44,1193.8,1314.58,0,0
20130131,1304.88,1304.88,1304.88,1304.88,0,0
20130201,1313.5,1313.5,1304.88,1313.5,0,0
20130204,1272.52,1294.09,1194.88,1294.09,0,0
20130205,1294.09,1294.09,1166.84,1287.62,0,0
20130206,1310.27,1310.27,1218.6,1287.62,0,0
20130207,1159.29,1287.62,1159.29,1283.31,0,0
20130208,1170.07,1272.52,1170.07,1256.35,0,0
20130211,1277.92,1277.92,1223.99,1270.37,0,0
20130212,1250.96,1283.31,1250.96,1283.31,0,0
20130213,1260.66,1283.31,1187.33,1187.33,0,0
20130214,1246.64,1246.64,1089.19,1089.19,0,0
20130215,1124.78,1218.6,1083.8,1185.17,0,0
20130218,1213.21,1213.21,1213.21,1213.21,0,0
20130219,1110.76,1216.45,1099.98,1213.21,0,0
20130220,1126.94,1191.64,1126.94,1186.25,0,0
20130221,1132.33,1186.25,1110.76,1110.76,0,0
20130222,1110.76,1186.25,1110.76,1186.25,0,0
20130225,1108.61,1174.39,1108.61,1174.39,0,0
20130226,1132.33,1132.33,1057.92,1057.92,0,0
20130227,1107.53,1152.82,1057.92,1131.25,0,0
20130228,1163.6,1163.6,1099.98,1142.04,0,0
20130301,1099.98,1142.04,1099.98,1135.57,0,0
20130305,1024.49,1125.86,1024.49,1125.86,0,0
20130306,1131.25,1132.33,1125.86,1132.33,0,0
20130307,1057.92,1132.33,1057.92,1132.33,0,0
20130308,1143.11,1143.11,1078.41,1133.41,0,0
20130312,1024.49,1133.41,1024.49,1040.67,0,0
20130313,1110.76,1110.76,1024.49,1024.49,0,0
20130314,1035.27,1053.61,982.43,982.43,0,0
20130315,1067.63,1067.63,959.78,959.78,0,0
20130318,959.78,1046.06,942.53,1002.92,0,0
20130319,1051.45,1051.45,1002.92,1044.98,0,0
20130320,1043.9,1044.98,1043.9,1044.98,0,0
20130321,1078.41,1078.41,1078.41,1078.41,0,0
20130322,1044.98,1078.41,1002.92,1056.84,0,0
20130325,1029.88,1056.84,1002.92,1002.92,0,0
20130326,1056.84,1056.84,981.35,1044.98,0,0
20130327,1044.98,1056.84,1044.98,1044.98,0,0
20130328,955.47,1056.84,954.39,1056.84,0,0
20130402,1056.84,1056.84,905.86,938.22,0,0
20130403,981.35,981.35,916.65,916.65,0,0
20130404,911.26,956.55,911.26,955.47,0,0
20130405,923.12,949,923.12,944.69,0,0
20130408,968.41,992.14,938.22,972.73,0,0
20130409,992.14,992.14,933.9,933.9,0,0
20130410,958.71,991.06,933.9,961.94,0,0
20130411,991.06,991.06,895.08,970.57,0,0
20130412,970.57,970.57,884.3,938.22,0,0
20130415,863.81,900.47,863.81,900.47,0,0
20130417,862.73,862.73,845.47,862.73,0,0
20130418,884.3,884.3,873.51,877.83,0,0
20130419,916.65,916.65,841.16,876.75,0,0
20130422,916.65,916.65,916.65,916.65,0,0
20130423,911.26,911.26,885.37,895.08,0,0
20130424,927.43,938.22,903.71,932.82,0,0
20130425,908.02,959.78,900.47,959.78,0,0
20130426,942.53,969.49,942.53,965.18,0,0
20130429,986.74,986.74,978.12,981.35,0,0
20130430,986.74,1027.72,981.35,981.35,0,0
20130502,1056.84,1056.84,1013.71,1055.76,0,0
20130506,1047.14,1055.76,1047.14,1055.76,0,0
20130509,1002.92,1002.92,1002.92,1002.92,0,0
20130510,1002.92,1042.82,1002.92,1040.67,0,0
20130513,1040.67,1051.45,1040.67,1046.06,0,0
20130514,1002.92,1037.43,1001.84,1037.43,0,0
20130516,981.35,1024.49,981.35,1024.49,0,0
20130520,992.14,1024.49,992.14,1013.71,0,0
20130521,981.35,1013.71,977.04,1013.71,0,0
20130523,1013.71,1013.71,972.73,1011.55,0,0
20130524,969.49,1008.31,965.18,1008.31,0,0
20130527,975.96,1013.71,975.96,1012.63,0,0
20130528,970.57,1012.63,970.57,992.14,0,0
20130529,1013.71,1056.84,1000.76,1055.76,0,0
20130531,1046.06,1055.76,1029.88,1055.76,0,0
20130603,1029.88,1029.88,1029.88,1029.88,0,0
20130605,932.82,1029.88,932.82,1025.57,0,0
20130606,996.45,1029.88,995.37,1029.88,0,0
20130607,997.53,1029.88,997.53,1029.88,0,0
20130610,1025.57,1029.88,1025.57,1029.88,0,0
20130611,1013.71,1055.76,1013.71,1055.76,0,0
20130612,1055.76,1055.76,1022.33,1055.76,0,0
20130613,1056.84,1056.84,1056.84,1056.84,0,0
20130614,1047.14,1056.84,1047.14,1056.84,0,0
20130617,1056.84,1056.84,1008.31,1051.45,0,0
20130619,1021.25,1098.9,1021.25,1098.9,0,0
20130620,1098.9,1110.76,1067.63,1097.82,0,0
20130621,1054.68,1097.82,1054.68,1097.82,0,0
20130624,1064.39,1093.51,1053.61,1090.27,0,0
20130625,1092.43,1092.43,1090.27,1092.43,0,0
20130626,1041.74,1078.41,1041.74,1062.23,0,0
20130627,1018.02,1067.63,1018.02,1067.63,0,0
20130703,1018.02,1067.63,1018.02,1056.84,0,0
20130704,980.27,1055.76,980.27,981.35,0,0
20130705,1013.71,1013.71,1013.71,1013.71,0,0
20130709,964.1,1008.31,964.1,1001.84,0,0
20130711,1001.84,1028.8,1001.84,1028.8,0,0
20130712,991.06,1024.49,991.06,1024.49,0,0
20130715,1024.49,1024.49,1023.41,1023.41,0,0
20130716,1019.1,1019.1,1016.94,1016.94,0,0
20130718,999.69,1024.49,999.69,1024.49,0,0
20130719,1023.41,1023.41,991.06,1023.41,0,0
20130722,984.59,984.59,983.51,984.59,0,0
20130723,1023.41,1032.04,1019.1,1025.57,0,0
20130724,1025.57,1056.84,1025.57,1056.84,0,0
20130726,1036.35,1037.43,1036.35,1037.43,0,0
20130729,1046.06,1046.06,1028.8,1028.8,0,0
20130730,1024.49,1046.06,1024.49,1025.57,0,0
20130731,1025.57,1025.57,1025.57,1025.57,0,0
20130801,1033.12,1033.12,1033.12,1033.12,0,0
20130802,1051.45,1051.45,1051.45,1051.45,0,0
20130808,1002.92,1002.92,1001.84,1001.84,0,0
20130809,1001.84,1001.84,1001.84,1001.84,0,0
20130812,997.53,997.53,997.53,997.53,0,0
20130813,1046.06,1051.45,1030.96,1046.06,0,0
20130814,1078.41,1175.47,1078.41,1078.41,0,0
20130816,1101.06,1115.08,1051.45,1099.98,0,0
20130819,1101.06,1132.33,1046.06,1116.15,0,0
20130820,1089.19,1130.17,1025.57,1089.19,0,0
20130821,1090.27,1090.27,1087.04,1088.12,0,0
20130822,1089.19,1089.19,1088.12,1089.19,0,0
20130823,1089.19,1089.19,1080.57,1080.57,0,0
20130826,1121.55,1121.55,1121.55,1121.55,0,0
20130827,1120.47,1121.55,1060.08,1060.08,0,0
20130829,1079.49,1148.51,1079.49,1148.51,0,0
20130830,1190.88,1248.13,1146.22,1146.22,0,0
20130902,1135.92,1150.8,1126.76,1150.8,0,0
20130903,1169.12,1169.12,1154.24,1154.24,0,0
20130904,1100.42,1148.51,1100.42,1139.35,0,0
20130905,1131.34,1131.34,1083.24,1130.19,0,0
20130906,1098.13,1130.19,1098.13,1130.19,0,0
20130909,1101.56,1130.19,1101.56,1130.19,0,0
20130910,1130.19,1130.19,1130.19,1130.19,0,0
20130911,1141.64,1142.79,1141.64,1142.79,0,0
20130912,1116.45,1142.79,1115.3,1115.3,0,0
20130913,1109.58,1173.7,1109.58,1173.7,0,0
20130916,1173.7,1202.33,1173.7,1185.15,0,0
20130917,1200.04,1200.04,1185.15,1186.3,0,0
20130918,1186.3,1193.17,1147.37,1193.17,0,0
20130919,1147.37,1198.89,1147.37,1198.89,0,0
20130923,1147.37,1179.43,1036.29,1179.43,0,0
20130924,1122.17,1127.9,1110.72,1110.72,0,0
20130925,1122.17,1143.93,1122.17,1143.93,0,0
20130926,1075.23,1075.23,1075.23,1075.23,0,0
20130927,1135.92,1135.92,1135.92,1135.92,0,0
20130930,1098.13,1133.63,1095.84,1133.63,0,0
20131001,1132.48,1133.63,1132.48,1133.63,0,0
20131002,1133.63,1201.19,1133.63,1143.93,0,0
20131003,1137.06,1190.88,1137.06,1189.73,0,0
20131004,1189.73,1189.73,1189.73,1189.73,0,0
20131007,1133.63,1133.63,1133.63,1133.63,0,0
20131009,1133.63,1164.54,1133.63,1164.54,0,0
20131010,1164.54,1164.54,1137.06,1164.54,0,0
20131011,1162.25,1162.25,1162.25,1162.25,0,0
20131014,1173.7,1175.99,1173.7,1175.99,0,0
20131015,1088.97,1139.35,1088.97,1139.35,0,0
20131016,1103.85,1139.35,1103.85,1103.85,0,0
20131017,1094.69,1094.69,1087.82,1087.82,0,0
20131018,1086.68,1087.82,1086.68,1087.82,0,0
20131021,1110.72,1110.72,1110.72,1110.72,0,0
20131022,1087.82,1110.72,1087.82,1110.72,0,0
20131024,1087.82,1105,1087.82,1105,0,0
20131025,1070.65,1105,1070.65,1105,0,0
20131028,1105,1105,1042.02,1105,0,0
20131030,1100.42,1103.85,1060.34,1103.85,0,0
20131031,1099.27,1099.27,1099.27,1099.27,0,0
20131104,1087.82,1096.98,1087.82,1093.55,0,0
20131105,1043.16,1086.68,1043.16,1086.68,0,0
20131106,1075.23,1075.23,1075.23,1075.23,0,0
20131107,1072.94,1072.94,1072.94,1072.94,0,0
20131108,1064.92,1072.94,1053.47,1053.47,0,0
20131112,1053.47,1064.92,1042.02,1064.92,0,0
20131113,1064.92,1064.92,1053.47,1053.47,0,0
20131114,1087.82,1087.82,1087.82,1087.82,0,0
20131115,1042.02,1042.02,1007.67,1007.67,0,0
20131118,1040.87,1040.87,1027.13,1040.87,0,0
20131119,1040.87,1040.87,953.85,953.85,0,0
20131120,943.54,950.41,943.54,950.41,0,0
20131121,950.41,950.41,950.41,950.41,0,0
20131122,965.3,1059.2,965.3,1059.2,0,0
20131125,1075.23,1075.23,1032.86,1032.86,0,0
20131126,984.77,1037.44,984.77,1036.29,0,0
20131127,1070.65,1070.65,1011.1,1011.1,0,0
20131128,1055.76,1056.91,1053.47,1056.91,0,0
20131129,1023.7,1075.23,1023.7,1075.23,0,0
20131202,1007.67,1029.42,872.55,894.3,0,0
20131203,916.06,916.06,872.55,872.55,0,0
20131204,914.92,914.92,858.81,858.81,0,0
20131205,830.18,858.81,830.18,858.81,0,0
20131206,858.81,858.81,830.18,847.36,0,0
20131209,847.36,847.36,830.18,830.18,0,0
20131210,801.55,821.02,790.1,795.83,0,0
20131211,779.8,807.28,778.65,801.55,0,0
20131212,801.55,801.55,745.44,790.1,0,0
20131213,751.17,751.17,751.17,751.17,0,0
20131216,727.12,758.04,685.9,758.04,0,0
20131217,758.04,778.65,706.51,706.51,0,0
20131218,691.63,755.75,691.63,755.75,0,0
20131219,755.75,755.75,736.28,736.28,0,0
20131220,728.27,728.27,727.12,727.12,0,0
20131223,732.85,755.75,727.12,755.75,0,0
20131230,727.12,755.75,727.12,755.75,0,0
20140102,783.23,824.45,783.23,824.45,0,0
20140103,824.45,824.45,824.45,824.45,0,0
20140107,824.45,916.06,824.45,872.55,0,0
20140108,914.92,914.92,914.92,914.92,0,0
20140109,1004.23,1004.23,912.63,913.77,0,0
20140110,902.32,916.06,902.32,916.06,0,0
20140113,894.3,894.3,894.3,894.3,0,0
20140115,893.16,893.16,873.69,873.69,0,0
20140116,835.91,914.92,835.91,847.36,0,0
20140117,870.26,870.26,857.66,857.66,0,0
20140120,889.72,889.72,889.72,889.72,0,0
20140121,837.05,880.56,837.05,880.56,0,0
20140122,847.36,880.56,847.36,847.36,0,0
20140123,858.81,927.51,847.36,893.16,0,0
20140124,944.69,944.69,865.68,865.68,0,0
20140127,855.37,865.68,855.37,865.68,0,0
20140128,869.11,869.11,831.33,831.33,0,0
20140129,841.63,841.63,813,813,0,0
20140130,806.13,813,806.13,806.13,0,0
20140203,802.7,817.58,802.7,817.58,0,0
20140204,801.55,813,767.2,793.54,0,0
20140205,801.55,801.55,744.3,777.51,0,0
20140207,767.2,768.35,767.2,768.35,0,0
20140210,764.91,814.15,764.91,814.15,0,0
20140212,801.55,801.55,778.65,801.55,0,0
20140213,822.16,822.16,801.55,810.71,0,0
20140214,811.86,813,811.86,813,0,0
20140217,813,847.36,785.52,847.36,0,0
20140218,818.73,818.73,818.73,818.73,0,0
20140219,785.52,785.52,772.93,772.93,0,0
20140220,778.65,847.36,778.65,795.83,0,0
20140221,803.84,803.84,778.65,778.65,0,0
20140224,780.94,780.94,768.35,768.35,0,0
20140225,769.49,770.64,769.49,770.64,0,0
20140226,770.64,770.64,769.49,770.64,0,0
20140227,771.78,771.78,771.78,771.78,0,0
20140228,792.39,792.39,755.75,756.9,0,0
20140303,755.75,778.65,692.77,711.09,0,0
20140304,744.3,744.3,711.09,744.3,0,0
20140305,778.65,778.65,727.12,727.12,0,0
20140306,732.85,732.85,727.12,727.12,0,0
20140307,697.35,715.67,697.35,700.79,0,0
20140310,701.93,720.25,700.79,720.25,0,0
20140311,695.06,715.67,693.92,695.06,0,0
20140313,721.4,745.44,687.05,687.05,0,0
20140314,629.79,677.89,629.79,644.68,0,0
20140317,669.87,669.87,643.53,652.69,0,0
20140318,652.69,669.87,648.11,652.69,0,0
20140319,669.87,669.87,652.69,669.87,0,0
20140320,652.69,669.87,635.52,652.69,0,0
20140321,669.87,669.87,635.52,635.52,0,0
20140324,635.52,635.52,635.52,635.52,0,0
20140325,579.41,617.2,579.41,617.2,0,0
20140326,617.2,640.1,617.2,640.1,0,0
20140327,608.04,632.08,578.26,632.08,0,0
20140328,629.79,629.79,509.56,509.56,0,0
20140331,509.56,515.28,480.93,488.95,0,0
20140401,486.66,486.66,439.71,463.76,0,0
20140402,452.31,452.31,351.54,351.54,0,0
20140403,353.83,353.83,286.27,300.01,0,0
20140404,300.01,356.12,300.01,320.62,0,0
20140407,325.2,343.52,318.33,322.91,0,0
20140408,314.9,334.36,313.75,316.04,0,0
20140409,318.33,318.33,297.72,304.59,0,0
20140410,308.03,311.46,291.99,291.99,0,0
20140411,288.56,313.75,287.41,311.46,0,0
20140414,309.17,317.19,296.57,301.16,0,0
20140415,308.03,308.03,285.12,289.7,0,0
20140416,279.4,294.28,279.4,291.99,0,0
20140417,294.28,294.28,278.25,282.83,0,0
20140422,308.03,337.8,308.03,326.35,0,0
20140423,332.07,332.07,303.45,312.61,0,0
20140424,314.9,314.9,298.86,298.86,0,0
20140425,295.43,314.9,294.28,298.86,0,0
20140428,302.3,304.59,286.27,294.28,0,0
20140429,313.75,313.75,300.01,301.16,0,0
20140430,304.59,304.59,294.28,300.01,0,0
20140502,297.72,300.01,291.99,297.72,0,0
20140505,297.72,297.72,287.41,291.99,0,0
20140506,291.99,295.43,287.41,290.85,0,0
20140507,291.99,294.28,288.56,294.28,0,0
20140508,294.28,302.3,294.28,300.01,0,0
20140509,301.16,302.3,286.27,289.7,0,0
20140512,295.43,314.9,295.43,306.88,0,0
20140513,309.17,310.32,294.28,295.43,0,0
20140514,301.16,301.16,289.7,295.43,0,0
20140515,295.43,300.01,288.56,289.7,0,0
20140516,290.85,294.28,290.85,290.85,0,0
20140519,295.43,295.43,286.27,291.99,0,0
20140520,286.27,287.41,282.83,283.98,0,0
20140521,285.12,286.27,272.53,272.53,0,0
20140522,272.53,277.11,269.09,275.96,0,0
20140523,274.82,278.25,274.82,274.82,0,0
20140526,274.82,277.11,271.38,272.53,0,0
20140527,270.24,280.54,270.24,277.11,0,0
20140528,277.11,290.85,277.11,279.4,0,0
20140529,277.11,282.83,274.82,274.82,0,0
20140530,280.54,281.69,274.82,278.25,0,0
20140602,277.11,277.11,266.8,274.82,0,0
20140603,274.82,279.4,263.37,264.51,0,0
20140604,265.66,265.66,263.37,264.51,0,0
20140605,264.51,264.51,258.79,262.22,0,0
20140606,267.95,267.95,264.51,266.8,0,0
20140609,272.53,272.53,259.93,265.66,0,0
20140610,267.95,267.95,267.95,267.95,0,0
20140611,267.95,270.24,266.8,270.24,0,0
20140612,265.66,270.24,265.66,269.09,0,0
20140613,263.37,264.51,257.64,263.37,0,0
20140616,258.79,258.79,251.92,258.79,0,0
20140617,256.5,277.11,256.5,273.67,0,0
20140618,271.38,273.67,261.08,263.37,0,0
20140620,262.22,265.66,255.35,265.66,0,0
20140623,264.51,265.66,240.47,265.66,0,0
20140624,240.47,240.47,226.73,227.87,0,0
20140625,227.87,229.02,217.56,226.73,0,0
20140626,224.43,274.82,224.43,269.09,0,0
20140627,274.82,281.69,255.35,255.35,0,0
20140630,262.22,270.24,258.79,261.08,0,0
20140701,257.64,264.51,255.35,256.5,0,0
20140702,255.35,261.08,242.76,246.19,0,0
20140703,246.19,246.19,233.6,240.47,0,0
20140704,246.19,251.92,241.61,247.34,0,0
20140707,250.77,250.77,237.03,237.03,0,0
20140708,243.9,243.9,230.16,230.16,0,0
20140709,235.89,235.89,218.71,223.29,0,0
20140710,226.73,227.87,211.84,217.56,0,0
20140711,217.56,222.14,217.56,222.14,0,0
20140714,221,223.29,219.85,223.29,0,0
20140715,223.29,223.29,217.56,222.14,0,0
20140716,215.27,221,215.27,219.85,0,0
20140717,215.27,217.56,210.69,214.13,0,0
20140718,210.69,210.69,203.82,206.11,0,0
20140721,207.26,208.4,206.11,206.11,0,0
20140722,207.26,208.4,198.1,204.97,0,0
20140723,204.97,209.55,204.97,209.55,0,0
20140724,200.39,229.02,200.39,218.71,0,0
20140725,218.71,218.71,211.84,215.27,0,0
20140728,206.11,215.27,206.11,212.98,0,0
20140730,211.84,212.98,207.26,210.69,0,0
20140731,210.69,210.69,204.97,204.97,0,0
20140801,200.39,212.98,194.66,201.53,0,0
20140804,192.37,204.97,192.37,204.97,0,0
20140806,203.82,203.82,203.82,203.82,0,0
20140808,200.39,204.97,198.1,202.68,0,0
20140811,204.97,207.26,204.97,207.26,0,0
20140812,204.97,224.43,204.97,215.27,0,0
20140813,210.69,215.27,210.69,212.98,0,0
20140814,215.27,215.27,210.69,210.69,0,0
20140818,222.14,224.43,215.27,218.71,0,0
20140819,211.84,216.42,208.4,208.4,0,0
20140820,208.4,208.4,201.53,201.53,0,0
20140821,202.68,206.11,202.68,206.11,0,0
20140822,206.11,206.11,206.11,206.11,0,0
20140825,203.82,203.82,200.39,200.39,0,0
20140826,201.53,202.68,201.53,202.68,0,0
20140827,206.11,211.84,206.11,211.84,0,0
20140828,231.31,247.34,229.02,229.02,0,0
20140829,227.87,227.87,212.98,214.13,0,0
20140901,208.4,217.56,208.4,212.98,0,0
20140902,208.4,215.27,208.4,215.27,0,0
20140903,208.4,215.27,208.4,209.55,0,0
20140904,203.82,212.98,203.82,212.98,0,0
20140905,215.27,219.85,206.11,207.26,0,0
20140908,214.13,218.71,214.13,216.42,0,0
20140909,219.85,219.85,219.85,219.85,0,0
20140910,211.84,211.84,210.69,210.69,0,0
20140911,207.26,207.26,194.66,199.24,0,0
20140912,200.39,202.68,199.24,199.24,0,0
20140915,201.53,201.53,193.52,195.81,0,0
20140916,201.53,201.53,194.66,200.39,0,0
20140917,194.66,194.66,193.52,194.66,0,0
20140918,194.66,198.1,193.52,198.1,0,0
20140919,198.1,198.1,196.95,196.95,0,0
20140922,196.95,196.95,190.08,190.08,0,0
20140923,190.08,194.66,187.79,187.79,0,0
20140924,187.79,187.79,187.79,187.79,0,0
20140925,188.94,194.66,188.94,193.52,0,0
20140926,196.95,199.24,192.37,194.66,0,0
20140929,199.24,199.24,198.1,199.24,0,0
20140930,195.81,198.1,190.08,198.1,0,0
20141001,198.1,198.1,192.37,192.37,0,0
20141002,198.1,198.1,198.1,198.1,0,0
20141006,198.1,198.1,190.08,192.37,0,0
20141007,191.23,192.37,190.08,192.37,0,0
20141009,188.94,188.94,187.79,187.79,0,0
20141010,186.65,186.65,183.21,183.21,0,0
20141013,184.36,187.79,183.21,183.21,0,0
20141014,183.21,187.79,183.21,183.21,0,0
20141015,187.79,187.79,187.79,187.79,0,0
20141016,183.21,183.21,183.21,183.21,0,0
20141017,183.21,192.37,183.21,192.37,0,0
20141020,191.23,191.23,191.23,191.23,0,0
20141022,183.21,188.94,179.78,188.94,0,0
20141023,190.08,192.37,180.92,192.37,0,0
20141027,175.2,185.5,175.2,185.5,0,0
20141028,160.31,160.31,160.31,160.31,0,0
20141029,171.76,193.52,171.76,180.92,0,0
20141030,179.78,187.79,174.05,175.2,0,0
20141031,174.05,182.07,171.76,178.63,0,0
20141103,175.2,176.34,175.2,175.2,0,0
20141104,178.63,182.07,178.63,182.07,0,0
20141105,182.07,183.21,174.05,174.05,0,0
20141106,178.63,178.63,177.49,177.49,0,0
20141107,177.49,177.49,168.33,168.33,0,0
20141110,171.76,177.49,171.76,174.05,0,0
20141112,178.63,446.6,162.6,446.6,0,0
20141113,468.62,500.07,459.18,459.18,0,0
20141114,468.62,814.57,468.62,710.79,0,0
20141117,717.08,723.37,647.89,669.9,0,0
20141118,669.9,673.05,647.89,673.05,0,0
20141119,685.63,710.79,663.61,663.61,0,0
20141120,647.89,660.47,619.58,629.02,0,0
20141121,607,635.31,600.71,616.43,0,0
20141124,632.16,632.16,607,625.87,0,0
20141125,622.73,622.73,594.42,597.56,0,0
20141126,597.56,720.22,597.56,717.08,0,0
20141127,723.37,754.82,691.92,704.5,0,0
20141128,739.09,739.09,647.89,647.89,0,0
20141201,638.45,638.45,610.14,610.14,0,0
20141202,610.14,610.14,603.85,603.85,0,0
20141203,600.71,613.29,600.71,613.29,0,0
20141204,616.43,616.43,603.85,607,0,0
20141205,603.85,638.45,588.13,607,0,0
20141208,600.71,600.71,572.4,588.13,0,0
20141209,572.4,572.4,556.68,556.68,0,0
20141210,553.53,553.53,518.94,528.37,0,0
20141211,515.79,528.37,509.5,509.5,0,0
20141212,509.5,528.37,503.21,525.23,0,0
20141215,525.23,525.23,493.78,506.36,0,0
20141216,493.78,493.78,468.62,471.76,0,0
20141217,471.76,484.34,468.62,478.05,0,0
20141218,478.05,500.07,459.18,493.78,0,0
20141219,493.78,493.78,474.91,474.91,0,0
20141222,500.07,500.07,474.91,487.49,0,0
20141223,478.05,481.2,474.91,481.2,0,0
20141229,481.2,484.34,471.76,481.2,0,0
20141230,474.91,490.63,474.91,474.91,0,0
