Date,Open,High,Low,Close,Volume,OpenInt
20070813,5.93,5.93,5.93,5.93,0,0
20070814,5.89,5.89,5.89,5.89,0,0
20070816,5.56,5.56,5.56,5.56,0,0
20070817,5.58,5.58,5.58,5.58,0,0
20070820,5.49,5.49,5.49,5.49,0,0
20070821,5.23,5.23,5.23,5.23,0,0
20070822,5.43,5.43,5.43,5.43,0,0
20070823,5.37,5.37,5.37,5.37,0,0
20070824,5.44,5.44,5.44,5.44,0,0
20070827,5.45,5.45,5.45,5.45,0,0
20070828,5.41,5.41,5.41,5.41,0,0
20070829,5.3,5.3,5.3,5.3,0,0
20070830,5.35,5.35,5.35,5.35,0,0
20070831,5.4,5.4,5.4,5.4,0,0
20070903,5.34,5.34,5.34,5.34,0,0
20070904,5.33,5.33,5.33,5.33,0,0
20070905,5.31,5.31,5.31,5.31,0,0
20070906,5.33,5.33,5.33,5.33,0,0
20070907,5.3,5.3,5.3,5.3,0,0
20070910,5.29,5.29,5.29,5.29,0,0
20070911,5.37,5.37,5.37,5.37,0,0
20070912,5.5,5.5,5.5,5.5,0,0
20070913,5.76,5.76,5.76,5.76,0,0
20070914,5.69,5.69,5.69,5.69,0,0
20070917,5.76,5.76,5.76,5.76,0,0
20070918,5.76,5.76,5.76,5.76,0,0
20070919,5.76,5.76,5.76,5.76,0,0
20070920,5.69,5.69,5.69,5.69,0,0
20070921,5.76,5.76,5.76,5.76,0,0
20070924,5.71,5.71,5.71,5.71,0,0
20070925,5.62,5.62,5.62,5.62,0,0
20070926,5.57,5.57,5.57,5.57,0,0
20070927,5.53,5.53,5.53,5.53,0,0
20070928,5.34,5.34,5.34,5.34,0,0
20071001,5.3,5.3,5.3,5.3,0,0
20071002,5.3,5.3,5.3,5.3,0,0
20071003,5.29,5.29,5.29,5.29,0,0
20071004,5.23,5.23,5.23,5.23,0,0
20071005,5.16,5.16,5.16,5.16,0,0
20071008,5.23,5.23,5.23,5.23,0,0
20071009,5.45,5.45,5.45,5.45,0,0
20071010,5.73,5.73,5.73,5.73,0,0
20071011,5.73,5.73,5.73,5.73,0,0
20071012,5.84,5.84,5.84,5.84,0,0
20071015,5.84,5.84,5.84,5.84,0,0
20071016,5.84,5.84,5.84,5.84,0,0
20071017,5.89,5.89,5.89,5.89,0,0
20071018,5.89,5.89,5.89,5.89,0,0
20071019,6.03,6.03,6.03,6.03,0,0
20071022,5.99,5.99,5.99,5.99,0,0
20071023,6.1,6.1,6.1,6.1,0,0
20071024,6.24,6.24,6.24,6.24,0,0
20071025,6.42,6.42,6.42,6.42,0,0
20071026,6.38,6.38,6.38,6.38,0,0
20071029,6.3,6.3,6.3,6.3,0,0
20071030,6.25,6.25,6.25,6.25,0,0
20071031,6.25,6.25,6.25,6.25,0,0
20071102,6.13,6.13,6.13,6.13,0,0
20071105,5.99,5.99,5.99,5.99,0,0
20071106,5.78,5.78,5.78,5.78,0,0
20071107,5.56,5.56,5.56,5.56,0,0
20071108,5.38,5.38,5.38,5.38,0,0
20071109,5.38,5.84,5.35,5.84,0,0
20071112,5.7,5.84,5.63,5.76,0,0
20071113,5.76,5.82,5.63,5.69,0,0
20071114,5.81,5.84,5.61,5.69,0,0
20071115,5.61,5.69,5.12,5.53,0,0
20071116,5.4,5.53,5.24,5.33,0,0
20071119,5.33,5.53,5.23,5.25,0,0
20071120,5.27,5.4,5.07,5.4,0,0
20071121,5.37,5.37,5.15,5.15,0,0
20071122,5.15,5.22,4.76,5.22,0,0
20071123,5.21,5.35,5.21,5.23,0,0
20071126,5.32,5.32,5.1,5.14,0,0
20071127,5.04,5.04,4.89,5.01,0,0
20071128,4.99,5.3,4.63,4.63,0,0
20071129,4.67,4.67,4.55,4.63,0,0
20071130,4.66,4.7,4.57,4.7,0,0
20071203,4.71,4.83,4.62,4.81,0,0
20071204,4.77,4.88,4.73,4.88,0,0
20071205,4.83,4.97,4.83,4.97,0,0
20071206,5.03,5.09,4.88,5.03,0,0
20071207,5.03,5.1,5.03,5.03,0,0
20071210,5.1,5.1,5.04,5.08,0,0
20071211,5.03,5.24,4.97,5.24,0,0
20071212,5.03,5.22,5.03,5.17,0,0
20071213,5.1,5.1,4.97,5.01,0,0
20071214,4.97,4.99,4.85,4.99,0,0
20071217,4.84,4.9,4.71,4.9,0,0
20071218,4.91,4.91,4.69,4.9,0,0
20071219,4.8,4.83,4.8,4.83,0,0
20071220,4.79,4.9,4.77,4.9,0,0
20071221,4.9,4.9,4.86,4.86,0,0
20071227,4.86,5.05,4.85,5,0,0
20071228,5.05,5.17,4.97,4.97,0,0
20080102,4.9,5.01,4.9,4.98,0,0
20080103,5.08,5.08,4.83,4.87,0,0
20080104,4.9,4.9,4.83,4.9,0,0
20080107,4.79,4.79,4.68,4.68,0,0
20080108,4.7,4.7,4.51,4.62,0,0
20080109,4.5,4.57,4.36,4.57,0,0
20080110,4.57,4.57,4.26,4.3,0,0
20080111,4.28,4.28,4.01,4.01,0,0
20080114,3.96,3.96,3.96,3.96,0,0
20080115,3.89,3.97,3.69,3.69,0,0
20080116,3.59,3.59,3.48,3.48,0,0
20080117,3.48,3.76,3.48,3.63,0,0
20080118,3.69,3.69,3.63,3.69,0,0
20080121,3.52,3.63,3.52,3.52,0,0
20080122,3.37,3.69,3.37,3.69,0,0
20080123,3.71,3.79,3.56,3.69,0,0
20080124,3.85,3.86,3.81,3.86,0,0
20080125,3.99,3.99,3.83,3.96,0,0
20080128,3.84,3.92,3.83,3.91,0,0
20080129,3.92,4.07,3.92,4.07,0,0
20080130,4.07,4.07,4.01,4.07,0,0
20080131,4.04,4.04,3.99,3.99,0,0
20080201,4.05,4.05,3.9,4.03,0,0
20080204,4.06,4.06,3.83,3.83,0,0
20080205,3.83,3.83,3.73,3.76,0,0
20080206,3.56,3.89,3.56,3.87,0,0
20080207,3.95,3.95,3.79,3.83,0,0
20080208,3.82,4.01,3.76,4.01,0,0
20080211,3.9,4.08,3.9,4.03,0,0
20080212,4.01,4.1,3.97,4.1,0,0
20080213,4.11,4.11,4.05,4.08,0,0
20080214,4.16,4.2,4.06,4.08,0,0
20080215,4.08,4.08,3.98,4.07,0,0
20080218,4.07,4.07,3.97,4.07,0,0
20080219,4.07,4.07,3.99,4.07,0,0
20080220,4.07,4.07,3.94,4.06,0,0
20080221,3.96,4.13,3.95,3.95,0,0
20080222,4.09,4.09,3.89,3.96,0,0
20080225,3.91,3.95,3.89,3.94,0,0
20080226,3.96,3.96,3.84,3.87,0,0
20080227,3.92,3.92,3.86,3.86,0,0
20080228,3.92,3.92,3.79,3.85,0,0
20080229,3.87,3.87,3.69,3.73,0,0
20080303,3.75,3.75,3.57,3.62,0,0
20080304,3.62,3.69,3.56,3.67,0,0
20080305,3.67,3.84,3.67,3.78,0,0
20080306,3.78,3.84,3.71,3.78,0,0
20080307,3.66,3.77,3.66,3.77,0,0
20080310,3.77,3.83,3.66,3.66,0,0
20080311,3.8,3.8,3.71,3.78,0,0
20080312,3.78,3.78,3.75,3.75,0,0
20080313,3.73,3.75,3.67,3.71,0,0
20080314,3.71,3.91,3.71,3.79,0,0
20080317,3.78,3.78,3.71,3.71,0,0
20080318,3.78,3.82,3.75,3.78,0,0
20080319,3.86,3.86,3.68,3.78,0,0
20080320,3.71,3.9,3.7,3.89,0,0
20080325,3.89,3.89,3.78,3.8,0,0
20080326,3.78,3.8,3.74,3.8,0,0
20080327,3.78,3.82,3.78,3.79,0,0
20080328,3.79,3.81,3.73,3.81,0,0
20080331,3.78,3.78,3.78,3.78,0,0
20080401,3.84,3.84,3.78,3.78,0,0
20080402,3.78,3.78,3.75,3.77,0,0
20080403,3.82,3.82,3.75,3.78,0,0
20080404,3.81,3.97,3.81,3.87,0,0
20080407,3.9,3.93,3.9,3.93,0,0
20080408,3.91,3.91,3.85,3.91,0,0
20080409,3.91,3.91,3.86,3.9,0,0
20080410,3.91,3.91,3.84,3.86,0,0
20080411,3.91,3.94,3.87,3.94,0,0
20080414,3.93,3.94,3.85,3.94,0,0
20080415,3.97,3.97,3.86,3.91,0,0
20080416,3.93,3.93,3.85,3.91,0,0
20080417,3.93,3.93,3.81,3.9,0,0
20080418,3.9,3.9,3.81,3.9,0,0
20080421,3.9,3.9,3.75,3.81,0,0
20080422,3.73,3.73,3.65,3.65,0,0
20080423,3.65,3.65,3.49,3.52,0,0
20080424,3.51,3.58,3.47,3.53,0,0
20080425,3.54,3.57,3.52,3.53,0,0
20080428,3.57,3.69,3.53,3.63,0,0
20080429,3.61,3.61,3.32,3.32,0,0
20080430,3.38,3.47,3.32,3.47,0,0
20080505,3.52,3.52,3.35,3.44,0,0
20080506,3.45,3.45,3.36,3.44,0,0
20080507,3.44,3.44,3.34,3.41,0,0
20080508,3.39,3.39,3.29,3.3,0,0
20080509,3.37,3.37,3.22,3.36,0,0
20080512,3.36,3.36,3.28,3.36,0,0
20080513,3.36,3.36,3.27,3.27,0,0
20080514,3.35,3.35,3.27,3.32,0,0
20080515,3.26,3.32,3.26,3.29,0,0
20080516,3.27,3.31,3.27,3.29,0,0
20080519,3.32,3.32,3.26,3.29,0,0
20080520,3.33,3.33,3.27,3.31,0,0
20080521,3.31,3.31,3.27,3.3,0,0
20080523,3.26,3.31,3.26,3.31,0,0
20080526,3.31,3.31,3.27,3.31,0,0
20080527,3.31,3.31,3.27,3.29,0,0
20080528,3.31,3.33,3.31,3.31,0,0
20080529,3.33,3.38,3.31,3.38,0,0
20080530,3.38,3.38,3.34,3.34,0,0
20080602,3.34,3.35,3.24,3.34,0,0
20080603,3.35,3.35,3.3,3.35,0,0
20080604,3.35,3.4,3.35,3.39,0,0
20080605,3.45,3.51,3.45,3.51,0,0
20080606,3.51,3.51,3.43,3.51,0,0
20080609,3.51,3.54,3.48,3.51,0,0
20080610,3.51,3.51,3.37,3.44,0,0
20080611,3.31,3.49,3.31,3.49,0,0
20080612,3.32,3.49,3.32,3.49,0,0
20080613,3.46,3.46,3.36,3.39,0,0
20080616,3.49,3.49,3.34,3.39,0,0
20080617,3.45,3.45,3.39,3.45,0,0
20080618,3.45,3.45,3.35,3.39,0,0
20080619,3.39,3.39,3.33,3.39,0,0
20080620,3.44,3.51,3.34,3.51,0,0
20080623,3.51,3.51,3.37,3.45,0,0
20080624,3.48,3.48,3.37,3.38,0,0
20080625,3.45,3.45,3.37,3.39,0,0
20080626,3.41,3.44,3.39,3.43,0,0
20080627,3.39,3.51,3.34,3.51,0,0
20080630,3.51,3.51,3.39,3.39,0,0
20080701,3.39,3.43,3.32,3.35,0,0
20080702,3.39,3.39,3.33,3.39,0,0
20080703,3.34,3.34,3.28,3.29,0,0
20080704,3.39,3.39,3.29,3.32,0,0
20080707,3.31,3.35,3.15,3.35,0,0
20080708,3.35,3.35,3.21,3.33,0,0
20080709,3.32,3.38,3.28,3.35,0,0
20080710,3.33,3.39,3.3,3.33,0,0
20080711,3.29,3.29,3.19,3.2,0,0
20080714,3.24,3.24,3.15,3.21,0,0
20080715,3.21,3.21,3.01,3.09,0,0
20080716,3.04,3.15,3.03,3.09,0,0
20080717,3.06,3.15,3.06,3.15,0,0
20080718,3.21,3.21,3.12,3.12,0,0
20080721,3.21,3.21,3.09,3.21,0,0
20080722,3.24,3.24,3.2,3.24,0,0
20080723,3.27,3.39,3.21,3.39,0,0
20080724,3.38,3.42,3.37,3.41,0,0
20080725,3.28,3.45,3.28,3.45,0,0
20080728,3.51,3.51,3.39,3.51,0,0
20080729,3.51,3.51,3.45,3.51,0,0
20080730,3.5,3.67,3.46,3.67,0,0
20080731,3.69,3.69,3.52,3.67,0,0
20080801,3.67,3.69,3.6,3.69,0,0
20080804,3.74,3.74,3.63,3.74,0,0
20080805,3.74,3.74,3.65,3.73,0,0
20080806,3.69,3.7,3.55,3.59,0,0
20080807,3.59,3.62,3.42,3.45,0,0
20080808,3.51,3.51,3.43,3.5,0,0
20080811,3.51,3.51,3.39,3.5,0,0
20080812,3.4,3.5,3.39,3.5,0,0
20080813,3.5,3.5,3.5,3.5,0,0
20080814,3.5,3.67,3.41,3.54,0,0
20080818,3.54,3.56,3.48,3.56,0,0
20080819,3.53,3.53,3.38,3.4,0,0
20080820,3.51,3.51,3.4,3.49,0,0
20080821,3.38,3.48,3.38,3.48,0,0
20080822,3.5,3.5,3.37,3.5,0,0
20080825,3.5,3.56,3.49,3.49,0,0
20080826,3.56,3.56,3.41,3.48,0,0
20080827,3.54,3.54,3.49,3.54,0,0
20080828,3.55,3.56,3.45,3.54,0,0
20080829,3.56,3.62,3.5,3.62,0,0
20080901,3.5,3.59,3.5,3.59,0,0
20080902,3.59,3.59,3.5,3.55,0,0
20080903,3.55,3.55,3.51,3.51,0,0
20080904,3.44,3.64,3.44,3.64,0,0
20080905,3.62,3.62,3.52,3.62,0,0
20080908,3.62,3.62,3.57,3.61,0,0
20080909,3.61,3.61,3.54,3.55,0,0
20080910,3.55,3.55,3.44,3.44,0,0
20080911,3.5,3.5,3.41,3.44,0,0
20080912,3.44,3.54,3.41,3.54,0,0
20080915,3.5,3.53,3.41,3.53,0,0
20080916,3.41,3.53,3.41,3.53,0,0
20080917,3.53,3.53,3.45,3.5,0,0
20080918,3.38,3.5,3.38,3.5,0,0
20080919,3.52,3.53,3.5,3.53,0,0
20080922,3.51,3.51,3.5,3.5,0,0
20080923,3.5,3.5,3.42,3.44,0,0
20080924,3.5,3.5,3.42,3.49,0,0
20080925,3.5,3.5,3.44,3.44,0,0
20080926,3.45,3.45,3.45,3.45,0,0
20080929,3.41,3.45,3.41,3.45,0,0
20080930,3.29,3.38,3.29,3.38,0,0
20081001,3.33,3.44,3.33,3.38,0,0
20081002,3.44,3.44,3.33,3.34,0,0
20081003,3.37,3.37,3.3,3.36,0,0
20081006,3.3,3.3,3.07,3.27,0,0
20081007,3.27,3.27,3.1,3.13,0,0
20081008,3.05,3.21,2.94,3.15,0,0
20081009,3.15,3.15,3.13,3.14,0,0
20081010,3.03,3.06,2.82,3.06,0,0
20081013,3.05,3.18,3.03,3.18,0,0
20081014,3.16,3.16,3.13,3.14,0,0
20081015,3.17,3.17,2.83,2.87,0,0
20081016,2.86,2.9,2.65,2.9,0,0
20081017,2.89,2.89,2.79,2.88,0,0
20081020,2.94,2.94,2.74,2.82,0,0
20081021,2.86,2.89,2.79,2.79,0,0
20081022,2.78,2.78,2.57,2.64,0,0
20081023,2.56,2.72,2.39,2.72,0,0
20081024,2.57,2.7,2.57,2.7,0,0
20081027,2.69,2.76,2.53,2.76,0,0
20081028,2.69,2.93,2.69,2.93,0,0
20081029,3.08,3.08,2.76,2.76,0,0
20081030,2.76,2.76,2.54,2.59,0,0
20081031,2.59,2.65,2.55,2.55,0,0
20081103,2.61,2.62,2.3,2.3,0,0
20081104,2.34,2.37,2.32,2.33,0,0
20081105,2.54,2.54,2.24,2.33,0,0
20081106,2.33,2.33,2.24,2.25,0,0
20081107,2.25,2.28,2.14,2.26,0,0
20081110,2.26,2.27,2.19,2.27,0,0
20081112,2.27,2.27,2.17,2.17,0,0
20081113,2.17,2.17,2.14,2.14,0,0
20081114,2.14,2.21,2.09,2.12,0,0
20081117,2.12,2.12,2.07,2.12,0,0
20081118,2.11,2.11,2.01,2.09,0,0
20081119,2.09,2.09,2.01,2.03,0,0
20081120,2.01,2.04,1.96,2.04,0,0
20081121,2.01,2.06,2.01,2.04,0,0
20081124,2.05,2.1,2.03,2.09,0,0
20081125,2.06,2.09,2.03,2.07,0,0
20081126,2.1,2.1,2.06,2.06,0,0
20081127,2.06,2.11,2.06,2.07,0,0
20081128,2.06,2.08,2.02,2.06,0,0
20081201,2.08,2.08,2.05,2.06,0,0
20081202,2.05,2.11,2.04,2.08,0,0
20081203,2.1,2.13,2.07,2.07,0,0
20081204,2.07,2.07,2.06,2.07,0,0
20081205,2.1,2.1,2.07,2.09,0,0
20081208,2.11,2.12,2.09,2.09,0,0
20081209,2.13,2.13,2.07,2.07,0,0
20081210,2.12,2.12,2.06,2.07,0,0
20081211,2.1,2.1,2.05,2.05,0,0
20081212,2.04,2.04,2,2,0,0
20081215,2.09,2.09,2.06,2.06,0,0
20081216,2.07,2.07,2.06,2.07,0,0
20081217,2.08,2.08,2.03,2.03,0,0
20081218,2.08,2.08,2.01,2.03,0,0
20081219,2.03,2.03,2,2,0,0
20081222,2,2.06,2,2.06,0,0
20081223,2.06,2.07,2,2.07,0,0
20081229,2.01,2.03,2.01,2.03,0,0
20081230,2.01,2.04,2.01,2.04,0,0
20081231,2.01,2.1,2.01,2.1,0,0
20090105,2.15,2.15,2.1,2.15,0,0
20090106,2.15,2.29,2.15,2.28,0,0
20090107,2.32,2.32,2.26,2.26,0,0
20090108,2.26,2.26,2.24,2.25,0,0
20090109,2.3,2.3,2.26,2.29,0,0
20090112,2.29,2.29,2.24,2.27,0,0
20090113,2.27,2.27,2.2,2.24,0,0
20090114,2.26,2.28,2.24,2.28,0,0
20090115,2.18,2.28,2.18,2.22,0,0
20090116,2.31,2.31,2.25,2.29,0,0
20090119,2.29,2.3,2.24,2.26,0,0
20090120,2.2,2.26,2.19,2.26,0,0
20090121,2.26,2.26,2.2,2.26,0,0
20090122,2.3,2.3,2.18,2.22,0,0
20090123,2.22,2.22,2.18,2.22,0,0
20090126,2.22,2.24,2.19,2.24,0,0
20090127,2.28,2.28,2.19,2.24,0,0
20090128,2.27,2.29,2.24,2.29,0,0
20090129,2.3,2.3,2.26,2.3,0,0
20090130,2.3,2.3,2.24,2.27,0,0
20090202,2.31,2.31,2.17,2.3,0,0
20090203,2.27,2.27,2.14,2.22,0,0
20090204,2.28,2.28,2.17,2.25,0,0
20090205,2.28,2.28,2.25,2.25,0,0
20090206,2.22,2.25,2.18,2.25,0,0
20090209,2.16,2.26,2.16,2.2,0,0
20090210,2.22,2.24,2.2,2.22,0,0
20090211,2.23,2.23,2.12,2.12,0,0
20090212,2.22,2.22,2.08,2.08,0,0
20090213,2.14,2.14,2.04,2.08,0,0
20090216,2.14,2.14,2.04,2.04,0,0
20090217,1.99,2,1.94,1.94,0,0
20090218,2.03,2.03,1.93,1.98,0,0
20090219,2.03,2.03,1.97,1.98,0,0
20090220,2.03,2.03,1.93,1.93,0,0
20090223,2.03,2.03,1.93,1.98,0,0
20090224,2.01,2.01,1.88,1.98,0,0
20090225,1.98,2.11,1.98,2.08,0,0
20090226,2.11,2.18,2.07,2.18,0,0
20090227,2.18,2.18,1.93,1.98,0,0
20090302,2.03,2.06,2.03,2.06,0,0
20090303,2.04,2.04,1.94,2.03,0,0
20090304,2.1,2.1,1.98,2.04,0,0
20090305,2.04,2.08,2.03,2.03,0,0
20090306,2.06,2.06,1.98,2.03,0,0
20090309,2.03,2.03,1.99,2.03,0,0
20090310,2.03,2.03,1.99,1.99,0,0
20090311,2.01,2.02,2,2.02,0,0
20090312,1.99,2.03,1.99,2.02,0,0
20090313,2.02,2.09,2.02,2.09,0,0
20090316,2.12,2.15,2.12,2.15,0,0
20090317,2.16,2.16,2.15,2.15,0,0
20090318,2.15,2.15,2.11,2.11,0,0
20090319,2.11,2.18,2.09,2.18,0,0
20090320,2.24,2.24,2.15,2.23,0,0
20090323,2.23,2.36,2.23,2.36,0,0
20090324,2.38,2.38,2.23,2.33,0,0
20090325,2.33,2.33,2.27,2.33,0,0
20090326,2.33,2.37,2.29,2.37,0,0
20090327,2.37,2.4,2.2,2.3,0,0
20090330,2.3,2.3,2.22,2.23,0,0
20090331,2.25,2.34,2.25,2.34,0,0
20090401,2.34,2.34,2.28,2.29,0,0
20090402,2.33,2.35,2.29,2.35,0,0
20090403,2.35,2.4,2.35,2.4,0,0
20090406,2.45,2.45,2.28,2.31,0,0
20090407,2.29,2.34,2.29,2.34,0,0
20090408,2.34,2.45,2.3,2.45,0,0
20090409,2.44,2.44,2.36,2.41,0,0
20090414,2.41,2.41,2.36,2.37,0,0
20090415,2.37,2.37,2.35,2.36,0,0
20090416,2.36,2.38,2.36,2.38,0,0
20090417,2.38,2.38,2.34,2.36,0,0
20090420,2.36,2.36,2.33,2.35,0,0
20090421,2.36,2.37,2.33,2.37,0,0
20090422,2.38,2.41,2.38,2.4,0,0
20090423,2.43,2.5,2.43,2.49,0,0
20090424,2.53,2.63,2.53,2.63,0,0
20090427,2.63,2.65,2.59,2.65,0,0
20090428,2.63,2.63,2.59,2.59,0,0
20090429,2.64,3.04,2.51,2.51,0,0
20090430,2.51,2.51,2.47,2.51,0,0
20090504,2.4,2.55,2.4,2.54,0,0
20090505,2.55,2.55,2.46,2.48,0,0
20090506,2.48,2.54,2.48,2.54,0,0
20090507,2.54,2.54,2.44,2.51,0,0
20090508,2.51,2.51,2.44,2.51,0,0
20090511,2.51,2.51,2.46,2.51,0,0
20090512,2.51,2.61,2.5,2.61,0,0
20090513,2.68,2.68,2.57,2.64,0,0
20090514,2.56,2.64,2.48,2.58,0,0
20090515,2.63,2.63,2.54,2.56,0,0
20090518,2.56,2.58,2.5,2.58,0,0
20090519,2.58,2.59,2.55,2.56,0,0
20090520,2.59,2.59,2.56,2.57,0,0
20090521,2.59,2.59,2.51,2.58,0,0
20090522,2.56,2.56,2.52,2.55,0,0
20090525,2.55,2.55,2.45,2.45,0,0
20090526,2.45,2.45,2.41,2.41,0,0
20090527,2.44,2.56,2.41,2.56,0,0
20090528,2.56,2.56,2.51,2.52,0,0
20090529,2.42,2.56,2.42,2.53,0,0
20090601,2.53,2.56,2.49,2.56,0,0
20090602,2.56,2.56,2.49,2.51,0,0
20090603,2.56,2.59,2.5,2.52,0,0
20090604,2.56,2.56,2.5,2.55,0,0
20090605,2.52,2.53,2.47,2.48,0,0
20090608,2.54,2.54,2.44,2.44,0,0
20090609,2.48,2.48,2.42,2.47,0,0
20090610,2.47,2.47,2.41,2.46,0,0
20090612,2.46,2.5,2.46,2.47,0,0
20090615,2.47,2.47,2.45,2.45,0,0
20090616,2.51,2.51,2.42,2.42,0,0
20090617,2.42,2.42,2.36,2.37,0,0
20090618,2.36,2.37,2.36,2.37,0,0
20090619,2.37,2.38,2.37,2.37,0,0
20090622,2.37,2.37,2.33,2.33,0,0
20090623,2.28,2.31,2.24,2.31,0,0
20090624,2.3,2.34,2.3,2.31,0,0
20090625,2.31,2.37,2.31,2.33,0,0
20090626,2.32,2.37,2.32,2.35,0,0
20090629,2.37,2.37,2.37,2.37,0,0
20090630,2.39,2.41,2.39,2.41,0,0
20090701,2.42,2.49,2.42,2.49,0,0
20090702,2.51,2.51,2.49,2.51,0,0
20090703,2.47,2.51,2.42,2.48,0,0
20090706,2.48,2.49,2.47,2.49,0,0
20090707,2.47,2.51,2.47,2.51,0,0
20090708,2.47,2.51,2.45,2.48,0,0
20090709,2.52,2.52,2.49,2.51,0,0
20090710,2.52,2.52,2.5,2.51,0,0
20090713,2.52,2.52,2.47,2.47,0,0
20090714,2.51,2.53,2.47,2.53,0,0
20090715,2.53,2.53,2.51,2.53,0,0
20090716,2.53,2.53,2.49,2.51,0,0
20090717,2.53,2.53,2.44,2.44,0,0
20090720,2.5,2.5,2.39,2.46,0,0
20090721,2.47,2.54,2.44,2.54,0,0
20090722,2.53,2.53,2.48,2.51,0,0
20090723,2.54,2.54,2.47,2.47,0,0
20090724,2.54,2.54,2.44,2.51,0,0
20090727,2.52,2.52,2.46,2.46,0,0
20090728,2.44,2.49,2.44,2.49,0,0
20090729,2.5,2.5,2.44,2.44,0,0
20090730,2.44,2.49,2.44,2.47,0,0
20090731,2.51,2.52,2.48,2.48,0,0
20090803,2.47,2.51,2.47,2.5,0,0
20090804,2.51,2.52,2.47,2.52,0,0
20090805,2.54,2.55,2.52,2.52,0,0
20090806,2.55,2.55,2.52,2.52,0,0
20090807,2.55,2.55,2.52,2.52,0,0
20090810,2.54,2.54,2.52,2.52,0,0
20090811,2.55,2.72,2.55,2.71,0,0
20090812,2.72,2.73,2.65,2.65,0,0
20090813,2.66,2.72,2.66,2.72,0,0
20090814,2.72,2.74,2.69,2.72,0,0
20090817,2.68,2.68,2.62,2.66,0,0
20090818,2.65,2.66,2.62,2.66,0,0
20090819,2.67,2.69,2.6,2.69,0,0
20090820,2.74,2.74,2.7,2.74,0,0
20090821,2.73,2.75,2.71,2.72,0,0
20090824,2.72,2.8,2.71,2.8,0,0
20090825,2.8,2.8,2.73,2.8,0,0
20090826,2.79,2.83,2.71,2.74,0,0
20090827,2.74,2.79,2.72,2.79,0,0
20090828,2.8,3,2.8,2.97,0,0
20090831,2.97,3.1,2.92,3.1,0,0
20090901,3.1,3.1,2.93,3.01,0,0
20090902,2.99,3.01,2.81,2.86,0,0
20090903,2.84,2.96,2.83,2.91,0,0
20090904,2.96,2.96,2.92,2.92,0,0
20090907,2.92,2.95,2.83,2.95,0,0
20090908,2.92,2.92,2.89,2.9,0,0
20090909,2.9,2.9,2.83,2.89,0,0
20090910,2.91,2.91,2.89,2.91,0,0
20090911,3.04,3.1,3.02,3.06,0,0
20090914,3.07,3.07,2.93,2.96,0,0
20090915,3.01,3.01,2.91,2.97,0,0
20090916,3.05,3.05,2.92,2.97,0,0
20090917,3.06,3.06,2.97,3.01,0,0
20090918,2.94,2.97,2.92,2.92,0,0
20090921,2.84,2.92,2.83,2.92,0,0
20090922,2.97,3.01,2.93,3.01,0,0
20090923,3.01,3.01,2.95,3.01,0,0
20090924,3.02,3.02,2.95,2.95,0,0
20090925,2.95,2.95,2.89,2.92,0,0
20090928,2.92,2.99,2.86,2.99,0,0
20090929,2.92,2.98,2.92,2.98,0,0
20090930,2.99,2.99,2.99,2.99,0,0
20091001,2.99,2.99,2.92,2.92,0,0
20091002,2.92,2.92,2.79,2.88,0,0
20091005,2.92,2.92,2.75,2.75,0,0
20091006,2.84,2.84,2.72,2.73,0,0
20091007,2.81,2.81,2.7,2.73,0,0
20091008,2.79,2.79,2.69,2.75,0,0
20091009,2.79,2.79,2.72,2.72,0,0
20091012,2.75,2.75,2.71,2.74,0,0
20091013,2.71,2.75,2.68,2.75,0,0
20091014,2.75,2.75,2.7,2.75,0,0
20091015,2.68,2.72,2.66,2.72,0,0
20091016,2.67,2.74,2.65,2.68,0,0
20091019,2.63,2.68,2.63,2.66,0,0
20091020,2.7,2.74,2.66,2.7,0,0
20091021,2.74,2.75,2.67,2.75,0,0
20091022,2.79,2.83,2.76,2.78,0,0
20091023,2.79,2.83,2.78,2.83,0,0
20091026,2.83,2.83,2.78,2.83,0,0
20091027,2.83,2.83,2.8,2.83,0,0
20091028,2.83,2.83,2.8,2.83,0,0
20091029,2.87,2.87,2.83,2.87,0,0
20091030,2.86,2.92,2.78,2.92,0,0
20091102,2.91,2.91,2.85,2.91,0,0
20091103,2.91,2.91,2.84,2.9,0,0
20091104,2.9,2.91,2.83,2.91,0,0
20091105,2.91,2.92,2.87,2.92,0,0
20091106,2.95,3,2.8,2.8,0,0
20091109,2.79,2.85,2.76,2.85,0,0
20091110,2.85,2.85,2.78,2.84,0,0
20091112,2.85,2.85,2.78,2.85,0,0
20091113,2.81,2.84,2.81,2.81,0,0
20091116,2.81,2.81,2.78,2.81,0,0
20091117,2.83,2.83,2.71,2.75,0,0
20091118,2.75,2.75,2.71,2.72,0,0
20091119,2.71,2.71,2.64,2.64,0,0
20091120,2.68,2.68,2.58,2.64,0,0
20091123,2.64,2.83,2.64,2.8,0,0
20091124,2.8,2.8,2.75,2.79,0,0
20091125,2.81,2.81,2.79,2.8,0,0
20091126,2.82,2.82,2.78,2.78,0,0
20091127,2.83,2.83,2.73,2.79,0,0
20091130,2.8,2.81,2.79,2.8,0,0
20091201,2.68,2.8,2.68,2.78,0,0
20091202,2.75,2.8,2.74,2.75,0,0
20091203,2.76,2.76,2.69,2.75,0,0
20091204,2.75,2.75,2.7,2.75,0,0
20091207,2.74,2.76,2.71,2.76,0,0
20091208,2.75,2.76,2.71,2.76,0,0
20091209,2.76,2.81,2.71,2.76,0,0
20091210,2.8,2.8,2.66,2.72,0,0
20091211,2.72,2.77,2.67,2.77,0,0
20091214,2.81,2.81,2.73,2.75,0,0
20091215,2.73,2.79,2.72,2.79,0,0
20091216,2.76,2.79,2.75,2.79,0,0
20091217,2.8,2.81,2.76,2.81,0,0
20091218,2.8,2.8,2.76,2.79,0,0
20091221,2.8,2.8,2.68,2.76,0,0
20091222,2.81,2.81,2.74,2.81,0,0
20091223,2.81,2.83,2.76,2.81,0,0
20091228,2.87,2.87,2.81,2.85,0,0
20091229,2.84,2.85,2.8,2.84,0,0
20091230,2.84,2.84,2.81,2.84,0,0
20091231,2.82,2.84,2.81,2.81,0,0
20100104,2.89,2.93,2.81,2.91,0,0
20100105,2.97,2.97,2.87,2.91,0,0
20100106,2.89,2.92,2.89,2.92,0,0
20100107,2.92,2.93,2.91,2.92,0,0
20100108,2.93,3.01,2.93,3,0,0
20100111,3,3.13,3,3.1,0,0
20100112,3.12,3.12,3,3,0,0
20100113,2.97,3.03,2.93,3.03,0,0
20100114,3.05,3.05,3.04,3.04,0,0
20100115,2.98,3.06,2.98,3.04,0,0
20100118,3.05,3.09,3.03,3.06,0,0
20100119,3.07,3.07,3.02,3.06,0,0
20100120,3.09,3.09,3.04,3.04,0,0
20100121,3.04,3.04,2.98,2.98,0,0
20100122,3.05,3.05,2.93,2.98,0,0
20100125,3,3,2.96,2.97,0,0
20100126,2.97,2.97,2.87,2.97,0,0
20100127,2.89,2.97,2.89,2.97,0,0
20100128,3.01,3.01,2.91,2.96,0,0
20100129,3,3,2.89,2.91,0,0
20100201,2.95,2.95,2.87,2.91,0,0
20100202,2.95,2.95,2.89,2.93,0,0
20100203,2.93,2.93,2.91,2.93,0,0
20100204,2.93,2.93,2.83,2.83,0,0
20100205,2.83,2.83,2.76,2.81,0,0
20100208,2.82,2.82,2.79,2.82,0,0
20100209,2.78,2.93,2.76,2.91,0,0
20100210,2.94,2.94,2.87,2.9,0,0
20100211,2.94,2.94,2.86,2.9,0,0
20100212,2.94,3.02,2.88,2.88,0,0
20100215,2.89,2.93,2.85,2.93,0,0
20100216,2.86,2.9,2.85,2.87,0,0
20100217,2.87,2.9,2.86,2.9,0,0
20100218,2.9,2.91,2.86,2.91,0,0
20100219,2.94,2.94,2.85,2.85,0,0
20100222,2.88,2.88,2.84,2.86,0,0
20100223,2.85,2.85,2.84,2.84,0,0
20100224,2.8,2.84,2.8,2.82,0,0
20100225,2.83,2.83,2.8,2.81,0,0
20100226,2.79,2.86,2.79,2.86,0,0
20100301,2.92,2.92,2.82,2.84,0,0
20100302,2.86,2.86,2.82,2.82,0,0
20100303,2.84,2.84,2.79,2.82,0,0
20100304,2.82,2.82,2.79,2.82,0,0
20100305,2.82,2.82,2.79,2.82,0,0
20100308,2.86,3.03,2.86,2.95,0,0
20100309,2.96,2.98,2.95,2.97,0,0
20100310,2.96,3.01,2.96,2.99,0,0
20100311,3,3.02,3,3.01,0,0
20100312,3.02,3.13,3.02,3.11,0,0
20100315,3.12,3.12,3.04,3.04,0,0
20100316,3.04,3.11,3.04,3.1,0,0
20100317,3.11,3.13,3.08,3.11,0,0
20100318,3.11,3.11,3.08,3.1,0,0
20100319,3.11,3.11,3.08,3.1,0,0
20100322,3.1,3.1,3.05,3.07,0,0
20100323,3.07,3.07,3.05,3.06,0,0
20100324,3.05,3.06,3.01,3.03,0,0
20100325,3.01,3.04,3,3,0,0
20100326,3.01,3.04,3,3.01,0,0
20100329,3.03,3.06,3.03,3.03,0,0
20100330,3.07,3.07,3.05,3.06,0,0
20100331,3.06,3.06,3.02,3.05,0,0
20100401,3.09,3.09,3.03,3.04,0,0
20100406,3.08,3.08,3.04,3.05,0,0
20100407,3.08,3.1,3.05,3.05,0,0
20100408,3.04,3.05,3.04,3.05,0,0
20100409,3.05,3.08,3.05,3.06,0,0
20100412,3.06,3.11,3.06,3.11,0,0
20100413,3.11,3.13,3.1,3.13,0,0
20100414,3.13,3.18,3.1,3.1,0,0
20100415,3.14,3.14,3.09,3.1,0,0
20100416,3.17,3.17,3.09,3.11,0,0
20100419,3.08,3.08,3.01,3.04,0,0
20100420,3.08,3.11,3.08,3.11,0,0
20100421,3.11,3.11,3.07,3.11,0,0
20100422,3.11,3.11,3.07,3.11,0,0
20100423,3.11,3.15,3.09,3.15,0,0
20100426,3.22,3.22,3.12,3.17,0,0
20100427,3.19,3.19,3.14,3.17,0,0
20100428,3.14,3.14,3.05,3.09,0,0
20100429,3.08,3.13,3.05,3.13,0,0
20100430,3.13,3.15,3.01,3.01,0,0
20100504,3.01,3.01,2.95,2.95,0,0
20100505,2.91,2.91,2.87,2.87,0,0
20100506,2.84,2.93,2.84,2.93,0,0
20100507,2.87,2.89,2.84,2.89,0,0
20100510,2.89,2.96,2.89,2.96,0,0
20100511,2.95,2.95,2.94,2.95,0,0
20100512,2.91,3.05,2.91,2.95,0,0
20100513,3.03,3.03,2.97,3,0,0
20100514,3,3,2.96,2.99,0,0
20100517,2.97,2.97,2.93,2.96,0,0
20100518,2.99,2.99,2.94,2.95,0,0
20100519,2.95,2.95,2.83,2.85,0,0
20100520,2.85,2.85,2.73,2.75,0,0
20100521,2.75,2.81,2.75,2.75,0,0
20100524,2.75,2.79,2.75,2.79,0,0
20100525,2.79,2.79,2.69,2.75,0,0
20100526,2.76,2.99,2.76,2.99,0,0
20100527,2.99,2.99,2.87,2.91,0,0
20100528,2.98,2.98,2.88,2.91,0,0
20100531,2.9,2.9,2.86,2.9,0,0
20100601,2.91,2.91,2.86,2.87,0,0
20100602,2.86,2.91,2.86,2.87,0,0
20100604,2.93,2.93,2.87,2.87,0,0
20100607,2.87,2.87,2.83,2.84,0,0
20100608,2.84,2.84,2.76,2.83,0,0
20100609,2.83,2.83,2.8,2.83,0,0
20100610,2.82,2.82,2.79,2.82,0,0
20100611,2.83,2.83,2.8,2.82,0,0
20100614,2.76,2.82,2.76,2.82,0,0
20100615,2.79,2.79,2.78,2.78,0,0
20100616,2.79,2.79,2.76,2.76,0,0
20100617,2.79,2.79,2.75,2.79,0,0
20100618,2.75,2.76,2.75,2.76,0,0
20100621,2.76,2.79,2.76,2.76,0,0
20100622,2.82,2.82,2.76,2.78,0,0
20100623,2.82,2.82,2.76,2.79,0,0
20100624,2.77,2.77,2.77,2.77,0,0
20100625,2.8,2.8,2.75,2.79,0,0
20100628,2.82,2.82,2.76,2.76,0,0
20100629,2.79,2.79,2.79,2.79,0,0
20100630,2.76,2.8,2.76,2.8,0,0
20100701,2.79,2.79,2.79,2.79,0,0
20100702,2.82,2.82,2.82,2.82,0,0
20100705,2.82,2.82,2.79,2.81,0,0
20100706,2.79,2.82,2.79,2.82,0,0
20100707,2.82,2.82,2.77,2.8,0,0
20100708,2.83,2.83,2.77,2.79,0,0
20100709,2.77,2.8,2.77,2.8,0,0
20100712,2.8,2.8,2.75,2.8,0,0
20100713,2.82,2.82,2.81,2.81,0,0
20100714,2.81,2.81,2.77,2.78,0,0
20100715,2.76,2.81,2.76,2.79,0,0
20100716,2.81,2.81,2.76,2.79,0,0
20100719,2.76,2.77,2.76,2.77,0,0
20100720,2.77,2.77,2.76,2.77,0,0
20100721,2.78,2.79,2.75,2.78,0,0
20100722,2.79,2.83,2.79,2.83,0,0
20100723,2.84,2.87,2.8,2.82,0,0
20100726,2.86,2.86,2.82,2.83,0,0
20100727,2.81,2.83,2.8,2.8,0,0
20100728,2.86,2.86,2.83,2.83,0,0
20100729,2.86,2.86,2.79,2.79,0,0
20100730,2.83,2.83,2.78,2.78,0,0
20100802,2.83,2.83,2.78,2.78,0,0
20100803,2.86,2.86,2.8,2.81,0,0
20100804,2.81,2.81,2.8,2.81,0,0
20100805,2.8,2.85,2.8,2.85,0,0
20100806,2.85,2.85,2.8,2.8,0,0
20100809,2.77,2.8,2.76,2.79,0,0
20100810,2.82,2.82,2.77,2.82,0,0
20100811,2.77,2.82,2.77,2.82,0,0
20100812,2.82,2.85,2.82,2.83,0,0
20100813,2.83,2.83,2.6,2.6,0,0
20100816,2.6,2.6,2.59,2.59,0,0
20100817,2.61,2.61,2.58,2.59,0,0
20100818,2.59,2.64,2.58,2.63,0,0
20100819,2.61,2.61,2.59,2.6,0,0
20100820,2.59,2.6,2.59,2.59,0,0
20100823,2.58,2.61,2.58,2.6,0,0
20100824,2.6,2.6,2.58,2.6,0,0
20100825,2.58,2.62,2.58,2.61,0,0
20100826,2.61,2.61,2.6,2.61,0,0
20100827,2.61,2.61,2.6,2.61,0,0
20100830,2.58,2.61,2.58,2.58,0,0
20100831,2.6,2.6,2.5,2.57,0,0
20100901,2.55,2.57,2.54,2.57,0,0
20100902,2.57,2.65,2.53,2.64,0,0
20100903,2.65,2.66,2.64,2.66,0,0
20100906,2.67,2.68,2.65,2.68,0,0
20100907,2.68,2.68,2.63,2.67,0,0
20100908,2.67,2.67,2.61,2.67,0,0
20100909,2.61,2.65,2.61,2.65,0,0
20100910,2.65,2.65,2.61,2.61,0,0
20100913,2.6,2.62,2.6,2.61,0,0
20100914,2.59,2.6,2.57,2.6,0,0
20100915,2.59,2.6,2.55,2.6,0,0
20100916,2.57,2.6,2.57,2.6,0,0
20100917,2.6,2.6,2.57,2.6,0,0
20100920,2.57,2.57,2.53,2.56,0,0
20100921,2.56,2.56,2.55,2.56,0,0
20100922,2.56,2.56,2.51,2.51,0,0
20100923,2.5,2.51,2.5,2.5,0,0
20100924,2.5,2.54,2.49,2.54,0,0
20100927,2.53,2.53,2.5,2.5,0,0
20100928,2.52,2.52,2.43,2.43,0,0
20100929,2.47,2.5,2.47,2.5,0,0
20100930,2.5,2.52,2.46,2.5,0,0
20101001,2.49,2.57,2.49,2.54,0,0
20101004,2.51,2.51,2.5,2.5,0,0
20101005,2.5,2.5,2.49,2.49,0,0
20101006,2.49,2.5,2.49,2.49,0,0
20101007,2.5,2.5,2.47,2.49,0,0
20101008,2.5,2.5,2.46,2.46,0,0
20101011,2.46,2.49,2.46,2.46,0,0
20101012,2.46,2.46,2.43,2.45,0,0
20101013,2.46,2.46,2.44,2.45,0,0
20101014,2.43,2.45,2.43,2.44,0,0
20101015,2.43,2.43,2.38,2.39,0,0
20101018,2.35,2.37,2.33,2.35,0,0
20101019,2.35,2.35,2.29,2.29,0,0
20101020,2.29,2.34,2.29,2.3,0,0
20101021,2.31,2.35,2.31,2.35,0,0
20101022,2.34,2.35,2.32,2.32,0,0
20101025,2.34,2.34,2.31,2.32,0,0
20101026,2.34,2.36,2.33,2.36,0,0
20101027,2.39,2.39,2.34,2.34,0,0
20101028,2.38,2.39,2.34,2.38,0,0
20101029,2.39,2.45,2.39,2.43,0,0
20101102,2.41,2.41,2.24,2.24,0,0
20101103,2.23,2.24,2.23,2.23,0,0
20101104,2.24,2.24,2.23,2.23,0,0
20101105,2.19,2.2,2.18,2.2,0,0
20101108,2.24,2.24,2.19,2.23,0,0
20101109,2.23,2.23,2.22,2.22,0,0
20101110,2.23,2.25,2.22,2.25,0,0
20101112,2.26,2.26,2.24,2.25,0,0
20101115,2.19,2.25,2.19,2.25,0,0
20101116,2.25,2.25,2.21,2.24,0,0
20101117,2.22,2.22,2.19,2.2,0,0
20101118,2.24,2.24,2.19,2.19,0,0
20101119,2.19,2.19,2.14,2.14,0,0
20101122,2.15,2.23,2.15,2.22,0,0
20101123,2.23,2.23,2.19,2.21,0,0
20101124,2.21,2.21,2.15,2.2,0,0
20101125,2.2,2.2,2.16,2.2,0,0
20101126,2.2,2.2,2.15,2.18,0,0
20101129,2.14,2.16,2.13,2.16,0,0
20101130,2.12,2.21,2.11,2.11,0,0
20101201,2.11,2.14,2.1,2.13,0,0
20101202,2.17,2.18,2.11,2.13,0,0
20101203,2.17,2.17,2.1,2.11,0,0
20101206,2.11,2.11,2.08,2.11,0,0
20101207,2.1,2.12,2.1,2.11,0,0
20101208,2.14,2.17,2.11,2.17,0,0
20101209,2.17,2.21,2.17,2.21,0,0
20101210,2.21,2.21,2.18,2.21,0,0
20101213,2.21,2.21,2.19,2.21,0,0
20101214,2.24,2.24,2.19,2.19,0,0
20101215,2.23,2.23,2.19,2.22,0,0
20101216,2.24,2.24,2.2,2.22,0,0
20101217,2.22,2.22,2.18,2.2,0,0
20101220,2.21,2.22,2.16,2.18,0,0
20101221,2.16,2.18,2.16,2.18,0,0
20101222,2.11,2.21,2.11,2.18,0,0
20101223,2.22,2.3,2.18,2.3,0,0
20101227,2.31,2.34,2.28,2.34,0,0
20101228,2.34,2.39,2.32,2.37,0,0
20101229,2.39,2.39,2.3,2.39,0,0
20101230,2.39,2.39,2.34,2.39,0,0
20101231,2.34,2.38,2.32,2.35,0,0
20110103,2.3,2.36,2.3,2.35,0,0
20110104,2.34,2.35,2.32,2.32,0,0
20110105,2.35,2.35,2.27,2.3,0,0
20110107,2.3,2.3,2.28,2.28,0,0
20110110,2.32,2.32,2.14,2.14,0,0
20110111,2.25,2.28,2.21,2.21,0,0
20110112,2.27,2.27,2.24,2.25,0,0
20110113,2.27,2.31,2.25,2.3,0,0
20110114,2.34,2.35,2.34,2.35,0,0
20110117,2.38,2.38,2.3,2.32,0,0
20110118,2.37,2.38,2.31,2.32,0,0
20110119,2.31,2.32,2.29,2.32,0,0
20110120,2.32,2.32,2.26,2.3,0,0
20110121,2.28,2.31,2.27,2.31,0,0
20110124,2.31,2.31,2.26,2.26,0,0
20110125,2.27,2.28,2.27,2.28,0,0
20110126,2.28,2.28,2.27,2.27,0,0
20110127,2.27,2.27,2.27,2.27,0,0
20110128,2.26,2.26,2.26,2.26,0,0
20110131,2.26,2.28,2.26,2.28,0,0
20110201,2.28,2.28,2.24,2.26,0,0
20110202,2.26,2.27,2.22,2.22,0,0
20110203,2.22,2.22,2.18,2.19,0,0
20110204,2.21,2.21,2.19,2.19,0,0
20110207,2.2,2.2,2.1,2.13,0,0
20110208,2.14,2.14,2.11,2.11,0,0
20110209,2.15,2.21,2.13,2.18,0,0
20110210,2.18,2.18,2.15,2.17,0,0
20110211,2.17,2.17,2.14,2.17,0,0
20110214,2.2,2.2,1.97,1.97,0,0
20110215,1.99,1.99,1.97,1.98,0,0
20110216,1.98,1.98,1.94,1.94,0,0
20110217,1.93,1.95,1.87,1.93,0,0
20110218,1.94,1.94,1.88,1.88,0,0
20110221,1.88,1.88,1.87,1.88,0,0
20110222,1.87,1.88,1.83,1.83,0,0
20110223,1.83,1.83,1.8,1.8,0,0
20110224,1.8,1.8,1.75,1.77,0,0
20110225,1.76,1.77,1.75,1.75,0,0
20110228,1.77,1.82,1.74,1.75,0,0
20110301,1.77,1.78,1.75,1.75,0,0
20110302,1.75,1.76,1.74,1.75,0,0
20110303,1.76,1.8,1.75,1.78,0,0
20110304,1.79,1.79,1.77,1.78,0,0
20110307,1.81,1.81,1.78,1.78,0,0
20110308,1.78,1.79,1.78,1.79,0,0
20110309,1.8,1.8,1.8,1.8,0,0
20110310,1.81,1.81,1.76,1.76,0,0
20110311,1.78,1.79,1.76,1.78,0,0
20110314,1.79,1.8,1.78,1.79,0,0
20110315,1.78,1.91,1.77,1.79,0,0
20110316,1.81,1.81,1.76,1.77,0,0
20110317,1.78,1.82,1.76,1.8,0,0
20110318,1.81,1.88,1.8,1.88,0,0
20110321,1.88,1.88,1.84,1.86,0,0
20110322,1.9,1.9,1.85,1.87,0,0
20110323,1.87,1.9,1.86,1.9,0,0
20110324,1.91,1.97,1.9,1.96,0,0
20110325,1.94,1.97,1.94,1.97,0,0
20110328,1.97,1.98,1.95,1.97,0,0
20110329,1.97,1.97,1.97,1.97,0,0
20110330,1.97,1.98,1.96,1.96,0,0
20110331,1.97,1.97,1.92,1.93,0,0
20110401,1.93,1.96,1.91,1.96,0,0
20110404,2.08,2.08,2.01,2.04,0,0
20110405,2.04,2.07,2.02,2.04,0,0
20110406,2.04,2.04,2.04,2.04,0,0
20110407,2.04,2.04,2.04,2.04,0,0
20110408,2.04,2.07,2.04,2.07,0,0
20110411,2.07,2.09,2.04,2.04,0,0
20110412,2.07,2.07,2.04,2.04,0,0
20110413,2.04,2.2,2.03,2.2,0,0
20110414,2.26,2.26,2.2,2.21,0,0
20110415,2.21,2.21,2.18,2.18,0,0
20110418,2.19,2.19,2.11,2.12,0,0
20110419,2.12,2.17,2.12,2.13,0,0
20110420,2.16,2.17,2.12,2.16,0,0
20110421,2.16,2.16,2.12,2.16,0,0
20110426,2.16,2.18,2.13,2.15,0,0
20110427,2.17,2.17,2.15,2.15,0,0
20110428,2.15,2.15,2.14,2.14,0,0
20110429,2.16,2.16,2.12,2.14,0,0
20110502,2.16,2.16,2.14,2.15,0,0
20110504,2.15,2.15,2.11,2.14,0,0
20110505,2.13,2.14,2.07,2.1,0,0
20110506,2.11,2.13,1.75,1.75,0,0
20110509,1.72,1.75,1.67,1.72,0,0
20110510,1.74,1.74,1.73,1.74,0,0
20110511,1.75,1.75,1.72,1.73,0,0
20110512,1.73,1.73,1.71,1.72,0,0
20110513,1.72,1.72,1.69,1.7,0,0
20110516,1.7,1.75,1.69,1.75,0,0
20110517,1.74,1.74,1.69,1.72,0,0
20110518,1.69,1.72,1.69,1.72,0,0
20110519,1.72,1.72,1.68,1.72,0,0
20110520,1.7,1.72,1.7,1.72,0,0
20110523,1.72,1.72,1.68,1.71,0,0
20110524,1.71,1.72,1.69,1.72,0,0
20110525,1.72,1.72,1.7,1.71,0,0
20110526,1.72,1.72,1.69,1.71,0,0
20110527,1.7,1.72,1.69,1.69,0,0
20110530,1.71,1.71,1.68,1.69,0,0
20110531,1.71,1.71,1.69,1.69,0,0
20110601,1.69,1.69,1.65,1.68,0,0
20110602,1.68,1.69,1.67,1.69,0,0
20110603,1.69,1.69,1.68,1.69,0,0
20110606,1.68,1.68,1.65,1.65,0,0
20110607,1.67,1.67,1.63,1.63,0,0
20110608,1.64,1.64,1.62,1.63,0,0
20110609,1.62,1.66,1.62,1.65,0,0
20110610,1.66,1.68,1.65,1.65,0,0
20110613,1.65,1.65,1.64,1.64,0,0
20110614,1.64,1.65,1.64,1.65,0,0
20110615,1.65,1.73,1.64,1.73,0,0
20110616,1.73,1.73,1.67,1.71,0,0
20110617,1.71,1.72,1.69,1.72,0,0
20110620,1.72,1.72,1.64,1.7,0,0
20110621,1.69,1.69,1.64,1.69,0,0
20110622,1.7,1.7,1.69,1.7,0,0
20110624,1.66,1.7,1.66,1.7,0,0
20110627,1.69,1.69,1.68,1.68,0,0
20110628,1.65,1.68,1.65,1.66,0,0
20110629,1.68,1.68,1.67,1.67,0,0
20110630,1.67,1.69,1.66,1.69,0,0
20110701,1.69,1.69,1.67,1.69,0,0
20110704,1.67,1.68,1.66,1.68,0,0
20110705,1.68,1.69,1.66,1.68,0,0
20110706,1.68,1.68,1.66,1.66,0,0
20110707,1.66,1.68,1.66,1.68,0,0
20110708,1.68,1.68,1.66,1.68,0,0
20110711,1.67,1.67,1.66,1.66,0,0
20110712,1.64,1.64,1.62,1.64,0,0
20110713,1.64,1.64,1.61,1.64,0,0
20110714,1.64,1.65,1.64,1.64,0,0
20110715,1.64,1.64,1.64,1.64,0,0
20110718,1.64,1.64,1.62,1.64,0,0
20110719,1.61,1.64,1.61,1.63,0,0
20110720,1.63,1.64,1.63,1.64,0,0
20110721,1.64,1.66,1.62,1.66,0,0
20110722,1.66,1.66,1.64,1.64,0,0
20110725,1.65,1.65,1.64,1.64,0,0
20110726,1.64,1.64,1.62,1.64,0,0
20110727,1.64,1.64,1.64,1.64,0,0
20110728,1.65,1.65,1.62,1.65,0,0
20110729,1.65,1.65,1.62,1.64,0,0
20110801,1.64,1.65,1.62,1.62,0,0
20110802,1.64,1.64,1.62,1.64,0,0
20110803,1.62,1.64,1.53,1.53,0,0
20110804,1.53,1.54,1.4,1.48,0,0
20110805,1.37,1.52,1.37,1.47,0,0
20110808,1.38,1.44,1.38,1.4,0,0
20110809,1.35,1.4,1.32,1.39,0,0
20110810,1.4,1.44,1.35,1.35,0,0
20110811,1.4,1.4,1.34,1.36,0,0
20110812,1.38,1.4,1.33,1.4,0,0
20110816,1.38,1.4,1.37,1.4,0,0
20110817,1.4,1.4,1.36,1.37,0,0
20110818,1.37,1.37,1.28,1.32,0,0
20110819,1.28,1.37,1.28,1.33,0,0
20110822,1.33,1.38,1.33,1.38,0,0
20110823,1.4,1.4,1.36,1.37,0,0
20110824,1.37,1.4,1.35,1.37,0,0
20110825,1.37,1.38,1.32,1.37,0,0
20110826,1.37,1.37,1.33,1.36,0,0
20110829,1.37,1.38,1.34,1.35,0,0
20110830,1.35,1.37,1.35,1.35,0,0
20110831,1.35,1.37,1.34,1.36,0,0
20110901,1.36,1.36,1.33,1.36,0,0
20110902,1.36,1.36,1.32,1.33,0,0
20110905,1.31,1.33,1.24,1.26,0,0
20110906,1.3,1.3,1.27,1.27,0,0
20110907,1.26,1.29,1.26,1.29,0,0
20110908,1.3,1.3,1.27,1.27,0,0
20110909,1.29,1.29,1.24,1.28,0,0
20110912,1.27,1.27,1.22,1.26,0,0
20110913,1.26,1.27,1.23,1.27,0,0
20110914,1.27,1.27,1.2,1.2,0,0
20110915,1.26,1.26,1.2,1.24,0,0
20110916,1.24,1.32,1.22,1.29,0,0
20110919,1.31,1.31,1.28,1.31,0,0
20110920,1.26,1.35,1.26,1.35,0,0
20110921,1.38,1.4,1.38,1.4,0,0
20110922,1.35,1.38,1.33,1.38,0,0
20110923,1.34,1.38,1.33,1.35,0,0
20110926,1.35,1.38,1.33,1.38,0,0
20110927,1.39,1.4,1.38,1.4,0,0
20110928,1.4,1.4,1.38,1.38,0,0
20110929,1.38,1.39,1.3,1.31,0,0
20110930,1.33,1.36,1.27,1.32,0,0
20111003,1.27,1.31,1.27,1.3,0,0
20111004,1.29,1.29,1.25,1.29,0,0
20111005,1.3,1.32,1.29,1.29,0,0
20111006,1.31,1.31,1.28,1.29,0,0
20111007,1.29,1.31,1.29,1.29,0,0
20111010,1.31,1.33,1.27,1.33,0,0
20111011,1.33,1.33,1.32,1.32,0,0
20111012,1.34,1.35,1.3,1.32,0,0
20111013,1.34,1.34,1.3,1.3,0,0
20111014,1.32,1.35,1.3,1.34,0,0
20111017,1.35,1.35,1.31,1.31,0,0
20111018,1.35,1.35,1.3,1.34,0,0
20111019,1.34,1.37,1.34,1.35,0,0
20111020,1.34,1.36,1.32,1.36,0,0
20111021,1.38,1.38,1.34,1.36,0,0
20111024,1.37,1.38,1.37,1.38,0,0
20111025,1.38,1.4,1.38,1.4,0,0
20111026,1.4,1.4,1.39,1.39,0,0
20111027,1.4,1.42,1.4,1.42,0,0
20111028,1.42,1.46,1.42,1.46,0,0
20111031,1.48,1.48,1.43,1.43,0,0
20111102,1.4,1.42,1.38,1.42,0,0
20111103,1.43,1.44,1.4,1.42,0,0
20111104,1.44,1.46,1.39,1.43,0,0
20111107,1.43,1.43,1.4,1.41,0,0
20111108,1.41,1.43,1.41,1.42,0,0
20111109,1.42,1.42,1.4,1.4,0,0
20111110,1.38,1.43,1.38,1.43,0,0
20111114,1.43,1.46,1.4,1.43,0,0
20111115,1.42,1.43,1.37,1.37,0,0
20111116,1.36,1.38,1.36,1.37,0,0
20111117,1.36,1.39,1.34,1.34,0,0
20111118,1.37,1.37,1.32,1.36,0,0
20111121,1.38,1.38,1.31,1.32,0,0
20111122,1.34,1.35,1.32,1.32,0,0
20111123,1.35,1.35,1.3,1.3,0,0
20111124,1.33,1.34,1.3,1.3,0,0
20111125,1.29,1.32,1.29,1.31,0,0
20111128,1.34,1.34,1.32,1.33,0,0
20111129,1.33,1.33,1.31,1.33,0,0
20111130,1.3,1.34,1.3,1.34,0,0
20111201,1.34,1.34,1.32,1.34,0,0
20111202,1.34,1.34,1.3,1.33,0,0
20111205,1.33,1.33,1.31,1.33,0,0
20111206,1.33,1.33,1.3,1.31,0,0
20111207,1.3,1.32,1.3,1.32,0,0
20111208,1.32,1.32,1.31,1.32,0,0
20111209,1.33,1.33,1.3,1.32,0,0
20111212,1.31,1.34,1.3,1.3,0,0
20111213,1.32,1.32,1.23,1.3,0,0
20111214,1.28,1.28,1.25,1.25,0,0
20111215,1.25,1.27,1.2,1.2,0,0
20111216,1.2,1.2,1.15,1.18,0,0
20111219,1.18,1.18,1.16,1.16,0,0
20111220,1.15,1.18,1.15,1.18,0,0
20111221,1.21,1.21,1.2,1.21,0,0
20111222,1.23,1.25,1.21,1.25,0,0
20111223,1.25,1.25,1.19,1.2,0,0
20111227,1.21,1.21,1.15,1.15,0,0
20111228,1.17,1.19,1.12,1.12,0,0
20111229,1.14,1.14,1.11,1.11,0,0
20111230,1.11,1.11,1.03,1.06,0,0
20120102,1.08,1.08,1.01,1.04,0,0
20120103,1.05,1.08,1.03,1.08,0,0
20120104,1.08,1.09,1.02,1.02,0,0
20120105,1.03,1.07,1.03,1.07,0,0
20120109,1.07,1.08,1.07,1.08,0,0
20120110,1.08,1.1,1.08,1.1,0,0
20120111,1.09,1.1,1.07,1.08,0,0
20120112,1.09,1.1,1.07,1.09,0,0
20120113,1.09,1.09,1.08,1.09,0,0
20120116,1.08,1.1,1.08,1.1,0,0
20120117,1.1,1.14,1.09,1.14,0,0
20120118,1.14,1.15,1.14,1.15,0,0
20120119,1.15,1.15,1.15,1.15,0,0
20120120,1.16,1.16,1.16,1.16,0,0
20120123,1.16,1.2,1.16,1.2,0,0
20120124,1.2,1.2,1.17,1.2,0,0
20120125,1.2,1.21,1.2,1.21,0,0
20120126,1.21,1.26,1.21,1.24,0,0
20120127,1.24,1.26,1.24,1.24,0,0
20120130,1.25,1.25,1.17,1.19,0,0
20120131,1.19,1.2,1.18,1.19,0,0
20120201,1.19,1.21,1.19,1.2,0,0
20120202,1.21,1.21,1.19,1.2,0,0
20120203,1.2,1.21,1.2,1.21,0,0
20120206,1.21,1.26,1.2,1.26,0,0
20120207,1.27,1.29,1.24,1.29,0,0
20120208,1.29,1.29,1.28,1.28,0,0
20120209,1.28,1.31,1.28,1.31,0,0
20120210,1.32,1.32,1.27,1.27,0,0
20120213,1.27,1.3,1.27,1.28,0,0
20120214,1.23,1.23,1.11,1.16,0,0
20120215,1.17,1.19,1.12,1.12,0,0
20120216,1.14,1.14,1.09,1.1,0,0
20120217,1.11,1.17,1.11,1.17,0,0
20120220,1.18,1.19,1.17,1.19,0,0
20120221,1.19,1.22,1.19,1.22,0,0
20120222,1.22,1.22,1.17,1.18,0,0
20120223,1.2,1.21,1.18,1.19,0,0
20120224,1.2,1.2,1.06,1.06,0,0
20120227,1.06,1.07,1.05,1.06,0,0
20120228,1.06,1.06,1.05,1.06,0,0
20120229,1.06,1.07,1.06,1.06,0,0
20120301,1.06,1.07,1.04,1.04,0,0
20120302,1.02,1.07,1.02,1.07,0,0
20120305,1.08,1.08,1.04,1.04,0,0
20120306,1.07,1.07,1.02,1.03,0,0
20120307,1.03,1.08,1.02,1.06,0,0
20120308,1.06,1.11,1.06,1.09,0,0
20120309,1.09,1.11,1.08,1.08,0,0
20120312,1.08,1.09,1.07,1.08,0,0
20120313,1.13,1.23,1.13,1.2,0,0
20120314,1.24,1.3,1.24,1.29,0,0
20120315,1.33,1.35,1.28,1.31,0,0
20120316,1.31,1.31,1.27,1.27,0,0
20120319,1.31,1.32,1.27,1.31,0,0
20120320,1.32,1.32,1.28,1.31,0,0
20120321,1.3,1.3,1.25,1.26,0,0
20120322,1.23,1.26,1.18,1.22,0,0
20120323,1.22,1.27,1.22,1.26,0,0
20120326,1.27,1.31,1.27,1.28,0,0
20120327,1.3,1.32,1.28,1.3,0,0
20120328,1.3,1.3,1.27,1.28,0,0
20120329,1.28,1.28,1.26,1.26,0,0
20120330,1.26,1.28,1.22,1.22,0,0
20120402,1.23,1.23,1.2,1.22,0,0
20120403,1.24,1.24,1.22,1.22,0,0
20120404,1.22,1.22,1.21,1.21,0,0
20120405,1.19,1.21,1.19,1.21,0,0
20120410,1.21,1.22,1.15,1.15,0,0
20120411,1.16,1.17,1.14,1.17,0,0
20120412,1.19,1.21,1.15,1.16,0,0
20120413,1.17,1.18,1.16,1.16,0,0
20120416,1.16,1.18,1.16,1.17,0,0
20120417,1.17,1.2,1.16,1.2,0,0
20120418,1.17,1.19,1.17,1.17,0,0
20120419,1.18,1.18,1.15,1.16,0,0
20120420,1.18,1.18,1.14,1.15,0,0
20120423,1.15,1.15,1.13,1.14,0,0
20120424,1.11,1.13,1.08,1.13,0,0
20120425,1.11,1.13,1.1,1.11,0,0
20120426,1.1,1.15,1.1,1.12,0,0
20120427,1.13,1.13,1.11,1.12,0,0
20120430,1.12,1.13,1.12,1.13,0,0
20120502,1.15,1.2,1.15,1.2,0,0
20120504,1.2,1.23,1.2,1.22,0,0
20120507,1.22,1.22,1.17,1.21,0,0
20120508,1.21,1.22,1.19,1.19,0,0
20120509,1.19,1.21,1.15,1.15,0,0
20120510,1.16,1.18,1.12,1.16,0,0
20120511,1.18,1.18,1.14,1.18,0,0
20120514,1.16,1.18,1.14,1.15,0,0
20120515,1.13,1.15,1.13,1.15,0,0
20120516,1.14,1.14,1.11,1.13,0,0
20120517,1.13,1.13,1.06,1.06,0,0
20120518,1.05,1.1,1.05,1.1,0,0
20120521,1.1,1.13,1.1,1.12,0,0
20120522,1.13,1.15,1.12,1.15,0,0
20120523,1.13,1.14,1.05,1.05,0,0
20120524,1.06,1.11,1.06,1.06,0,0
20120525,1.1,1.1,1.05,1.06,0,0
20120528,1.09,1.09,1.06,1.07,0,0
20120529,1.07,1.13,1.07,1.13,0,0
20120530,1.14,1.17,1.14,1.16,0,0
20120531,1.16,1.23,1.16,1.21,0,0
20120601,1.21,1.22,1.16,1.16,0,0
20120604,1.16,1.2,1.13,1.19,0,0
20120605,1.19,1.19,1.16,1.16,0,0
20120606,1.18,1.2,1.17,1.2,0,0
20120608,1.2,1.2,1.19,1.2,0,0
20120611,1.21,1.22,1.19,1.22,0,0
20120612,1.22,1.24,1.22,1.23,0,0
20120613,1.24,1.24,1.23,1.23,0,0
20120614,1.24,1.24,1.2,1.21,0,0
20120615,1.22,1.22,1.2,1.22,0,0
20120618,1.22,1.22,1.21,1.21,0,0
20120619,1.2,1.23,1.2,1.23,0,0
20120620,1.23,1.28,1.22,1.28,0,0
20120621,1.28,1.29,1.26,1.29,0,0
20120622,1.29,1.3,1.27,1.3,0,0
20120625,1.29,1.31,1.28,1.3,0,0
20120626,1.3,1.3,1.29,1.29,0,0
20120627,1.3,1.3,1.28,1.29,0,0
20120628,1.29,1.3,1.28,1.3,0,0
20120629,1.3,1.31,1.29,1.3,0,0
20120702,1.31,1.31,1.28,1.28,0,0
20120703,1.28,1.3,1.28,1.28,0,0
20120704,1.28,1.28,1.24,1.24,0,0
20120705,1.24,1.24,1.24,1.24,0,0
20120706,1.23,1.29,1.23,1.29,0,0
20120709,1.3,1.3,1.27,1.27,0,0
20120710,1.28,1.28,1.27,1.27,0,0
20120711,1.28,1.28,1.27,1.28,0,0
20120712,1.28,1.28,1.27,1.28,0,0
20120713,1.28,1.29,1.28,1.28,0,0
20120716,1.28,1.3,1.28,1.29,0,0
20120717,1.3,1.32,1.28,1.32,0,0
20120718,1.32,1.38,1.32,1.36,0,0
20120719,1.36,1.39,1.36,1.38,0,0
20120720,1.38,1.38,1.34,1.34,0,0
20120723,1.3,1.33,1.29,1.31,0,0
20120724,1.31,1.35,1.31,1.35,0,0
20120725,1.36,1.36,1.32,1.33,0,0
20120726,1.36,1.36,1.33,1.35,0,0
20120727,1.35,1.36,1.35,1.36,0,0
20120730,1.36,1.37,1.36,1.36,0,0
20120731,1.36,1.36,1.35,1.35,0,0
20120801,1.38,1.38,1.35,1.36,0,0
20120802,1.37,1.38,1.36,1.36,0,0
20120803,1.38,1.38,1.36,1.36,0,0
20120806,1.37,1.37,1.36,1.36,0,0
20120807,1.36,1.37,1.36,1.36,0,0
20120808,1.37,1.37,1.36,1.36,0,0
20120809,1.37,1.41,1.36,1.41,0,0
20120810,1.41,1.5,1.41,1.41,0,0
20120813,1.5,1.5,1.31,1.31,0,0
20120814,1.31,1.37,1.3,1.34,0,0
20120816,1.35,1.35,1.32,1.32,0,0
20120817,1.34,1.34,1.31,1.32,0,0
20120820,1.32,1.32,1.3,1.32,0,0
20120821,1.32,1.32,1.31,1.32,0,0
20120822,1.32,1.32,1.31,1.32,0,0
20120823,1.32,1.32,1.31,1.32,0,0
20120824,1.32,1.32,1.31,1.31,0,0
20120827,1.31,1.31,1.31,1.31,0,0
20120828,1.3,1.31,1.3,1.31,0,0
20120829,1.31,1.31,1.3,1.3,0,0
20120830,1.3,1.31,1.3,1.3,0,0
20120831,1.3,1.3,1.29,1.3,0,0
20120903,1.3,1.3,1.28,1.3,0,0
20120904,1.3,1.3,1.29,1.3,0,0
20120905,1.29,1.3,1.29,1.3,0,0
20120906,1.3,1.31,1.3,1.31,0,0
20120907,1.31,1.32,1.3,1.3,0,0
20120910,1.3,1.31,1.29,1.3,0,0
20120911,1.3,1.3,1.3,1.3,0,0
20120912,1.3,1.3,1.3,1.3,0,0
20120913,1.3,1.3,1.3,1.3,0,0
20120914,1.3,1.32,1.3,1.31,0,0
20120917,1.3,1.31,1.3,1.31,0,0
20120918,1.31,1.32,1.31,1.31,0,0
20120919,1.31,1.32,1.31,1.31,0,0
20120920,1.31,1.31,1.29,1.3,0,0
20120921,1.3,1.3,1.3,1.3,0,0
20120924,1.31,1.33,1.31,1.31,0,0
20120925,1.3,1.33,1.3,1.31,0,0
20120926,1.32,1.32,1.26,1.29,0,0
20120927,1.3,1.32,1.3,1.32,0,0
20120928,1.32,1.32,1.31,1.32,0,0
20121001,1.32,1.32,1.31,1.32,0,0
20121002,1.32,1.32,1.31,1.32,0,0
20121003,1.32,1.33,1.31,1.33,0,0
20121004,1.33,1.33,1.31,1.32,0,0
20121005,1.32,1.33,1.3,1.33,0,0
20121008,1.32,1.32,1.27,1.27,0,0
20121009,1.25,1.27,1.2,1.24,0,0
20121010,1.24,1.25,1.22,1.25,0,0
20121011,1.24,1.25,1.23,1.24,0,0
20121012,1.24,1.24,1.23,1.24,0,0
20121015,1.24,1.24,1.22,1.22,0,0
20121016,1.23,1.24,1.22,1.23,0,0
20121017,1.24,1.24,1.23,1.23,0,0
20121018,1.24,1.24,1.23,1.24,0,0
20121019,1.23,1.24,1.21,1.23,0,0
20121022,1.23,1.23,1.2,1.23,0,0
20121023,1.22,1.23,1.21,1.23,0,0
20121024,1.21,1.21,1.2,1.21,0,0
20121025,1.2,1.21,1.19,1.21,0,0
20121026,1.21,1.21,1.18,1.19,0,0
20121029,1.2,1.2,1.17,1.19,0,0
20121030,1.17,1.23,1.17,1.2,0,0
20121031,1.2,1.22,1.19,1.21,0,0
20121102,1.22,1.23,1.2,1.23,0,0
20121105,1.21,1.22,1.2,1.2,0,0
20121106,1.19,1.23,1.19,1.22,0,0
20121107,1.23,1.23,1.19,1.19,0,0
20121108,1.18,1.21,1.17,1.21,0,0
20121109,1.21,1.21,1.19,1.21,0,0
20121112,1.21,1.22,1.2,1.22,0,0
20121113,1.22,1.23,1.2,1.23,0,0
20121114,1.24,1.24,1.22,1.23,0,0
20121115,1.24,1.24,1.23,1.24,0,0
20121116,1.24,1.24,1.22,1.24,0,0
20121119,1.22,1.24,1.22,1.24,0,0
20121120,1.22,1.25,1.22,1.25,0,0
20121121,1.25,1.25,1.23,1.25,0,0
20121122,1.25,1.25,1.25,1.25,0,0
20121123,1.25,1.25,1.23,1.25,0,0
20121126,1.24,1.25,1.24,1.24,0,0
20121127,1.25,1.25,1.23,1.25,0,0
20121128,1.25,1.25,1.23,1.25,0,0
20121129,1.26,1.27,1.24,1.24,0,0
20121130,1.24,1.27,1.24,1.27,0,0
20121203,1.27,1.27,1.24,1.24,0,0
20121204,1.23,1.24,1.23,1.24,0,0
20121205,1.25,1.25,1.23,1.25,0,0
20121206,1.25,1.25,1.23,1.25,0,0
20121207,1.25,1.25,1.23,1.24,0,0
20121210,1.23,1.24,1.23,1.23,0,0
20121211,1.23,1.23,1.22,1.22,0,0
20121212,1.22,1.22,1.22,1.22,0,0
20121213,1.22,1.22,1.22,1.22,0,0
20121214,1.21,1.22,1.18,1.2,0,0
20121217,1.2,1.21,1.17,1.21,0,0
20121218,1.21,1.22,1.21,1.21,0,0
20121219,1.19,1.22,1.19,1.21,0,0
20121220,1.21,1.21,1.19,1.21,0,0
20121221,1.21,1.21,1.17,1.18,0,0
20121227,1.17,1.21,1.17,1.21,0,0
20121228,1.22,1.22,1.19,1.22,0,0
20130102,1.21,1.22,1.2,1.22,0,0
20130103,1.22,1.22,1.19,1.22,0,0
20130104,1.19,1.25,1.19,1.24,0,0
20130107,1.25,1.25,1.22,1.22,0,0
20130108,1.23,1.23,1.22,1.23,0,0
20130109,1.24,1.24,1.22,1.24,0,0
20130110,1.22,1.23,1.22,1.22,0,0
20130111,1.23,1.23,1.21,1.21,0,0
20130114,1.21,1.21,1.19,1.19,0,0
20130115,1.19,1.23,1.19,1.2,0,0
20130116,1.2,1.21,1.2,1.2,0,0
20130117,1.2,1.21,1.2,1.21,0,0
20130118,1.21,1.23,1.21,1.23,0,0
20130121,1.24,1.26,1.23,1.25,0,0
20130122,1.27,1.3,1.27,1.3,0,0
20130123,1.3,1.32,1.3,1.31,0,0
20130124,1.31,1.31,1.29,1.29,0,0
20130125,1.3,1.3,1.29,1.29,0,0
20130128,1.29,1.29,1.26,1.26,0,0
20130129,1.25,1.26,1.21,1.26,0,0
20130130,1.22,1.23,1.22,1.23,0,0
20130131,1.25,1.25,1.23,1.23,0,0
20130201,1.23,1.23,1.23,1.23,0,0
20130204,1.23,1.23,1.22,1.22,0,0
20130205,1.23,1.23,1.2,1.22,0,0
20130206,1.22,1.22,1.19,1.21,0,0
20130207,1.22,1.22,1.19,1.19,0,0
20130208,1.19,1.22,1.18,1.21,0,0
20130211,1.19,1.21,1.19,1.21,0,0
20130212,1.21,1.21,1.19,1.19,0,0
20130213,1.21,1.21,1.19,1.19,0,0
20130214,1.21,1.21,1.19,1.2,0,0
20130215,1.21,1.21,1.21,1.21,0,0
20130218,1.22,1.22,1.22,1.22,0,0
20130219,1.22,1.22,1.18,1.21,0,0
20130220,1.21,1.21,1.19,1.19,0,0
20130221,1.21,1.21,1.21,1.21,0,0
20130222,1.2,1.2,1.18,1.2,0,0
20130225,1.2,1.2,1.17,1.17,0,0
20130226,1.17,1.17,1.17,1.17,0,0
20130227,1.17,1.21,1.16,1.21,0,0
20130228,1.21,1.21,1.19,1.19,0,0
20130301,1.19,1.19,1.15,1.15,0,0
20130304,1.15,1.17,1.14,1.17,0,0
20130305,1.19,1.19,1.17,1.17,0,0
20130306,1.17,1.17,1.15,1.15,0,0
20130307,1.17,1.17,1.15,1.17,0,0
20130308,1.18,1.18,1.17,1.18,0,0
20130311,1.19,1.19,1.19,1.19,0,0
20130312,1.19,1.22,1.17,1.22,0,0
20130313,1.22,1.24,1.21,1.23,0,0
20130314,1.21,1.24,1.21,1.24,0,0
20130315,1.23,1.23,1.21,1.21,0,0
20130318,1.17,1.22,1.17,1.21,0,0
20130319,1.22,1.22,1.18,1.22,0,0
20130320,1.21,1.23,1.21,1.22,0,0
20130321,1.22,1.22,1.22,1.22,0,0
20130322,1.22,1.22,1.21,1.21,0,0
20130326,1.21,1.21,1.17,1.21,0,0
20130327,1.17,1.21,1.17,1.21,0,0
20130328,1.22,1.22,1.17,1.18,0,0
20130402,1.21,1.21,1.17,1.17,0,0
20130403,1.17,1.17,1.15,1.17,0,0
20130404,1.17,1.17,1.15,1.17,0,0
20130405,1.17,1.18,1.17,1.18,0,0
20130408,1.18,1.18,1.18,1.18,0,0
20130409,1.18,1.18,1.15,1.17,0,0
20130410,1.17,1.18,1.17,1.18,0,0
20130411,1.18,1.19,1.18,1.19,0,0
20130412,1.19,1.19,1.17,1.17,0,0
20130415,1.17,1.17,1.14,1.17,0,0
20130417,1.17,1.17,1.13,1.13,0,0
20130418,1.13,1.13,1.08,1.13,0,0
20130419,1.12,1.12,1.09,1.12,0,0
20130422,1.14,1.14,1.06,1.1,0,0
20130423,1.1,1.1,1.02,1.06,0,0
20130424,1.05,1.06,1.05,1.06,0,0
20130425,1.06,1.06,0.97,0.99,0,0
20130426,0.99,1.02,0.95,1.01,0,0
20130429,1.01,1.01,0.96,1.01,0,0
20130430,1.01,1.03,1,1.01,0,0
20130502,1,1.03,1,1.03,0,0
20130506,1.03,1.03,1.03,1.03,0,0
20130507,1.03,1.03,1.03,1.03,0,0
20130508,1.03,1.03,1.03,1.03,0,0
20130509,1.03,1.03,1,1.03,0,0
20130510,1.03,1.03,1.01,1.02,0,0
20130513,1.02,1.03,1,1,0,0
20130514,1,1.02,1,1.02,0,0
20130515,0.99,1.02,0.99,1.02,0,0
20130517,1.01,1.01,1,1,0,0
20130520,1.01,1.01,0.96,0.96,0,0
20130521,0.97,0.99,0.96,0.99,0,0
20130522,0.99,0.99,0.99,0.99,0,0
20130523,0.99,0.99,0.99,0.99,0,0
20130524,0.99,0.99,0.99,0.99,0,0
20130527,0.99,1.02,0.99,1.02,0,0
20130528,1,1.02,1,1.02,0,0
20130529,1.02,1.02,1.02,1.02,0,0
20130531,1.02,1.03,1,1.02,0,0
20130603,1.04,1.04,1.02,1.02,0,0
20130604,1.02,1.02,1,1.01,0,0
20130605,1.02,1.03,1,1.03,0,0
20130606,1.03,1.04,1.01,1.03,0,0
20130607,1.04,1.05,1.04,1.05,0,0
20130610,1.03,1.07,1.03,1.07,0,0
20130611,1.07,1.08,1.05,1.08,0,0
20130612,1.08,1.12,1.08,1.12,0,0
20130613,1.13,1.13,1.09,1.11,0,0
20130614,1.08,1.11,1.08,1.11,0,0
20130617,1.13,1.13,1.13,1.13,0,0
20130618,1.13,1.13,1.09,1.09,0,0
20130619,1.09,1.1,1.09,1.1,0,0
20130620,1.1,1.1,1.05,1.1,0,0
20130621,1.1,1.1,1.05,1.1,0,0
20130624,1.05,1.09,1.05,1.09,0,0
20130625,1.1,1.12,1.09,1.12,0,0
20130626,1.12,1.13,1.12,1.13,0,0
20130627,1.13,1.13,1,1,0,0
20130628,0.99,1,0.95,0.98,0,0
20130701,0.98,1.01,0.97,0.99,0,0
20130702,0.99,1.01,0.97,0.99,0,0
20130703,1,1.01,0.97,1.01,0,0
20130704,1.01,1.07,1.01,1.06,0,0
20130705,1.08,1.08,1.03,1.08,0,0
20130708,1.07,1.08,1.03,1.08,0,0
20130709,1.08,1.08,1.07,1.07,0,0
20130710,1.1,1.1,1.07,1.1,0,0
20130711,1.05,1.06,1.05,1.06,0,0
20130712,1.06,1.06,1.05,1.05,0,0
20130715,1.05,1.07,1.05,1.06,0,0
20130716,1.06,1.06,1.06,1.06,0,0
20130717,1.06,1.07,1.06,1.07,0,0
20130718,1.07,1.07,1.07,1.07,0,0
20130719,1.09,1.09,1.09,1.09,0,0
20130722,1.09,1.09,1.09,1.09,0,0
20130723,1.09,1.09,1.05,1.07,0,0
20130724,1.07,1.09,1.07,1.09,0,0
20130725,1.09,1.09,1.09,1.09,0,0
20130729,1.05,1.08,1.05,1.08,0,0
20130730,1.07,1.08,1.07,1.07,0,0
20130731,1.07,1.07,1.06,1.06,0,0
20130801,1.05,1.07,1.05,1.07,0,0
20130802,1.05,1.08,1.05,1.06,0,0
20130805,1.06,1.07,1.06,1.07,0,0
20130806,1.07,1.08,1.07,1.08,0,0
20130807,1.08,1.09,1.08,1.09,0,0
20130808,1.11,1.16,1.11,1.15,0,0
20130809,1.14,1.15,1.13,1.14,0,0
20130812,1.14,1.15,1.12,1.15,0,0
20130813,1.15,1.17,1.15,1.15,0,0
20130814,1.16,1.2,1.16,1.2,0,0
20130816,1.19,1.22,1.19,1.22,0,0
20130819,1.23,1.24,1.22,1.22,0,0
20130820,1.24,1.28,1.22,1.27,0,0
20130821,1.28,1.28,1.26,1.27,0,0
20130822,1.27,1.28,1.26,1.27,0,0
20130823,1.28,1.28,1.25,1.26,0,0
20130826,1.26,1.27,1.25,1.26,0,0
20130827,1.27,1.27,1.27,1.27,0,0
20130828,1.27,1.27,1.25,1.27,0,0
20130829,1.27,1.27,1.27,1.27,0,0
20130830,1.27,1.27,1.26,1.26,0,0
20130902,1.25,1.26,1.24,1.26,0,0
20130903,1.26,1.26,1.2,1.22,0,0
20130904,1.22,1.22,1.22,1.22,0,0
20130905,1.24,1.24,1.18,1.2,0,0
20130906,1.2,1.23,1.19,1.19,0,0
20130909,1.2,1.2,1.2,1.2,0,0
20130910,1.14,1.2,1.14,1.2,0,0
20130911,1.2,1.23,1.2,1.2,0,0
20130912,1.2,1.2,1.19,1.2,0,0
20130913,1.22,1.22,1.2,1.2,0,0
20130916,1.2,1.2,1.16,1.2,0,0
20130917,1.2,1.2,1.19,1.2,0,0
20130918,1.2,1.2,1.2,1.2,0,0
20130919,1.2,1.2,1.2,1.2,0,0
20130920,1.2,1.22,1.2,1.22,0,0
20130923,1.22,1.22,1.22,1.22,0,0
20130924,1.23,1.24,1.23,1.24,0,0
20130925,1.24,1.25,1.22,1.24,0,0
20130926,1.25,1.25,1.25,1.25,0,0
20130927,1.25,1.25,1.24,1.25,0,0
20130930,1.3,1.3,1.3,1.3,0,0
20131001,1.3,1.3,1.29,1.3,0,0
20131002,1.3,1.3,1.28,1.3,0,0
20131003,1.3,1.3,1.3,1.3,0,0
20131004,1.3,1.3,1.29,1.3,0,0
20131007,1.3,1.3,1.27,1.3,0,0
20131008,1.3,1.3,1.28,1.3,0,0
20131009,1.3,1.3,1.26,1.3,0,0
20131010,1.32,1.32,1.26,1.28,0,0
20131011,1.27,1.3,1.22,1.28,0,0
20131014,1.3,1.3,1.25,1.28,0,0
20131015,1.28,1.3,1.28,1.28,0,0
20131016,1.3,1.3,1.28,1.3,0,0
20131017,1.3,1.3,1.3,1.3,0,0
20131018,1.3,1.3,1.3,1.3,0,0
20131021,1.3,1.3,1.25,1.25,0,0
20131022,1.26,1.26,1.25,1.25,0,0
20131023,1.27,1.27,1.23,1.25,0,0
20131024,1.25,1.27,1.25,1.25,0,0
20131025,1.25,1.25,1.25,1.25,0,0
20131028,1.25,1.25,1.25,1.25,0,0
20131029,1.25,1.25,1.24,1.25,0,0
20131030,1.28,1.28,1.25,1.25,0,0
20131031,1.25,1.25,1.23,1.25,0,0
20131104,1.25,1.25,1.25,1.25,0,0
20131105,1.25,1.25,1.2,1.21,0,0
20131106,1.21,1.21,1.2,1.21,0,0
20131107,1.21,1.21,1.2,1.2,0,0
20131108,1.18,1.2,1.14,1.2,0,0
20131112,1.2,1.2,1.14,1.17,0,0
20131113,1.17,1.22,1.15,1.2,0,0
20131114,1.2,1.2,1.2,1.2,0,0
20131115,1.22,1.22,1.2,1.2,0,0
20131118,1.2,1.2,1.2,1.2,0,0
20131119,1.2,1.2,1.16,1.2,0,0
20131120,1.2,1.2,1.14,1.2,0,0
20131121,1.2,1.2,1.2,1.2,0,0
20131122,1.19,1.19,1.16,1.19,0,0
20131125,1.2,1.2,1.16,1.16,0,0
20131126,1.16,1.16,1.14,1.16,0,0
20131127,1.2,1.23,1.12,1.15,0,0
20131128,1.12,1.15,1.11,1.15,0,0
20131129,1.15,1.15,1.12,1.15,0,0
20131202,1.15,1.15,1.15,1.15,0,0
20131203,1.16,1.16,1.13,1.16,0,0
20131204,1.16,1.16,1.14,1.15,0,0
20131205,1.16,1.16,1.15,1.15,0,0
20131206,1.16,1.16,1.13,1.15,0,0
20131209,1.15,1.15,1.15,1.15,0,0
20131210,1.14,1.16,1.14,1.16,0,0
20131211,1.16,1.16,1.15,1.15,0,0
20131212,1.15,1.15,1.13,1.14,0,0
20131213,1.12,1.12,1.11,1.12,0,0
20131216,1.1,1.12,1.09,1.11,0,0
20131217,1.08,1.13,1.08,1.12,0,0
20131218,1.13,1.13,1.11,1.11,0,0
20131219,1.11,1.14,1.09,1.13,0,0
20131220,1.12,1.13,1.09,1.13,0,0
20131223,1.12,1.21,1.12,1.16,0,0
20131227,1.16,1.18,1.13,1.16,0,0
20131230,1.17,1.17,1.16,1.16,0,0
20140102,1.13,1.16,1.13,1.14,0,0
20140107,1.16,1.16,1.12,1.12,0,0
20140108,1.09,1.16,1.07,1.12,0,0
20140109,1.12,1.12,1.12,1.12,0,0
20140110,1.12,1.15,1.12,1.12,0,0
20140113,1.12,1.12,1.12,1.12,0,0
20140114,1.12,1.12,1.12,1.12,0,0
20140115,1.12,1.15,1.1,1.15,0,0
20140116,1.15,1.15,1.13,1.15,0,0
20140117,1.15,1.15,1.15,1.15,0,0
20140120,1.15,1.15,1.13,1.15,0,0
20140121,1.15,1.15,1.15,1.15,0,0
20140122,1.15,1.15,1.12,1.14,0,0
20140123,1.12,1.14,1.09,1.11,0,0
20140124,1.14,1.14,1.14,1.14,0,0
20140127,1.09,1.14,1.09,1.14,0,0
20140128,1.13,1.13,1.09,1.09,0,0
20140129,1.08,1.08,1.06,1.07,0,0
20140130,1.07,1.07,1.07,1.07,0,0
20140131,0.99,1.02,0.99,1.01,0,0
20140203,1.04,1.04,1,1,0,0
20140204,1,1.07,0.99,1.07,0,0
20140205,1.07,1.07,1.06,1.07,0,0
20140206,1.07,1.07,1.05,1.07,0,0
20140207,1.07,1.07,1.07,1.07,0,0
20140210,1.07,1.07,1.07,1.07,0,0
20140211,1.07,1.07,1.07,1.07,0,0
20140212,1.07,1.07,1.02,1.02,0,0
20140213,1.02,1.03,1,1,0,0
20140214,1.02,1.02,0.99,1.02,0,0
20140217,1.02,1.03,1.02,1.03,0,0
20140218,1.03,1.03,0.99,1.03,0,0
20140219,1.03,1.03,0.99,1.02,0,0
20140220,1.02,1.02,0.97,0.99,0,0
20140221,0.99,0.99,0.95,0.96,0,0
20140224,0.96,0.96,0.96,0.96,0,0
20140225,0.96,0.96,0.95,0.96,0,0
20140226,0.96,0.96,0.94,0.96,0,0
20140227,0.96,0.98,0.95,0.97,0,0
20140228,0.97,1.01,0.97,1.01,0,0
20140303,1.03,1.03,0.95,0.95,0,0
20140304,0.94,0.95,0.94,0.95,0,0
20140305,0.97,1.01,0.96,1.01,0,0
20140306,1.05,1.05,0.99,1,0,0
20140307,1,1,0.99,0.99,0,0
20140310,0.99,0.99,0.99,0.99,0,0
20140311,1,1,0.96,0.99,0,0
20140312,0.96,1,0.96,1,0,0
20140313,1,1,1,1,0,0
20140314,0.99,1,0.96,1,0,0
20140317,1,1.01,0.97,1.01,0,0
20140318,1.02,1.02,0.99,1.01,0,0
20140319,1.01,1.01,0.97,1.01,0,0
20140320,1,1.01,1,1.01,0,0
20140321,1.02,1.05,1.02,1.03,0,0
20140324,1.04,1.04,0.99,1.04,0,0
20140325,1.04,1.04,1.03,1.03,0,0
20140326,1.04,1.04,1.01,1.04,0,0
20140327,1.05,1.05,1.04,1.04,0,0
20140328,1.03,1.11,1.03,1.11,0,0
20140331,1.12,1.22,1.12,1.22,0,0
20140401,1.23,1.26,1.17,1.24,0,0
20140402,1.24,1.24,1.18,1.24,0,0
20140403,1.24,1.24,1.2,1.24,0,0
20140404,1.24,1.24,1.22,1.24,0,0
20140407,1.24,1.24,1.2,1.24,0,0
20140408,1.24,1.24,1.24,1.24,0,0
20140409,1.24,1.24,1.22,1.24,0,0
20140410,1.24,1.24,1.2,1.2,0,0
20140411,1.22,1.22,1.18,1.21,0,0
20140414,1.2,1.2,1.18,1.2,0,0
20140415,1.21,1.21,1.21,1.21,0,0
20140416,1.21,1.21,1.21,1.21,0,0
20140417,1.21,1.21,1.21,1.21,0,0
20140422,1.21,1.21,1.17,1.21,0,0
20140423,1.2,1.2,1.15,1.15,0,0
20140424,1.16,1.16,1.16,1.16,0,0
20140425,1.16,1.17,1.16,1.16,0,0
20140428,1.17,1.17,1.15,1.17,0,0
20140429,1.16,1.16,1.15,1.15,0,0
20140430,1.17,1.17,1.12,1.12,0,0
20140502,1.1,1.14,1.1,1.14,0,0
20140505,1.1,1.1,1.08,1.09,0,0
20140506,1.1,1.1,1.07,1.07,0,0
20140507,1.07,1.07,0.98,0.98,0,0
20140508,1.01,1.02,1.01,1.01,0,0
20140509,1.01,1.06,1.01,1.06,0,0
20140512,1.06,1.06,1.01,1.06,0,0
20140513,1.06,1.06,1.06,1.06,0,0
20140514,1.06,1.06,1.04,1.04,0,0
20140515,1.1,1.14,1.1,1.14,0,0
20140516,1.14,1.14,1.14,1.14,0,0
20140519,1.14,1.14,1.12,1.14,0,0
20140520,1.14,1.14,1.1,1.14,0,0
20140521,1.14,1.14,1.14,1.14,0,0
20140522,1.14,1.14,1.14,1.14,0,0
20140523,1.14,1.14,1.08,1.14,0,0
20140526,1.14,1.14,1.08,1.09,0,0
20140527,1.09,1.09,1.09,1.09,0,0
20140528,1.1,1.11,1.09,1.11,0,0
20140529,1.11,1.11,1.06,1.1,0,0
20140530,1.1,1.1,1.08,1.08,0,0
20140602,1.1,1.1,1.07,1.1,0,0
20140603,1.1,1.1,1.1,1.1,0,0
20140604,1.08,1.1,1.08,1.1,0,0
20140605,1.09,1.1,1.09,1.1,0,0
20140606,1.1,1.1,1.1,1.1,0,0
20140609,1.1,1.1,1,1.04,0,0
20140610,1.06,1.06,1.06,1.06,0,0
20140611,1.06,1.07,1.06,1.07,0,0
20140612,1.07,1.07,1.04,1.04,0,0
20140613,1.05,1.07,1.04,1.07,0,0
20140616,1.07,1.07,1.04,1.07,0,0
20140617,1.07,1.07,1.04,1.07,0,0
20140618,1.07,1.07,1.07,1.07,0,0
20140620,1.07,1.07,1.03,1.07,0,0
20140623,1.09,1.09,1.04,1.07,0,0
20140624,1.04,1.07,1.04,1.04,0,0
20140625,1.04,1.04,1.02,1.04,0,0
20140626,1.04,1.04,1.01,1.01,0,0
20140627,1.01,1.03,1.01,1.01,0,0
20140630,1.01,1.01,0.99,0.99,0,0
20140701,1,1,1,1,0,0
20140702,1,1,1,1,0,0
20140703,1,1,1,1,0,0
20140704,1,1,1,1,0,0
20140707,1,1,1,1,0,0
20140708,1,1,1,1,0,0
20140709,1,1,1,1,0,0
20140710,1,1,0.99,1,0,0
20140714,0.99,0.99,0.99,0.99,0,0
20140715,1,1.02,1,1.02,0,0
20140716,1,1,1,1,0,0
20140717,1.02,1.02,0.97,0.98,0,0
20140718,0.98,1.02,0.98,1.02,0,0
20140721,1.23,1.27,1.16,1.25,0,0
20140722,1.21,1.26,1.21,1.22,0,0
20140723,1.21,1.23,1.17,1.22,0,0
20140724,1.22,1.22,1.17,1.19,0,0
20140725,1.22,1.26,1.22,1.23,0,0
20140728,1.23,1.23,1.23,1.23,0,0
20140729,1.23,1.25,1.2,1.22,0,0
20140730,1.23,1.23,1.18,1.19,0,0
20140731,1.19,1.19,1.18,1.18,0,0
20140801,1.18,1.19,1.18,1.18,0,0
20140804,1.23,1.25,1.22,1.25,0,0
20140805,1.25,1.25,1.21,1.23,0,0
20140806,1.23,1.25,1.21,1.24,0,0
20140807,1.25,1.25,1.22,1.23,0,0
20140808,1.24,1.24,1.2,1.23,0,0
20140811,1.23,1.23,1.21,1.23,0,0
20140812,1.24,1.24,1.19,1.22,0,0
20140813,1.22,1.24,1.19,1.19,0,0
20140814,1.22,1.24,1.22,1.24,0,0
20140818,1.24,1.24,1.24,1.24,0,0
20140819,1.24,1.24,1.2,1.21,0,0
20140820,1.17,1.19,1.17,1.19,0,0
20140821,1.21,1.21,1.19,1.19,0,0
20140822,1.19,1.21,1.17,1.21,0,0
20140825,1.21,1.21,1.19,1.19,0,0
20140826,1.19,1.19,1.17,1.17,0,0
20140827,1.17,1.17,1.16,1.16,0,0
20140828,1.15,1.16,1.15,1.16,0,0
20140829,1.16,1.17,1.16,1.17,0,0
20140901,1.18,1.18,1.18,1.18,0,0
20140902,1.18,1.2,1.18,1.2,0,0
20140903,1.2,1.2,1.14,1.16,0,0
20140904,1.16,1.16,1.12,1.15,0,0
20140905,1.19,1.23,1.13,1.23,0,0
20140908,1.22,1.22,1.19,1.21,0,0
20140909,1.22,1.22,1.22,1.22,0,0
20140910,1.22,1.22,1.19,1.21,0,0
20140911,1.21,1.21,1.16,1.2,0,0
20140912,1.21,2.54,1.19,2.54,0,0
20140915,2.54,2.54,2.54,2.54,0,0
20140916,2.54,2.54,2.54,2.54,0,0
20140917,2.55,2.55,2.47,2.53,0,0
20140918,2.53,2.53,2.53,2.53,0,0
20140919,2.55,2.55,2.47,2.51,0,0
20140922,2.53,2.55,2.53,2.55,0,0
20140923,2.53,2.53,2.53,2.53,0,0
20140924,2.55,2.55,2.47,2.55,0,0
20140925,2.53,2.53,2.47,2.49,0,0
20140926,2.49,2.49,2.47,2.47,0,0
20140929,2.47,2.53,2.47,2.53,0,0
20140930,2.45,2.52,2.44,2.52,0,0
20141001,2.53,2.53,2.39,2.4,0,0
20141002,2.46,2.46,2.46,2.46,0,0
20141003,2.46,2.46,2.38,2.46,0,0
20141006,2.4,2.46,2.4,2.46,0,0
20141007,2.46,2.46,2.46,2.46,0,0
20141008,2.46,2.52,2.46,2.52,0,0
20141009,2.52,2.52,2.52,2.52,0,0
20141010,2.52,2.52,2.52,2.52,0,0
20141013,2.52,2.52,2.52,2.52,0,0
20141014,2.52,2.52,2.41,2.41,0,0
20141015,2.4,2.45,2.4,2.45,0,0
20141016,2.45,2.45,2.45,2.45,0,0
20141017,2.45,2.6,2.45,2.53,0,0
20141020,2.53,2.59,2.53,2.59,0,0
20141021,2.59,2.62,2.57,2.61,0,0
20141022,2.61,2.61,2.56,2.56,0,0
20141023,2.61,2.61,2.58,2.58,0,0
20141024,2.61,2.61,2.46,2.46,0,0
20141027,2.61,2.61,2.49,2.49,0,0
20141028,2.57,2.57,2.44,2.49,0,0
20141029,2.49,2.53,2.49,2.53,0,0
20141030,2.53,2.53,2.53,2.53,0,0
20141031,2.53,2.53,2.42,2.45,0,0
20141103,2.45,2.48,2.45,2.48,0,0
20141104,2.52,2.52,2.45,2.45,0,0
20141105,2.45,2.45,2.45,2.45,0,0
20141106,2.45,2.45,2.45,2.45,0,0
20141107,2.45,2.45,2.38,2.44,0,0
20141110,2.44,2.44,2.4,2.4,0,0
20141112,2.41,2.41,2.41,2.41,0,0
20141113,2.44,2.52,2.44,2.52,0,0
20141114,2.52,2.52,2.45,2.48,0,0
20141117,2.52,2.53,2.52,2.53,0,0
20141118,2.53,2.53,2.53,2.53,0,0
20141119,2.53,2.53,2.53,2.53,0,0
20141120,2.56,2.56,1.01,1.01,0,0
20141121,1.01,1.01,1.01,1.01,0,0
20141124,1.01,1.01,0.98,0.98,0,0
20141125,1.01,1.01,0.98,1.01,0,0
20141126,1.01,1.01,1.01,1.01,0,0
20141127,1,1.01,0.99,1.01,0,0
20141128,1.01,1.01,1,1,0,0
20141201,1,1,0.97,1,0,0
20141202,1,1,0.97,0.97,0,0
20141203,1,1.01,0.97,1.01,0,0
20141204,1.01,1.01,1,1.01,0,0
20141205,1.01,1.03,1.01,1.03,0,0
20141208,1.03,1.04,1.03,1.04,0,0
20141209,1.04,1.04,1.03,1.04,0,0
20141210,1.04,1.04,1.02,1.04,0,0
20141211,1.04,1.04,1.04,1.04,0,0
20141212,1.04,1.04,1.04,1.04,0,0
20141215,1.04,1.04,0.99,1.04,0,0
20141216,1.04,1.04,1.01,1.04,0,0
20141217,1.03,1.04,1.03,1.04,0,0
20141218,1.04,1.04,1.01,1.04,0,0
20141219,1.04,1.04,1.02,1.04,0,0
20141222,1.04,1.04,1.04,1.04,0,0
20141223,1.04,1.04,1.04,1.04,0,0
20141229,1.04,1.05,1.04,1.04,0,0
20141230,1.04,1.04,1.04,1.04,0,0
