Date,Open,High,Low,Close,Volume,OpenInt
20070813,57.037,57.037,57.037,57.037,0,0
20070814,58.574,58.574,58.574,58.574,0,0
20070816,55.491,55.491,55.491,55.491,0,0
20070817,61.657,61.657,61.657,61.657,0,0
20070820,64.741,64.741,64.741,64.741,0,0
20070821,60.889,60.889,60.889,60.889,0,0
20070822,60.889,60.889,60.889,60.889,0,0
20070823,61.657,61.657,61.657,61.657,0,0
20070824,62.435,62.435,62.435,62.435,0,0
20070827,61.657,61.657,61.657,61.657,0,0
20070828,59.731,59.731,59.731,59.731,0,0
20070829,60.509,60.509,60.509,60.509,0,0
20070830,59.306,59.306,59.306,59.306,0,0
20070831,61.315,61.315,61.315,61.315,0,0
20070903,27.824,27.824,27.824,27.824,0,0
20070904,26.269,26.269,26.269,26.269,0,0
20070905,23.926,23.926,23.926,23.926,0,0
20070906,24.046,24.046,24.046,24.046,0,0
20070907,23.12,23.12,23.12,23.12,0,0
20070910,22.648,22.648,22.648,22.648,0,0
20070911,23.083,23.083,23.083,23.083,0,0
20070912,23.12,23.12,23.12,23.12,0,0
20070913,22.815,22.815,22.815,22.815,0,0
20070914,23.009,23.009,23.009,23.009,0,0
20070917,22.509,22.509,22.509,22.509,0,0
20070918,22.889,22.889,22.889,22.889,0,0
20070919,23.889,23.889,23.889,23.889,0,0
20070920,27.898,27.898,27.898,27.898,0,0
20070921,29.546,29.546,29.546,29.546,0,0
20070924,28.796,28.796,28.796,28.796,0,0
20070925,27.898,27.898,27.898,27.898,0,0
20070926,29.463,29.463,29.463,29.463,0,0
20070927,29.435,29.435,29.435,29.435,0,0
20070928,27.778,27.778,27.778,27.778,0,0
20071001,26.213,26.213,26.213,26.213,0,0
20071002,25.667,25.667,25.667,25.667,0,0
20071003,24.704,24.704,24.704,24.704,0,0
20071004,25.824,25.824,25.824,25.824,0,0
20071005,26.361,26.361,26.361,26.361,0,0
20071008,26.287,26.287,26.287,26.287,0,0
20071009,26.361,26.361,26.361,26.361,0,0
20071010,30.833,30.833,30.833,30.833,0,0
20071011,28.519,28.519,28.519,28.519,0,0
20071012,29.278,29.278,29.278,29.278,0,0
20071015,28.519,28.519,28.519,28.519,0,0
20071016,27.75,27.75,27.75,27.75,0,0
20071017,28.13,28.13,28.13,28.13,0,0
20071018,27.667,27.667,27.667,27.667,0,0
20071019,27.602,27.602,27.602,27.602,0,0
20071022,26.148,26.148,26.148,26.148,0,0
20071023,26.657,26.657,26.657,26.657,0,0
20071024,26.13,26.13,26.13,26.13,0,0
20071025,26.204,26.204,26.204,26.204,0,0
20071026,26.287,26.287,26.287,26.287,0,0
20071029,26.287,26.287,26.287,26.287,0,0
20071030,26.704,26.704,26.704,26.704,0,0
20071031,25.972,25.972,25.972,25.972,0,0
20071102,25.741,25.741,25.741,25.741,0,0
20071105,25.093,25.093,25.093,25.093,0,0
20071106,24.444,24.444,24.444,24.444,0,0
20071107,22.352,22.352,22.352,22.352,0,0
20071108,21.889,21.889,21.889,21.889,0,0
20071109,22.056,22.352,21.435,21.435,0,0
20071112,21.583,21.583,20.731,21.12,0,0
20071113,21.583,22.12,21.065,22.12,0,0
20071114,22.435,22.963,21.583,21.963,0,0
20071115,22.259,22.259,20.074,21.046,0,0
20071116,22.259,22.259,20.056,20.815,0,0
20071119,20.426,20.815,19.657,20.037,0,0
20071120,19.806,20.037,18.972,19.269,0,0
20071121,18.88,18.88,17.204,17.343,0,0
20071122,16.954,20.037,16.185,19.657,0,0
20071123,19.269,20.426,19.269,20.426,0,0
20071126,20.731,21.574,19.324,20.583,0,0
20071127,20.037,20.343,19.657,20.037,0,0
20071128,20.389,20.889,20.037,20.889,0,0
20071129,21.583,22.25,21.213,21.231,0,0
20071130,21.315,21.963,21.315,21.889,0,0
20071203,21.889,22.278,21.352,21.352,0,0
20071204,21.194,21.194,20.269,20.435,0,0
20071205,20.306,20.889,20.12,20.12,0,0
20071206,20.426,21.417,20.426,20.815,0,0
20071207,20.815,20.815,20.583,20.583,0,0
20071210,20.556,20.815,20.407,20.426,0,0
20071211,20.426,20.5,19.657,19.667,0,0
20071212,19.657,19.657,19.25,19.574,0,0
20071213,19.5,19.963,18.907,18.926,0,0
20071214,18.963,19.574,18.88,19.537,0,0
20071217,19.343,19.343,17.648,18.731,0,0
20071218,19.25,19.25,17.731,18.611,0,0
20071219,18.269,18.417,17.731,18.417,0,0
20071220,17.806,18.407,17.731,18.37,0,0
20071221,18.148,18.176,17.037,18.176,0,0
20071227,18.343,18.343,17.528,18.269,0,0
20071228,17.426,18.269,17.426,17.731,0,0
20080102,17.667,18.204,17.667,18.111,0,0
20080103,17.88,17.88,17.667,17.769,0,0
20080104,18.111,18.417,17.88,17.88,0,0
20080107,17.731,17.731,17,17.731,0,0
20080108,17.731,17.731,17.361,17.574,0,0
20080109,17.574,17.639,16.741,17.574,0,0
20080110,17.648,17.648,16.5,16.954,0,0
20080111,16.352,17.269,16.352,16.722,0,0
20080114,16.546,16.546,16.546,16.546,0,0
20080115,16.185,16.574,15.343,16.111,0,0
20080116,14.5,15.028,14.454,14.565,0,0
20080117,16.028,16.028,14.648,15.259,0,0
20080118,15.259,15.917,14.565,15.426,0,0
20080121,15.565,15.565,14.648,14.648,0,0
20080122,14.259,14.648,14.259,14.565,0,0
20080123,14.88,15.417,14.88,14.917,0,0
20080124,15.417,15.676,15.185,15.611,0,0
20080125,16.185,16.269,15.611,15.88,0,0
20080128,15.157,15.565,14.741,15.417,0,0
20080129,15.417,16.167,15.407,15.407,0,0
20080130,15.38,16.028,14.741,15.343,0,0
20080131,15.88,15.88,15.111,15.38,0,0
20080201,15.343,15.796,15.194,15.417,0,0
20080204,16.028,16.074,15.491,15.843,0,0
20080205,15.565,16.009,15.417,15.648,0,0
20080206,15.037,16.009,15.028,15.935,0,0
20080207,15.417,15.88,15.111,15.88,0,0
20080208,15.954,15.954,15.417,15.565,0,0
20080211,15.5,17.037,15.417,16.611,0,0
20080212,17.019,20.306,16.954,20.306,0,0
20080213,19.269,20.194,18.889,20.028,0,0
20080214,20.676,23.815,20.676,23.815,0,0
20080215,22.972,23.12,22.241,22.889,0,0
20080218,22.889,23.13,22.046,22.278,0,0
20080219,22.509,22.509,21.157,21.694,0,0
20080220,20.926,20.926,19.815,20.12,0,0
20080221,20.574,20.574,19.269,19.269,0,0
20080222,19.259,19.769,18.565,19.574,0,0
20080225,20.583,20.583,19.657,19.657,0,0
20080226,20.426,20.426,19.194,19.204,0,0
20080227,19.426,19.889,18.593,18.889,0,0
20080228,18.611,18.694,18.463,18.463,0,0
20080229,19.102,19.102,18.111,18.639,0,0
20080303,17.731,17.824,17.037,17.111,0,0
20080304,17.713,17.713,16.352,16.87,0,0
20080305,16.417,16.648,16.343,16.574,0,0
20080306,16.722,18.806,16.722,18.037,0,0
20080307,17.426,17.806,17.426,17.806,0,0
20080310,17.5,17.88,17.5,17.87,0,0
20080311,17.731,17.806,17.111,17.806,0,0
20080312,18.926,18.926,17.806,17.843,0,0
20080313,17.731,17.843,17.343,17.407,0,0
20080314,17.731,18.037,17.417,17.5,0,0
20080317,17.296,17.333,16.722,16.954,0,0
20080318,16.954,17.648,16.815,16.815,0,0
20080319,16.944,16.954,16.574,16.574,0,0
20080320,16.343,16.574,16.213,16.324,0,0
20080325,16.88,16.88,16.574,16.806,0,0
20080326,17.111,17.111,16.574,16.861,0,0
20080327,16.38,17.731,16.38,16.954,0,0
20080328,17.324,17.796,17.269,17.796,0,0
20080331,18.037,18.037,18.037,18.037,0,0
20080401,18.037,18.194,17.5,17.731,0,0
20080402,18.148,18.278,17.88,17.88,0,0
20080403,17.5,17.88,17.5,17.731,0,0
20080404,17.269,17.722,17.269,17.343,0,0
20080407,17.269,17.278,17.111,17.185,0,0
20080408,16.954,16.963,16.722,16.806,0,0
20080409,16.806,17.111,16.574,16.954,0,0
20080410,17.63,17.63,16.769,17.5,0,0
20080411,16.954,17.343,16.917,16.963,0,0
20080414,16.88,17.343,16.343,16.343,0,0
20080415,16.194,16.444,16.194,16.444,0,0
20080416,16.417,16.861,16.185,16.833,0,0
20080417,16.833,16.833,16.185,16.574,0,0
20080418,16.185,16.546,16.167,16.185,0,0
20080421,16.204,16.204,15.157,15.722,0,0
20080422,15.417,15.417,14.833,14.917,0,0
20080423,14.843,16.185,14.843,15.796,0,0
20080424,16.185,16.574,15.991,16.028,0,0
20080425,15.657,16.028,15.657,15.657,0,0
20080428,15.426,15.657,14.722,15.102,0,0
20080429,14.741,15.528,14.741,15.417,0,0
20080430,14.694,15.222,14.694,15.222,0,0
20080505,15.222,15.796,15.222,15.796,0,0
20080506,15.343,15.796,15.343,15.676,0,0
20080507,15.676,15.676,15.028,15.028,0,0
20080508,15.028,15.417,15.028,15.417,0,0
20080509,15.028,15.185,14.657,14.759,0,0
20080512,15.028,15.148,14.759,15.148,0,0
20080513,15.148,15.259,14.88,15.148,0,0
20080514,14.796,15.222,14.796,15.222,0,0
20080515,14.611,15.028,14.602,15.028,0,0
20080516,14.648,15.028,14.639,15.028,0,0
20080519,14.648,15.028,14.648,15.028,0,0
20080520,14.648,14.648,14.278,14.37,0,0
20080521,14.491,14.954,14.491,14.954,0,0
20080523,14.935,14.954,14.491,14.88,0,0
20080526,14.491,14.648,14.454,14.648,0,0
20080527,14.417,14.648,14.111,14.648,0,0
20080528,14.333,14.648,14.259,14.259,0,0
20080529,14.111,14.259,13.972,14.213,0,0
20080530,14.25,14.25,14.25,14.25,0,0
20080602,13.954,14.065,13.722,14.065,0,0
20080603,13.491,13.491,12.972,13.491,0,0
20080604,13.491,13.639,13.102,13.491,0,0
20080605,13.037,13.259,13.037,13.259,0,0
20080606,13.102,16.185,13.065,15.296,0,0
20080609,15.407,16.454,14.37,14.38,0,0
20080610,14.417,14.417,13.491,13.491,0,0
20080611,13.259,14.222,13.12,13.176,0,0
20080612,13.13,13.991,13.12,13.722,0,0
20080613,13.491,14.333,13.491,14.296,0,0
20080616,14.991,14.991,14.176,14.176,0,0
20080617,13.417,14.176,13.417,14.028,0,0
20080618,14.259,14.259,13.565,13.917,0,0
20080619,13.491,14.019,13.491,13.87,0,0
20080620,13.87,14.019,13.194,13.194,0,0
20080623,13.111,13.528,11.88,11.88,0,0
20080624,11.907,11.935,11.204,11.333,0,0
20080625,11.519,11.889,11.519,11.889,0,0
20080626,12.333,12.333,11.852,12.13,0,0
20080627,11.481,12.269,11.481,12.167,0,0
20080630,11.574,11.935,11.37,11.935,0,0
20080701,11.333,11.407,11.333,11.407,0,0
20080702,11.565,11.565,11.194,11.213,0,0
20080703,11.194,11.194,10.556,10.963,0,0
20080704,10.787,10.787,10.556,10.556,0,0
20080707,10.787,10.787,10.398,10.398,0,0
20080708,10.324,10.324,10.139,10.324,0,0
20080709,10.407,10.75,10.407,10.75,0,0
20080710,10.787,11.139,10.639,10.639,0,0
20080711,11.139,11.139,11.102,11.102,0,0
20080714,11.157,11.157,10.056,10.787,0,0
20080715,10.231,10.787,10.231,10.287,0,0
20080716,10.287,10.787,10.019,10.37,0,0
20080717,10.648,10.981,10.639,10.833,0,0
20080718,10.407,10.935,10.407,10.907,0,0
20080721,11.009,11.009,10.556,10.917,0,0
20080722,10.917,10.972,10.648,10.972,0,0
20080723,10.556,11.565,10.556,11.111,0,0
20080724,11.565,11.565,11.028,11.102,0,0
20080725,10.602,10.787,10.602,10.787,0,0
20080728,11.102,11.444,11.019,11.444,0,0
20080729,10.639,11.407,10.639,11.407,0,0
20080730,11.481,12.074,10.981,12.074,0,0
20080731,12.074,12.944,12.074,12.852,0,0
20080801,12.713,12.796,11.944,12.324,0,0
20080804,12.333,12.333,11.963,12.333,0,0
20080805,11.944,12.324,11.713,11.944,0,0
20080806,12.065,12.102,11.565,11.565,0,0
20080807,12.315,12.315,11.176,11.481,0,0
20080808,11.185,12.065,11.176,12.065,0,0
20080811,11.75,11.944,11.519,11.574,0,0
20080812,11.574,11.944,11.574,11.944,0,0
20080813,11.565,12.176,11.565,12.139,0,0
20080814,12.333,12.713,12.139,12.704,0,0
20080818,12.704,12.704,12.333,12.333,0,0
20080819,12.028,12.333,11.87,11.87,0,0
20080820,12.231,12.241,11.343,11.565,0,0
20080821,11.556,11.565,11.556,11.565,0,0
20080822,11.472,11.704,11.028,11.704,0,0
20080825,11.704,11.713,11.454,11.454,0,0
20080826,11.565,11.565,11.25,11.25,0,0
20080827,11.296,11.296,11.287,11.296,0,0
20080828,11.333,11.546,11.333,11.546,0,0
20080829,11.546,11.565,11.481,11.481,0,0
20080901,11.556,11.556,11.556,11.556,0,0
20080902,11.713,11.861,11.324,11.861,0,0
20080903,11.87,11.87,11.407,11.639,0,0
20080904,11.861,12.324,11.602,12.315,0,0
20080905,12.213,12.213,11.704,11.935,0,0
20080908,11.935,12.296,11.87,12.167,0,0
20080909,11.944,12.083,11.722,12.083,0,0
20080910,11.796,11.944,11.731,11.944,0,0
20080911,11.796,11.796,11.639,11.676,0,0
20080912,11.935,11.944,11.713,11.713,0,0
20080915,11.843,11.843,11.602,11.602,0,0
20080916,11.417,11.417,10.981,10.981,0,0
20080917,10.944,10.944,10.12,10.75,0,0
20080918,10.13,10.75,10.13,10.556,0,0
20080919,10.787,11.065,10.556,11.019,0,0
20080922,11.565,11.565,11.25,11.287,0,0
20080923,11.25,11.25,10.611,11.065,0,0
20080924,10.787,11.065,10.787,11.056,0,0
20080925,11.056,11.407,10.833,11.407,0,0
20080926,11.389,11.389,10.556,11.324,0,0
20080929,10.787,10.787,10.787,10.787,0,0
20080930,10.75,11.37,10.75,11.019,0,0
20081001,10.907,11.287,10.907,11.176,0,0
20081002,11.139,11.25,11.019,11.25,0,0
20081006,10.796,10.796,10.713,10.731,0,0
20081008,10.407,10.731,10.204,10.556,0,0
20081009,10.731,10.731,10.287,10.454,0,0
20081010,10.333,10.333,9.639,10,0,0
20081013,10,10.435,10,10.435,0,0
20081014,10.787,10.87,10.787,10.87,0,0
20081015,10.454,10.454,10.019,10.019,0,0
20081016,9.935,10.407,9.639,10.306,0,0
20081017,9.3611,10.009,9.25,10.009,0,0
20081020,10.009,10.176,10.009,10.176,0,0
20081021,10.028,10.093,10.028,10.093,0,0
20081022,10.028,10.037,9.25,9.25,0,0
20081023,10.019,10.019,8.8611,9.2407,0,0
20081024,8.8981,9.2407,8.3241,8.3981,0,0
20081027,7.6296,7.6296,6.8981,7.2037,0,0
20081028,6.8241,6.9352,6.6296,6.6296,0,0
20081029,6.6296,7.3056,6.1389,7.3056,0,0
20081030,7.3241,7.5463,6.6019,6.8426,0,0
20081031,6.9259,6.9259,6.1667,6.2407,0,0
20081103,6.3981,6.6019,5.8611,6.1759,0,0
20081104,6.25,7.287,6.25,7.2037,0,0
20081105,7.3241,8.8519,7.2037,8.3981,0,0
20081106,8.1019,8.3981,7.7037,7.8241,0,0
20081107,7.5648,7.9074,7.5648,7.7037,0,0
20081110,8.037,8.8241,8.037,8.75,0,0
20081112,8.6296,8.6296,8.0926,8.4722,0,0
20081113,8.4815,8.6667,8.3241,8.6574,0,0
20081114,8.6574,9.1667,8.3981,8.75,0,0
20081117,8.6667,8.6667,8.1204,8.1204,0,0
20081118,8.1296,8.6204,8.1111,8.6204,0,0
20081119,8.25,8.287,8.25,8.2778,0,0
20081120,8.0926,8.0926,7.75,7.75,0,0
20081121,7.787,8.0185,7.7315,8.0185,0,0
20081124,8.037,8.4722,8.037,8.463,0,0
20081125,8.3611,8.3611,8.0185,8.287,0,0
20081126,7.75,7.75,7.1667,7.3333,0,0
20081127,7.2778,7.4722,7.2778,7.3333,0,0
20081128,7.4167,7.4259,7.4167,7.4259,0,0
20081201,7.4167,7.4722,7.0926,7.0926,0,0
20081202,6.9352,7.1667,6.787,7.1667,0,0
20081203,6.9352,7.0833,6.787,7.0833,0,0
20081204,6.6852,6.6944,6.4722,6.5556,0,0
20081205,6.5556,6.787,6.5556,6.787,0,0
20081208,6.9259,7.0926,6.787,7.0926,0,0
20081209,6.963,7.0926,6.9537,7.0926,0,0
20081210,6.787,7.0926,6.787,7.0926,0,0
20081211,7.0185,7.0926,6.6296,7.037,0,0
20081212,6.9352,6.9352,6.6389,6.6389,0,0
20081215,6.6389,6.7037,6.3333,6.3333,0,0
20081216,6.25,6.5463,6.213,6.5463,0,0
20081217,6.213,6.4722,6.2037,6.4722,0,0
20081218,6.5926,6.6667,6.5926,6.6667,0,0
20081219,6.463,7.1481,6.463,7.1481,0,0
20081222,6.7315,7.0741,6.7315,6.8148,0,0
20081223,6.8148,7.1481,6.8148,7.1111,0,0
20081229,7.1204,7.1389,6.8426,7.1111,0,0
20081230,7.1574,7.1574,6.9352,7.0926,0,0
20081231,6.9167,6.9167,6.8426,6.8426,0,0
20090105,7.1481,7.1481,6.8148,6.9907,0,0
20090106,6.8889,18.769,6.6019,18.769,0,0
20090107,18.741,18.833,18,18.259,0,0
20090108,18.426,18.426,17.907,18.315,0,0
20090109,18.426,23.935,18.426,23.935,0,0
20090112,25.13,30.037,25.13,28.315,0,0
20090113,28.296,28.296,24.556,27.602,0,0
20090114,27.602,29.676,25.611,26.065,0,0
20090115,25.398,26.333,24.537,24.537,0,0
20090116,25.13,26.046,24.657,24.778,0,0
20090119,24.778,24.778,22.741,23.407,0,0
20090120,23.389,23.389,21.306,21.944,0,0
20090121,21.639,25.083,20.343,25.083,0,0
20090122,26.093,26.093,22.981,22.981,0,0
20090123,22.981,22.981,21.185,22.694,0,0
20090126,22.861,22.861,21.565,22.231,0,0
20090127,22.861,22.861,21.306,21.306,0,0
20090128,21.426,22.472,21.306,22,0,0
20090129,22,22,20.583,21.306,0,0
20090130,21.306,21.472,21.306,21.398,0,0
20090202,20.824,20.824,19.463,20.324,0,0
20090203,21.065,21.065,19.87,20.583,0,0
20090204,20.463,20.583,19.63,20.417,0,0
20090205,19.648,20.343,19.648,20.296,0,0
20090206,20.324,25.13,20.102,24.657,0,0
20090209,24.657,24.657,22.574,23.167,0,0
20090210,23.454,23.454,21.88,22.528,0,0
20090211,21.731,22.352,21.731,21.778,0,0
20090212,21.611,23.556,21.611,22.306,0,0
20090213,22.019,22.5,21.713,21.713,0,0
20090216,21.806,21.806,21.259,21.259,0,0
20090217,21.065,21.065,19.148,19.63,0,0
20090218,19.63,22.019,18.546,20.343,0,0
20090219,21.065,22.019,21.065,21.065,0,0
20090220,20.63,20.63,19.87,20.565,0,0
20090223,21.157,21.157,20.37,20.944,0,0
20090224,20.778,20.778,19.556,20.083,0,0
20090225,20.278,21.472,20.278,20.37,0,0
20090226,21.472,21.972,21.278,21.852,0,0
20090227,21.898,23.213,21.639,21.639,0,0
20090302,21.639,21.639,20.102,20.343,0,0
20090303,20.222,21.639,20.222,21.546,0,0
20090304,21.639,21.639,21.231,21.231,0,0
20090305,21.259,21.519,21.065,21.065,0,0
20090306,21.065,22.333,20.824,22.12,0,0
20090309,20.944,21.639,20.944,21.639,0,0
20090310,21.546,22.259,21.324,22.139,0,0
20090311,22.472,22.787,22.352,22.694,0,0
20090312,21.657,22.954,21.657,22.954,0,0
20090313,23.102,23.167,22.5,22.954,0,0
20090316,22.5,23.102,22.38,22.741,0,0
20090317,23.769,23.935,23.435,23.676,0,0
20090318,23.676,23.796,23.5,23.5,0,0
20090319,23.269,23.435,23.213,23.333,0,0
20090320,23.213,23.213,22.981,22.981,0,0
20090323,23.62,23.62,22.926,23.333,0,0
20090324,23.676,23.676,23.167,23.454,0,0
20090325,23.454,24.269,23.269,24.222,0,0
20090326,24.176,24.176,23.602,23.602,0,0
20090327,23.5,23.907,23.12,23.528,0,0
20090330,22.861,23.769,22.861,23,0,0
20090331,23.102,23.454,23.102,23.389,0,0
20090401,23.454,23.694,23.241,23.694,0,0
20090402,23.694,25.898,23.694,25.37,0,0
20090403,25.611,25.852,25.13,25.204,0,0
20090406,25.611,27.287,25.37,25.731,0,0
20090407,26.259,26.259,25.25,25.991,0,0
20090408,25.611,27.454,25.611,27.241,0,0
20090409,27.259,27.5,26.213,26.444,0,0
20090414,26.787,27.5,26.444,26.926,0,0
20090415,26.546,27.889,26.546,27.889,0,0
20090416,27.454,28.556,27.454,28.241,0,0
20090417,28.602,30.713,27.528,29.444,0,0
20090420,30.713,30.713,27.407,27.407,0,0
20090421,27.426,28.935,27.407,28.463,0,0
20090422,28.917,29.676,28.722,29.176,0,0
20090423,29.389,29.389,27.907,28.241,0,0
20090424,27.833,28.241,26.713,27.741,0,0
20090427,28,28,26.565,27.019,0,0
20090428,26.472,28.241,26.472,27.954,0,0
20090429,27.954,28.241,27.046,27.935,0,0
20090430,27.907,28.12,27.167,27.981,0,0
20090504,27.981,33.269,27.981,31.12,0,0
20090505,31.12,31.352,29.704,31.352,0,0
20090506,32.167,35.306,32.167,33.889,0,0
20090507,34.926,34.926,32.315,32.315,0,0
20090508,33.222,33.222,31.5,31.639,0,0
20090511,30.685,30.685,29.583,30.639,0,0
20090512,29.963,32.787,29.963,32.287,0,0
20090513,32.074,32.074,29.463,30.037,0,0
20090514,29.917,30.833,29.222,29.676,0,0
20090515,29.917,30.833,29.444,29.676,0,0
20090518,29.417,29.417,27.648,28.241,0,0
20090519,28.963,29.611,28.12,28.722,0,0
20090520,29.444,29.444,27.769,28.722,0,0
20090521,28,28.556,27.648,27.648,0,0
20090522,27.648,28.241,27.093,27.287,0,0
20090525,28.194,28.194,26.907,26.907,0,0
20090526,27.287,27.454,27.046,27.407,0,0
20090527,27.546,28.676,27.407,28.463,0,0
20090528,28.435,28.435,27.602,27.889,0,0
20090529,28.241,28.843,27.62,28.148,0,0
20090601,27.602,28.361,27.602,28,0,0
20090602,28,28.463,27.741,28.343,0,0
20090603,28.463,28.694,27.833,28,0,0
20090604,28.583,29.204,28,28.296,0,0
20090605,28.602,29.13,28.269,28.269,0,0
20090608,28.269,28.694,28.12,28.694,0,0
20090609,28.676,28.676,27.815,28.176,0,0
20090610,28.361,29.565,28.361,29.565,0,0
20090612,29.676,30.324,29.269,30.278,0,0
20090615,30.157,30.157,29.491,29.565,0,0
20090616,28.361,29.676,28.361,29.565,0,0
20090617,29.676,29.676,29.009,29.157,0,0
20090618,29.056,29.056,28.389,28.963,0,0
20090619,29.157,29.157,28.694,28.843,0,0
20090622,28.241,28.241,28,28,0,0
20090623,27.602,28.241,27.093,27.648,0,0
20090624,27.769,28.63,27.361,28.63,0,0
20090625,28.583,28.583,26.833,28,0,0
20090626,28,28,27.315,27.315,0,0
20090629,27.213,27.287,26.852,26.926,0,0
20090630,26.954,27.407,26.907,27.167,0,0
20090701,26.972,27.38,26.833,27.38,0,0
20090702,27.407,27.407,26.954,27.287,0,0
20090703,27.287,27.769,26.833,27.648,0,0
20090706,27.741,27.741,26.88,27.361,0,0
20090707,27.454,27.528,26.731,26.954,0,0
20090708,27.574,27.574,26.806,27.046,0,0
20090709,27.167,27.333,26.926,27.167,0,0
20090710,26.806,27.361,26.806,27.259,0,0
20090713,26.787,26.787,25.731,26.213,0,0
20090714,25.87,26.787,25.87,26.213,0,0
20090715,26.333,26.546,26.046,26.352,0,0
20090716,26.5,27.194,26.352,26.88,0,0
20090717,26.926,27.38,26.926,27.287,0,0
20090720,27.287,27.287,26.926,26.954,0,0
20090721,27.528,29.102,27.315,28.722,0,0
20090722,28.889,28.889,27.528,28.315,0,0
20090723,28.315,28.315,27.074,27.861,0,0
20090724,27.769,28.241,27.315,28.194,0,0
20090727,28.722,28.722,28.481,28.481,0,0
20090728,28.722,28.722,27.528,28.648,0,0
20090729,27.769,28.481,27.62,28.296,0,0
20090730,28,28.722,27.954,28.722,0,0
20090731,28.75,29.676,28.75,29.13,0,0
20090803,29.898,29.898,28.796,29.611,0,0
20090804,29.676,29.676,28.769,29.444,0,0
20090805,29.083,29.324,28.241,29.157,0,0
20090806,28.722,29.204,28.722,29.204,0,0
20090807,28.722,29.204,28,28.722,0,0
20090810,28.722,28.722,28.12,28.694,0,0
20090811,28.481,28.602,27.528,27.574,0,0
20090812,27.648,30.111,27.407,28.722,0,0
20090813,29.778,29.778,28,28.12,0,0
20090814,28.176,28.963,28.12,28.963,0,0
20090817,28.481,28.481,28.056,28.148,0,0
20090818,28.148,28.361,27.833,28.028,0,0
20090819,28.343,28.63,28.056,28.63,0,0
20090820,28.722,29.037,28.315,28.963,0,0
20090821,29.324,31.12,28.963,29.917,0,0
20090824,30.519,30.88,29.222,29.296,0,0
20090825,29.222,29.87,29.204,29.796,0,0
20090826,29.75,30.25,28.722,28.963,0,0
20090827,28.963,29.917,28.87,28.87,0,0
20090828,28.917,29.796,28.815,28.935,0,0
20090831,28.75,29.704,28.722,29.389,0,0
20090901,30.278,31.954,30.278,31.954,0,0
20090902,31.694,31.954,29.917,29.991,0,0
20090903,30.278,31.12,30.037,31.065,0,0
20090904,30.759,32.741,30.157,32.407,0,0
20090907,32.315,35.065,32.315,34.231,0,0
20090908,34.704,35.324,33.75,35.185,0,0
20090909,35.157,35.157,33.194,34.704,0,0
20090910,34.704,35.907,34.704,35.546,0,0
20090911,34.565,35.546,34.398,34.731,0,0
20090914,33.481,35.62,33.481,35.546,0,0
20090915,35.731,35.731,34.75,34.972,0,0
20090916,35.639,35.759,34.731,35.759,0,0
20090917,35.852,36.259,35.426,35.426,0,0
20090918,35.667,35.852,35.667,35.852,0,0
20090921,35.852,35.852,34.565,34.565,0,0
20090922,35.185,35.426,34.352,35.306,0,0
20090923,35.306,35.426,34.704,35.157,0,0
20090924,34.463,35.259,34.463,35.259,0,0
20090925,34.231,35.231,34.231,34.704,0,0
20090928,34.731,43.009,34.731,43.009,0,0
20090929,46.676,46.676,39.731,39.731,0,0
20090930,39.731,41.046,39.611,39.685,0,0
20091001,39.972,39.972,37.574,37.574,0,0
20091002,36.861,37.694,36.861,37.694,0,0
20091005,37.843,39.204,37.574,38.778,0,0
20091006,39.204,40.454,39.019,39.944,0,0
20091007,39.926,39.926,39.019,39.593,0,0
20091008,40.593,41.287,39.278,39.657,0,0
20091009,39.685,39.731,38.056,39.25,0,0
20091012,39.185,39.231,38.296,38.778,0,0
20091013,38.537,39.231,38.537,38.537,0,0
20091014,38.537,39.111,38.537,39.111,0,0
20091015,38.556,39.25,38.37,38.389,0,0
20091016,38.37,38.87,37.343,37.694,0,0
20091019,37.694,39.019,36.407,38.222,0,0
20091020,37.722,38.75,36.62,38.296,0,0
20091021,38.731,38.731,37.102,38.296,0,0
20091022,37.574,37.574,36.648,37.343,0,0
20091023,37.574,37.574,35.593,35.926,0,0
20091026,35.065,35.065,34.324,34.463,0,0
20091027,35.398,35.398,33.657,33.75,0,0
20091028,33.75,35.62,33.75,35.157,0,0
20091029,34.25,36.259,34.231,35.88,0,0
20091030,35.852,35.88,34.704,34.704,0,0
20091102,34.009,34.565,33.509,34.519,0,0
20091103,33.583,34.463,33.13,33.509,0,0
20091104,33.509,33.75,33.509,33.722,0,0
20091105,33.509,33.991,33.296,33.75,0,0
20091106,33.509,33.75,32.787,33.75,0,0
20091109,33.056,33.722,33.028,33.722,0,0
20091110,33.509,34.231,33.315,33.315,0,0
20091112,35.037,35.037,33.509,34.296,0,0
20091113,34.704,34.731,32.815,33.509,0,0
20091116,34.111,34.111,33.148,33.602,0,0
20091117,34.204,34.204,33.176,33.556,0,0
20091118,32.843,33.481,32.815,33.269,0,0
20091119,32.981,33.509,32.981,33.028,0,0
20091120,33.028,33.269,32.556,33.269,0,0
20091123,32.676,33.704,32.676,33.509,0,0
20091124,33.028,33.509,32.62,33.509,0,0
20091125,32.648,33.509,32.648,33.509,0,0
20091126,33.509,33.704,32.556,33.704,0,0
20091127,32.843,33.75,32.815,33.75,0,0
20091130,33.963,33.963,32.907,32.907,0,0
20091201,32.556,33.389,32,32,0,0
20091202,32.315,32.556,31.639,32.556,0,0
20091203,31.519,32.556,31.259,32.556,0,0
20091204,31.593,32.435,31.352,31.593,0,0
20091207,32.12,32.269,31.12,32.074,0,0
20091208,31.231,31.231,31,31,0,0
20091209,31.12,31.12,30.898,31.12,0,0
20091210,31.12,31.12,30.444,31.12,0,0
20091211,30.491,31.12,30.204,30.713,0,0
20091214,29.824,30.519,29.824,30.157,0,0
20091215,30.157,30.157,29.222,29.222,0,0
20091216,28.843,29.676,28.843,29.676,0,0
20091217,29.676,29.917,29.676,29.917,0,0
20091218,29.444,29.852,29.444,29.852,0,0
20091221,29.917,29.917,29.102,29.676,0,0
20091222,29.75,30.88,29.463,29.796,0,0
20091223,30.157,30.157,28.963,29.565,0,0
20091228,29.444,29.565,28.343,28.963,0,0
20091229,28.722,30.444,28.241,29.204,0,0
20091230,28.963,29.204,28.389,29.204,0,0
20091231,28.75,29.083,28.75,28.963,0,0
20100104,29.204,29.676,28.722,28.843,0,0
20100105,28.963,30.157,28.963,30.037,0,0
20100106,30.037,30.037,29.565,29.898,0,0
20100107,29.583,30.037,29.583,30.037,0,0
20100108,29.731,29.917,29.731,29.917,0,0
20100111,29.824,29.917,29.463,29.796,0,0
20100112,29.537,29.537,29.037,29.037,0,0
20100113,28.981,29.444,28.87,29.37,0,0
20100114,28.963,29.565,28.963,29.565,0,0
20100115,28.981,29.87,28.981,29.87,0,0
20100118,29.676,29.87,29.343,29.852,0,0
20100119,29.389,29.796,29.389,29.731,0,0
20100120,29.676,29.731,29.444,29.63,0,0
20100121,29.63,29.898,29.463,29.565,0,0
20100122,29.417,29.704,29.296,29.704,0,0
20100125,29.204,29.676,29.176,29.657,0,0
20100126,29.176,29.509,29.083,29.463,0,0
20100127,29.389,29.463,28.963,29.343,0,0
20100128,29.204,29.204,28.889,28.889,0,0
20100129,28.87,29.204,28.87,28.917,0,0
20100201,28.75,29.204,28.75,29.204,0,0
20100202,29.204,29.204,29.204,29.204,0,0
20100203,28.75,29.63,28.75,29.417,0,0
20100204,28.796,29.565,28.769,28.769,0,0
20100205,27.602,28.269,27.046,27.741,0,0
20100208,27.546,28.241,27.287,28.222,0,0
20100209,28.102,28.102,27.769,28,0,0
20100210,28.12,28.722,27.528,28.583,0,0
20100211,27.046,28.241,27,28.222,0,0
20100212,27.12,28.222,27.12,28.222,0,0
20100215,27.648,28.194,27.648,28.194,0,0
20100216,28.176,28.241,27.769,28.194,0,0
20100217,27.787,29.63,27.769,29.269,0,0
20100218,29.157,29.204,28.75,29.176,0,0
20100219,28.583,28.963,26.926,28.056,0,0
20100222,29.509,29.509,28.12,29.13,0,0
20100223,28.963,28.963,27.546,28.509,0,0
20100224,27.935,28.602,27.528,28.602,0,0
20100225,27.667,27.667,27.074,27.528,0,0
20100226,27.5,27.5,27.287,27.287,0,0
20100301,27.167,27.5,27.167,27.5,0,0
20100302,27.481,28.407,27.167,27.287,0,0
20100303,27.333,27.769,27.046,27.769,0,0
20100304,27.093,27.648,26.685,26.833,0,0
20100305,26.926,27.407,26.926,27.407,0,0
20100308,27.093,27.5,26.954,27.5,0,0
20100309,27.074,27.287,26.806,27.287,0,0
20100310,27.046,29.611,26.806,29.611,0,0
20100311,29.87,30.778,29.25,30.639,0,0
20100312,30.537,31.472,29.611,31.454,0,0
20100315,31.472,31.472,30.019,30.657,0,0
20100316,31.12,31.352,31.12,31.12,0,0
20100317,31.519,31.833,31,31.12,0,0
20100318,31.231,31.472,30.639,31.231,0,0
20100319,31.546,31.546,30.472,31,0,0
20100322,30.639,31.065,28.981,30.972,0,0
20100323,30.639,30.759,29.917,30.111,0,0
20100324,30.88,30.88,29.704,29.917,0,0
20100325,29.917,30.324,29.343,30.324,0,0
20100326,29.269,30.398,28.722,28.722,0,0
20100329,29.204,29.657,28.843,29.509,0,0
20100330,29.565,30.398,29.565,29.917,0,0
20100331,30.852,30.852,29.676,30.037,0,0
20100401,30.231,30.426,29.917,30.398,0,0
20100406,30.139,30.139,29.222,29.296,0,0
20100407,29.565,29.898,29.009,29.898,0,0
20100408,29.898,30.037,29.037,29.657,0,0
20100409,29.917,30.426,29.324,30.157,0,0
20100412,29.611,31.694,29.611,31.667,0,0
20100413,31.713,33.963,31.713,33.75,0,0
20100414,33.963,34.463,33.269,34.231,0,0
20100415,33.75,34.463,33.75,34.352,0,0
20100416,33.028,33.991,32.407,33.991,0,0
20100419,33.509,33.509,32.074,33.194,0,0
20100420,32.907,33.509,32.907,33.509,0,0
20100421,32.787,33.028,32.287,32.361,0,0
20100422,32.528,32.528,32.194,32.194,0,0
20100423,32.315,33.009,31.185,33.009,0,0
20100426,32.981,32.981,32.315,32.315,0,0
20100427,32.435,32.435,32.315,32.315,0,0
20100428,31.833,32.556,31.38,31.454,0,0
20100429,31.62,32.315,31.472,32.315,0,0
20100430,32.435,33.028,32.435,33.028,0,0
20100504,33.13,33.13,32.361,32.556,0,0
20100505,31.639,32.5,31.306,32.287,0,0
20100506,31.167,32.269,31.167,32.241,0,0
20100507,30.278,31.713,30.278,31.713,0,0
20100510,31.12,32.315,31.12,32.194,0,0
20100511,32.269,32.315,32.269,32.269,0,0
20100512,32.12,32.676,31.88,32.676,0,0
20100513,32.194,32.315,31.639,31.639,0,0
20100514,31.546,31.546,30.065,30.083,0,0
20100517,28.963,29.444,28.722,29.204,0,0
20100518,29.204,29.204,28.676,28.676,0,0
20100519,28.435,28.435,27.12,27.769,0,0
20100520,27.769,28.241,26.907,26.907,0,0
20100521,26.5,27.528,26.444,27.528,0,0
20100524,27.769,28.12,27.769,28.12,0,0
20100525,28.074,28.074,27.287,27.769,0,0
20100526,27.889,28.361,27.769,28.361,0,0
20100527,28.296,29.917,28.296,29.796,0,0
20100528,29.917,30.306,29.324,30.278,0,0
20100531,28.528,30.157,28.528,30.157,0,0
20100602,29.324,29.917,29.324,29.917,0,0
20100604,28.63,29.796,28.63,29.778,0,0
20100607,28.407,29.444,28.296,28.361,0,0
20100608,28.296,29.083,27.574,28.602,0,0
20100609,28.361,28.481,27.648,28.481,0,0
20100610,27.889,28.241,27.574,27.648,0,0
20100611,27.741,28.722,27.528,27.574,0,0
20100614,28.361,28.361,27.287,28.241,0,0
20100615,28.241,28.241,28.241,28.241,0,0
20100616,28.694,28.694,27.769,27.769,0,0
20100617,28.389,28.389,27.574,27.574,0,0
20100618,27.528,27.713,27.194,27.713,0,0
20100621,27.315,27.954,27.287,27.889,0,0
20100622,28,28,27.046,27.046,0,0
20100623,26.833,27.287,26.713,27.287,0,0
20100624,26.713,27.287,26.713,27.287,0,0
20100625,26.593,27.259,26.593,27.259,0,0
20100628,26.398,26.398,26.398,26.398,0,0
20100629,27.287,28,26.806,27.481,0,0
20100630,26.713,27.287,26.713,26.713,0,0
20100701,27.62,27.648,26.852,26.852,0,0
20100702,27.167,27.981,27.167,27.741,0,0
20100705,27.769,27.769,26.926,27.741,0,0
20100706,27.741,28,27.528,28,0,0
20100707,28,28,27.602,28,0,0
20100708,28.435,28.481,27.648,28.407,0,0
20100709,27.787,27.787,27.769,27.769,0,0
20100712,27.602,27.769,27.574,27.769,0,0
20100713,27.546,27.981,27.528,27.528,0,0
20100714,27.287,28.12,27.046,27.528,0,0
20100715,27.5,27.5,27.167,27.5,0,0
20100716,27.5,27.528,27.093,27.093,0,0
20100719,26.972,27.528,26.731,26.731,0,0
20100720,27.046,27.046,27.046,27.046,0,0
20100721,26.972,27.769,26.972,27.528,0,0
20100722,27.769,28.481,27.769,28.481,0,0
20100723,28.722,29.324,28.722,29.037,0,0
20100726,29.009,29.917,29.009,29.444,0,0
20100727,29.676,30.278,29.676,29.944,0,0
20100728,29.944,30.491,29.944,30.139,0,0
20100729,29.204,29.222,29.204,29.222,0,0
20100730,29.991,29.991,29.963,29.963,0,0
20100802,29.944,30.491,29.944,29.963,0,0
20100803,30.398,30.398,29.463,29.463,0,0
20100804,29.463,30.352,29.463,30.157,0,0
20100805,30.037,30.157,29.463,30.111,0,0
20100806,30.111,30.398,30.111,30.398,0,0
20100809,29.565,30.065,28.963,28.963,0,0
20100810,29.204,29.204,28.963,28.963,0,0
20100811,28.963,30.278,28.963,30.278,0,0
20100812,29.444,29.917,29.444,29.917,0,0
20100813,29.222,29.796,29.056,29.657,0,0
20100816,29.657,29.657,28.843,28.843,0,0
20100817,28.963,29.444,28.963,29.204,0,0
20100818,29.537,29.537,29.537,29.537,0,0
20100819,29.389,29.389,28.963,29.324,0,0
20100820,28.796,28.963,28.796,28.963,0,0
20100823,29.13,29.63,28.722,29.444,0,0
20100824,29.417,29.796,29.204,29.204,0,0
20100825,28.269,29.157,28.269,29.157,0,0
20100826,28.722,29.102,28.296,29.102,0,0
20100827,28.722,28.722,28.028,28.241,0,0
20100830,28.694,28.694,28.241,28.296,0,0
20100831,28.12,28.694,28.12,28.481,0,0
20100901,28.481,29.657,28.481,29.565,0,0
20100902,29.444,29.537,28.87,28.87,0,0
20100903,29.463,29.463,28.63,29.417,0,0
20100906,28.796,29.343,28.796,29.324,0,0
20100907,28.815,29.444,28.815,29.444,0,0
20100908,28.889,29.176,28.722,29.083,0,0
20100909,28.722,29.083,28.722,29.083,0,0
20100910,28.722,29.056,28.269,29.056,0,0
20100913,28.889,29.176,28.889,29.176,0,0
20100914,29.056,29.176,29.056,29.176,0,0
20100915,28.315,28.648,28.315,28.648,0,0
20100916,28.935,29.389,28.843,29.324,0,0
20100917,29.324,29.324,28.648,29.204,0,0
20100920,29.25,31.472,29.083,31.472,0,0
20100921,31.833,32.315,31.093,31.407,0,0
20100922,30.778,31.287,29.917,30.639,0,0
20100923,31,31,29.25,29.25,0,0
20100924,29.75,30.519,29.417,30.306,0,0
20100927,29.611,31,29.537,29.583,0,0
20100928,29.611,30.806,29.611,30.639,0,0
20100929,29.676,30.537,29.676,30.083,0,0
20100930,29.657,30.398,29.657,30.37,0,0
20101001,30.639,35.62,30.639,35.398,0,0
20101004,34.731,35.139,32.435,32.435,0,0
20101005,32.435,32.435,31.593,32.435,0,0
20101006,31.639,32.435,31.639,32.315,0,0
20101007,31.833,32.194,31.472,31.833,0,0
20101008,32.722,33.463,31.833,32.694,0,0
20101011,32.556,32.556,31.861,31.861,0,0
20101012,31.833,32.435,31.333,32.435,0,0
20101013,32.315,32.528,31.407,32.435,0,0
20101014,31.639,34.083,31.639,33.991,0,0
20101015,33.148,33.75,31.861,32.889,0,0
20101018,32.889,32.889,31.62,32.741,0,0
20101019,31.833,32.722,31.5,31.5,0,0
20101020,31.259,32.028,31.213,31.713,0,0
20101021,31.185,31.593,31.167,31.167,0,0
20101022,31.593,31.694,31.185,31.574,0,0
20101025,31.185,32.046,31.12,31.407,0,0
20101026,31.407,31.407,30.926,30.926,0,0
20101027,30.898,31.333,30.898,31.333,0,0
20101028,31.352,31.352,30.898,30.898,0,0
20101029,30.88,30.88,30.88,30.88,0,0
20101102,30.444,30.852,30.157,30.157,0,0
20101103,30.111,30.398,29.991,30.157,0,0
20101104,30.157,31.38,29.444,30.398,0,0
20101105,30.639,30.88,29.204,30.731,0,0
20101108,30.685,31,30.639,31,0,0
20101109,30.88,31,30.639,30.639,0,0
20101110,30.759,31.954,30.157,30.88,0,0
20101112,31.593,33.028,31.593,32.722,0,0
20101115,32.694,33.917,32.194,33.509,0,0
20101116,33.269,33.269,32.361,33.028,0,0
20101117,32.361,32.787,32.361,32.722,0,0
20101118,32.787,33.87,32.787,33.824,0,0
20101119,33.824,33.824,32.574,33.028,0,0
20101122,32.556,33.463,32.167,32.787,0,0
20101123,31.593,32.648,31.231,32.315,0,0
20101124,32.648,32.648,31.12,32.074,0,0
20101125,32.5,34.463,32.454,32.454,0,0
20101126,32.481,33.269,32.074,33.009,0,0
20101129,32.148,33.148,32.148,33.148,0,0
20101130,32.435,33.13,32.074,33.009,0,0
20101201,32.787,32.787,31.593,32.648,0,0
20101202,33.083,33.083,31.593,32.787,0,0
20101203,32.694,32.694,31.88,31.88,0,0
20101206,31.907,32.528,31.907,31.954,0,0
20101207,31.954,32.528,31.352,32.481,0,0
20101208,32.481,32.481,31.352,31.352,0,0
20101209,31.593,32,31.352,31.954,0,0
20101210,31.833,31.954,31.472,31.472,0,0
20101213,31.472,31.806,29.917,31.574,0,0
20101215,31.352,31.426,30.852,31.426,0,0
20101216,30.852,31.426,30.019,31,0,0
20101217,30.491,31.12,30.491,31.12,0,0
20101220,30.324,31.12,28.843,29.343,0,0
20101221,29.37,30.324,29.324,29.444,0,0
20101222,29.87,30.278,29.444,29.463,0,0
20101223,29.444,30.157,29.444,30.157,0,0
20101227,29.491,29.917,29.37,29.852,0,0
20101228,29.852,29.87,29.083,29.778,0,0
20101229,29.083,29.778,29.037,29.037,0,0
20101230,29.083,29.87,28.963,29.444,0,0
20101231,29.324,30.352,29.204,29.204,0,0
20110103,30.324,31.472,29.204,31.472,0,0
20110104,31.472,32.194,31,31.694,0,0
20110105,32.074,32.074,31.185,31.926,0,0
20110107,31.694,31.713,31.213,31.213,0,0
20110110,31.546,31.593,31.046,31.12,0,0
20110111,31.454,31.741,31.352,31.593,0,0
20110112,31.593,31.741,31.352,31.694,0,0
20110113,31.694,33.269,31.694,32.556,0,0
20110114,32.074,35.787,32.074,34.13,0,0
20110117,34.25,34.25,32.676,33.25,0,0
20110118,32.815,33.509,32.787,33.509,0,0
20110119,32.907,33.481,32.481,33.463,0,0
20110120,32.574,33.435,30.657,32.315,0,0
20110121,31.306,32.315,31.306,31.407,0,0
20110124,32.194,32.194,30.639,31.593,0,0
20110125,31.12,31.12,31.12,31.12,0,0
20110126,30.398,32.046,30.278,31.12,0,0
20110127,31.12,32.074,31.12,31.713,0,0
20110128,31.593,31.593,31.593,31.593,0,0
20110131,31.593,33.343,31.019,31.019,0,0
20110201,31.12,31.5,30.657,31.472,0,0
20110202,30.685,31.352,30.398,31.352,0,0
20110203,31.231,31.472,30.898,30.898,0,0
20110204,30.926,31.093,30.926,31.093,0,0
20110207,31.454,31.454,30.657,31.352,0,0
20110208,31.352,31.407,30.88,30.88,0,0
20110209,31.352,31.352,31.333,31.333,0,0
20110210,31.306,31.333,30.833,31.306,0,0
20110211,30.833,31.593,28.815,31.593,0,0
20110215,31.12,31.593,30.537,30.639,0,0
20110216,30.88,30.88,30.639,30.88,0,0
20110217,30.852,30.88,30.398,30.852,0,0
20110218,30.852,30.852,30.157,30.157,0,0
20110221,30.185,30.778,30.157,30.778,0,0
20110222,30.185,30.778,29.491,30.185,0,0
20110223,30.157,30.352,29.917,30.352,0,0
20110224,30.398,30.398,28.722,30.111,0,0
20110225,29.009,30.111,28.722,28.963,0,0
20110228,28.963,29.509,28.963,29.509,0,0
20110301,29.491,29.852,29.491,29.778,0,0
20110302,29.204,29.731,28.769,29.731,0,0
20110303,29.204,29.676,29.083,29.676,0,0
20110304,29.676,29.676,29.676,29.676,0,0
20110307,29.157,29.657,29.102,29.657,0,0
20110308,29.204,29.657,29.009,29.63,0,0
20110309,29.157,29.657,29.157,29.657,0,0
20110310,29.657,29.657,29.565,29.565,0,0
20110311,29.13,29.565,28.769,29.537,0,0
20110314,28.87,29.537,28.87,29.444,0,0
20110315,29.509,29.509,28.769,29.324,0,0
20110316,29.083,29.491,27.833,28,0,0
20110317,28.694,28.694,28,28,0,0
20110318,28,28.815,27.769,28.796,0,0
20110321,28.722,28.722,28.481,28.481,0,0
20110322,27.769,28.481,27.046,27.528,0,0
20110323,27.648,28.361,26.713,27.074,0,0
20110324,27.093,28.056,27.093,28.056,0,0
20110325,27.093,28.056,27.074,27.213,0,0
20110328,27.769,27.769,26.972,27.528,0,0
20110329,27.194,27.528,26.806,27.407,0,0
20110330,26.926,27.407,26.333,27.12,0,0
20110331,26.713,27.093,26.713,27.093,0,0
20110401,27.019,27.12,27.019,27.12,0,0
20110404,26.806,27.093,26.352,26.426,0,0
20110405,26.38,27.019,26.333,27.019,0,0
20110406,27.12,28.481,27.12,28,0,0
20110407,28.241,28.241,27.574,28.241,0,0
20110408,28.222,28.241,27.667,28.241,0,0
20110411,28,28.194,28,28,0,0
20110412,28,28,27.815,27.815,0,0
20110413,27.667,28,27.546,28,0,0
20110414,27.769,28,27.769,27.769,0,0
20110415,27.546,27.769,26.88,27.5,0,0
20110418,26.833,27.454,26.806,26.806,0,0
20110419,26.806,27.241,26.38,27.241,0,0
20110420,27.213,27.241,27.213,27.213,0,0
20110421,27.046,27.046,26.426,26.444,0,0
20110426,26.787,26.787,26.426,26.787,0,0
20110428,26.426,26.806,26.333,26.806,0,0
20110429,26.787,27.093,26.787,27.093,0,0
20110502,26.519,27.093,26.333,26.926,0,0
20110504,26.38,26.926,26.333,26.88,0,0
20110505,26.231,26.88,25.565,25.565,0,0
20110506,25.204,25.731,25.204,25.731,0,0
20110509,25.278,25.824,25.13,25.824,0,0
20110510,25.157,25.657,24.056,25.157,0,0
20110511,25.565,25.87,25.13,25.87,0,0
20110512,25.778,25.778,25.778,25.778,0,0
20110513,25.778,26.093,25.13,25.611,0,0
20110517,25.13,25.13,23.648,24.778,0,0
20110518,24.583,25.13,23.574,24.417,0,0
20110519,24.176,24.417,24.176,24.417,0,0
20110520,23.722,24.63,23.722,24.63,0,0
20110524,24.296,24.63,24.296,24.417,0,0
20110525,24.417,24.63,24.009,24.602,0,0
20110526,24.602,24.778,24.602,24.63,0,0
20110527,24.87,24.87,24.63,24.87,0,0
20110530,25.009,26.806,25.009,26.444,0,0
20110531,26.565,26.565,25.13,25.824,0,0
20110601,25.926,25.926,25.926,25.926,0,0
20110602,25.852,25.926,25.852,25.926,0,0
20110603,25.296,25.926,24.481,25.611,0,0
20110606,24.509,24.509,24.509,24.509,0,0
20110607,24.537,25.537,24.417,24.556,0,0
20110608,24.296,25.009,24.296,25.009,0,0
20110609,24.435,24.778,24.435,24.778,0,0
20110610,25.324,25.324,24.602,25.231,0,0
20110613,25.37,25.37,24.657,24.657,0,0
20110614,25.111,25.111,24.435,24.778,0,0
20110615,24.435,24.778,24.435,24.435,0,0
20110616,24.315,24.315,23.046,24.269,0,0
20110617,24.75,24.75,24.269,24.75,0,0
20110620,24.778,25.324,24.176,25.065,0,0
20110621,25.13,25.731,24.417,25.324,0,0
20110622,25.324,25.324,25.324,25.324,0,0
20110624,25.13,25.13,24.417,24.417,0,0
20110627,24.176,24.657,24.176,24.194,0,0
20110628,24.056,24.602,23.861,24.37,0,0
20110629,24.056,24.176,23.741,24.176,0,0
20110630,23.935,24.148,23.722,24.148,0,0
20110701,24.176,24.389,24.176,24.37,0,0
20110704,24.37,24.37,24.009,24.37,0,0
20110705,24.37,24.37,24.37,24.37,0,0
20110706,24.343,24.343,23.963,24.269,0,0
20110707,24.269,24.37,24.269,24.37,0,0
20110708,23.981,24.37,23.963,24.37,0,0
20110711,24.296,24.296,23.935,23.935,0,0
20110712,23.694,23.694,22.259,23.481,0,0
20110713,22.759,23.481,22.759,23.454,0,0
20110714,23.028,23.454,23.028,23.454,0,0
20110715,23.407,23.694,23.407,23.694,0,0
20110718,22.981,22.981,22.981,22.981,0,0
20110719,22.787,23.454,22.787,23.454,0,0
20110720,22.833,23.62,22.833,23.62,0,0
20110721,23.62,23.62,23.62,23.62,0,0
20110722,22.759,23.148,22.759,23.074,0,0
20110725,22.954,23.074,22.759,23.074,0,0
20110726,23.389,23.389,22.759,22.759,0,0
20110727,22.759,23.407,22.759,23.407,0,0
20110728,22.019,22.861,22.019,22.861,0,0
20110729,23.12,23.12,22.861,23.12,0,0
20110801,22.259,23.287,22.259,23.287,0,0
20110802,22.38,23.102,22.38,23.102,0,0
20110803,22.046,23.102,21.778,22.713,0,0
20110804,21.546,21.546,20.583,21.278,0,0
20110805,22.12,22.12,19.935,21.519,0,0
20110808,20.343,20.583,19.194,20.343,0,0
20110809,20.824,20.824,19.028,20.343,0,0
20110810,20.343,22.019,18.667,20.204,0,0
20110811,18.907,20.278,17.398,19.148,0,0
20110812,20.204,20.204,19.148,19.815,0,0
20110816,19.148,20.204,19.148,20.204,0,0
20110817,19.63,20.796,19.63,20.676,0,0
20110818,19.481,19.917,18.954,19.75,0,0
20110819,18.194,19.75,18.194,19.148,0,0
20110822,19.12,19.87,18.907,19.87,0,0
20110823,19.148,20.204,19.148,20.204,0,0
20110824,21.019,21.083,20.204,21.083,0,0
20110826,20.583,21.083,20.583,20.917,0,0
20110829,19.269,20.824,19.148,20.343,0,0
20110830,20.704,20.944,20.343,20.343,0,0
20110831,20.944,21.546,20.944,21.491,0,0
20110901,20.944,21.546,20.944,21.352,0,0
20110902,20.944,21.398,19.87,21.278,0,0
20110905,20.796,21.546,20.324,20.324,0,0
20110906,22,22,19.435,19.87,0,0
20110907,19.87,21.306,19.87,21.306,0,0
20110908,21.352,21.519,21.352,21.519,0,0
20110909,20.537,21.306,20.343,21.306,0,0
20110912,19.435,21.037,19.148,21.037,0,0
20110913,19.269,21.037,19.269,21.037,0,0
20110914,19.343,20.583,19.315,19.407,0,0
20110915,21.278,21.278,19.102,20.324,0,0
20110916,19.407,20.324,19.389,20.102,0,0
20110919,20.102,21.204,20.102,21.019,0,0
20110920,21.065,21.444,20.75,21.444,0,0
20110921,21.444,21.546,21.444,21.546,0,0
20110922,20.37,21.546,20.037,20.583,0,0
20110923,20.389,20.583,19.241,20.083,0,0
20110926,20.056,21.278,20.056,21.278,0,0
20110927,21.306,22.019,21.278,21.944,0,0
20110928,22.019,22.593,21.778,22.574,0,0
20110929,22.639,22.639,22.5,22.5,0,0
20110930,22.713,23.935,21.926,22.713,0,0
20111003,21.806,23.167,21.806,23.167,0,0
20111004,22.5,23.648,22.019,22.981,0,0
20111005,24.056,25.852,24.056,25.583,0,0
20111006,26.065,26.213,24.509,26.213,0,0
20111007,26.806,27.528,25.491,26.333,0,0
20111010,24.657,26.278,24.657,25.25,0,0
20111011,25.231,26.806,25.231,26.565,0,0
20111012,28.722,29.676,27.602,28.676,0,0
20111013,28.694,28.694,26.593,27.315,0,0
20111014,27.046,28.583,26.852,27.667,0,0
20111017,27.046,27.528,27.046,27.528,0,0
20111018,26.852,27.528,26.852,27.528,0,0
20111019,26.88,28.222,26.88,28.222,0,0
20111020,27.333,28.222,27.333,27.907,0,0
20111021,27.074,27.648,27.046,27.333,0,0
20111024,27.333,27.528,26.565,27.528,0,0
20111025,27.213,27.648,27.213,27.648,0,0
20111026,27.62,27.648,26.519,26.519,0,0
20111027,26.685,27.287,26.685,27.12,0,0
20111028,27.046,27.046,26.713,26.88,0,0
20111031,26.907,27.5,26.88,27.5,0,0
20111102,26.333,27.481,26.111,27.454,0,0
20111103,26.519,27.426,26.519,26.926,0,0
20111104,26.907,27.407,26.5,26.593,0,0
20111107,26.926,27.167,26.926,26.926,0,0
20111108,27.407,28.176,27,27,0,0
20111109,27.046,27.046,26.111,26.111,0,0
20111110,25.204,26.565,25.13,26.565,0,0
20111114,27.213,27.528,27.213,27.454,0,0
20111115,27.046,27.407,26.639,26.731,0,0
20111116,26.333,27.019,25.852,27.019,0,0
20111117,26.972,27.315,26.972,27.287,0,0
20111118,26.833,27.287,26.833,27.287,0,0
20111121,26.472,27.046,26.398,27.019,0,0
20111122,26.787,27,26.787,27,0,0
20111123,26.213,27,25.898,25.898,0,0
20111124,25.37,25.463,25.296,25.463,0,0
20111125,25.491,25.611,24.917,25.583,0,0
20111128,25.824,26.926,25.824,26.046,0,0
20111129,26.833,26.833,25.491,25.491,0,0
20111130,25.519,25.972,25.519,25.611,0,0
20111201,25.611,25.611,25.611,25.611,0,0
20111202,25.176,25.639,25.176,25.639,0,0
20111205,25.583,26.565,25.204,26.565,0,0
20111206,26.806,26.833,26.806,26.833,0,0
20111207,25.87,26.833,25.639,26.046,0,0
20111208,25.537,26.333,25.537,26.333,0,0
20111209,25.37,26.065,25.37,26.065,0,0
20111212,26.278,26.333,26.278,26.333,0,0
20111213,25.176,26.065,24.704,24.704,0,0
20111214,24.176,24.176,23.454,23.454,0,0
20111215,22.861,24.889,22.861,24.889,0,0
20111216,25.731,26.093,24.889,24.889,0,0
20111219,25.824,25.824,22.981,23.287,0,0
20111220,22.5,23.315,22.5,23.287,0,0
20111221,23.315,23.528,22.5,23.528,0,0
20111222,22.5,23.528,22.38,23.102,0,0
20111223,22.38,23.102,22.38,23.074,0,0
20111227,22.259,23.194,22.259,23.194,0,0
20111229,23.102,23.213,23.102,23.213,0,0
20111230,23.213,23.454,22.259,23.454,0,0
20120102,25.806,25.806,22.528,23.407,0,0
20120103,23.407,25.519,23.407,25.519,0,0
20120104,23.574,25.519,23.574,25.111,0,0
20120110,25.731,25.731,25.731,25.731,0,0
20120111,25.111,25.111,25.111,25.111,0,0
20120113,23.815,25.111,23.574,25.111,0,0
20120117,23.213,25.111,23.148,23.148,0,0
20120118,23.213,23.556,22.981,23.556,0,0
20120119,23.935,23.935,22.741,23.935,0,0
20120120,23.333,23.907,23.333,23.907,0,0
20120123,23.213,23.213,23.213,23.213,0,0
20120124,23.213,23.861,22.88,23.861,0,0
20120126,22.88,23.694,22.88,23.694,0,0
20120127,22.926,23.796,22.926,23.796,0,0
20120130,23.769,23.769,22.88,23.769,0,0
20120131,22.907,23.815,22.88,22.981,0,0
20120201,23.815,23.815,23.407,23.407,0,0
20120202,22.954,23.935,22.954,23.315,0,0
20120203,23.315,24.602,23.315,24.602,0,0
20120206,24.083,24.602,23.935,23.935,0,0
20120207,24.602,24.87,23.213,24.87,0,0
20120208,24.509,24.889,24.509,24.889,0,0
20120209,23.963,25.111,23.963,23.963,0,0
20120210,23.741,23.935,23.741,23.741,0,0
20120213,23.769,25.065,23.602,25.065,0,0
20120214,25.111,25.111,25.065,25.065,0,0
20120215,25.065,25.065,24.991,24.991,0,0
20120216,23.963,24.417,23.935,24.417,0,0
20120217,23.963,24.296,23.963,24.269,0,0
20120220,24.176,24.843,24.102,24.102,0,0
20120221,23.889,24.704,23.889,24.25,0,0
20120222,23.907,23.935,23.694,23.935,0,0
20120223,23.694,23.935,23.694,23.935,0,0
20120224,23.935,24.87,23.148,23.333,0,0
20120227,23.241,23.907,23.241,23.907,0,0
20120228,23.935,23.935,23.361,23.361,0,0
20120229,23.907,23.935,23.287,23.62,0,0
20120301,23.287,23.843,22.981,23.843,0,0
20120305,23.556,23.574,23.556,23.574,0,0
20120306,23.269,23.935,23.269,23.935,0,0
20120307,24.389,24.389,23.454,23.454,0,0
20120308,24.389,24.917,23.454,24.87,0,0
20120309,24.63,25.731,24.63,24.657,0,0
20120312,23.935,25.13,23.935,25.13,0,0
20120313,25.13,25.852,24.056,25.852,0,0
20120314,25.972,27.287,25.25,27.287,0,0
20120315,27.287,27.287,27.213,27.213,0,0
20120316,27.481,28.435,25.417,28.435,0,0
20120319,28.241,28.435,26.426,28.435,0,0
20120320,27.213,28.435,27.093,28.074,0,0
20120321,28.222,28.222,26.731,28,0,0
20120322,26.565,28.269,26.5,28.241,0,0
20120323,26.806,28.222,26.806,27.167,0,0
20120326,27.194,28.102,27.194,27.694,0,0
20120327,27.546,28.12,26.713,28.102,0,0
20120328,27.546,28.343,27.546,28.12,0,0
20120329,27.046,28.12,27.046,27.889,0,0
20120330,26.806,28.102,26.806,28.102,0,0
20120402,28.12,28.12,26.731,27.935,0,0
20120403,27.194,28.028,27.194,28.028,0,0
20120405,27.861,27.981,27.648,27.954,0,0
20120410,27.315,27.954,27.287,27.287,0,0
20120411,27.287,27.907,26.806,27.287,0,0
20120412,26.593,27.407,26.593,27.407,0,0
20120413,27.194,27.528,24.704,27.528,0,0
20120416,25.324,27.528,25.324,27.528,0,0
20120417,25.463,27.287,25.463,27.046,0,0
20120418,25.824,27.287,25.824,26.954,0,0
20120419,26.806,27.167,25.611,26.593,0,0
20120420,26.333,27.139,25.37,27.139,0,0
20120423,26.833,26.833,25.25,26.333,0,0
20120424,24.583,26.731,24.583,26.731,0,0
20120425,24.778,27.5,24.778,26.731,0,0
20120426,27.5,27.528,25.639,27.287,0,0
20120427,27.602,28.12,26.907,27.907,0,0
20120430,27,27.907,26.907,27.815,0,0
20120502,27.315,27.815,27.046,27.815,0,0
20120504,25.731,28.056,25.731,28.056,0,0
20120507,26.111,28.028,26.111,27.861,0,0
20120508,26.093,28.028,26.093,28.028,0,0
20120509,27.426,27.861,27.167,27.861,0,0
20120510,28.028,28.028,28.028,28.028,0,0
20120511,27.167,28,26.352,28,0,0
20120514,28.028,28.028,26.139,26.259,0,0
20120515,27.769,27.935,26.259,27.019,0,0
20120516,26.444,27.046,26.093,26.306,0,0
20120517,27.361,27.361,24.722,25.824,0,0
20120518,24.75,25.824,24.75,25.824,0,0
20120521,25.157,28.63,25.157,28.63,0,0
20120522,27.546,27.769,27.546,27.769,0,0
20120523,28.194,28.194,26.593,27.62,0,0
20120524,27.046,27.648,26.333,27.648,0,0
20120525,27.528,27.889,22.796,22.796,0,0
20120528,23.083,23.083,21.148,22.148,0,0
20120529,22.796,22.796,22.769,22.769,0,0
20120530,21.935,22.694,21.935,22.694,0,0
20120531,22.111,24.398,22.111,23.963,0,0
20120601,24.157,24.157,22.13,24.12,0,0
20120604,23.083,23.852,22.361,23.806,0,0
20120605,22.13,23.806,22.13,22.5,0,0
20120606,22.991,23.454,22.5,23.454,0,0
20120608,22.694,23.417,22.694,23.417,0,0
20120611,22.713,22.731,22.694,22.731,0,0
20120612,22.639,22.713,22.639,22.713,0,0
20120613,23.028,23.278,22.713,23.278,0,0
20120614,23.259,23.278,23.259,23.278,0,0
20120615,22.731,23.204,22.111,23.204,0,0
20120619,23.083,23.204,23.083,23.083,0,0
20120620,23.241,23.241,22.694,23.083,0,0
20120622,22.713,23.065,22.306,23.065,0,0
20120625,22.028,22.889,22.028,22.889,0,0
20120626,22.13,22.889,22.13,22.889,0,0
20120627,22.5,22.796,22.5,22.796,0,0
20120628,21.759,22.889,21.759,22.889,0,0
20120702,22.306,22.889,21.954,22.398,0,0
20120703,21.954,22.398,21.204,21.556,0,0
20120704,21.324,22.657,21.324,22.657,0,0
20120705,20.741,22.167,20.407,20.407,0,0
20120706,21.306,21.306,21.306,21.306,0,0
20120709,20.287,22.5,20.287,21.519,0,0
20120710,22.5,22.713,21.519,22.435,0,0
20120711,21.5,22.435,19.759,19.759,0,0
20120712,19.954,19.954,17.981,18.231,0,0
20120713,18.583,19.111,18.231,19.093,0,0
20120716,18.333,19.463,18.333,19.333,0,0
20120717,18.796,19.407,18.796,19.407,0,0
20120718,19.352,19.565,19.352,19.565,0,0
20120719,19.898,19.898,18.981,18.981,0,0
20120720,19,19.935,18.981,19.935,0,0
20120723,19.093,19.685,19.074,19.565,0,0
20120724,19.565,20.13,19.565,20.13,0,0
20120725,20.481,20.481,20.481,20.481,0,0
20120731,19.037,20.25,19.037,20.25,0,0
20120801,19.056,20.25,19.056,20.167,0,0
20120802,19.019,20.037,19.019,20.037,0,0
20120803,19.019,19.426,18.194,19.37,0,0
20120806,19.176,19.407,19.176,19.407,0,0
20120807,19.407,19.426,19.407,19.426,0,0
20120814,17.722,19.833,17.704,19.833,0,0
20120816,18.352,19.528,18.315,18.315,0,0
20120817,18.213,18.565,18.194,18.194,0,0
20120820,18.296,19.444,18.296,19.444,0,0
20120821,18.296,19.833,18.296,19.833,0,0
20120822,18.426,19.463,18.389,19.463,0,0
20120823,19.463,19.954,19.463,19.954,0,0
20120824,20.037,20.056,19.389,20.056,0,0
20120827,20.056,20.074,20.056,20.074,0,0
20120828,19.639,20.13,19.602,20.13,0,0
20120830,19.602,19.602,18.194,19.528,0,0
20120831,19.509,20.074,18.407,20.074,0,0
20120903,20.111,20.389,19.88,19.88,0,0
20120904,20.444,20.444,19.88,20.444,0,0
20120906,20.444,20.62,19.759,19.759,0,0
20120907,20.426,20.444,19.759,20.444,0,0
20120910,19.602,20.546,19.602,20.546,0,0
20120911,20.546,21.093,20.546,21.093,0,0
20120912,20.935,21.093,20.546,20.546,0,0
20120914,21.028,21.093,20.546,20.935,0,0
20120917,20.741,20.935,20.741,20.741,0,0
20120918,20.741,21.009,19.861,21.009,0,0
20120920,21.009,21.009,21.009,21.009,0,0
20120921,20.37,20.935,20.343,20.935,0,0
20120924,20.546,20.546,20.546,20.546,0,0
20120925,20.546,21.028,20.546,20.565,0,0
20120926,20.565,21.111,20.546,21.111,0,0
20120928,20.194,21.111,20.194,20.194,0,0
20121001,20.917,20.917,19.954,19.954,0,0
20121002,19.972,20.546,19.972,20.167,0,0
20121003,20.833,20.833,20.056,20.546,0,0
20121004,20.056,20.546,20.056,20.546,0,0
20121005,20.917,20.917,20.917,20.917,0,0
20121008,20.148,20.546,20.148,20.546,0,0
20121009,20.546,20.741,20.546,20.741,0,0
20121010,20.741,20.87,20.343,20.343,0,0
20121011,20.741,20.87,20.343,20.87,0,0
20121012,20.917,20.917,20.343,20.343,0,0
20121015,20.343,21.028,20.343,21.028,0,0
20121016,20.565,21.519,20.565,21.519,0,0
20121017,21.519,21.796,21.343,21.796,0,0
20121018,21.519,21.796,21.519,21.519,0,0
20121019,21.519,21.519,21.028,21.519,0,0
20121022,20.935,21.519,20.935,20.935,0,0
20121023,20.741,20.935,20.343,20.935,0,0
20121024,20.167,21.028,20.167,21.028,0,0
20121025,20.5,20.5,20.5,20.5,0,0
20121029,20.935,21.093,20.5,21.093,0,0
20121030,21.519,22.111,21.519,22.111,0,0
20121031,21.556,21.556,21.556,21.556,0,0
20121102,21.148,21.639,21.148,21.639,0,0
20121105,20.935,21.074,20.935,21.074,0,0
20121106,21.519,21.556,21.046,21.046,0,0
20121107,20.954,20.954,20.954,20.954,0,0
20121108,20.954,20.954,20.954,20.954,0,0
20121109,20.991,21.13,20.991,21.13,0,0
20121112,21.13,21.13,20.972,20.972,0,0
20121113,21.028,21.028,21.028,21.028,0,0
20121114,21.62,21.907,21.62,21.907,0,0
20121115,22.083,22.083,21.713,21.713,0,0
20121116,21.815,21.815,21.815,21.815,0,0
20121119,21.972,22.5,21.972,22.5,0,0
20121120,22.13,22.5,22.13,22.13,0,0
20121121,22.13,23.472,22.13,23.278,0,0
20121122,23.676,23.926,23.278,23.278,0,0
20121123,23.278,23.472,23.278,23.472,0,0
20121126,22.991,23.963,22.991,23.963,0,0
20121127,23.944,23.944,23.472,23.472,0,0
20121128,23.472,24.361,23.472,24.361,0,0
20121129,24.065,24.361,23.963,23.963,0,0
20121130,24.259,24.259,24.259,24.259,0,0
20121203,24.259,24.435,23.472,24.435,0,0
20121204,24.843,25.046,24.843,24.843,0,0
20121206,24.843,25.435,24.843,25.435,0,0
20121207,25.435,26.12,25.435,26.12,0,0
20121210,26.12,26.12,25.435,25.435,0,0
20121211,25.926,25.926,23.694,25.806,0,0
20121212,25.157,25.176,24.454,24.454,0,0
20121213,24.454,24.454,24.361,24.454,0,0
20121214,24.065,24.065,24.065,24.065,0,0
20121217,23.981,25.333,23.963,25.333,0,0
20121218,24.713,24.713,24.713,24.713,0,0
20121220,24.278,24.278,24.278,24.278,0,0
20121221,24.259,24.259,24.259,24.259,0,0
20121227,23.676,25.722,23.676,25.722,0,0
20121228,25.722,25.722,24.454,25.611,0,0
20130102,25.63,25.63,25.102,25.139,0,0
20130103,24.509,24.509,23.907,24.509,0,0
20130104,25.102,25.102,24.509,24.861,0,0
20130108,24.278,24.278,24.278,24.278,0,0
20130109,24.361,24.361,23.75,23.75,0,0
20130110,23.769,24.259,23.204,24.259,0,0
20130111,24.241,24.241,23.472,23.593,0,0
20130114,24.241,24.731,23.593,24.667,0,0
20130115,25.417,25.417,24.648,24.648,0,0
20130116,24.472,24.556,24.472,24.556,0,0
20130117,24.454,24.574,24.454,24.574,0,0
20130118,24.574,24.648,24.574,24.574,0,0
20130121,24.083,24.648,24.083,24.648,0,0
20130122,24.083,24.648,24.083,24.648,0,0
20130124,24.713,24.713,24.713,24.713,0,0
20130125,24.185,24.259,24.185,24.259,0,0
20130128,24.204,24.204,24.185,24.185,0,0
20130129,24.12,24.185,23.519,24.185,0,0
20130130,23.5,23.5,23.5,23.5,0,0
20130131,23.472,24.028,23.472,24.028,0,0
20130201,23.519,24.028,23.5,23.5,0,0
20130204,23.519,23.519,23.5,23.5,0,0
20130205,23.5,23.5,22.907,23.417,0,0
20130206,23.278,23.278,23.278,23.278,0,0
20130208,23.278,23.852,23.278,23.75,0,0
20130211,23.769,23.981,23.769,23.981,0,0
20130212,23.963,24.102,23.963,24.065,0,0
20130213,24.065,24.361,24.065,24.259,0,0
20130215,23.769,24.259,23.676,24.259,0,0
20130218,24.259,25.926,24.259,25.435,0,0
20130219,25.417,25.417,24.787,24.787,0,0
20130220,25.37,25.37,25.139,25.139,0,0
20130222,25.241,25.241,25.241,25.241,0,0
20130225,25.417,25.417,25.139,25.139,0,0
20130226,24.556,24.556,24.556,24.556,0,0
20130227,24.12,24.685,24.12,24.685,0,0
20130228,24.204,24.63,24.185,24.63,0,0
20130301,24.083,24.63,23.963,23.963,0,0
20130304,23.963,23.963,23.963,23.963,0,0
20130305,24.102,24.648,24.102,24.648,0,0
20130306,24.259,24.648,24.259,24.259,0,0
20130307,24.806,25.806,24.259,24.843,0,0
20130308,24.944,25.435,24.843,25.435,0,0
20130311,25.046,25.046,25.046,25.046,0,0
20130312,25.435,25.435,25.046,25.241,0,0
20130313,25.241,25.241,25.046,25.241,0,0
20130314,24.648,24.648,24.648,24.648,0,0
20130315,25.435,25.454,24.861,25.333,0,0
20130318,24.981,25.241,24.63,24.824,0,0
20130319,25.241,25.241,25.241,25.241,0,0
20130320,24.454,24.944,24.361,24.361,0,0
20130321,24.454,24.454,24.454,24.454,0,0
20130322,24.454,24.454,24.361,24.361,0,0
20130325,24.361,24.731,24.157,24.731,0,0
20130328,24.926,25.241,16.907,16.907,0,0
20130402,16.491,16.907,16.491,16.88,0,0
20130403,16.463,16.713,16.463,16.713,0,0
20130404,16.306,16.306,16.306,16.306,0,0
20130405,16.648,16.648,16.648,16.648,0,0
20130409,16.241,16.62,16.241,16.62,0,0
20130410,16.213,16.62,16.213,16.213,0,0
20130412,16.213,16.713,16.213,16.713,0,0
20130415,16.306,16.306,16.306,16.306,0,0
20130417,16.306,16.648,15.852,16.25,0,0
20130418,15.852,16.593,15.852,16.185,0,0
20130419,16.389,16.389,15.981,16.343,0,0
20130422,16.389,16.389,16.389,16.389,0,0
20130423,15.991,15.991,15.991,15.991,0,0
20130424,16.306,16.306,16.25,16.25,0,0
20130425,15.852,16.204,15.806,16.176,0,0
20130426,15.778,15.778,14.972,15.546,0,0
20130429,15.898,15.898,15.102,15.833,0,0
20130430,15.833,15.833,15.444,15.833,0,0
20130502,15.231,15.398,15.139,15.139,0,0
20130506,15.074,15.991,15.074,15.991,0,0
20130507,15.991,15.991,15.991,15.991,0,0
20130508,16.046,16.046,15.731,15.731,0,0
20130509,15.731,16.083,15.694,15.694,0,0
20130510,15.731,16.157,15.694,15.963,0,0
20130514,15.991,15.991,15.991,15.991,0,0
20130515,16.111,16.907,16.111,16.778,0,0
20130516,16.778,16.778,16.454,16.454,0,0
20130517,16.12,16.139,16.12,16.139,0,0
20130520,16.139,16.231,16.139,16.231,0,0
20130521,16.139,16.296,16.139,16.139,0,0
20130524,16.185,16.185,15.861,15.861,0,0
20130527,15.991,15.991,15.861,15.861,0,0
20130528,15.87,15.991,15.861,15.991,0,0
20130529,16.056,16.389,15.991,16.389,0,0
20130531,16.648,16.648,16.241,16.389,0,0
20130605,16.454,16.778,16.074,16.648,0,0
20130606,16.657,16.88,16.519,16.833,0,0
20130607,16.407,17.194,16.389,17.194,0,0
20130610,17.037,17.435,17.019,17.037,0,0
20130611,17.102,17.102,17.102,17.102,0,0
20130612,17.037,17.037,17.037,17.037,0,0
20130613,16.389,16.907,15.981,16.565,0,0
20130614,16.778,16.907,16.778,16.907,0,0
20130617,16.907,17.5,16.528,17.5,0,0
20130618,17.565,18.25,17.5,18.222,0,0
20130619,18.222,20.028,18.222,19.898,0,0
20130620,19.75,19.75,19.343,19.398,0,0
20130621,19.398,19.657,19.398,19.398,0,0
20130624,19.648,19.648,18.352,18.352,0,0
20130625,18.787,19.657,18.352,19.593,0,0
20130626,18.88,19.269,18.88,19.269,0,0
20130627,19.074,19.269,19.074,19.269,0,0
20130628,19.62,19.62,19.139,19.139,0,0
20130701,19.37,19.546,19.37,19.546,0,0
20130702,19.269,19.269,19.009,19.074,0,0
20130703,19.074,19.074,19.074,19.074,0,0
20130704,19.074,19.519,19.009,19.009,0,0
20130705,19.009,19.074,19.009,19.009,0,0
20130708,18.565,19.306,18.565,18.833,0,0
20130710,18.481,19.009,18.481,18.491,0,0
20130711,18.361,19.009,18.361,19.009,0,0
20130712,18.88,19.009,18.537,18.537,0,0
20130715,18.481,18.481,18.481,18.481,0,0
20130716,18.917,18.917,18.454,18.491,0,0
20130718,18.389,18.731,18.352,18.731,0,0
20130719,18.731,18.787,18.352,18.787,0,0
20130722,18.741,18.741,18.741,18.741,0,0
20130723,18.417,18.861,18.352,18.861,0,0
20130724,18.806,18.806,18.806,18.806,0,0
20130725,18.417,18.731,18.352,18.731,0,0
20130726,18.352,18.352,18.352,18.352,0,0
20130729,18.093,18.352,17.694,18.333,0,0
20130730,17.889,18.333,17.889,18.296,0,0
20130801,18.204,18.204,18.204,18.204,0,0
20130802,18.204,18.352,17.917,18.352,0,0
20130805,18.222,19.241,18.222,19.009,0,0
20130806,19.009,19.481,19.009,19.481,0,0
20130807,19.481,19.481,19.009,19.019,0,0
20130808,19.009,19.861,19.009,19.843,0,0
20130809,19.398,19.843,19.398,19.843,0,0
20130812,19.843,21.185,19.843,20.972,0,0
20130813,20.472,20.713,20.463,20.583,0,0
20130814,20.583,20.583,20.583,20.583,0,0
20130816,20.972,21.102,20.583,21.102,0,0
20130820,20.972,21.5,20.972,21.037,0,0
20130821,20.583,22.241,20.583,22.241,0,0
20130822,22.019,22.241,20.972,21.889,0,0
20130823,22.241,23.454,22.241,22.926,0,0
20130826,22.926,22.926,22.361,22.361,0,0
20130827,22.806,22.806,21.167,22.176,0,0
20130829,21.63,23.398,21.296,23,0,0
20130830,21.63,21.63,19.657,19.657,0,0
20130902,20.444,21.361,20.333,20.787,0,0
20130903,20.278,21.454,20.278,21.454,0,0
20130904,20.935,21.222,20.444,20.963,0,0
20130905,20.444,20.444,18.481,18.759,0,0
20130906,19.185,19.528,18.926,19.389,0,0
20130909,19.148,20.62,19.148,19.657,0,0
20130910,19.769,20.472,19.769,20.472,0,0
20130911,20.444,20.444,19.713,20.046,0,0
20130912,20.046,20.722,19.87,20.315,0,0
20130913,19.861,20.824,19.528,20.815,0,0
20130916,20.306,20.667,19.704,20.667,0,0
20130917,20.157,20.667,20.157,20.185,0,0
20130918,20.435,20.435,19.741,20.056,0,0
20130919,20.444,20.444,19.935,20.056,0,0
20130920,20.056,20.056,20.056,20.056,0,0
20130923,19.796,20.241,19.796,20.241,0,0
20130924,19.75,20.046,19.75,19.972,0,0
20130925,19.796,21.102,19.796,20.315,0,0
20130926,19.815,20.25,19.806,20.25,0,0
20130927,20.278,20.278,20.278,20.278,0,0
20130930,19.778,20.25,19.778,20.25,0,0
20131001,19.75,19.75,19.75,19.75,0,0
20131002,19.75,20.185,19.75,20.185,0,0
20131003,19.796,20.528,19.796,20.028,0,0
20131007,20.491,20.491,20.491,20.491,0,0
20131008,20.435,20.435,19.806,19.806,0,0
20131009,19.806,20.407,19.806,20.398,0,0
20131010,20.352,20.352,20.352,20.352,0,0
20131011,20.315,20.315,20.315,20.315,0,0
20131014,19.861,20.315,19.861,20.315,0,0
20131015,20.315,21.824,20.315,21.611,0,0
20131016,20.972,21.694,20.972,21.694,0,0
20131017,22.019,22.019,21.694,21.694,0,0
20131018,21.157,23.074,21.157,23.056,0,0
20131021,22.806,22.806,22.806,22.806,0,0
20131022,22.241,22.528,21.981,22.269,0,0
20131024,22.398,22.398,21.694,22.009,0,0
20131025,22.009,22.009,21.787,21.796,0,0
20131028,21.259,21.611,21.102,21.519,0,0
20131029,21.63,22.019,21.102,22.019,0,0
20131030,21.694,21.981,21.639,21.981,0,0
20131031,21.444,21.944,21.444,21.944,0,0
20131104,21.824,21.889,21.824,21.889,0,0
20131105,22.009,22.009,22.009,22.009,0,0
20131107,21.731,21.944,21.63,21.63,0,0
20131108,21.63,21.63,21.63,21.63,0,0
20131112,21.63,22.287,21.63,22.148,0,0
20131113,22.019,22.926,22.019,22.926,0,0
20131114,22.361,22.806,22.287,22.546,0,0
20131115,22.546,22.546,21.731,22.287,0,0
20131118,21.731,22.259,21.731,22.241,0,0
20131119,22.231,22.611,22.231,22.546,0,0
20131120,22.676,22.935,22.546,22.935,0,0
20131121,23.046,25.157,23.046,25.157,0,0
20131122,25.157,25.157,24.185,24.907,0,0
20131125,24.167,24.907,24.167,24.639,0,0
20131126,24.639,24.639,24.639,24.639,0,0
20131127,24.315,24.907,24.315,24.315,0,0
20131128,24.63,26.481,24.63,26.481,0,0
20131129,26.481,26.861,25.806,26.481,0,0
20131202,26.481,26.481,25.824,25.824,0,0
20131203,25.583,26.185,24.639,25.546,0,0
20131204,26.148,26.148,25.509,25.87,0,0
20131205,25.852,26.204,25.509,26.204,0,0
20131206,26.204,26.481,25.824,26.324,0,0
20131209,26.324,28.833,26.324,28.676,0,0
20131210,28.972,31.324,28.972,30.407,0,0
20131211,30.407,30.806,30.407,30.787,0,0
20131212,30.806,30.806,28.972,29.546,0,0
20131213,29.546,30.778,26.898,28.833,0,0
20131216,28.833,29.759,27.13,28.037,0,0
20131217,27.528,28.167,26.343,26.343,0,0
20131218,26.343,28.009,26.213,26.741,0,0
20131219,28.157,29.389,26.741,28.833,0,0
20131220,29.556,29.556,27.657,28.694,0,0
20131223,27.981,28.694,27.093,28.167,0,0
20131227,28.167,29.87,28.12,29.87,0,0
20131230,28.852,29.861,27,28.185,0,0
20140102,28.185,28.185,26.991,28.185,0,0
20140103,27.491,27.907,26.815,27.907,0,0
20140107,27.13,27.528,26.343,27.528,0,0
20140108,27.657,27.778,26.37,27.528,0,0
20140109,26.87,27.13,26.231,26.815,0,0
20140110,26.213,26.815,25.63,26.815,0,0
20140113,26.481,26.481,25.824,26.213,0,0
20140114,25.954,27.269,25.954,27.269,0,0
20140115,27.269,27.463,26.806,27.352,0,0
20140116,26.796,27.5,26.796,27.5,0,0
20140117,28.046,28.046,26.806,27.463,0,0
20140120,27.463,27.463,26.87,26.87,0,0
20140121,27.019,27.787,27.019,27.583,0,0
20140122,27.278,27.917,27.065,27.065,0,0
20140123,27.713,28.667,27.065,28.194,0,0
20140124,27.815,28.833,27.815,28.833,0,0
20140127,28.315,28.954,27.556,28.833,0,0
20140128,27.065,28.565,27.065,27.63,0,0
20140129,28.185,29.352,28.185,28.833,0,0
20140130,28.833,29.491,28.833,29.491,0,0
20140131,29.667,29.843,28.278,29.843,0,0
20140203,29.935,30.028,29.167,29.889,0,0
20140204,29.889,29.889,29.759,29.759,0,0
20140205,30.139,30.139,29.491,29.889,0,0
20140206,29.62,29.889,29.241,29.889,0,0
20140207,30.139,30.148,30.139,30.148,0,0
20140210,30.148,30.148,29.491,30.148,0,0
20140211,30.148,30.148,29.509,30.019,0,0
20140212,30.148,30.148,30.019,30.148,0,0
20140213,30.148,30.778,30.148,30.722,0,0
20140214,30.787,30.787,30.778,30.778,0,0
20140217,30.028,30.741,29.148,29.519,0,0
20140218,29.519,29.62,28.852,29.62,0,0
20140219,30.148,30.148,30.148,30.148,0,0
20140220,30.435,30.435,29.759,30.12,0,0
20140221,29.491,30.519,29.491,30.519,0,0
20140224,29.491,30.407,29.491,30.278,0,0
20140225,29.528,30.148,29.491,29.491,0,0
20140226,30.148,30.407,28.861,30.407,0,0
20140227,30.407,30.407,28.981,29.398,0,0
20140228,29.019,31.463,29.019,31.463,0,0
20140303,31.463,31.463,28.833,28.852,0,0
20140304,28.898,31.704,28.852,30.806,0,0
20140305,30.046,30.407,30.046,30.407,0,0
20140306,30.806,30.806,29.824,30.657,0,0
20140307,29.898,30.519,29.898,30.519,0,0
20140310,30.148,30.519,28.833,29.213,0,0
20140311,28.574,29.491,28.194,28.194,0,0
20140312,28.194,28.194,27.528,27.528,0,0
20140313,27.528,27.528,25.704,26.861,0,0
20140314,25.361,27.509,24.907,26.213,0,0
20140317,25.704,27.528,25.704,26.213,0,0
20140318,26.481,27.972,26.481,27.972,0,0
20140319,28.25,30.296,27.972,30.019,0,0
20140320,29.62,31.463,29.62,29.861,0,0
20140321,30.028,30.537,29.361,29.361,0,0
20140324,28.63,30.111,28.63,29.574,0,0
20140325,29.574,30.593,29.574,29.639,0,0
20140326,29.907,29.907,28.833,28.833,0,0
20140327,29.519,30.593,28.833,30.148,0,0
20140328,30.019,30.019,28.315,29.491,0,0
20140331,29.491,30.676,29.491,29.491,0,0
20140401,28.833,30.028,28.833,29.685,0,0
20140402,29.685,29.954,29.231,29.889,0,0
20140403,29.889,29.889,28.315,28.315,0,0
20140404,28.769,29.213,28.444,28.444,0,0
20140407,28.444,28.833,28.315,28.704,0,0
20140409,28.704,28.833,28.639,28.676,0,0
20140410,28.833,29.889,28.833,29.889,0,0
20140411,28.833,29.824,27.815,29.824,0,0
20140414,29.824,29.824,29.361,29.361,0,0
20140415,29.824,29.824,28.574,28.833,0,0
20140416,28.315,29.759,28.315,29.759,0,0
20140417,29.361,30.787,29.102,30.787,0,0
20140422,30.148,31.435,30.148,31,0,0
20140423,31.389,31.463,30.676,31.463,0,0
20140424,31.463,31.759,31.463,31.731,0,0
20140425,30.306,31.731,30.306,31.731,0,0
20140428,30.556,31.278,30.556,31.194,0,0
20140429,31.194,31.722,30.676,31.722,0,0
20140430,31.722,32.769,31.463,32.769,0,0
20140502,32.741,32.769,31.472,32.704,0,0
20140505,32.704,32.704,31.972,32.704,0,0
20140506,32.639,32.704,31.852,32.509,0,0
20140507,31.694,32.111,31.009,31.593,0,0
20140508,30.833,31.167,29.556,31.13,0,0
20140509,31.167,31.167,29.759,31.065,0,0
20140512,30.296,31.194,30.148,31.13,0,0
20140513,30.806,31.444,30.806,31.444,0,0
20140514,31.463,32.102,31.463,32.102,0,0
20140515,32.102,32.731,31.759,31.759,0,0
20140516,32.111,32.741,31.852,32.741,0,0
20140519,32.741,32.741,32.713,32.741,0,0
20140520,32.741,32.741,32.741,32.741,0,0
20140521,32.741,32.741,32.176,32.741,0,0
20140522,32.639,32.639,32.167,32.639,0,0
20140523,32.167,33.491,32.111,33.491,0,0
20140526,33.806,35.074,33.806,35.074,0,0
20140527,35.074,35.741,34.343,35.074,0,0
20140528,34.815,36.037,34.815,35.824,0,0
20140529,35.787,36.361,35.787,36.361,0,0
20140530,35.917,36.361,35.407,36.019,0,0
20140602,35.259,35.259,34.25,34.25,0,0
20140603,34.213,34.713,33.611,33.611,0,0
20140604,33.611,34.602,33.491,34.602,0,0
20140605,34.472,34.472,33.556,33.62,0,0
20140606,33.491,33.491,33.426,33.426,0,0
20140609,33.435,33.435,31.981,31.981,0,0
20140610,33.296,33.296,33.296,33.296,0,0
20140611,32.769,32.769,32.769,32.769,0,0
20140612,32.639,32.917,32.509,32.509,0,0
20140613,31.694,32.444,31.694,32.444,0,0
20140616,31.093,33.278,30.537,31.657,0,0
20140617,31.954,31.954,31.657,31.944,0,0
20140618,31.852,32.741,31.852,32.741,0,0
20140620,32.954,33.269,32.444,33.269,0,0
20140623,32.509,33.269,31.463,33.269,0,0
20140624,33.093,34.713,32.963,34.713,0,0
20140625,34.593,34.694,33.491,34.694,0,0
20140626,34.667,36.704,34.667,35.259,0,0
20140627,34.731,36.676,34.731,36.463,0,0
20140630,36.463,36.667,35.454,36.667,0,0
20140701,36.676,37.333,35.917,35.917,0,0
20140702,36.046,36.046,34.667,35.389,0,0
20140703,36.08,36.38,33.76,33.76,0,0
20140704,34.12,36.01,34.12,34.4,0,0
20140707,34.4,35.67,34.4,34.8,0,0
20140708,34.58,35.31,34.12,34.4,0,0
20140709,33.72,34.24,32.77,32.77,0,0
20140710,32.7,32.77,32.7,32.7,0,0
20140711,32.56,33.98,32.56,33.13,0,0
20140714,33.13,33.98,33.13,33.98,0,0
20140715,33.98,34.51,33.98,34.51,0,0
20140716,34.81,34.81,34.81,34.81,0,0
20140717,34.78,35.18,34.67,35.14,0,0
20140718,34.3,35.15,33.83,35.15,0,0
20140721,35.04,35.84,35.04,35.84,0,0
20140722,35.84,36.1,35.04,35.96,0,0
20140723,35.89,35.96,35.12,35.96,0,0
20140724,35.96,35.96,35.96,35.96,0,0
20140725,35.39,35.96,35.14,35.96,0,0
20140728,35.96,36.81,35.96,36.81,0,0
20140729,36.81,36.81,35.93,36.81,0,0
20140730,36.79,37.23,36.79,37.23,0,0
20140731,37.37,37.37,35.83,36.65,0,0
20140801,35.82,36.65,35.82,36.65,0,0
20140804,35.83,36.52,35.82,36.52,0,0
20140805,35.83,36.67,35.82,36.67,0,0
20140806,36.52,37.44,35.62,36.81,0,0
20140807,36.81,36.81,34.91,34.91,0,0
20140808,34.91,34.91,34.81,34.81,0,0
20140811,34.15,34.15,34.15,34.15,0,0
20140812,34.4,35.39,34.33,35.32,0,0
20140813,34.68,34.68,34.68,34.68,0,0
20140814,34.15,34.67,33.98,34.67,0,0
20140819,34.41,35.38,33.81,35.38,0,0
20140820,34.5,35.38,33.14,35.38,0,0
20140821,35.26,35.38,35.18,35.38,0,0
20140822,34.51,35.38,34.44,35.38,0,0
20140825,35.35,35.35,33.99,35.35,0,0
20140826,35.32,35.38,35.32,35.38,0,0
20140827,34.7,35.73,34.68,35.73,0,0
20140828,35.67,36.81,35.67,36.81,0,0
20140829,37.51,38.58,36.74,38.58,0,0
20140901,38.9,41.27,38.9,41.27,0,0
20140902,40.32,41.05,40.25,41.05,0,0
20140903,40.91,41.05,39.14,41.05,0,0
20140904,40.91,40.91,40.91,40.91,0,0
20140905,40.7,40.7,39.69,40.61,0,0
20140908,39.64,40.61,38.38,40.61,0,0
20140909,40.33,40.35,39.35,39.35,0,0
20140910,39.21,39.21,38.22,38.22,0,0
20140911,38.22,39.13,38.22,39.13,0,0
20140912,39.48,39.5,38.52,39.5,0,0
20140915,40.54,41.04,38.79,38.79,0,0
20140917,38.92,38.93,38.72,38.72,0,0
20140918,38.65,38.77,38.22,38.77,0,0
20140919,38.22,38.9,38.08,38.9,0,0
20140924,38.51,38.51,38.22,38.22,0,0
20140926,38.22,38.22,37.66,37.66,0,0
20140929,38.22,39.64,38.22,39.64,0,0
20140930,38.65,40.35,38.51,40.35,0,0
20141001,39.64,39.64,38.66,39.57,0,0
20141002,39.64,39.64,38.02,38.02,0,0
20141003,39.34,39.34,39.34,39.34,0,0
20141006,39.04,39.04,38.22,38.22,0,0
20141007,37.67,37.67,37.67,37.67,0,0
20141008,37.8,37.8,37.37,37.37,0,0
20141009,38.05,38.05,38.05,38.05,0,0
20141010,37.37,38.72,37.32,38.72,0,0
20141013,38.9,38.9,37.87,37.87,0,0
20141014,38.72,38.93,38.72,38.93,0,0
20141015,38.93,38.93,37.97,38.85,0,0
20141016,37.94,38.36,37.94,38.36,0,0
20141017,37.8,38.22,36.81,38.22,0,0
20141020,38.22,38.65,38.22,38.22,0,0
20141021,37.39,37.67,37.37,37.54,0,0
20141022,38.42,38.42,38.42,38.42,0,0
20141024,38.62,38.62,38.62,38.62,0,0
20141027,38.51,38.51,38.51,38.51,0,0
20141028,38.51,38.93,38.51,38.93,0,0
20141029,38,39.64,38,39.64,0,0
20141030,38.66,38.76,38,38.76,0,0
20141031,39.35,39.35,39.35,39.35,0,0
20141103,38.93,38.93,38,38,0,0
20141104,38.22,38.22,38.22,38.22,0,0
20141105,39.13,39.13,37.51,37.8,0,0
20141106,37.23,37.23,37.23,37.23,0,0
20141107,37.23,38.09,37.23,38.09,0,0
20141110,36.82,37.68,36.82,36.83,0,0
20141112,36.82,36.82,36.81,36.81,0,0
20141113,36.81,37.51,36.81,37.51,0,0
20141114,36.81,37.51,36.81,37.51,0,0
20141117,37.5,37.5,36.83,36.83,0,0
20141119,36.55,36.55,36.14,36.14,0,0
20141120,36.14,36.17,36.14,36.17,0,0
20141125,36.1,37.08,35.39,37.08,0,0
20141126,36.24,36.24,36.17,36.17,0,0
20141127,36.18,37.02,36.17,36.24,0,0
20141128,36.24,36.24,36.17,36.17,0,0
20141201,36.17,36.17,36.17,36.17,0,0
20141202,36.24,36.91,36.24,36.91,0,0
20141203,36.24,36.24,36.24,36.24,0,0
20141204,36.76,36.76,36.76,36.76,0,0
20141205,35.86,35.86,34.26,35.39,0,0
20141208,35.39,35.39,34.27,34.27,0,0
20141209,35.08,36.23,34.68,34.68,0,0
20141210,34.68,36.5,34.68,35.96,0,0
20141211,35.86,35.91,35.86,35.91,0,0
20141212,35.02,36.74,35.02,36.68,0,0
20141215,35.77,35.77,34.73,34.73,0,0
20141216,34.68,35.82,34.68,35.82,0,0
20141217,36.52,36.52,34.82,35.39,0,0
20141218,35.67,35.67,35.67,35.67,0,0
20141219,35.9,35.9,34.27,34.68,0,0
20141222,34.4,35.21,34.4,34.75,0,0
20141223,35.53,37.36,34.4,36.1,0,0
20141229,37.27,37.27,35.89,36.67,0,0
20141230,35.26,36.57,34.4,36.57,0,0
