Date,Open,High,Low,Close,Volume,OpenInt
20100512,21892.67,21892.67,21892.67,21892.67,0,0
20100513,21771.05,21971.75,21533.86,21710.27,0,0
20100514,21606.89,21825.77,21588.65,21588.65,0,0
20100517,21041.31,21369.7,21041.31,21345.4,0,0
20100518,21314.98,21564.28,21314.98,21467.03,0,0
20100519,21296.74,21381.88,21035.26,21035.26,0,0
20100520,20919.68,20950.11,20129.11,20129.11,0,0
20100521,20129.11,20463.62,20129.11,20463.62,0,0
20100524,20469.68,20877.08,20469.68,20828.49,0,0
20100525,20378.48,20542.64,20019.66,20068.32,0,0
20100526,20329.81,21527.8,20329.81,21527.8,0,0
20100527,21162.93,21357.51,21162.93,21296.74,0,0
20100528,21308.85,21314.98,21071.73,21284.55,0,0
20100531,21041.31,21284.55,20858.84,21284.55,0,0
20100601,21004.83,21254.13,20731.16,21199.42,0,0
20100602,21096.03,21333.22,21071.73,21254.13,0,0
20100604,21199.42,21284.55,20798.06,20798.06,0,0
20100607,20433.19,20828.49,20433.19,20676.44,0,0
20100608,20688.62,20919.68,20615.59,20615.59,0,0
20100609,20658.2,21132.51,20658.2,21102.08,0,0
20100610,20937.92,21345.4,20937.92,21284.55,0,0
20100611,21248.08,21284.55,21138.63,21223.7,0,0
20100614,21223.7,21442.66,21223.7,21387.94,0,0
20100615,21284.55,21442.66,21284.55,21436.6,0,0
20100616,21448.79,21467.03,21071.73,21430.54,0,0
20100617,21254.13,21509.56,21254.13,21503.5,0,0
20100618,21442.66,21758.86,21442.66,21740.62,0,0
20100621,21710.27,22184.58,21710.27,22184.58,0,0
20100622,21923.09,21977.82,21831.89,21892.67,0,0
20100623,21831.89,21977.82,21789.28,21831.89,0,0
20100624,21831.89,21953.52,21588.65,21588.65,0,0
20100625,21649.42,21831.89,21594.7,21594.7,0,0
20100628,21625.12,21625.12,21321.04,21406.18,0,0
20100629,21406.18,21406.18,21278.5,21284.55,0,0
20100630,21284.55,21527.8,21284.55,21284.55,0,0
20100701,21229.83,21740.62,21223.7,21649.42,0,0
20100702,21454.84,21722.38,21454.84,21527.8,0,0
20100705,21539.99,21552.16,21412.24,21412.24,0,0
20100706,21454.84,21807.52,21454.84,21807.52,0,0
20100707,21533.86,21831.89,21533.86,21771.05,0,0
20100708,21892.67,22135.91,21722.38,21825.77,0,0
20100709,21837.95,21953.52,21716.32,21953.52,0,0
20100712,21892.67,22622.47,21892.67,22622.47,0,0
20100713,22519.1,22987.34,22519.1,22987.34,0,0
20100714,22987.34,23048.12,22500.78,22500.78,0,0
20100715,22500.78,22719.73,22470.43,22500.78,0,0
20100716,22379.23,22804.88,22379.23,22379.23,0,0
20100719,22354.86,22774.45,22354.86,22725.79,0,0
20100720,22683.25,22701.49,22446.06,22506.91,0,0
20100721,22561.63,22914.39,22561.63,22774.45,0,0
20100722,22744.09,23230.59,22744.09,23230.59,0,0
20100723,23108.96,23230.59,22926.5,22926.5,0,0
20100726,23291.37,23656.24,23108.96,23607.64,0,0
20100727,23656.24,23765.74,23358.27,23358.27,0,0
20100728,23534.62,23534.62,23054.25,23054.25,0,0
20100729,23108.96,23717.08,23108.96,23717.08,0,0
20100730,23717.09,23972.51,23589.4,23960.32,0,0
20100802,23972.51,24300.89,23960.32,23960.32,0,0
20100803,24142.8,24386.04,24142.8,24264.42,0,0
20100804,24246.15,24246.15,24051.55,24081.96,0,0
20100805,24021.15,24240.07,23960.33,24173.18,0,0
20100806,24197.5,24203.59,23972.5,24021.15,0,0
20100809,23929.93,23984.66,23218.42,23230.58,0,0
20100810,23352.2,23352.2,23078.54,23200.16,0,0
20100811,23200.16,23224.49,22914.35,22926.51,0,0
20100812,22914.35,23461.66,22914.35,23291.39,0,0
20100813,23668.43,23832.63,23449.51,23589.38,0,0
20100816,23656.26,23814.37,23485.99,23723.16,0,0
20100817,23717.09,23717.09,23260.98,23413.02,0,0
20100818,23577.21,23577.21,23291.39,23498.15,0,0
20100819,23485.99,23711,23406.93,23406.93,0,0
20100820,23425.18,23717.09,23425.18,23704.92,0,0
20100823,23961.42,24524.49,23961.42,24430.64,0,0
20100824,24355.56,24355.56,23836.3,24130.34,0,0
20100825,23998.95,24199.16,23692.41,23742.46,0,0
20100826,23448.41,23667.38,23148.11,23210.67,0,0
20100827,23085.55,23373.34,23085.55,23373.34,0,0
20100830,23523.48,23667.38,23373.34,23473.43,0,0
20100831,23273.23,23623.59,23204.41,23623.59,0,0
20100901,23761.22,23761.22,23460.92,23460.92,0,0
20100902,23642.36,23723.68,23435.89,23435.89,0,0
20100903,23498.46,23886.35,23460.92,23886.35,0,0
20100906,23923.89,24180.39,23923.89,24180.39,0,0
20100907,23961.42,23986.45,23836.3,23961.42,0,0
20100908,23986.45,24712.17,23986.45,24712.17,0,0
20100909,24461.92,24981.19,24461.92,24981.19,0,0
20100910,24718.43,24943.65,24718.43,24774.73,0,0
20100913,25012.47,25012.47,24774.73,24843.55,0,0
20100914,24837.3,25087.55,24837.3,25062.52,0,0
20100915,25031.25,25150.1,24868.58,25150.1,0,0
20100916,24937.4,25087.55,24899.86,24899.86,0,0
20100917,24981.19,25181.39,24680.89,25181.39,0,0
20100920,24899.86,25400.36,24899.86,25394.1,0,0
20100921,25394.1,25944.65,25394.1,25713.17,0,0
20100922,25588.04,25800.76,25556.76,25713.17,0,0
20100923,25663.12,25663.12,25068.78,25087.55,0,0
20100924,25087.55,25087.55,24712.17,24712.17,0,0
20100927,24962.43,25075.03,24868.58,24899.86,0,0
20100928,24899.86,25018.73,24668.37,24968.67,0,0
20100929,24899.86,25050.01,24743.45,24899.86,0,0
20100930,24868.58,25650.61,24843.55,25650.61,0,0
20101001,25281.49,25613.07,25024.98,25024.98,0,0
20101004,25087.55,25369.08,25024.98,25369.08,0,0
20101005,25275.23,25325.28,25018.73,25200.16,0,0
20101006,25268.97,25375.33,25037.5,25193.91,0,0
20101007,25081.29,25325.28,24712.17,24712.17,0,0
20101008,24787.25,24918.62,24524.49,24555.77,0,0
20101011,24680.89,24743.45,24574.53,24699.66,0,0
20101012,24593.31,24680.89,24511.97,24524.49,0,0
20101013,24618.33,24793.5,24580.79,24774.73,0,0
20101014,24837.3,24837.3,24117.83,24117.83,0,0
20101015,24142.85,24199.16,23923.89,24023.98,0,0
20101018,24055.26,24149.11,23967.68,24149.11,0,0
20101019,24149.11,24555.77,24149.11,24343.05,0,0
20101020,24174.13,24405.61,24055.26,24117.83,0,0
20101021,24336.79,24336.79,23786.24,23961.42,0,0
20101022,23948.91,23948.91,23561.02,23836.3,0,0
20101025,23961.42,23961.42,23460.92,23460.92,0,0
20101026,23460.92,23460.92,23098.06,23148.11,0,0
20101027,23273.23,23679.89,23273.23,23586.05,0,0
20101028,23830.04,24174.13,23817.53,23898.86,0,0
20101029,23930.13,23930.13,23410.88,23654.87,0,0
20101102,23773.73,23830.04,23723.68,23805.01,0,0
20101103,23805.01,23805.01,23460.92,23460.92,0,0
20101104,23648.61,23748.71,23523.48,23523.48,0,0
20101105,23636.1,23911.37,23636.1,23867.58,0,0
20101108,23898.86,24167.88,23661.12,23955.17,0,0
20101109,23792.5,24186.65,23736.19,24092.8,0,0
20101110,24074.04,24074.04,23748.71,23748.71,0,0
20101112,23335.8,23335.8,23135.59,23148.11,0,0
20101115,23460.92,23460.92,22572.53,22666.38,0,0
20101116,22710.17,22710.17,22291,22403.62,0,0
20101117,22459.93,23392.1,22459.93,23085.55,0,0
20101118,22966.68,23235.7,22922.88,23029.24,0,0
20101119,23191.91,23191.91,22854.07,22854.07,0,0
20101122,23141.86,23141.86,22904.12,22910.37,0,0
20101123,22910.37,22910.37,22359.82,22359.82,0,0
20101124,22516.22,22572.53,22359.82,22453.67,0,0
20101125,22522.49,22522.49,22397.36,22447.41,0,0
20101126,22428.64,22428.64,21934.4,22084.55,0,0
20101129,22328.55,22328.55,21934.4,21959.43,0,0
20101130,22140.86,22253.46,21934.4,22203.42,0,0
20101201,22265.98,22778.99,22178.39,22678.89,0,0
20101202,22772.74,22897.86,22722.69,22766.48,0,0
20101203,22835.3,22835.3,22466.18,22703.92,0,0
20101206,22747.71,22960.42,22591.31,22960.42,0,0
20101207,22810.28,23022.99,22804.01,23022.99,0,0
20101208,22728.94,23010.47,22509.98,22641.35,0,0
20101209,22647.61,22678.89,22522.49,22522.49,0,0
20101210,22585.04,22879.1,22553.76,22553.76,0,0
20101213,22722.69,22791.5,22672.63,22741.46,0,0
20101214,22822.79,22941.65,22647.61,22941.65,0,0
20101215,22804.01,22897.86,22722.69,22897.86,0,0
20101216,22860.32,22910.37,22553.76,22591.31,0,0
20101217,22641.35,22641.35,22422.39,22459.93,0,0
20101220,22397.36,22522.49,22291,22334.8,0,0
20101221,22397.36,22397.36,22253.46,22334.8,0,0
20101222,22403.62,22403.62,22297.26,22316.04,0,0
20101223,22316.04,22334.8,22303.51,22322.28,0,0
20101227,22309.77,22328.55,22215.92,22303.51,0,0
20101228,22272.23,22303.51,22222.19,22240.95,0,0
20101229,22272.23,22397.36,22240.95,22334.8,0,0
20101230,22334.8,22397.36,22247.22,22259.73,0,0
20101231,22259.73,22259.73,21971.93,22240.95,0,0
20110103,22291,22647.61,22240.95,22647.61,0,0
20110104,22647.61,22647.61,22028.24,22028.24,0,0
20110105,22078.29,22078.29,21652.86,21959.43,0,0
20110107,22021.98,22021.98,21740.45,21959.43,0,0
20110110,21771.74,21771.74,21271.24,21433.9,0,0
20110111,21433.9,21790.5,21390.1,21665.38,0,0
20110112,21646.62,21671.64,21377.59,21521.49,0,0
20110113,21646.62,21646.62,20983.45,21333.79,0,0
20110114,21302.52,21615.33,21302.52,21333.79,0,0
20110117,21421.38,21771.74,21421.38,21771.74,0,0
20110118,21884.34,22209.68,21834.3,22209.68,0,0
20110119,22228.44,22334.8,21865.58,21896.86,0,0
20110120,21646.62,21996.96,21571.54,21890.61,0,0
20110121,21865.58,21996.96,21803.02,21809.27,0,0
20110124,21809.27,21809.27,21383.85,21771.74,0,0
20110125,21677.89,21815.53,21577.79,21671.64,0,0
20110126,21690.4,21878.09,21615.33,21796.76,0,0
20110127,21846.81,21846.81,21427.64,21427.64,0,0
20110128,21646.62,21646.62,21646.62,21646.62,0,0
20110131,21427.64,21584.04,21352.57,21584.04,0,0
20110201,21627.85,21634.1,21465.18,21584.04,0,0
20110202,21609.07,21740.45,21415.13,21702.91,0,0
20110203,21752.97,22341.05,21702.91,22341.05,0,0
20110204,22453.67,22453.67,22009.47,22047.01,0,0
20110207,21978.19,22209.68,21978.19,22084.55,0,0
20110208,22203.42,22203.42,22034.5,22109.57,0,0
20110209,22028.24,22072.04,21846.81,21896.86,0,0
20110210,21853.07,21896.86,21646.62,21771.74,0,0
20110211,21765.48,21871.83,21727.94,21834.3,0,0
20110214,21884.34,21896.86,21615.33,21709.17,0,0
20110215,21596.55,21759.22,21596.55,21615.33,0,0
20110216,21702.91,21702.91,21415.13,21458.92,0,0
20110217,21458.92,21458.92,21114.83,21114.83,0,0
20110218,21146.11,21546.51,21146.11,21534,0,0
20110221,21471.44,21609.07,21458.92,21584.04,0,0
20110222,21565.28,22122.09,21458.92,22003.21,0,0
20110223,21959.43,22034.5,21740.45,21896.86,0,0
20110224,21677.89,22115.83,21677.89,21834.3,0,0
20110225,21853.07,21959.43,21715.43,21765.48,0,0
20110228,21652.86,21865.58,21584.04,21734.2,0,0
20110301,21677.89,21734.2,21296.26,21477.69,0,0
20110302,21333.79,21346.31,21189.9,21214.93,0,0
20110303,21377.59,21759.22,21371.34,21759.22,0,0
20110304,21828.04,22147.11,21759.22,21896.86,0,0
20110307,21971.94,22109.57,21865.58,21865.58,0,0
20110308,21896.86,22165.88,21865.58,22140.86,0,0
20110309,21996.96,22059.52,21665.38,21665.38,0,0
20110310,21659.13,21665.38,21515.23,21521.49,0,0
20110311,21427.64,21521.49,21246.21,21396.37,0,0
20110314,21302.52,21458.92,21302.52,21458.92,0,0
20110315,21396.37,21415.13,21239.96,21390.1,0,0
20110316,21771.74,21771.74,21208.67,21252.47,0,0
20110317,21290.01,22040.76,21252.47,21959.43,0,0
20110318,21959.43,22535,21915.63,22535,0,0
20110321,22647.61,22647.61,22397.36,22428.64,0,0
20110322,22397.36,22428.64,22034.5,22084.55,0,0
20110323,22084.55,22397.36,22021.98,22284.74,0,0
20110324,22178.39,22203.42,22009.47,22021.98,0,0
20110325,22034.5,22172.14,21903.12,22053.27,0,0
20110328,22021.98,22447.41,22021.98,22434.89,0,0
20110329,22434.89,22522.49,22240.95,22272.23,0,0
20110330,22322.28,22491.21,21940.65,21940.65,0,0
20110331,22115.83,22272.24,22034.5,22272.24,0,0
20110401,22353.57,22816.52,22272.23,22641.35,0,0
20110404,22772.74,22804.01,22672.63,22772.74,0,0
20110405,22710.17,22816.52,22710.17,22804.01,0,0
20110406,22835.3,23073.04,22804.01,22960.42,0,0
20110407,22960.42,23129.35,22960.42,23085.55,0,0
20110408,23085.55,23110.58,22672.63,22804.01,0,0
20110411,22835.3,22835.3,22710.17,22791.5,0,0
20110412,22710.17,22879.1,22616.34,22753.97,0,0
20110413,22897.86,22979.19,22728.94,22804.01,0,0
20110414,22747.71,22847.81,22628.84,22741.46,0,0
20110415,22804.01,22841.55,22722.69,22778.99,0,0
20110418,22804.01,22860.32,22491.21,22491.21,0,0
20110419,22491.21,22728.94,22491.21,22647.61,0,0
20110420,22760.23,22872.83,22716.43,22716.43,0,0
20110421,22835.3,22879.1,22703.92,22735.2,0,0
20110426,22735.2,22935.4,22735.2,22885.34,0,0
20110427,22916.63,23060.52,22860.32,23054.27,0,0
20110428,23029.24,23398.36,23029.24,23398.36,0,0
20110429,23460.92,23498.46,23235.7,23335.8,0,0
20110502,23398.36,23586.05,23335.8,23523.48,0,0
20110504,23266.98,23573.53,23022.99,23210.67,0,0
20110505,23148.11,23304.52,23148.11,23223.18,0,0
20110506,23304.52,23473.43,23241.95,23398.36,0,0
20110509,23460.92,23485.94,22991.7,22991.7,0,0
20110510,23054.27,23548.51,23054.27,23492.2,0,0
20110511,23485.94,24023.98,23485.94,24023.98,0,0
20110512,23955.17,24105.31,23848.81,24086.55,0,0
20110513,24086.55,24511.97,24086.55,24393.1,0,0
20110516,24149.11,24587.04,23973.94,24587.04,0,0
20110517,24399.37,24399.37,23961.42,23961.42,0,0
20110518,24011.47,24117.83,23523.48,23523.48,0,0
20110519,23773.73,24305.52,23773.73,23967.68,0,0
20110520,24036.49,24493.2,23967.68,24399.37,0,0
20110523,24086.55,24374.34,24011.47,24374.34,0,0
20110524,24099.07,24436.9,24049.01,24430.64,0,0
20110525,24374.34,24856.07,24349.31,24824.79,0,0
20110526,24893.61,24899.86,24493.2,24568.28,0,0
20110527,24568.28,24587.04,24343.05,24399.37,0,0
20110530,24524.49,24524.49,24280.49,24330.55,0,0
20110531,24393.1,24443.15,24293.01,24336.8,0,0
20110601,24511.97,24574.53,24368.07,24399.37,0,0
20110602,24274.24,24524.49,24274.24,24461.92,0,0
20110603,24461.92,24530.74,24230.44,24399.37,0,0
20110606,24405.61,24587.04,24405.61,24493.2,0,0
20110607,24499.46,24649.61,24436.9,24436.9,0,0
20110608,24436.9,24480.69,24092.8,24149.11,0,0
20110609,22916.63,23241.95,22916.63,23241.95,0,0
20110610,23241.95,23429.65,23060.52,23273.23,0,0
20110613,23373.34,23729.95,23285.75,23473.43,0,0
20110614,23673.64,24023.98,23473.43,23961.42,0,0
20110615,23898.86,23961.42,23704.92,23773.73,0,0
20110616,23711.17,24105.31,23604.82,24105.31,0,0
20110617,23961.42,24274.24,23961.42,24274.24,0,0
20110620,24205.42,24274.24,23961.42,24149.11,0,0
20110621,24130.34,24130.34,23711.17,24023.98,0,0
20110622,23998.95,24023.98,23592.3,23592.3,0,0
20110624,23598.56,23861.32,23567.28,23773.73,0,0
20110627,23648.61,23736.19,23210.67,23711.17,0,0
20110628,23586.05,23886.35,23485.94,23886.35,0,0
20110629,23842.55,24036.49,23842.55,23961.42,0,0
20110630,23986.45,24036.49,23460.92,23460.92,0,0
20110701,23492.2,23805.01,23492.2,23805.01,0,0
20110704,23948.91,23948.91,23648.61,23836.3,0,0
20110705,23886.35,23886.35,23673.64,23886.35,0,0
20110706,23779.99,23848.81,23529.74,23579.79,0,0
20110707,23704.92,23830.04,23617.33,23754.97,0,0
20110708,23767.48,23798.76,23517.23,23586.05,0,0
20110711,23586.05,23629.84,23292,23404.62,0,0
20110712,23248.21,23348.31,23148.11,23210.67,0,0
20110713,23273.23,23448.41,23241.95,23354.57,0,0
20110714,23354.57,23398.36,23179.4,23398.36,0,0
20110715,23216.93,23329.54,23179.4,23273.23,0,0
20110718,23160.62,23260.72,22941.65,22941.65,0,0
20110719,23029.24,23235.7,23029.24,23148.11,0,0
20110720,23204.41,23398.36,23204.41,23223.18,0,0
20110721,23185.64,23379.58,23054.27,23260.72,0,0
20110722,23335.8,23586.05,23210.67,23573.53,0,0
20110725,23536.01,23698.66,23460.92,23648.61,0,0
20110726,23736.2,23736.2,23385.85,23729.95,0,0
20110727,23554.77,23673.64,23335.8,23467.18,0,0
20110728,23292,23667.38,23241.95,23648.61,0,0
20110729,23548.52,23711.18,23442.16,23711.18,0,0
20110801,23717.43,23855.06,23629.84,23648.61,0,0
20110802,23460.92,23642.35,23435.89,23642.35,0,0
20110803,23273.23,23642.36,22897.86,22897.86,0,0
20110804,22985.45,23254.47,22459.93,22459.93,0,0
20110805,21771.74,22459.93,21771.74,22028.24,0,0
20110808,21890.61,22165.88,21602.82,21890.61,0,0
20110809,22021.98,22178.39,20645.61,21108.58,0,0
20110810,21365.08,21684.15,20138.86,20157.62,0,0
20110811,20551.77,21083.55,19713.43,21027.25,0,0
20110812,21083.55,21584.04,20952.17,21584.04,0,0
20110816,22209.68,22209.68,21471.44,22115.83,0,0
20110817,21896.86,22115.83,21646.62,21834.3,0,0
20110818,21815.53,21815.53,20176.4,20895.86,0,0
20110819,20827.04,21146.11,20320.29,20958.43,0,0
20110822,20770.73,21052.27,20739.46,21039.76,0,0
20110823,21114.83,21258.73,20420.39,20626.84,0,0
20110824,20708.18,21127.34,20626.84,21052.27,0,0
20110825,21396.37,21615.33,20645.61,20895.86,0,0
20110826,20989.71,20989.71,20395.36,20464.19,0,0
20110829,20758.22,21646.62,20714.43,21646.62,0,0
20110830,21696.67,21890.61,21590.31,21884.34,0,0
20110831,21896.86,22209.68,21896.86,22209.68,0,0
20110901,22209.68,22209.68,21709.17,22147.11,0,0
20110902,21928.15,21946.92,21515.24,21803.03,0,0
20110905,21577.79,21803.02,21290.01,21333.79,0,0
20110906,21308.78,21483.95,20583.05,20958.43,0,0
20110907,21214.92,21946.92,20958.43,21834.29,0,0
20110908,21884.35,22134.6,21715.43,22115.83,0,0
20110909,21903.12,21903.12,21020.99,21020.99,0,0
20110912,20833.31,21333.79,20583.05,21333.79,0,0
20110913,21490.2,21796.76,21271.24,21271.24,0,0
20110914,21221.19,21696.67,21221.19,21602.82,0,0
20110915,21646.62,21884.34,21433.9,21696.67,0,0
20110916,21771.74,21771.74,21559.03,21646.62,0,0
20110919,21634.1,21759.22,21239.96,21759.22,0,0
20110920,21759.22,21859.33,21552.77,21552.77,0,0
20110921,21771.74,21871.83,21621.59,21702.91,0,0
20110922,21521.48,21640.36,20583.05,20920.89,0,0
20110923,20958.43,21258.73,20263.99,21258.73,0,0
20110926,20952.17,21302.52,20952.17,21139.85,0,0
20110927,21521.48,21671.64,21139.85,21508.97,0,0
20110928,21671.41,21786.47,21096.12,21515.74,0,0
20110929,21387.16,21576.65,21285.63,21522.51,0,0
20110930,21400.68,21522.51,21014.9,21319.46,0,0
20111003,20913.38,21184.11,20629.12,20642.66,0,0
20111004,20439.62,20439.62,19167.22,19911.71,0,0
20111005,20236.58,20236.58,19830.49,20236.58,0,0
20111006,20304.25,20832.17,20060.6,20493.76,0,0
20111007,20676.5,21062.29,20507.3,20744.18,0,0
20111010,20913.38,21651.1,20778.02,21651.1,0,0
20111011,21657.88,21712.01,21393.92,21461.59,0,0
20111012,21657.88,21847.37,21387.16,21563.12,0,0
20111013,21583.43,21684.95,21048.75,21048.75,0,0
20111014,21123.19,21319.46,20778.02,21251.79,0,0
20111017,21319.46,21752.62,20981.06,21251.79,0,0
20111018,21102.89,21245.02,20933.69,21245.02,0,0
20111019,21278.86,21624.03,21278.86,21624.03,0,0
20111020,21556.35,21718.78,21353.31,21353.31,0,0
20111021,21454.83,21820.3,21454.83,21779.7,0,0
20111024,21779.7,22605.41,21766.16,22300.84,0,0
20111025,22564.8,22591.87,21935.36,22470.04,0,0
20111026,22334.68,22470.04,21867.68,21881.22,0,0
20111027,22503.88,22869.35,22334.68,22855.82,0,0
20111028,22855.82,22977.65,22754.29,22862.59,0,0
20111031,22720.47,23045.33,22679.85,22842.29,0,0
20111102,22402.36,22842.29,22402.36,22673.08,0,0
20111103,22402.36,23234.83,22402.36,23214.53,0,0
20111104,23248.38,23248.38,22754.29,22869.35,0,0
20111107,22808.45,23031.8,22605.41,22781.37,0,0
20111108,22578.33,22876.13,22578.33,22666.32,0,0
20111109,22679.85,22679.85,21725.55,21725.55,0,0
20111110,21644.34,21644.34,21265.32,21353.31,0,0
20111114,22030.11,22280.54,21346.54,21522.51,0,0
20111115,21630.8,21745.85,21278.86,21387.16,0,0
20111116,21657.88,21928.6,21434.52,21928.6,0,0
20111117,21624.03,21928.6,21576.65,21725.55,0,0
20111118,21529.28,21996.28,21529.28,21860.91,0,0
20111121,21590.19,21827.07,21590.19,21745.85,0,0
20111122,21745.85,21955.67,21454.83,21454.83,0,0
20111123,21448.06,21712.01,20737.41,21035.2,0,0
20111124,21035.2,21204.41,20872.78,21048.75,0,0
20111125,21008.13,21170.57,20669.73,21041.98,0,0
20111128,21184.11,21184.11,20845.7,20981.06,0,0
20111129,20866.01,21475.13,20866.01,21001.37,0,0
20111130,21231.48,21617.26,21082.58,21617.26,0,0
20111201,21590.19,21745.85,21448.06,21712.01,0,0
20111202,21779.7,22334.68,21779.7,22003.05,0,0
20111205,22199.32,22334.68,22179.02,22334.68,0,0
20111206,22185.78,22348.21,21928.6,22111.34,0,0
20111207,22063.96,22192.55,21590.19,22043.65,0,0
20111208,21827.07,22097.8,21048.75,21048.75,0,0
20111209,20940.45,21400.68,20893.08,21400.68,0,0
20111212,21285.63,21285.63,20838.93,21075.82,0,0
20111213,21048.75,21461.59,20953.99,21312.7,0,0
20111214,21319.46,21590.19,21069.05,21102.89,0,0
20111215,21292.39,21319.46,21028.44,21116.43,0,0
20111216,21177.34,21305.92,20926.92,20987.83,0,0
20111219,21035.2,21197.64,20656.2,20967.53,0,0
20111220,20811.86,21150.26,20602.05,21143.5,0,0
20111221,21021.67,21278.86,20886.31,21048.75,0,0
20111222,20981.06,21069.05,20852.47,20913.38,0,0
20111223,20913.38,21082.58,20913.38,21082.58,0,0
20111227,21089.35,21170.57,20994.59,21116.43,0,0
20111228,21014.9,21116.43,20974.3,20981.06,0,0
20111229,21048.75,21116.43,20866.01,20981.06,0,0
20111230,21251.79,21251.79,20913.38,20913.38,0,0
20120102,20953.99,21245.02,20953.99,21150.26,0,0
20120103,21245.02,21353.31,21048.75,21353.31,0,0
20120104,21190.87,21204.41,20791.56,20791.56,0,0
20120105,20940.45,21150.26,20629.12,21150.26,0,0
20120109,21184.11,21211.17,20879.54,20879.54,0,0
20120110,20913.38,21096.12,20845.7,20859.24,0,0
20120111,20859.24,20872.78,20662.97,20744.18,0,0
20120112,20744.18,21184.11,20744.18,21014.9,0,0
20120113,21163.8,21163.8,20696.8,20778.02,0,0
20120116,20845.7,21150.26,20798.32,21021.67,0,0
20120117,21190.87,21590.19,21190.87,21508.97,0,0
20120118,21590.19,21603.73,21265.32,21319.46,0,0
20120119,21454.83,21725.55,21285.63,21725.55,0,0
20120120,21590.19,22131.63,21475.13,22131.63,0,0
20120123,21793.24,22131.63,21657.88,21657.88,0,0
20120124,21718.78,21854.15,21657.88,21793.24,0,0
20120125,21840.61,22016.58,21705.25,21921.82,0,0
20120126,21975.97,22916.74,21975.97,22673.08,0,0
20120127,22673.08,22937.04,22652.77,22882.89,0,0
20120130,22808.45,22909.96,22436.2,22544.49,0,0
20120131,22740.77,22977.65,22544.49,22612.17,0,0
20120201,22551.26,23316.05,22551.26,23092.7,0,0
20120202,23349.89,23349.89,22970.88,23248.38,0,0
20120203,23214.53,23519.09,23106.25,23519.09,0,0
20120206,23349.89,23552.94,23268.68,23552.94,0,0
20120207,23431.11,23525.86,23180.68,23417.58,0,0
20120208,23113.01,23573.25,23113.01,23397.27,0,0
20120209,22571.56,23431.11,22571.56,22984.41,0,0
20120210,23011.49,23011.49,22686.62,22774.6,0,0
20120213,22943.81,23004.72,22821.99,22909.96,0,0
20120214,23011.49,23329.59,22876.13,23011.49,0,0
20120215,23214.53,23214.53,22937.04,23004.72,0,0
20120216,22943.81,23065.63,22767.83,22767.83,0,0
20120217,23085.94,23173.92,23031.8,23079.16,0,0
20120220,23200.99,23255.14,23079.16,23214.53,0,0
20120221,23349.89,23349.89,22984.41,22984.41,0,0
20120222,23018.26,23119.78,22896.43,23011.49,0,0
20120223,22767.83,23058.87,22740.77,22740.77,0,0
20120224,22943.81,22997.95,22740.77,22740.77,0,0
20120227,22706.93,22943.81,22693.39,22943.81,0,0
20120228,22909.96,22943.81,22456.5,22605.41,0,0
20120229,22774.6,22808.45,22415.9,22666.32,0,0
20120301,22470.04,22666.32,22165.48,22402.36,0,0
20120302,22382.06,22382.06,22063.96,22300.84,0,0
20120305,22199.32,22300.84,21982.74,22253.46,0,0
20120306,22063.96,22334.68,21996.28,22287.3,0,0
20120307,22287.3,22449.74,22097.8,22199.32,0,0
20120308,22131.63,22537.73,22077.49,22537.73,0,0
20120309,22456.5,22673.08,22273.77,22334.68,0,0
20120312,22470.04,22470.04,22104.57,22327.91,0,0
20120313,22273.77,22314.38,22151.94,22233.15,0,0
20120314,22253.46,22781.37,22253.46,22781.37,0,0
20120315,22781.37,22896.43,22368.52,22652.77,0,0
20120316,22558.02,22720.47,22470.04,22470.04,0,0
20120319,22598.63,22598.63,22348.21,22361.75,0,0
20120320,22368.52,22490.35,21969.21,21969.21,0,0
20120321,21996.28,22057.18,21644.34,21651.1,0,0
20120322,21718.78,21718.78,21217.95,21387.16,0,0
20120323,21556.35,21928.6,21536.04,21928.6,0,0
20120326,21840.61,21928.6,21637.57,21928.6,0,0
20120327,22050.42,22287.3,21928.6,22131.63,0,0
20120328,22165.48,22246.69,21996.28,22063.96,0,0
20120329,21962.43,22063.96,21725.55,21894.76,0,0
20120330,21887.98,22003.04,21779.7,21996.28,0,0
20120402,21894.76,22131.63,21827.07,21928.6,0,0
20120403,21982.74,22077.49,21725.55,21847.37,0,0
20120404,21759.39,21874.45,21684.95,21725.55,0,0
20120405,21718.78,21759.39,21603.73,21603.73,0,0
20120410,21319.46,21644.34,21204.41,21333,0,0
20120411,21333,21454.83,21204.41,21454.83,0,0
20120412,21488.68,21684.95,21353.31,21684.95,0,0
20120413,21718.78,21718.78,21373.62,21393.92,0,0
20120416,21400.68,21434.52,21265.32,21434.52,0,0
20120417,21393.92,21563.12,21353.31,21461.59,0,0
20120418,21488.68,21488.68,21157.04,21157.04,0,0
20120419,21184.11,21299.16,21116.43,21116.43,0,0
20120420,21129.96,21272.1,21055.51,21123.19,0,0
20120423,21366.85,21366.85,21082.58,21150.26,0,0
20120424,21353.31,21353.31,21082.58,21150.26,0,0
20120425,21157.04,21488.68,21136.73,21387.16,0,0
20120426,21387.16,21806.77,21387.16,21630.8,0,0
20120427,21624.03,21962.43,21502.2,21962.43,0,0
20120430,21962.43,21962.43,21576.65,21576.65,0,0
20120502,21691.71,21691.71,21393.92,21522.51,0,0
20120504,21522.51,21725.55,21522.51,21725.55,0,0
20120507,21529.28,21684.95,21475.13,21684.95,0,0
20120508,21522.51,21698.49,21319.46,21319.46,0,0
20120509,21420.98,21549.58,21123.19,21123.19,0,0
20120510,21224.71,21556.35,21129.96,21556.35,0,0
20120511,21515.74,21637.57,21251.79,21637.57,0,0
20120514,21576.65,21637.57,21109.65,21123.19,0,0
20120515,21170.57,21245.02,20778.02,20778.02,0,0
20120516,20764.49,21109.65,20324.56,21109.65,0,0
20120517,21102.89,21102.89,20473.45,20473.45,0,0
20120518,20080.91,20635.9,20080.91,20527.6,0,0
20120521,20642.66,21184.11,20642.66,21184.11,0,0
20120522,21251.79,21251.79,20656.2,20710.34,0,0
20120523,20629.12,20629.12,20338.1,20338.1,0,0
20120524,20439.62,20439.62,19837.25,20236.58,0,0
20120525,20405.78,20588.51,20067.37,20168.89,0,0
20120528,20236.58,20568.2,20168.89,20439.62,0,0
20120529,20453.16,20561.44,19992.92,20439.62,0,0
20120530,20439.62,20439.62,19932.01,20135.06,0,0
20120531,20101.21,20432.85,19877.86,20033.54,0,0
20120601,20094.45,20114.75,19810.19,20026.77,0,0
20120604,19959.08,20141.82,19783.11,20141.82,0,0
20120605,20148.58,20168.89,19769.58,19769.58,0,0
20120606,19959.08,20304.25,19884.64,20304.25,0,0
20120608,20304.25,21062.29,20223.04,21048.75,0,0
20120611,21082.58,21610.49,21082.58,21448.06,0,0
20120612,21319.46,21793.24,21319.46,21793.24,0,0
20120613,21793.24,21827.07,21522.51,21522.51,0,0
20120614,21563.12,21630.8,21475.13,21624.03,0,0
20120615,21624.03,22111.34,21624.03,22036.88,0,0
20120618,22267,22267,21820.3,21860.91,0,0
20120619,21860.91,22267,21860.91,22267,0,0
20120620,22199.32,22260.23,21962.43,22111.34,0,0
20120621,21996.28,22246.69,21928.6,22091.03,0,0
20120622,22023.34,22091.03,21928.6,22084.27,0,0
20120625,21935.36,21962.43,21698.49,21698.49,0,0
20120626,21725.55,21996.28,21725.55,21759.39,0,0
20120627,21901.52,22348.21,21820.3,22348.21,0,0
20120628,22402.36,22402.36,22131.63,22300.84,0,0
20120629,22422.67,22625.71,22334.68,22605.41,0,0
20120702,22354.98,22605.41,22063.96,22063.96,0,0
20120703,22131.63,22327.91,22063.96,22131.63,0,0
20120704,22260.23,22260.23,22030.11,22199.32,0,0
20120705,22199.32,22456.5,22104.57,22267,0,0
20120706,22334.68,22334.68,22192.55,22300.84,0,0
20120709,22151.94,22260.23,22070.73,22233.15,0,0
20120710,22233.15,22334.68,22118.1,22334.68,0,0
20120711,22273.77,22436.2,22131.63,22233.15,0,0
20120712,22165.48,22267,22030.11,22091.03,0,0
20120713,22260.23,22673.08,22151.94,22605.41,0,0
20120716,22598.63,22720.47,22497.11,22605.41,0,0
20120717,22605.41,22639.24,22449.74,22605.41,0,0
20120718,22673.08,23146.86,22537.73,23146.86,0,0
20120719,23153.62,23552.94,23072.4,23417.58,0,0
20120720,23485.25,23539.4,23146.86,23275.44,0,0
20120723,22740.77,22896.43,22490.35,22490.35,0,0
20120724,22490.35,22916.73,22490.35,22801.68,0,0
20120725,22774.6,23072.4,22767.83,22842.29,0,0
20120726,22909.96,23336.36,22909.96,22909.96,0,0
20120727,23140.08,23607.08,23140.08,23586.77,0,0
20120730,23586.77,24263.59,23525.86,24263.59,0,0
20120731,24087.61,24087.61,23803.35,23959.02,0,0
20120801,23823.66,23999.63,23492.02,23620.61,0,0
20120802,23552.94,23688.3,23464.95,23552.94,0,0
20120803,23485.25,24229.74,23485.25,24229.74,0,0
20120806,24162.06,24689.98,24094.39,24541.07,0,0
20120807,24601.99,24601.99,24229.74,24554.61,0,0
20120808,24344.8,24601.99,24331.26,24601.99,0,0
20120809,24635.83,25041.91,24601.99,25035.15,0,0
20120810,24906.56,25123.13,24737.35,25035.15,0,0
20120813,24737.35,25096.06,24649.36,24838.86,0,0
20120814,24933.63,24960.7,24771.19,24825.34,0,0
20120816,25028.38,25238.19,24859.17,24953.92,0,0
20120817,24906.56,25109.59,24703.51,24703.51,0,0
20120820,24703.51,24771.19,24175.6,24263.59,0,0
20120821,24365.11,24439.56,24263.59,24398.95,0,0
20120822,24331.26,24331.26,23843.97,23959.02,0,0
20120823,24094.38,24222.97,23938.71,24222.97,0,0
20120824,24053.77,24507.24,24053.77,24500.47,0,0
20120827,24500.47,24534.31,24310.96,24398.95,0,0
20120828,24478.33,24665.96,24261.83,24276.26,0,0
20120829,24608.22,24680.39,23929.87,24175.23,0,0
20120830,24160.8,24442.24,24009.26,24254.62,0,0
20120831,24211.32,25034,24211.32,24932.96,0,0
20120903,24738.12,24752.55,24406.16,24406.16,0,0
20120904,24413.38,24629.88,24261.83,24261.83,0,0
20120905,24290.69,24875.24,24261.83,24868.01,0,0
20120906,24896.88,25293.79,24868.01,24969.06,0,0
20120907,25091.72,25113.37,24882.45,25113.37,0,0
20120910,24997.91,25192.76,24961.83,25171.11,0,0
20120911,25243.27,25466.99,25084.52,25466.99,0,0
20120912,25474.2,26022.66,25409.25,25928.84,0,0
20120913,25907.2,26109.25,25770.09,25943.27,0,0
20120914,26188.63,26282.45,25986.57,26217.5,0,0
20120917,26195.85,26217.5,25921.63,25928.84,0,0
20120918,25928.84,26304.09,25878.32,26304.09,0,0
20120919,26268.02,26412.35,25892.76,25892.76,0,0
20120920,25878.32,26109.25,25835.03,25979.36,0,0
20120921,25972.14,26325.75,25842.24,26231.93,0,0
20120924,26001.01,26239.15,25950.5,26224.72,0,0
20120925,26195.85,26477.3,26188.63,26188.63,0,0
20120926,25979.36,26123.68,25907.2,25907.2,0,0
20120927,25964.92,26231.93,25777.29,26231.93,0,0
20120928,26051.52,26231.93,25899.98,25979.36,0,0
20121001,25979.36,26405.13,25907.2,26405.13,0,0
20121002,26390.7,26527.81,26289.66,26448.43,0,0
20121003,26340.18,26672.14,26340.18,26412.35,0,0
20121004,26556.68,26672.14,26159.77,26159.77,0,0
20121005,26412.35,26823.69,26260.8,26758.73,0,0
20121008,26657.71,27545.33,26657.71,27206.16,0,0
20121009,27141.21,27451.51,26996.89,27061.83,0,0
20121010,27061.83,27516.46,26751.53,27350.49,0,0
20121011,27278.33,27566.98,27242.24,27566.98,0,0
20121012,27559.76,27696.87,27386.57,27603.06,0,0
20121015,27494.82,27595.85,27321.62,27422.65,0,0
20121016,27639.15,27639.15,27170.07,27170.07,0,0
20121017,27133.99,27422.65,26917.5,27422.65,0,0
20121018,27415.44,27465.95,27249.46,27422.65,0,0
20121019,27415.44,27415.44,27076.27,27076.27,0,0
20121022,27076.27,27249.46,27076.27,27133.99,0,0
20121023,27133.99,27364.92,26917.5,27133.99,0,0
20121024,26809.25,27206.16,26809.25,27054.61,0,0
20121025,26917.5,27249.46,26917.5,27249.46,0,0
20121026,27097.92,27097.92,26701.01,26765.95,0,0
20121029,26599.97,27054.61,26506.16,27054.61,0,0
20121030,26881.42,27278.33,26881.42,27061.83,0,0
20121031,27133.99,27393.79,26917.5,26917.5,0,0
20121102,27133.99,27747.4,27133.99,27747.4,0,0
20121105,27422.65,28072.13,27379.35,27978.33,0,0
20121106,27927.81,27978.33,27538.12,27559.76,0,0
20121107,27566.98,27769.05,27473.17,27711.31,0,0
20121108,27747.4,27999.97,27624.72,27999.97,0,0
20121109,27870.08,27978.33,27805.13,27927.81,0,0
20121112,27877.29,28072.13,27747.4,27855.64,0,0
20121113,27761.83,27862.86,27653.58,27855.64,0,0
20121114,27999.97,28303.07,27855.64,28072.13,0,0
20121115,27783.49,28129.87,27783.49,27999.97,0,0
20121116,28064.92,28064.92,27862.86,27891.72,0,0
20121119,27891.72,28079.36,27891.72,28021.62,0,0
20121120,28028.84,28137.08,27942.24,28072.13,0,0
20121121,27999.97,28281.42,27978.33,28281.42,0,0
20121122,28266.98,28411.31,28173.17,28173.17,0,0
20121123,28144.31,28490.7,28144.31,28490.7,0,0
20121126,28331.93,28613.37,28151.52,28151.52,0,0
20121127,28432.96,28505.13,28331.93,28497.9,0,0
20121128,28440.18,28591.72,27862.86,27862.86,0,0
20121129,28072.13,28266.98,27790.69,27790.69,0,0
20121130,27855.64,28483.48,27494.82,28483.48,0,0
20121203,28425.75,28764.93,28425.75,28649.46,0,0
20121204,28534,28858.74,28534,28858.74,0,0
20121205,28865.95,29659.77,28808.22,29659.77,0,0
20121206,29594.82,29804.09,29371.11,29804.09,0,0
20121207,29731.93,29731.93,29154.62,29154.62,0,0
20121210,28865.95,29226.77,28829.87,29226.77,0,0
20121211,29226.77,29298.94,29024.72,29298.94,0,0
20121212,29501,29825.75,29298.94,29804.09,0,0
20121213,29659.77,29912.34,29565.96,29854.61,0,0
20121214,29840.19,30302.03,29731.93,30302.03,0,0
20121217,30237.08,30814.4,30201.01,30814.4,0,0
20121218,30886.57,31240.17,30677.29,31240.17,0,0
20121219,31247.4,31521.61,31124.71,31456.67,0,0
20121220,31211.31,31824.71,30706.16,30785.53,0,0
20121221,30525.75,31550.49,30258.73,31550.49,0,0
20121227,31384.51,31745.33,31341.2,31406.15,0,0
20121228,31391.72,31629.86,31232.97,31536.05,0,0
20130102,31759.77,31860.79,31247.4,31752.55,0,0
20130103,31550.49,31709.25,31290.69,31572.14,0,0
20130104,31247.4,31572.14,30366.99,30525.75,0,0
20130107,30489.66,30489.66,29905.13,30006.16,0,0
20130108,29840.19,30403.06,29746.37,30237.08,0,0
20130109,30302.03,30597.91,30164.91,30597.91,0,0
20130110,30569.04,30569.04,29984.5,30237.08,0,0
20130111,30431.93,30431.93,29551.52,29688.63,0,0
20130114,29832.96,29832.96,28707.18,28786.57,0,0
20130115,28656.67,28793.79,28411.31,28505.13,0,0
20130116,29132.96,29371.11,29039.16,29371.11,0,0
20130117,29371.11,29371.11,29017.5,29082.45,0,0
20130118,29298.94,29335.03,29075.23,29154.62,0,0
20130121,29082.45,29327.8,29017.5,29313.37,0,0
20130122,29363.88,29486.57,29262.86,29472.14,0,0
20130123,29457.7,29739.14,29053.58,29212.34,0,0
20130124,29089.66,29580.39,28952.54,29508.22,0,0
20130125,29298.94,29638.11,28938.11,29154.62,0,0
20130128,29082.45,29226.77,28865.95,29226.77,0,0
20130129,29233.99,29233.99,28865.95,29226.77,0,0
20130130,29154.62,29342.24,28909.25,28938.11,0,0
20130131,28851.52,29464.92,28815.43,29407.19,0,0
20130201,29443.27,29674.2,29291.73,29428.84,0,0
20130204,29587.6,29666.98,28938.11,28938.11,0,0
20130205,29154.62,29154.62,28772.13,29046.36,0,0
20130206,29154.62,29154.62,28801,28815.43,0,0
20130207,28786.57,29089.66,28779.36,28865.95,0,0
20130208,29118.52,29464.92,28837.09,29464.92,0,0
20130211,29472.14,29695.85,29443.27,29587.6,0,0
20130212,29515.44,29832.96,29508.22,29573.16,0,0
20130213,29587.6,29782.44,29493.79,29587.6,0,0
20130214,29587.6,29623.68,29197.91,29219.57,0,0
20130215,29197.91,29573.16,29125.75,29551.52,0,0
20130218,29544.3,29688.63,29457.7,29565.96,0,0
20130219,29464.92,29789.66,29464.92,29789.66,0,0
20130220,29804.09,29905.13,29443.27,29479.35,0,0
20130221,29349.46,29436.05,28995.85,29436.05,0,0
20130222,29421.62,29508.22,29169.05,29508.22,0,0
20130225,29609.25,29739.14,29349.46,29659.77,0,0
20130226,29233.99,29428.84,29118.52,29118.52,0,0
20130227,29197.91,29197.91,28916.47,29010.28,0,0
20130228,29176.26,29183.47,28902.04,29075.23,0,0
20130301,29010.28,29241.21,28974.2,29241.21,0,0
20130304,29031.93,29399.98,29031.93,29277.29,0,0
20130305,29414.4,29695.85,29284.51,29666.98,0,0
20130306,29731.93,30561.83,29666.98,30554.6,0,0
20130307,30525.75,31103.06,30460.79,31030.9,0,0
20130308,31030.9,31160.79,30713.37,30771.11,0,0
20130311,30763.89,30879.35,30439.14,30453.58,0,0
20130312,30561.83,30561.83,30186.57,30287.6,0,0
20130313,30092.76,30107.19,29926.78,29933.99,0,0
20130314,29933.99,30143.27,29933.99,30063.89,0,0
20130315,30020.6,30092.76,29948.42,29984.5,0,0
20130318,29876.26,30056.67,29371.11,29450.49,0,0
20130319,29573.16,29768.01,29464.92,29472.14,0,0
20130320,29674.2,29948.42,29594.82,29666.98,0,0
20130321,29941.21,29941.21,29479.35,29479.35,0,0
20130322,29501,29501,29190.7,29262.86,0,0
20130325,29407.19,29464.92,28938.11,28938.11,0,0
20130326,29132.96,29508.22,28902.04,29486.57,0,0
20130327,29486.57,29616.46,29190.7,29486.57,0,0
20130328,29154.62,29371.11,29132.96,29154.62,0,0
20130402,29515.44,29515.44,28865.95,29291.73,0,0
20130403,29039.16,29197.91,28728.84,28793.79,0,0
20130404,28865.95,28865.95,28541.2,28707.18,0,0
20130405,28721.63,29197.91,28613.37,28858.74,0,0
20130408,29154.62,29508.22,29147.39,29226.77,0,0
20130409,29457.7,29594.82,29140.18,29176.26,0,0
20130410,29428.84,29587.6,29176.26,29457.7,0,0
20130411,29443.27,30273.17,29443.27,30273.17,0,0
20130412,30273.17,30670.07,30164.91,30554.6,0,0
20130415,30518.53,30547.4,29948.42,30006.16,0,0
20130417,30150.49,30150.49,29529.87,29659.77,0,0
20130418,29659.77,29731.93,29298.94,29298.94,0,0
20130419,29511.83,29659.77,29237.6,29324.2,0,0
20130422,29634.51,29814.92,29515.44,29594.82,0,0
20130423,29652.55,29926.78,29555.12,29861.83,0,0
20130424,29861.83,30179.35,29493.79,29786.05,0,0
20130425,29876.26,29998.94,29681.42,29995.33,0,0
20130426,30016.98,30684.51,29897.91,30597.91,0,0
20130429,30864.92,31146.36,30724.2,31066.99,0,0
20130430,31319.56,31435.03,30799.97,31066.99,0,0
20130502,31427.81,32293.78,31427.81,31936.57,0,0
20130506,31922.14,32459.76,31752.55,32459.76,0,0
20130507,32402.03,32466.98,32329.87,32329.87,0,0
20130508,32322.65,32759.25,32207.18,32546.36,0,0
20130509,32474.2,32726.77,32131.41,32438.11,0,0
20130510,32185.54,32438.11,32008.73,32329.87,0,0
20130513,32189.14,32329.87,32088.11,32329.87,0,0
20130514,32329.87,32362.34,31918.53,31918.53,0,0
20130515,32438.11,32438.11,31449.45,31806.68,0,0
20130516,31752.55,31752.55,31283.47,31283.47,0,0
20130517,31211.31,31315.95,31211.31,31305.13,0,0
20130520,31344.82,31868.02,31218.52,31218.52,0,0
20130521,31427.81,31824.71,31085.02,31788.63,0,0
20130522,31860.79,32005.13,31608.22,31608.22,0,0
20130523,31824.71,31882.44,31420.59,31471.1,0,0
20130524,31788.63,31875.23,31680.38,31853.58,0,0
20130527,32113.37,32329.87,31864.4,32329.87,0,0
20130528,32315.43,32651.01,32315.43,32326.26,0,0
20130529,32185.54,32416.46,32181.93,32257.7,0,0
20130531,32135.02,33195.85,32135.02,33195.85,0,0
20130603,33109.26,33109.26,32546.36,32618.53,0,0
20130604,32474.2,32618.53,31839.14,31932.96,0,0
20130605,31932.96,32026.77,31593.79,31839.14,0,0
20130606,31911.31,32008.73,31716.47,31716.47,0,0
20130607,31759.77,31972.65,31759.77,31860.79,0,0
20130610,32034,32066.46,31124.71,31124.71,0,0
20130611,31283.47,31330.38,30781.92,31247.4,0,0
20130612,31232.97,31687.6,31168.02,31680.38,0,0
20130613,31319.56,31932.96,31319.56,31680.38,0,0
20130614,31889.66,32095.33,31463.89,31463.89,0,0
20130617,31539.66,31914.92,31333.99,31633.47,0,0
20130618,31839.14,31882.44,31435.02,31471.1,0,0
20130619,31680.38,31828.32,31319.56,31319.56,0,0
20130620,31240.17,31240.17,29731.93,29731.93,0,0
20130621,29984.5,30164.91,28988.63,29731.93,0,0
20130624,29082.45,29190.7,28938.11,29075.23,0,0
20130625,29219.57,30085.54,29075.23,29515.44,0,0
20130626,29082.45,29984.5,28865.95,29731.93,0,0
20130627,29804.09,30085.54,28541.2,28793.79,0,0
20130628,28938.11,29565.96,28505.13,29565.96,0,0
20130701,29876.26,29876.26,29205.13,29248.43,0,0
20130702,29371.11,30309.25,29356.68,30309.25,0,0
20130703,29768.02,30590.7,29731.93,30590.7,0,0
20130704,30587.08,31211.31,30587.08,31211.31,0,0
20130705,31319.56,31319.56,30666.46,30810.79,0,0
20130708,31319.56,31319.56,30309.25,30309.25,0,0
20130709,30453.58,30630.38,30110.8,30110.8,0,0
20130710,30154.1,30525.75,30042.24,30345.33,0,0
20130711,30814.4,31106.67,30814.4,31066.99,0,0
20130712,31160.79,31676.77,31038.11,31485.54,0,0
20130715,31463.89,31463.89,31153.58,31283.47,0,0
20130716,31305.13,31449.45,31139.15,31247.4,0,0
20130717,31290.7,31471.11,31240.17,31460.28,0,0
20130718,31467.49,31467.49,30735.02,30814.4,0,0
20130719,30742.24,31431.41,30742.24,31247.4,0,0
20130722,31355.63,32145.85,31355.63,32041.2,0,0
20130723,32113.37,32470.59,32041.2,32466.98,0,0
20130724,32604.1,32604.1,31983.48,32402.03,0,0
20130725,32127.81,32474.2,32041.2,32474.2,0,0
20130726,32311.82,32466.98,32279.35,32430.89,0,0
20130729,32430.89,32474.2,31911.31,31911.31,0,0
20130730,31972.65,32185.54,31904.09,32185.54,0,0
20130731,31969.04,32835.03,31969.04,32733.99,0,0
20130801,32835.02,33159.75,32835.02,33123.68,0,0
20130802,33123.68,33773.17,32954.09,33621.62,0,0
20130805,33628.83,33733.47,32990.17,33195.85,0,0
20130806,33203.06,33260.8,32510.28,32618.53,0,0
20130807,32582.44,32824.19,32405.64,32618.53,0,0
20130808,32762.85,33322.13,32582.44,32632.95,0,0
20130809,32762.86,32885.53,32492.24,32618.53,0,0
20130812,32510.28,33556.67,32510.28,33556.67,0,0
20130813,33556.67,33809.25,33213.89,33268.01,0,0
20130814,33206.67,33690.17,33051.51,33065.95,0,0
20130816,33123.68,33791.2,33065.95,33549.45,0,0
20130819,33549.45,33773.17,33491.72,33556.67,0,0
20130820,33556.67,33556.67,33195.85,33195.85,0,0
20130821,33789.87,34167.88,33218.99,33944.16,0,0
20130822,33944.16,34669.33,33944.16,34175.6,0,0
20130823,34407.03,34673.19,33944.16,33944.16,0,0
20130826,34329.89,34661.62,34329.89,34445.61,0,0
20130827,34715.62,34931.62,33936.45,33951.88,0,0
20130828,33951.88,33951.88,33326.99,33326.99,0,0
20130829,33867.01,34005.88,33411.85,34005.88,0,0
20130830,34110.03,34113.89,33566.15,33786.01,0,0
20130902,34098.45,34098.45,33489,33504.43,0,0
20130903,33512.15,33512.15,32790.83,32979.84,0,0
20130904,33172.71,33172.71,31436.92,31799.51,0,0
20130905,31791.79,31791.79,29701.15,29701.15,0,0
20130906,29932.58,31039.62,29932.58,30850.61,0,0
20130909,31089.77,31946.09,30985.62,31706.94,0,0
20130910,32246.95,32999.13,32246.95,32941.26,0,0
20130911,33018.4,33018.4,32509.24,33018.4,0,0
20130912,33018.4,33157.27,32825.54,32864.12,0,0
20130913,32786.98,33056.98,32578.68,32578.68,0,0
20130916,33018.4,33203.56,32401.24,32401.24,0,0
20130917,32370.39,32914.26,32370.39,32914.26,0,0
20130918,32709.83,33010.7,32509.24,32999.13,0,0
20130919,33427.28,33990.44,33427.28,33867.01,0,0
20130920,33940.3,34083.02,33789.87,33951.88,0,0
20130923,33944.16,34102.3,33288.43,33288.43,0,0
20130924,33697.29,34052.17,33407.99,33809.16,0,0
20130925,33635.57,33809.16,33550.72,33809.16,0,0
20130926,33573.85,33867.01,33573.85,33789.87,0,0
20130927,33639.43,33867.01,33319.28,33319.28,0,0
20130930,33172.71,33172.71,32601.82,32717.54,0,0
20131001,32601.82,33176.57,32601.82,33176.57,0,0
20131002,33234.42,33234.42,32648.11,33018.4,0,0
20131003,32864.12,33315.42,32864.12,33211.28,0,0
20131004,33029.98,33257.56,32694.39,32802.4,0,0
20131007,32694.39,32694.39,32270.1,32316.38,0,0
20131008,32408.95,32551.68,31938.37,31938.37,0,0
20131009,32177.51,32208.38,31818.8,31899.79,0,0
20131010,32165.95,33944.16,32146.66,33944.16,0,0
20131011,33944.16,33944.16,33404.14,33404.14,0,0
20131014,33404.14,33982.73,33269.14,33982.73,0,0
20131015,33982.73,34549.76,33832.3,33882.44,0,0
20131016,33882.44,34661.62,33882.44,34484.18,0,0
20131017,34407.03,34480.32,33789.87,33789.87,0,0
20131018,33874.72,34175.6,33751.29,34175.6,0,0
20131021,34329.89,35552.65,34329.89,35552.65,0,0
20131022,35471.64,35552.65,35132.2,35332.78,0,0
20131023,34723.33,35602.8,34711.76,35525.64,0,0
20131024,35564.22,35949.95,35564.22,35949.95,0,0
20131025,35795.67,36266.25,35795.67,36104.24,0,0
20131028,36142.81,36509.26,36142.81,36258.53,0,0
20131029,36258.53,36644.26,36258.53,36567.12,0,0
20131030,36621.12,36636.56,36142.81,36142.81,0,0
20131031,36165.96,36327.97,36034.81,36165.96,0,0
20131104,36258.53,36320.25,36054.1,36293.25,0,0
20131105,36335.68,36451.4,36065.67,36104.24,0,0
20131106,36335.68,36910.42,36104.24,36867.98,0,0
20131107,36996.81,37592.63,36433.21,37318.87,0,0
20131108,36811.62,37318.87,36360.74,36553.97,0,0
20131112,36755.26,36755.26,36191.66,36231.92,0,0
20131113,36143.35,36231.92,35869.6,36231.92,0,0
20131114,36473.46,36855.91,36127.25,36127.25,0,0
20131115,36312.43,36988.76,36312.43,36525.79,0,0
20131118,36545.93,38285.06,36545.93,38285.06,0,0
20131119,38164.28,38389.73,37729.5,37761.71,0,0
20131120,37681.19,38087.8,37560.42,37761.71,0,0
20131121,37568.47,37810.02,37435.62,37600.67,0,0
20131122,37838.19,37838.19,37443.67,37713.4,0,0
20131125,37842.22,38043.51,37447.69,37721.45,0,0
20131126,37455.75,37761.71,37173.95,37520.16,0,0
20131127,37636.91,37681.19,37254.46,37681.19,0,0
20131128,37632.89,37681.19,37334.97,37681.19,0,0
20131129,37600.67,37842.22,37516.13,37842.22,0,0
20131202,37479.91,37922.73,37198.1,37198.1,0,0
20131203,37439.65,37459.78,36634.49,36634.49,0,0
20131204,36634.49,37085.38,36618.39,36884.09,0,0
20131205,36996.81,37230.3,36634.49,36634.49,0,0
20131206,36767.34,37037.07,36248.02,36541.9,0,0
20131209,36702.93,36956.56,36634.49,36956.56,0,0
20131210,36400.99,37439.65,36400.99,37439.65,0,0
20131211,37037.07,37814.04,37037.07,37761.71,0,0
20131212,37278.61,37278.61,36465.41,36521.77,0,0
20131213,36759.29,37165.89,36360.74,36702.93,0,0
20131216,36779.42,37117.58,36513.72,37117.58,0,0
20131217,37037.07,37117.58,36175.56,36223.86,0,0
20131218,36235.94,36300.35,35289.88,35917.9,0,0
20131219,36231.92,36392.95,34899.38,35366.38,0,0
20131220,35342.22,36562.03,35342.22,36562.03,0,0
20131223,36634.49,37004.86,36417.1,36417.1,0,0
20131227,36956.56,36956.56,36038.68,36513.72,0,0
20131230,36513.72,36513.72,36062.84,36147.38,0,0
20140102,36827.73,36940.45,36400.99,36787.47,0,0
20140103,36392.95,36690.85,36155.42,36191.66,0,0
20140107,36272.17,36272.17,35438.83,35507.27,0,0
20140108,35507.27,35829.33,35108.72,35740.77,0,0
20140109,35507.27,35958.16,34863.16,34863.16,0,0
20140110,34863.16,34863.16,34102.29,34299.55,0,0
20140113,34702.12,34702.12,34702.12,34702.12,0,0
20140114,34625.64,34847.05,34508.89,34613.55,0,0
20140115,34822.9,35096.65,34629.65,34742.38,0,0
20140116,34822.9,35571.69,34645.76,35402.61,0,0
20140117,35386.51,35386.51,34476.67,34476.67,0,0
20140120,34476.67,34557.2,34170.72,34315.65,0,0
20140121,34392.13,35177.16,34307.6,34919.51,0,0
20140122,35024.18,35305.98,34782.63,35104.7,0,0
20140123,35064.44,35104.7,34533.04,34621.61,0,0
20140124,34460.57,34480.7,34058,34058,0,0
20140127,33816.46,34347.85,33377.65,34058,0,0
20140128,33663.48,33816.46,33321.28,33462.19,0,0
20140129,33639.32,34013.72,33035.46,33301.15,0,0
20140130,33011.3,33570.88,32818.07,33413.87,0,0
20140131,33413.87,33413.87,33043.5,33212.58,0,0
20140203,33413.87,34078.13,33413.87,34058,0,0
20140204,33735.93,34138.52,33655.42,34062.02,0,0
20140205,33804.37,33937.22,33578.94,33578.94,0,0
20140206,33812.43,35024.18,33808.4,35024.18,0,0
20140207,34975.88,35426.76,34943.67,35426.76,0,0
20140210,35185.22,35491.17,35112.75,35366.38,0,0
20140211,35366.38,35777,35225.47,35402.61,0,0
20140212,35587.79,35990.37,35458.96,35990.37,0,0
20140213,35837.39,35990.37,35515.33,35869.6,0,0
20140214,35950.11,35990.37,35511.3,35716.62,0,0
20140217,35829.33,35865.57,35555.59,35555.59,0,0
20140218,35732.72,35732.72,35273.78,35547.53,0,0
20140219,35507.27,35507.27,34915.48,35297.94,0,0
20140220,34975.88,34975.88,34529.01,34621.61,0,0
20140221,34782.63,35048.34,34641.74,34641.74,0,0
20140224,34641.74,35342.22,34641.74,35342.22,0,0
20140225,35370.4,35370.4,34665.89,34702.12,0,0
20140226,34794.72,34987.95,34376.03,34549.14,0,0
20140227,34621.61,34774.59,34150.59,34456.55,0,0
20140228,34863.16,35503.25,34863.16,35503.25,0,0
20140303,34227.08,34951.72,33997.61,33997.61,0,0
20140304,34472.66,35144.96,33997.61,34508.89,0,0
20140305,34855.1,35028.21,34323.7,34549.14,0,0
20140306,34710.18,34931.6,34653.81,34923.54,0,0
20140307,34923.54,34935.61,34476.67,34500.83,0,0
20140310,34516.94,34754.46,34315.65,34420.32,0,0
20140311,34460.57,35048.34,34416.29,34758.49,0,0
20140312,34412.26,34520.96,33124.02,33844.63,0,0
20140313,33832.56,33832.56,32930.78,32930.78,0,0
20140314,32689.23,33413.87,32657.03,33413.87,0,0
20140317,33172.33,34182.8,33172.33,34182.8,0,0
20140318,34130.46,34420.32,33554.78,33574.91,0,0
20140319,33812.43,33812.43,32930.78,32930.78,0,0
20140320,32866.37,33409.85,32814.04,33301.15,0,0
20140321,33566.85,33566.85,32954.94,32954.94,0,0
20140324,33373.62,33373.62,32878.45,32971.04,0,0
20140325,33011.3,33490.37,33011.3,33309.21,0,0
20140326,33413.87,34118.39,33413.87,33667.5,0,0
20140327,33804.37,34198.9,33735.93,33800.35,0,0
20140328,33896.97,34154.62,33896.97,34138.52,0,0
20140331,34219.03,34581.35,34219.03,34581.35,0,0
20140401,34605.51,34863.16,34533.04,34863.16,0,0
20140402,34903.41,34919.51,34686.02,34702.12,0,0
20140403,34859.13,34907.44,34404.22,34500.83,0,0
20140404,34492.79,34943.67,34420.32,34863.16,0,0
20140407,34508.89,34758.49,34476.67,34621.61,0,0
20140408,34798.74,34822.9,34287.47,34500.83,0,0
20140409,34621.61,34621.61,34307.6,34372.01,0,0
20140410,34597.45,34629.65,34351.88,34484.73,0,0
20140411,34215,34396.16,33989.56,34380.06,0,0
20140414,34219.03,34295.52,33969.44,34178.77,0,0
20140415,34025.79,34186.83,33494.39,33494.39,0,0
20140416,33977.48,33977.48,33385.7,33385.7,0,0
20140417,33776.2,34585.37,33776.2,34585.37,0,0
20140422,34577.33,34983.92,34565.24,34983.92,0,0
20140423,35008.08,35008.08,34476.67,34669.92,0,0
20140424,34669.92,34883.28,34444.47,34460.57,0,0
20140425,34299.55,34573.3,34299.55,34460.57,0,0
20140428,34605.51,34758.49,34359.93,34730.3,0,0
20140429,34782.63,35177.16,34782.63,35177.16,0,0
20140430,35213.4,35213.4,34557.2,34557.2,0,0
20140502,34557.2,34557.2,34122.41,34303.57,0,0
20140505,34315.65,34516.94,34315.65,34460.57,0,0
20140506,34460.57,34879.26,34440.45,34484.73,0,0
20140507,34460.57,34605.51,34283.44,34541.09,0,0
20140508,34810.82,34810.82,34170.72,34460.57,0,0
20140509,34460.57,34553.17,34287.47,34287.47,0,0
20140512,34440.45,34581.35,34227.08,34581.35,0,0
20140513,34621.61,34669.92,34058,34058,0,0
20140514,34529.01,34899.38,34335.78,34887.31,0,0
20140515,34887.31,35100.68,34541.09,34847.05,0,0
20140516,34855.1,35342.22,34549.14,35342.22,0,0
20140519,35322.09,35382.48,35000.02,35104.7,0,0
20140520,35185.22,35310.01,35020.16,35281.84,0,0
20140521,35305.98,35330.14,35112.75,35185.22,0,0
20140522,35338.19,36231.92,35277.81,36070.88,0,0
20140523,36231.92,36268.14,35793.1,35901.8,0,0
20140526,36070.88,36235.94,35950.11,36030.62,0,0
20140527,35929.98,36155.42,35873.62,36151.4,0,0
20140528,36070.88,36248.02,35909.86,35909.86,0,0
20140529,35809.21,36223.86,35571.69,36223.86,0,0
20140530,36070.88,36179.58,35925.96,35942.06,0,0
20140602,36070.88,36231.92,35829.33,36231.92,0,0
20140603,36227.89,36545.93,36002.44,36256.07,0,0
20140604,36111.14,36235.94,35700.51,36215.81,0,0
20140605,36388.92,36392.95,35966.21,36312.43,0,0
20140606,36413.08,37173.95,36380.87,37173.95,0,0
20140609,37020.97,37069.28,36553.97,36553.97,0,0
20140610,36924.34,36924.34,36924.34,36924.34,0,0
20140611,36835.78,36984.73,36457.36,36634.49,0,0
20140612,36392.95,37218.23,36392.95,37218.23,0,0
20140613,37157.84,37157.84,36578.13,36863.96,0,0
20140616,36553.97,36553.97,36099.06,36272.17,0,0
20140617,36328.53,36710.98,36272.17,36441.25,0,0
20140618,36517.75,36674.75,36441.25,36553.97,0,0
20140620,36706.95,36706.95,36203.73,36203.73,0,0
20140623,36231.92,36706.95,36151.4,36203.73,0,0
20140624,36706.95,36775.39,36473.46,36473.46,0,0
20140625,36553.97,36553.97,35748.82,35748.82,0,0
20140626,36175.56,36175.56,35072.49,35072.49,0,0
20140627,35112.75,35861.54,35112.75,35829.33,0,0
20140630,35668.31,35756.88,35378.45,35728.69,0,0
20140701,35410.66,35535.46,35185.22,35185.22,0,0
20140702,35257.68,35426.76,35024.18,35024.18,0,0
20140703,35104.7,35378.45,34967.82,35016.14,0,0
20140704,35024.18,35088.59,34665.89,34665.89,0,0
20140707,34782.63,34826.92,34581.35,34581.35,0,0
20140708,34778.62,34778.62,34524.99,34533.04,0,0
20140709,34533.04,34686.02,34533.04,34661.87,0,0
20140710,34661.87,34722.25,34174.74,34702.12,0,0
20140711,34698.09,34806.79,34549.14,34718.22,0,0
20140714,34830.94,34911.46,34653.81,34653.81,0,0
20140715,34822.9,35217.42,34742.38,35144.96,0,0
20140716,35185.22,35571.69,35161.06,35358.32,0,0
20140717,35426.76,35491.17,35064.44,35418.71,0,0
20140718,35112.75,35410.66,35112.75,35225.47,0,0
20140721,35410.66,35410.66,34911.46,35225.47,0,0
20140722,35193.27,35829.33,35165.09,35829.33,0,0
20140723,35829.33,35829.33,35551.56,35813.23,0,0
20140724,35789.08,36264.12,35744.79,36264.12,0,0
20140725,36038.68,36384.89,36038.68,36384.89,0,0
20140728,36384.89,36541.9,36231.92,36433.21,0,0
20140729,36316.45,36465.41,36119.19,36272.17,0,0
20140730,36070.88,36256.07,35426.76,35426.76,0,0
20140731,35668.31,35982.31,35394.55,35426.76,0,0
20140801,35426.76,35732.72,35193.27,35587.79,0,0
20140804,35748.82,36131.27,35748.82,35990.37,0,0
20140805,36107.12,36191.66,35938.03,36103.09,0,0
20140806,36054.78,36223.86,35990.37,36103.09,0,0
20140807,36135.29,36147.38,35716.62,35942.06,0,0
20140808,35756.88,35893.75,35664.28,35708.57,0,0
20140811,35974.27,36400.99,35929.98,36400.99,0,0
20140812,36199.7,36715.01,36199.7,36715.01,0,0
20140813,36876.03,37234.33,36835.78,37117.58,0,0
20140814,37117.58,37359.13,37037.07,37359.13,0,0
20140818,37343.03,38228.69,37286.67,38083.77,0,0
20140819,38083.77,38083.77,37681.19,37761.71,0,0
20140820,37681.19,38083.77,37681.19,37842.22,0,0
20140821,37773.78,38124.02,37773.78,38043.51,0,0
20140822,38043.51,38071.7,37882.48,37882.48,0,0
20140825,38083.77,38095.84,37971.04,37971.04,0,0
20140826,37963,38164.28,37926.76,38083.77,0,0
20140827,38244.8,38478.29,38019.36,38216.62,0,0
20140828,38043.51,38381.67,37508.08,37987.15,0,0
20140829,37846.25,37987.15,37685.21,37761.71,0,0
20140901,37870.4,38381.67,37870.4,38164.28,0,0
20140902,38321.29,38643.35,38321.29,38643.35,0,0
20140903,38486.35,39730.3,38486.35,39730.3,0,0
20140904,39710.17,40169.11,39388.12,39911.47,0,0
20140905,39935.62,39963.8,39621.61,39694.07,0,0
20140908,39694.07,40338.2,39694.07,40177.17,0,0
20140909,40177.17,40640.13,40096.66,40338.2,0,0
20140910,40136.91,40620.01,40136.91,40620.01,0,0
20140911,40503.25,40700.52,40261.71,40410.66,0,0
20140912,40652.21,40797.14,40499.23,40499.23,0,0
20140915,40706.47,40844.64,40313.57,40844.64,0,0
20140916,40844.64,40844.64,40430.15,40503.55,0,0
20140917,40792.83,40792.83,40520.82,40641.71,0,0
20140918,40499.23,40542.4,39739.33,39739.33,0,0
20140919,39817.05,41099.38,39817.05,41099.38,0,0
20140922,40853.27,41388.66,40853.27,41103.69,0,0
20140923,41103.69,41440.47,40671.93,40671.93,0,0
20140924,40775.56,41198.68,40775.56,40810.1,0,0
20140925,41017.34,42269.45,41017.34,41794.51,0,0
20140926,41794.51,42040.62,41457.74,41854.96,0,0
20140929,41880.87,42390.34,41077.79,41276.4,0,0
20140930,41621.81,41872.23,41297.99,41578.63,0,0
20141001,41621.81,41712.48,40197,40197,0,0
20141002,40240.17,40546.72,39804.09,39804.09,0,0
20141003,40171.09,40715.11,40171.09,40589.9,0,0
20141006,40930.99,41414.56,40792.83,40792.83,0,0
20141007,40844.64,41129.6,40326.52,40736.7,0,0
20141008,40499.23,40926.67,40412.88,40412.88,0,0
20141009,40758.29,41069.15,40728.06,40887.81,0,0
20141010,40585.58,41211.64,40585.58,41025.98,0,0
20141013,40792.83,41673.62,40792.83,41310.94,0,0
20141014,41280.72,41552.73,41060.52,41086.42,0,0
20141015,41319.58,41682.26,40956.9,40956.9,0,0
20141016,41207.32,41380.02,40434.46,40594.22,0,0
20141017,40671.93,41302.31,40671.93,40887.81,0,0
20141020,40974.17,41414.56,40926.67,41190.05,0,0
20141021,40879.18,41954.26,40879.18,41954.26,0,0
20141022,42044.93,42571.68,41915.41,42571.68,0,0
20141023,42312.63,42649.4,42312.63,42636.45,0,0
20141024,42632.13,42705.53,41945.63,41945.63,0,0
20141027,42312.63,42623.5,42101.06,42623.5,0,0
20141028,42632.13,43392.03,42632.13,43392.03,0,0
20141029,43392.03,43547.46,43089.8,43348.85,0,0
20141030,43171.83,43297.04,42955.95,43115.7,0,0
20141031,43392.03,43607.91,43236.6,43607.91,0,0
20141103,43676.99,43983.54,43664.04,43953.32,0,0
20141104,43694.26,44350.54,43694.26,44126.03,0,0
20141105,44039.67,44117.39,42139.92,42139.92,0,0
20141106,42398.98,42398.98,41725.43,42303.99,0,0
20141107,42312.63,42571.68,42096.75,42226.27,0,0
20141110,42420.57,42463.74,42088.11,42403.3,0,0
20141112,42563.05,42653.72,41928.36,42031.98,0,0
20141113,41708.16,41708.16,40412.88,40844.64,0,0
20141114,40844.64,41000.07,40283.35,41000.07,0,0
20141117,40926.67,41397.29,40788.51,41190.05,0,0
20141118,41362.75,41401.61,40844.64,41146.87,0,0
20141119,41198.68,41198.68,40879.18,41185.73,0,0
20141120,41017.34,41362.75,41017.34,41362.75,0,0
20141121,41449.1,41703.84,41263.45,41263.45,0,0
20141124,41302.31,41561.36,40805.78,40810.1,0,0
20141125,40870.54,41388.66,40870.54,40870.54,0,0
20141126,41272.08,41397.29,41129.6,41323.89,0,0
20141127,41323.89,41578.63,41211.64,41431.83,0,0
20141128,41656.35,41656.35,41250.49,41449.1,0,0
20141201,41207.32,41405.93,41043.25,41064.84,0,0
20141202,40930.99,41565.68,40930.99,41565.68,0,0
20141203,41535.46,41535.46,41233.22,41362.75,0,0
20141204,41371.39,41392.98,40611.49,40611.49,0,0
20141205,40797.14,41362.75,40797.14,41362.75,0,0
20141208,41362.75,41440.47,41116.65,41392.98,0,0
20141209,41194.36,41362.75,41194.36,41233.22,0,0
20141210,41250.49,41405.93,40887.81,40887.81,0,0
20141211,41034.61,41375.7,41034.61,41103.69,0,0
20141212,41151.19,41492.28,41138.24,41138.24,0,0
20141215,41181.41,41358.43,40896.45,40930.99,0,0
20141216,41086.42,41306.62,40464.69,40585.58,0,0
20141217,40589.9,40758.29,40153.82,40171.09,0,0
20141218,40456.05,40995.75,40456.05,40995.75,0,0
20141219,41013.02,41086.42,40680.57,41086.42,0,0
20141222,41086.42,41587.27,41086.42,41587.27,0,0
20141223,41146.87,41850.64,41146.87,41621.81,0,0
20141229,41794.51,41945.63,41768.61,41867.91,0,0
20141230,41880.87,41967.22,41483.64,41967.22,0,0
