Date,Open,High,Low,Close,Volume,OpenInt
20071220,1.3892,1.3892,1.3892,1.3892,0,0
20071221,1.4364,1.4364,1.3892,1.4127,0,0
20071227,1.4127,1.4127,1.3971,1.4049,0,0
20071228,1.4049,1.4127,1.3892,1.4127,0,0
20080102,1.4207,1.4207,1.3892,1.3892,0,0
20080103,1.3814,1.3892,1.3657,1.3814,0,0
20080104,1.3892,1.3892,1.35,1.3657,0,0
20080107,1.35,1.3657,1.35,1.3579,0,0
20080108,1.3657,1.3657,1.3264,1.3264,0,0
20080109,1.3186,1.3657,1.2872,1.3579,0,0
20080110,1.3736,1.3971,1.3344,1.3344,0,0
20080111,1.3736,1.4127,1.3736,1.4127,0,0
20080114,1.4207,1.4207,1.4207,1.4207,0,0
20080115,1.452,1.452,1.3814,1.3892,0,0
20080116,1.2872,1.4127,1.2872,1.4049,0,0
20080117,1.3971,1.4049,1.3736,1.3892,0,0
20080118,1.3736,1.3736,1.3579,1.3579,0,0
20080121,1.3657,1.3657,1.2479,1.2872,0,0
20080122,1.2323,1.2637,1.2008,1.2402,0,0
20080123,1.2402,1.2402,1.1696,1.2088,0,0
20080124,1.2559,1.2951,1.2559,1.2951,0,0
20080125,1.2559,1.2872,1.2559,1.2715,0,0
20080128,1.2323,1.2559,1.2323,1.2479,0,0
20080129,1.2795,1.2795,1.2244,1.2244,0,0
20080130,1.2323,1.2323,1.2323,1.2323,0,0
20080131,1.2402,1.2402,1.2088,1.2088,0,0
20080201,1.2166,1.2479,1.2166,1.2479,0,0
20080204,1.2715,1.2795,1.2715,1.2795,0,0
20080205,1.2795,1.2795,1.2402,1.2402,0,0
20080206,1.2244,1.2323,1.193,1.2323,0,0
20080207,1.2479,1.2479,1.1852,1.1852,0,0
20080208,1.1852,1.1852,1.138,1.146,0,0
20080211,1.1223,1.146,1.1223,1.1303,0,0
20080212,1.1616,1.1772,1.1616,1.1772,0,0
20080213,1.2008,1.2479,1.2008,1.2479,0,0
20080214,1.2479,1.2637,1.2244,1.2323,0,0
20080215,1.2323,1.2323,1.2008,1.2008,0,0
20080218,1.2088,1.2088,1.2008,1.2088,0,0
20080219,1.2008,1.2402,1.2008,1.2244,0,0
20080220,1.2244,1.2244,1.2244,1.2244,0,0
20080221,1.2402,1.2402,1.2244,1.2244,0,0
20080222,1.2244,1.2244,1.2166,1.2166,0,0
20080225,1.2323,1.2323,1.1538,1.1538,0,0
20080226,1.1852,1.1852,1.1852,1.1852,0,0
20080227,1.146,1.193,1.146,1.193,0,0
20080228,1.2008,1.2008,1.2008,1.2008,0,0
20080303,1.1772,1.1772,1.1303,1.1303,0,0
20080304,1.138,1.138,1.091,1.091,0,0
20080306,1.1223,1.1303,1.1146,1.1146,0,0
20080307,1.1146,1.1146,1.091,1.091,0,0
20080310,1.0753,1.091,1.0753,1.091,0,0
20080311,1.0832,1.1303,1.0832,1.1223,0,0
20080312,1.1303,1.146,1.1223,1.1303,0,0
20080313,1.1146,1.1303,1.0282,1.0753,0,0
20080314,1.0597,1.0674,1.0361,1.0439,0,0
20080317,1.0282,1.0282,0.9967,1.0203,0,0
20080319,0.7456,0.7456,0.7456,0.7456,0,0
20080320,0.7379,0.7379,0.6985,0.6985,0,0
20080325,0.7298,0.7379,0.7221,0.7221,0,0
20080326,0.7456,0.7456,0.6985,0.6985,0,0
20080327,0.7143,0.7221,0.6985,0.7221,0,0
20080331,0.7143,0.7143,0.7143,0.7143,0,0
20080401,0.7379,0.7535,0.7379,0.7535,0,0
20080402,0.7614,0.7849,0.7614,0.7849,0,0
20080403,0.7771,0.7771,0.7771,0.7771,0,0
20080404,0.7927,0.8006,0.7927,0.7927,0,0
20080407,0.8006,0.8321,0.7927,0.8321,0,0
20080408,0.8321,0.8321,0.8085,0.8163,0,0
20080409,0.8085,0.8085,0.7927,0.8006,0,0
20080410,0.8006,0.8006,0.7927,0.8006,0,0
20080411,0.8085,0.8085,0.7771,0.7849,0,0
20080414,0.7849,0.8006,0.7535,0.7535,0,0
20080415,0.7535,0.7535,0.7456,0.7456,0,0
20080416,0.7456,0.7456,0.7456,0.7456,0,0
20080417,0.7535,0.7535,0.7535,0.7535,0,0
20080418,0.7614,0.7849,0.7614,0.7771,0,0
20080421,0.7771,0.7927,0.7771,0.7927,0,0
20080422,0.7927,0.7927,0.7614,0.7771,0,0
20080423,0.7535,0.7535,0.7535,0.7535,0,0
20080424,0.7691,0.7691,0.7691,0.7691,0,0
20080425,0.7614,0.8163,0.7614,0.8163,0,0
20080428,0.7927,0.8241,0.7927,0.8241,0,0
20080429,0.8085,0.8085,0.8085,0.8085,0,0
20080430,0.8085,0.8085,0.8006,0.8006,0,0
20080505,0.8241,0.8241,0.8241,0.8241,0,0
20080506,0.8163,0.8163,0.8163,0.8163,0,0
20080507,0.8321,0.8321,0.8006,0.8085,0,0
20080508,0.8085,0.8085,0.7927,0.7927,0,0
20080509,0.7849,0.7849,0.7535,0.7614,0,0
20080512,0.8163,0.8163,0.7614,0.7614,0,0
20080513,0.7614,0.7614,0.7614,0.7614,0,0
20080514,0.7771,0.7771,0.7771,0.7771,0,0
20080515,0.7614,0.7849,0.7614,0.7771,0,0
20080516,0.7691,0.7691,0.7691,0.7691,0,0
20080519,0.8085,0.8085,0.7691,0.7771,0,0
20080520,0.7691,0.7691,0.7614,0.7691,0,0
20080521,0.7691,0.7691,0.7535,0.7535,0,0
20080523,0.7614,0.7771,0.7535,0.7614,0,0
20080526,0.7691,0.7691,0.6985,0.7456,0,0
20080527,0.7614,0.7614,0.7379,0.7614,0,0
20080528,0.7614,0.7614,0.7614,0.7614,0,0
20080529,0.7691,0.7691,0.7535,0.7535,0,0
20080530,0.7535,0.7535,0.7535,0.7535,0,0
20080603,0.7691,0.7691,0.7535,0.7535,0,0
20080604,0.7456,0.7456,0.7379,0.7379,0,0
20080605,0.7456,0.7456,0.7456,0.7456,0,0
20080606,0.7456,0.7456,0.7298,0.7379,0,0
20080609,0.7143,0.7379,0.7143,0.7143,0,0
20080610,0.6985,0.7143,0.6985,0.7064,0,0
20080611,0.7064,0.7064,0.6985,0.6985,0,0
20080612,0.6907,0.7143,0.6907,0.6907,0,0
20080613,0.6907,0.7064,0.6907,0.7064,0,0
20080616,0.7143,0.7143,0.6907,0.6907,0,0
20080617,0.6985,0.6985,0.6907,0.6985,0,0
20080618,0.7064,0.7143,0.7064,0.7064,0,0
20080619,0.6985,0.6985,0.6907,0.6985,0,0
20080620,0.7064,0.7064,0.6907,0.6907,0,0
20080623,0.6829,0.6907,0.6829,0.6907,0,0
20080624,0.7221,0.7221,0.6907,0.6907,0,0
20080625,0.6907,0.6985,0.6907,0.6985,0,0
20080626,0.6829,0.6829,0.6829,0.6829,0,0
20080627,0.6749,0.6749,0.6672,0.6749,0,0
20080630,0.6515,0.6593,0.6515,0.6515,0,0
20080701,0.6515,0.6515,0.6358,0.6358,0,0
20080702,0.6436,0.6436,0.6436,0.6436,0,0
20080703,0.6436,0.6436,0.6436,0.6436,0,0
20080704,0.6358,0.6358,0.6358,0.6358,0,0
20080707,0.6358,0.6358,0.62,0.62,0,0
20080708,0.5887,0.5966,0.5887,0.5966,0,0
20080709,0.6123,0.6123,0.6123,0.6123,0,0
20080710,0.62,0.62,0.6123,0.62,0,0
20080711,0.6279,0.6279,0.6043,0.6043,0,0
20080714,0.6123,0.6123,0.5966,0.5966,0,0
20080715,0.5966,0.5966,0.573,0.573,0,0
20080716,0.573,0.573,0.565,0.573,0,0
20080717,0.5809,0.6123,0.5809,0.6123,0,0
20080718,0.6123,0.6123,0.6123,0.6123,0,0
20080721,0.6279,0.6358,0.6279,0.6358,0,0
20080722,0.6279,0.6279,0.6279,0.6279,0,0
20080723,0.6436,0.6672,0.6279,0.6515,0,0
20080724,0.6907,0.6907,0.6593,0.6672,0,0
20080725,0.6672,0.6672,0.6436,0.6436,0,0
20080728,0.6436,0.6436,0.6436,0.6436,0,0
20080729,0.62,0.62,0.6043,0.6123,0,0
20080730,0.6436,0.6436,0.6279,0.6358,0,0
20080731,0.6279,0.6358,0.6279,0.6358,0,0
20080801,0.6279,0.6279,0.6279,0.6279,0,0
20080804,0.6672,0.6672,0.6123,0.6123,0,0
20080805,0.5887,0.6279,0.5887,0.6279,0,0
20080806,0.6515,0.6593,0.6515,0.6515,0,0
20080807,0.6593,0.6672,0.6515,0.6515,0,0
20080808,0.6515,0.6515,0.6515,0.6515,0,0
20080811,0.6672,0.6749,0.6593,0.6593,0,0
20080812,0.6593,0.6593,0.6593,0.6593,0,0
20080813,0.6436,0.6436,0.6358,0.6358,0,0
20080814,0.6436,0.6436,0.6358,0.6358,0,0
20080818,0.6358,0.7064,0.6358,0.7064,0,0
20080819,0.6829,0.6829,0.6829,0.6829,0,0
20080820,0.6829,0.6829,0.6593,0.6672,0,0
20080821,0.6749,0.6749,0.6672,0.6672,0,0
20080822,0.6436,0.6749,0.6436,0.6749,0,0
20080825,0.6672,0.6672,0.6672,0.6672,0,0
20080826,0.6515,0.6593,0.6515,0.6593,0,0
20080827,0.6593,0.6593,0.6593,0.6593,0,0
20080828,0.6829,0.6907,0.6829,0.6907,0,0
20080829,0.7064,0.7064,0.6907,0.6907,0,0
20080901,0.6907,0.6907,0.6829,0.6907,0,0
20080902,0.6907,0.7143,0.6907,0.7143,0,0
20080904,0.7143,0.7221,0.7143,0.7221,0,0
20080905,0.7143,0.7143,0.6907,0.7064,0,0
20080908,0.7221,0.7614,0.7221,0.7535,0,0
20080909,0.7614,0.7614,0.7535,0.7535,0,0
20080910,0.7456,0.7456,0.7379,0.7379,0,0
20080911,0.7143,0.7143,0.6985,0.6985,0,0
20080912,0.7064,0.7064,0.6985,0.6985,0,0
20080915,0.6749,0.6749,0.6593,0.6593,0,0
20080916,0.6749,0.6829,0.6593,0.6593,0,0
20080917,0.6672,0.6672,0.62,0.6358,0,0
20080918,0.6358,0.6358,0.5809,0.6123,0,0
20080919,0.6123,0.6749,0.6123,0.6515,0,0
20080922,0.6749,0.6907,0.6749,0.6749,0,0
20080923,0.6358,0.6436,0.62,0.6358,0,0
20080924,0.6279,0.6358,0.62,0.62,0,0
20080925,0.62,0.6279,0.62,0.6279,0,0
20080926,0.6358,0.6358,0.6123,0.6279,0,0
20080929,0.6279,0.6279,0.573,0.573,0,0
20080930,0.573,0.573,0.5259,0.5494,0,0
20081001,0.5494,0.5494,0.5102,0.5494,0,0
20081002,0.573,0.5887,0.5494,0.565,0,0
20081003,0.573,0.573,0.5494,0.5494,0,0
20081006,0.5494,0.573,0.5102,0.565,0,0
20081007,0.565,0.565,0.518,0.5573,0,0
20081008,0.5023,0.5573,0.49443,0.518,0,0
20081009,0.5023,0.5023,0.49443,0.5023,0,0
20081010,0.47094,0.4787,0.46307,0.4787,0,0
20081013,0.4787,0.4787,0.4787,0.4787,0,0
20081014,0.5338,0.5494,0.5259,0.5259,0,0
20081015,0.5259,0.5259,0.5102,0.5102,0,0
20081016,0.47094,0.518,0.47094,0.48677,0,0
20081017,0.48677,0.48677,0.44744,0.45521,0,0
20081020,0.4787,0.4787,0.46307,0.46307,0,0
20081021,0.47094,0.47094,0.44744,0.47094,0,0
20081022,0.45521,0.45521,0.44744,0.44744,0,0
20081023,0.43948,0.44744,0.40025,0.40025,0,0
20081024,0.40025,0.40025,0.39248,0.40025,0,0
20081027,0.35315,0.36888,0.35315,0.36888,0,0
20081028,0.34539,0.34539,0.33752,0.33752,0,0
20081029,0.36112,0.36112,0.33752,0.33752,0,0
20081030,0.36112,0.36888,0.34539,0.36888,0,0
20081031,0.36888,0.37675,0.36112,0.36112,0,0
20081103,0.36112,0.38461,0.36112,0.36888,0,0
20081104,0.37675,0.40025,0.37675,0.40025,0,0
20081105,0.40025,0.44744,0.40025,0.43948,0,0
20081106,0.38461,0.43948,0.38461,0.42384,0,0
20081107,0.42384,0.42384,0.40025,0.40811,0,0
20081110,0.43948,0.43948,0.43948,0.43948,0,0
20081112,0.43171,0.43171,0.40025,0.40025,0,0
20081113,0.34539,0.40811,0.34539,0.40811,0,0
20081114,0.41598,0.41598,0.41598,0.41598,0,0
20081117,0.39248,0.39248,0.39248,0.39248,0,0
20081118,0.37675,0.37675,0.37675,0.37675,0,0
20081120,0.35315,0.35315,0.35315,0.35315,0,0
20081121,0.35315,0.37675,0.35315,0.36112,0,0
20081124,0.36112,0.36888,0.36112,0.36888,0,0
20081125,0.38461,0.39248,0.36888,0.39248,0,0
20081126,0.36888,0.37675,0.36112,0.36888,0,0
20081127,0.36112,0.37675,0.36112,0.36888,0,0
20081128,0.36888,0.37675,0.36888,0.36888,0,0
20081201,0.37675,0.37675,0.36888,0.36888,0,0
20081202,0.35315,0.36888,0.35315,0.36112,0,0
20081203,0.39248,0.39248,0.36112,0.36112,0,0
20081204,0.36888,0.36888,0.36112,0.36112,0,0
20081205,0.35315,0.35315,0.33752,0.33752,0,0
20081208,0.34539,0.35315,0.34539,0.35315,0,0
20081209,0.36112,0.36112,0.36112,0.36112,0,0
20081210,0.36112,0.37675,0.36112,0.37675,0,0
20081211,0.37675,0.37675,0.36112,0.36112,0,0
20081212,0.34539,0.34539,0.33752,0.34539,0,0
20081215,0.34539,0.34539,0.33752,0.33752,0,0
20081216,0.34539,0.34539,0.34539,0.34539,0,0
20081217,0.34539,0.36888,0.34539,0.35315,0,0
20081218,0.36112,0.36112,0.35315,0.35315,0,0
20081219,0.35315,0.36112,0.34539,0.36112,0,0
20081222,0.36888,0.38461,0.36888,0.37675,0,0
20081223,0.38461,0.38461,0.37675,0.38461,0,0
20081229,0.38461,0.39248,0.38461,0.39248,0,0
20081230,0.39248,0.40025,0.38461,0.40025,0,0
20081231,0.40025,0.40025,0.40025,0.40025,0,0
20090105,0.40025,0.42384,0.40025,0.42384,0,0
20090106,0.44744,0.45521,0.42384,0.45521,0,0
20090107,0.45521,0.45521,0.43171,0.43171,0,0
20090108,0.42384,0.43171,0.41598,0.41598,0,0
20090109,0.41598,0.41598,0.40025,0.41598,0,0
20090112,0.40811,0.41598,0.40811,0.40811,0,0
20090113,0.41598,0.41598,0.40025,0.40025,0,0
20090114,0.40025,0.40025,0.37675,0.37675,0,0
20090115,0.37675,0.38461,0.36888,0.36888,0,0
20090116,0.36888,0.36888,0.36888,0.36888,0,0
20090119,0.37675,0.37675,0.35315,0.35315,0,0
20090120,0.34539,0.34539,0.33752,0.33752,0,0
20090121,0.33752,0.33752,0.32966,0.32966,0,0
20090122,0.33752,0.33752,0.30606,0.30606,0,0
20090123,0.30606,0.30606,0.29819,0.30606,0,0
20090126,0.30606,0.30606,0.29819,0.29819,0,0
20090127,0.31393,0.31393,0.29819,0.30606,0,0
20090128,0.32966,0.32966,0.30606,0.32966,0,0
20090129,0.33752,0.34539,0.32189,0.32189,0,0
20090130,0.32966,0.35315,0.32966,0.35315,0,0
20090202,0.35315,0.35315,0.32189,0.32189,0,0
20090203,0.29819,0.32966,0.29819,0.32189,0,0
20090204,0.33752,0.33752,0.32189,0.33752,0,0
20090205,0.33752,0.34539,0.33752,0.33752,0,0
20090206,0.35315,0.35315,0.32966,0.33752,0,0
20090209,0.34539,0.36112,0.34539,0.34539,0,0
20090210,0.36888,0.36888,0.35315,0.36112,0,0
20090211,0.36112,0.36112,0.36112,0.36112,0,0
20090212,0.36888,0.36888,0.34539,0.34539,0,0
20090213,0.35315,0.35315,0.33752,0.33752,0,0
20090216,0.30606,0.33752,0.30606,0.32966,0,0
20090217,0.30606,0.31393,0.30606,0.30606,0,0
20090218,0.31393,0.31393,0.2747,0.28256,0,0
20090219,0.26693,0.2747,0.25906,0.26693,0,0
20090220,0.26693,0.26693,0.24333,0.24333,0,0
20090223,0.2511,0.25906,0.24333,0.24333,0,0
20090224,0.24333,0.24333,0.24333,0.24333,0,0
20090225,0.2511,0.2511,0.24333,0.2511,0,0
20090226,0.2511,0.2511,0.2511,0.2511,0,0
20090227,0.23547,0.2511,0.23547,0.24333,0,0
20090302,0.2511,0.2511,0.2511,0.2511,0,0
20090303,0.24333,0.24333,0.23547,0.24333,0,0
20090304,0.2511,0.2511,0.23547,0.23547,0,0
20090305,0.23547,0.23547,0.21984,0.21984,0,0
20090306,0.21197,0.21197,0.19624,0.19624,0,0
20090309,0.19624,0.19624,0.18051,0.19624,0,0
20090310,0.20411,0.21984,0.20411,0.20411,0,0
20090311,0.21984,0.2276,0.21984,0.21984,0,0
20090312,0.21984,0.21984,0.21197,0.21984,0,0
20090313,0.2276,0.24333,0.2276,0.2276,0,0
20090316,0.23547,0.23547,0.23547,0.23547,0,0
20090317,0.23547,0.24333,0.23547,0.24333,0,0
20090318,0.24333,0.28256,0.24333,0.28256,0,0
20090319,0.29819,0.32189,0.29819,0.30606,0,0
20090320,0.33752,0.33752,0.30606,0.31393,0,0
20090323,0.31393,0.35315,0.31393,0.35315,0,0
20090324,0.36112,0.36112,0.33752,0.34539,0,0
20090325,0.34539,0.34539,0.33752,0.34539,0,0
20090326,0.33752,0.33752,0.32966,0.33752,0,0
20090327,0.32966,0.33752,0.32966,0.32966,0,0
20090330,0.32189,0.32189,0.30606,0.30606,0,0
20090331,0.29819,0.31393,0.29819,0.31393,0,0
20090401,0.30606,0.32189,0.30606,0.32189,0,0
20090402,0.32966,0.33752,0.32189,0.33752,0,0
20090403,0.34539,0.36112,0.34539,0.35315,0,0
20090406,0.36888,0.38461,0.35315,0.36112,0,0
20090407,0.36888,0.38461,0.36112,0.36112,0,0
20090408,0.36112,0.39248,0.36112,0.38461,0,0
20090409,0.39248,0.40025,0.38461,0.40025,0,0
20090414,0.40811,0.42384,0.40025,0.41598,0,0
20090415,0.43948,0.43948,0.40811,0.40811,0,0
20090416,0.41598,0.43948,0.40811,0.42384,0,0
20090417,0.41598,0.43948,0.41598,0.42384,0,0
20090420,0.44744,0.44744,0.41598,0.43171,0,0
20090421,0.38461,0.43171,0.38461,0.40025,0,0
20090422,0.42384,0.42384,0.41598,0.41598,0,0
20090423,0.41598,0.44744,0.41598,0.44744,0,0
20090424,0.44744,0.45521,0.43948,0.44744,0,0
20090427,0.44744,0.44744,0.44744,0.44744,0,0
20090428,0.44744,0.45521,0.44744,0.44744,0,0
20090429,0.44547,0.44547,0.44547,0.44547,0,0
20090430,0.45471,0.45471,0.45471,0.45471,0,0
20090504,0.44744,0.46307,0.44744,0.46307,0,0
20090505,0.46307,0.46307,0.45521,0.45521,0,0
20090506,0.47094,0.48677,0.47094,0.48677,0,0
20090507,0.5384,0.5384,0.48254,0.48254,0,0
20090508,0.5102,0.518,0.5023,0.518,0,0
20090511,0.5291,0.5384,0.5198,0.5198,0,0
20090512,0.49188,0.5291,0.49188,0.5106,0,0
20090513,0.5384,0.5384,0.48254,0.48254,0,0
20090514,0.46405,0.48254,0.45471,0.46405,0,0
20090515,0.46405,0.4733,0.46405,0.4733,0,0
20090518,0.49188,0.5198,0.4733,0.5198,0,0
20090519,0.5477,0.5477,0.5291,0.5291,0,0
20090520,0.5291,0.5291,0.5291,0.5291,0,0
20090521,0.5291,0.5291,0.5198,0.5198,0,0
20090522,0.5198,0.5384,0.5106,0.5384,0,0
20090525,0.5106,0.5384,0.5012,0.5106,0,0
20090526,0.5106,0.5198,0.5106,0.5198,0,0
20090527,0.5291,0.5384,0.5198,0.5384,0,0
20090528,0.5384,0.5384,0.5291,0.5384,0,0
20090529,0.5477,0.622,0.5291,0.622,0,0
20090601,0.622,0.6405,0.622,0.6405,0,0
20090602,0.6312,0.6498,0.6312,0.6498,0,0
20090603,0.6498,0.6684,0.6498,0.6684,0,0
20090604,0.659,0.6868,0.6498,0.6868,0,0
20090605,0.6868,0.6868,0.6868,0.6868,0,0
20090608,0.6868,0.6868,0.6684,0.6776,0,0
20090609,0.6868,0.6868,0.6868,0.6868,0,0
20090610,0.6868,0.6868,0.6684,0.6868,0,0
20090612,0.6868,0.6868,0.6776,0.6868,0,0
20090615,0.6962,0.6962,0.6776,0.6776,0,0
20090616,0.6405,0.659,0.6405,0.6405,0,0
20090617,0.6405,0.6405,0.622,0.622,0,0
20090618,0.622,0.6312,0.5848,0.6312,0,0
20090619,0.622,0.6312,0.6127,0.6312,0,0
20090622,0.622,0.622,0.6127,0.6127,0,0
20090623,0.557,0.622,0.557,0.622,0,0
20090624,0.622,0.6312,0.6127,0.6312,0,0
20090625,0.6312,0.6312,0.6312,0.6312,0,0
20090626,0.6312,0.6312,0.6312,0.6312,0,0
20090629,0.6034,0.622,0.6034,0.622,0,0
20090701,0.6127,0.622,0.6034,0.622,0,0
20090702,0.6127,0.6127,0.594,0.6034,0,0
20090703,0.6034,0.6034,0.5848,0.5848,0,0
20090706,0.5755,0.594,0.5662,0.5848,0,0
20090707,0.5755,0.594,0.5755,0.594,0,0
20090708,0.5848,0.5848,0.5755,0.5755,0,0
20090709,0.5755,0.5755,0.5662,0.5662,0,0
20090710,0.5477,0.5755,0.5477,0.5755,0,0
20090713,0.5477,0.5755,0.5477,0.5755,0,0
20090714,0.5848,0.5848,0.5848,0.5848,0,0
20090715,0.5848,0.5848,0.5848,0.5848,0,0
20090716,0.594,0.6127,0.5848,0.6127,0,0
20090717,0.6034,0.6034,0.6034,0.6034,0,0
20090720,0.6034,0.622,0.6034,0.622,0,0
20090721,0.622,0.6405,0.622,0.622,0,0
20090722,0.622,0.6312,0.6127,0.6312,0,0
20090723,0.6312,0.6312,0.622,0.622,0,0
20090724,0.6312,0.6312,0.6312,0.6312,0,0
20090727,0.6312,0.6405,0.6312,0.6312,0,0
20090728,0.6405,0.6405,0.6312,0.6312,0,0
20090729,0.6312,0.6405,0.622,0.6405,0,0
20090730,0.6405,0.6498,0.6405,0.6498,0,0
20090731,0.6498,0.6684,0.6405,0.6405,0,0
20090803,0.6405,0.6684,0.6405,0.659,0,0
20090804,0.6684,0.6776,0.659,0.6776,0,0
20090805,0.6962,0.7426,0.6962,0.7241,0,0
20090806,0.7518,0.7518,0.7333,0.7333,0,0
20090807,0.7333,0.7612,0.7241,0.7612,0,0
20090810,0.789,0.8168,0.7612,0.7612,0,0
20090811,0.7612,0.7797,0.7426,0.7426,0,0
20090812,0.7241,0.7704,0.7241,0.7704,0,0
20090813,0.789,0.789,0.7518,0.7704,0,0
20090814,0.7704,0.789,0.7704,0.7797,0,0
20090817,0.8354,0.8354,0.7426,0.7426,0,0
20090818,0.7518,0.7612,0.7426,0.7518,0,0
20090819,0.7518,0.7612,0.7241,0.7612,0,0
20090820,0.7612,0.7704,0.7612,0.7704,0,0
20090821,0.789,0.789,0.7518,0.7612,0,0
20090824,0.7704,0.8262,0.7704,0.8262,0,0
20090825,0.8262,0.8262,0.789,0.789,0,0
20090826,0.789,0.8168,0.789,0.7982,0,0
20090827,0.7612,0.8168,0.7612,0.8168,0,0
20090828,0.7797,0.8262,0.7797,0.8168,0,0
20090831,0.8168,0.8168,0.789,0.789,0,0
20090901,0.7982,0.7982,0.789,0.789,0,0
20090902,0.7704,0.789,0.7704,0.7704,0,0
20090903,0.7704,0.7982,0.7612,0.7982,0,0
20090904,0.789,0.7982,0.594,0.594,0,0
20090907,0.594,0.622,0.594,0.6127,0,0
20090908,0.6127,0.6127,0.6127,0.6127,0,0
20090909,0.594,0.6034,0.594,0.6034,0,0
20090910,0.6034,0.6127,0.6034,0.6127,0,0
20090911,0.622,0.6312,0.6127,0.6312,0,0
20090914,0.622,0.622,0.6127,0.6127,0,0
20090915,0.622,0.622,0.6127,0.622,0,0
20090916,0.622,0.622,0.6127,0.622,0,0
20090917,0.6312,0.6312,0.622,0.622,0,0
20090918,0.6405,0.6498,0.6405,0.6498,0,0
20090921,0.6405,0.6498,0.6127,0.6127,0,0
20090922,0.6312,0.6312,0.6034,0.6034,0,0
20090923,0.6034,0.622,0.6034,0.622,0,0
20090924,0.6405,0.6405,0.6034,0.6127,0,0
20090925,0.622,0.6405,0.622,0.6405,0,0
20090928,0.6405,0.6498,0.622,0.6498,0,0
20090929,0.6498,0.6684,0.6498,0.659,0,0
20090930,0.659,0.6776,0.659,0.659,0,0
20091001,0.6684,0.6684,0.6405,0.659,0,0
20091002,0.659,0.659,0.6127,0.622,0,0
20091005,0.5755,0.622,0.5755,0.6127,0,0
20091006,0.622,0.6405,0.622,0.6312,0,0
20091007,0.6405,0.6405,0.6312,0.6405,0,0
20091008,0.6498,0.6498,0.6312,0.6498,0,0
20091009,0.659,0.6684,0.6405,0.6498,0,0
20091012,0.6776,0.6776,0.6498,0.6498,0,0
20091013,0.659,0.6776,0.6405,0.6405,0,0
20091014,0.6405,0.659,0.6405,0.659,0,0
20091015,0.6684,0.6776,0.659,0.659,0,0
20091016,0.6684,0.6776,0.6498,0.6684,0,0
20091019,0.6684,0.6684,0.6684,0.6684,0,0
20091020,0.6776,0.6776,0.6498,0.659,0,0
20091021,0.6405,0.6498,0.6312,0.6498,0,0
20091022,0.659,0.659,0.6312,0.6312,0,0
20091023,0.6498,0.6498,0.6127,0.6127,0,0
20091026,0.6127,0.6127,0.5848,0.594,0,0
20091027,0.6034,0.6034,0.5662,0.5755,0,0
20091028,0.5755,0.5755,0.5477,0.557,0,0
20091029,0.5477,0.5755,0.5477,0.5755,0,0
20091030,0.622,0.622,0.5662,0.5662,0,0
20091102,0.5662,0.5755,0.557,0.5755,0,0
20091103,0.5755,0.5755,0.557,0.557,0,0
20091104,0.5384,0.5755,0.5384,0.5755,0,0
20091105,0.5662,0.5848,0.5662,0.5662,0,0
20091106,0.5848,0.5848,0.5755,0.5755,0,0
20091109,0.5848,0.594,0.5848,0.594,0,0
20091110,0.6127,0.6127,0.6127,0.6127,0,0
20091112,0.6127,0.6127,0.594,0.594,0,0
20091113,0.6034,0.6034,0.5755,0.5848,0,0
20091116,0.6127,0.622,0.6034,0.622,0,0
20091117,0.6312,0.6312,0.622,0.622,0,0
20091118,0.622,0.622,0.6034,0.6034,0,0
20091120,0.594,0.6127,0.5755,0.5848,0,0
20091123,0.5848,0.594,0.5848,0.594,0,0
20091124,0.594,0.594,0.5848,0.5848,0,0
20091125,0.5848,0.594,0.5755,0.5848,0,0
20091126,0.5755,0.5755,0.5662,0.5662,0,0
20091127,0.5662,0.5662,0.5662,0.5662,0,0
20091130,0.5755,0.5755,0.557,0.557,0,0
20091201,0.557,0.5755,0.557,0.5662,0,0
20091202,0.5662,0.5755,0.5662,0.5755,0,0
20091203,0.5755,0.5755,0.5755,0.5755,0,0
20091204,0.5755,0.5755,0.557,0.557,0,0
20091207,0.5662,0.5755,0.5662,0.5662,0,0
20091208,0.5662,0.5755,0.557,0.557,0,0
20091209,0.557,0.557,0.5477,0.557,0,0
20091210,0.557,0.557,0.5384,0.557,0,0
20091211,0.557,0.5755,0.557,0.557,0,0
20091214,0.5662,0.5662,0.5662,0.5662,0,0
20091215,0.557,0.557,0.557,0.557,0,0
20091216,0.5755,0.5755,0.5662,0.5662,0,0
20091217,0.5662,0.5755,0.5662,0.5662,0,0
20091218,0.5662,0.5662,0.557,0.5662,0,0
20091221,0.5662,0.5662,0.5662,0.5662,0,0
20091222,0.5662,0.5755,0.5662,0.5662,0,0
20091223,0.5662,0.5662,0.5662,0.5662,0,0
20091228,0.5755,0.5848,0.5662,0.5848,0,0
20091229,0.5662,0.5848,0.5662,0.5755,0,0
20091230,0.5662,0.5755,0.5662,0.5662,0,0
20091231,0.5662,0.5662,0.557,0.557,0,0
20100104,0.5662,0.5755,0.557,0.5755,0,0
20100105,0.5755,0.5755,0.5755,0.5755,0,0
20100106,0.5848,0.5848,0.5662,0.5662,0,0
20100107,0.5662,0.5755,0.5662,0.5755,0,0
20100108,0.5755,0.594,0.5755,0.594,0,0
20100111,0.594,0.594,0.5662,0.5662,0,0
20100112,0.5662,0.5662,0.5477,0.5662,0,0
20100113,0.557,0.557,0.5477,0.557,0,0
20100114,0.5662,0.5662,0.5477,0.5477,0,0
20100115,0.5477,0.5662,0.5477,0.5477,0,0
20100118,0.5477,0.5477,0.5291,0.5291,0,0
20100119,0.5291,0.5291,0.5198,0.5291,0,0
20100120,0.5477,0.5477,0.5291,0.5477,0,0
20100121,0.5477,0.5477,0.5384,0.5384,0,0
20100122,0.5291,0.5291,0.5198,0.5198,0,0
20100125,0.5106,0.5291,0.5106,0.5198,0,0
20100126,0.5198,0.5198,0.49188,0.5012,0,0
20100127,0.49188,0.5012,0.49188,0.49188,0,0
20100128,0.49188,0.5106,0.48254,0.48254,0,0
20100129,0.47212,0.47212,0.46268,0.47212,0,0
20100201,0.48254,0.49188,0.4733,0.49188,0,0
20100202,0.5106,0.5106,0.48254,0.5012,0,0
20100203,0.5012,0.5012,0.5012,0.5012,0,0
20100204,0.5012,0.5012,0.49188,0.49188,0,0
20100205,0.45471,0.48254,0.45471,0.46405,0,0
20100208,0.44547,0.5384,0.44547,0.5384,0,0
20100209,0.5291,0.5477,0.5198,0.5384,0,0
20100210,0.5384,0.5477,0.5384,0.5477,0,0
20100211,0.5477,0.5477,0.5384,0.5384,0,0
20100212,0.5291,0.5291,0.5198,0.5198,0,0
20100215,0.5198,0.5291,0.5198,0.5291,0,0
20100216,0.5291,0.5384,0.5291,0.5384,0,0
20100217,0.5384,0.557,0.5384,0.557,0,0
20100218,0.557,0.557,0.5384,0.5477,0,0
20100219,0.5477,0.5477,0.5291,0.5477,0,0
20100222,0.5384,0.5384,0.5384,0.5384,0,0
20100223,0.5477,0.5477,0.5198,0.5198,0,0
20100224,0.5198,0.5198,0.5106,0.5106,0,0
20100225,0.5198,0.5291,0.5012,0.5198,0,0
20100226,0.5012,0.5198,0.5012,0.5106,0,0
20100301,0.5106,0.5106,0.49188,0.5012,0,0
20100302,0.5012,0.5012,0.49188,0.5012,0,0
20100303,0.5106,0.5106,0.5012,0.5106,0,0
20100304,0.5106,0.5291,0.5106,0.5198,0,0
20100305,0.5291,0.5384,0.5291,0.5384,0,0
20100308,0.5384,0.5477,0.5291,0.5291,0,0
20100309,0.5291,0.5291,0.5291,0.5291,0,0
20100310,0.5291,0.5291,0.5291,0.5291,0,0
20100311,0.5384,0.5477,0.5384,0.5384,0,0
20100312,0.5384,0.5384,0.5384,0.5384,0,0
20100315,0.5384,0.5384,0.5291,0.5291,0,0
20100316,0.5291,0.5384,0.5291,0.5384,0,0
20100317,0.5384,0.5662,0.5384,0.5662,0,0
20100318,0.5662,0.5755,0.5662,0.5755,0,0
20100319,0.5755,0.5755,0.5662,0.5662,0,0
20100322,0.5662,0.5755,0.557,0.557,0,0
20100323,0.5755,0.5755,0.5662,0.5662,0,0
20100324,0.5755,0.5755,0.557,0.557,0,0
20100325,0.5662,0.5755,0.5662,0.5755,0,0
20100326,0.5755,0.6034,0.5755,0.6034,0,0
20100329,0.6034,0.6034,0.594,0.594,0,0
20100330,0.594,0.6034,0.594,0.6034,0,0
20100331,0.5947,0.5947,0.5853,0.5853,0,0
20100401,0.5848,0.594,0.5848,0.594,0,0
20100406,0.594,0.594,0.594,0.594,0,0
20100407,0.594,0.594,0.594,0.594,0,0
20100408,0.594,0.594,0.5755,0.5755,0,0
20100409,0.5755,0.594,0.5755,0.594,0,0
20100412,0.5848,0.6034,0.5848,0.6034,0,0
20100413,0.622,0.622,0.6034,0.6034,0,0
20100414,0.6127,0.6127,0.6127,0.6127,0,0
20100415,0.622,0.622,0.6034,0.6034,0,0
20100416,0.6127,0.6127,0.6034,0.6034,0,0
20100419,0.6127,0.6127,0.5848,0.5848,0,0
20100420,0.5848,0.6034,0.5848,0.6034,0,0
20100421,0.6034,0.6034,0.594,0.594,0,0
20100422,0.5755,0.5848,0.5755,0.5755,0,0
20100423,0.5758,0.5758,0.5758,0.5758,0,0
20100426,0.5848,0.5848,0.5755,0.5848,0,0
20100427,0.5755,0.5848,0.5662,0.5662,0,0
20100428,0.5662,0.5662,0.5384,0.5477,0,0
20100429,0.5384,0.5477,0.5291,0.5384,0,0
20100430,0.5665,0.5665,0.5382,0.5382,0,0
20100504,0.557,0.5662,0.5291,0.5291,0,0
20100505,0.5198,0.5291,0.5012,0.5198,0,0
20100506,0.5106,0.5291,0.5106,0.5106,0,0
20100507,0.48254,0.5012,0.46405,0.46405,0,0
20100510,0.47212,0.5382,0.47212,0.5382,0,0
20100511,0.5476,0.5476,0.5382,0.5382,0,0
20100512,0.5476,0.5476,0.5382,0.5382,0,0
20100513,0.5571,0.5571,0.5382,0.5476,0,0
20100514,0.5476,0.5476,0.49099,0.5004,0,0
20100517,0.5004,0.5099,0.5004,0.5004,0,0
20100518,0.5004,0.5099,0.5004,0.5004,0,0
20100519,0.49099,0.49099,0.48155,0.49099,0,0
20100520,0.5004,0.5004,0.47212,0.48155,0,0
20100521,0.48155,0.49099,0.47212,0.48155,0,0
20100524,0.49099,0.49099,0.48155,0.48155,0,0
20100525,0.48155,0.48155,0.45314,0.46268,0,0
20100526,0.48155,0.48155,0.46268,0.47212,0,0
20100527,0.47212,0.48155,0.46268,0.47212,0,0
20100528,0.49099,0.49099,0.48155,0.48155,0,0
20100531,0.48155,0.49099,0.48155,0.49099,0,0
20100601,0.49099,0.49099,0.46268,0.47212,0,0
20100602,0.47212,0.47212,0.45314,0.46268,0,0
20100604,0.47212,0.47212,0.4437,0.45314,0,0
20100607,0.45314,0.45314,0.4437,0.4437,0,0
20100608,0.46268,0.46268,0.4437,0.45314,0,0
20100609,0.46268,0.46268,0.45314,0.46268,0,0
20100610,0.46268,0.48155,0.46268,0.48155,0,0
20100611,0.48155,0.49099,0.48155,0.49099,0,0
20100614,0.5004,0.5099,0.5004,0.5004,0,0
20100615,0.5099,0.5287,0.5099,0.5287,0,0
20100616,0.5287,0.5382,0.5287,0.5287,0,0
20100617,0.5099,0.5382,0.5099,0.5287,0,0
20100618,0.5382,0.5382,0.5287,0.5382,0,0
20100621,0.5382,0.5476,0.5382,0.5476,0,0
20100622,0.5476,0.5476,0.5287,0.5382,0,0
20100623,0.5287,0.5382,0.5287,0.5382,0,0
20100624,0.5193,0.5476,0.5193,0.5382,0,0
20100625,0.5476,0.5476,0.5382,0.5476,0,0
20100628,0.5571,0.5571,0.5476,0.5476,0,0
20100629,0.5476,0.5476,0.5287,0.5382,0,0
20100630,0.5199,0.5295,0.5104,0.5104,0,0
20100701,0.5099,0.5193,0.5099,0.5099,0,0
20100702,0.5193,0.5193,0.5193,0.5193,0,0
20100705,0.5287,0.5287,0.5099,0.5193,0,0
20100706,0.5193,0.5287,0.5099,0.5287,0,0
20100707,0.5193,0.5193,0.5193,0.5193,0,0
20100708,0.5382,0.5571,0.5382,0.5571,0,0
20100709,0.5571,0.5665,0.5571,0.5571,0,0
20100712,0.5758,0.5758,0.5758,0.5758,0,0
20100713,0.5758,0.5853,0.5758,0.5758,0,0
20100714,0.5947,0.5947,0.5665,0.5665,0,0
20100715,0.5947,0.5947,0.5665,0.5665,0,0
20100716,0.5665,0.5758,0.5571,0.5571,0,0
20100719,0.5476,0.5665,0.5476,0.5665,0,0
20100720,0.5665,0.5665,0.5476,0.5571,0,0
20100721,0.5665,0.5665,0.5665,0.5665,0,0
20100722,0.5571,0.5758,0.5571,0.5758,0,0
20100723,0.5758,0.5758,0.5665,0.5665,0,0
20100726,0.5665,0.5665,0.5665,0.5665,0,0
20100727,0.5665,0.5947,0.5665,0.5947,0,0
20100728,0.5947,0.6042,0.5758,0.5758,0,0
20100729,0.5947,0.6042,0.5947,0.6042,0,0
20100730,0.5947,0.5947,0.5853,0.5853,0,0
20100802,0.5853,0.6042,0.5853,0.5853,0,0
20100803,0.6042,0.6136,0.5947,0.5947,0,0
20100804,0.5853,0.5853,0.5758,0.5853,0,0
20100805,0.5758,0.5758,0.5665,0.5665,0,0
20100806,0.5665,0.5758,0.5382,0.5382,0,0
20100809,0.5287,0.5287,0.5287,0.5287,0,0
20100810,0.5476,0.5476,0.5382,0.5382,0,0
20100811,0.5382,0.5382,0.5382,0.5382,0,0
20100812,0.5382,0.5382,0.5193,0.5193,0,0
20100813,0.5193,0.5193,0.5099,0.5193,0,0
20100816,0.5004,0.5004,0.5004,0.5004,0,0
20100817,0.5099,0.5193,0.5099,0.5193,0,0
20100818,0.5193,0.5193,0.5099,0.5099,0,0
20100819,0.5004,0.5099,0.5004,0.5004,0,0
20100820,0.5099,0.5099,0.5004,0.5099,0,0
20100823,0.5004,0.5004,0.5004,0.5004,0,0
20100824,0.5099,0.5099,0.49099,0.5004,0,0
20100825,0.5004,0.5004,0.48155,0.48155,0,0
20100826,0.49099,0.49099,0.48155,0.48155,0,0
20100827,0.49099,0.49099,0.48155,0.48155,0,0
20100830,0.48155,0.48155,0.48155,0.48155,0,0
20100831,0.48146,0.48146,0.47182,0.48146,0,0
20100901,0.48155,0.49099,0.48155,0.49099,0,0
20100902,0.5004,0.5004,0.5004,0.5004,0,0
20100903,0.5004,0.5004,0.5004,0.5004,0,0
20100906,0.5099,0.5099,0.5004,0.5099,0,0
20100907,0.5193,0.5193,0.49099,0.49099,0,0
20100908,0.49099,0.49099,0.49099,0.49099,0,0
20100909,0.49099,0.5099,0.49099,0.5099,0,0
20100910,0.5099,0.5099,0.5004,0.5004,0,0
20100913,0.5004,0.5193,0.5004,0.5193,0,0
20100914,0.5193,0.5193,0.5193,0.5193,0,0
20100915,0.5099,0.5099,0.5099,0.5099,0,0
20100916,0.5004,0.5099,0.5004,0.5099,0,0
20100917,0.5099,0.5099,0.5004,0.5004,0,0
20100920,0.5004,0.5004,0.49099,0.49099,0,0
20100921,0.49099,0.49099,0.49099,0.49099,0,0
20100922,0.49099,0.49099,0.47212,0.47212,0,0
20100923,0.48155,0.48155,0.47212,0.47212,0,0
20100924,0.49099,0.49099,0.47212,0.48155,0,0
20100927,0.5004,0.5004,0.49099,0.49099,0,0
20100928,0.49099,0.49099,0.48155,0.48155,0,0
20100929,0.48155,0.48155,0.48155,0.48155,0,0
20100930,0.47212,0.49099,0.47212,0.49099,0,0
20101001,0.49099,0.49099,0.47212,0.47212,0,0
20101004,0.47212,0.47212,0.46268,0.46268,0,0
20101005,0.47212,0.47212,0.46268,0.47212,0,0
20101006,0.47212,0.47212,0.47212,0.47212,0,0
20101007,0.47212,0.48155,0.47212,0.48155,0,0
20101008,0.48155,0.48155,0.48155,0.48155,0,0
20101011,0.48155,0.48155,0.48155,0.48155,0,0
20101012,0.47212,0.48155,0.47212,0.47212,0,0
20101013,0.47212,0.48155,0.47212,0.48155,0,0
20101014,0.48155,0.48155,0.47212,0.47212,0,0
20101015,0.47212,0.47212,0.47212,0.47212,0,0
20101018,0.47212,0.48155,0.47212,0.48155,0,0
20101019,0.48155,0.49099,0.48155,0.49099,0,0
20101020,0.49099,0.5004,0.49099,0.5004,0,0
20101021,0.5004,0.5004,0.49099,0.5004,0,0
20101022,0.5004,0.5004,0.49099,0.49099,0,0
20101025,0.49099,0.49099,0.48155,0.48155,0,0
20101026,0.48155,0.48155,0.48155,0.48155,0,0
20101027,0.48155,0.49099,0.48155,0.48155,0,0
20101028,0.49099,0.49099,0.49099,0.49099,0,0
20101029,0.48146,0.48146,0.48146,0.48146,0,0
20101102,0.47212,0.47212,0.47212,0.47212,0,0
20101103,0.47212,0.47212,0.47212,0.47212,0,0
20101104,0.47212,0.47212,0.46268,0.47212,0,0
20101105,0.47212,0.47212,0.45314,0.45314,0,0
20101108,0.45314,0.46268,0.45314,0.45314,0,0
20101109,0.46268,0.46268,0.46268,0.46268,0,0
20101110,0.46268,0.46268,0.4437,0.4437,0,0
20101112,0.4437,0.45314,0.42483,0.45314,0,0
20101115,0.46268,0.46268,0.4437,0.46268,0,0
20101116,0.46268,0.46268,0.45314,0.46268,0,0
20101117,0.45314,0.45314,0.4437,0.45314,0,0
20101118,0.47212,0.47212,0.45314,0.46268,0,0
20101119,0.46268,0.46268,0.4437,0.4437,0,0
20101122,0.45314,0.45314,0.4437,0.4437,0,0
20101123,0.4437,0.4437,0.43426,0.43426,0,0
20101124,0.43426,0.43426,0.42483,0.43426,0,0
20101125,0.43426,0.43426,0.42483,0.42483,0,0
20101126,0.42483,0.43426,0.42483,0.43426,0,0
20101129,0.43426,0.43426,0.42483,0.42483,0,0
20101130,0.43328,0.43328,0.40438,0.40438,0,0
20101201,0.41539,0.42483,0.41539,0.42483,0,0
20101202,0.42483,0.4437,0.42483,0.43426,0,0
20101203,0.4437,0.45314,0.4437,0.4437,0,0
20101206,0.45314,0.45314,0.4437,0.4437,0,0
20101207,0.45314,0.45314,0.4437,0.45314,0,0
20101208,0.45314,0.46268,0.4437,0.46268,0,0
20101209,0.47212,0.47212,0.46268,0.47212,0,0
20101210,0.47212,0.47212,0.46268,0.46268,0,0
20101213,0.45314,0.46268,0.45314,0.46268,0,0
20101214,0.45314,0.45314,0.45314,0.45314,0,0
20101215,0.45314,0.45314,0.43426,0.4437,0,0
20101216,0.43426,0.43426,0.43426,0.43426,0,0
20101217,0.43426,0.43426,0.42483,0.43426,0,0
20101220,0.42483,0.43426,0.42483,0.43426,0,0
20101221,0.43426,0.4437,0.43426,0.43426,0,0
20101222,0.4437,0.4437,0.43426,0.4437,0,0
20101223,0.4437,0.45314,0.4437,0.4437,0,0
20101227,0.43426,0.4437,0.43426,0.43426,0,0
20101228,0.43426,0.43426,0.43426,0.43426,0,0
20101229,0.42365,0.43328,0.42365,0.43328,0,0
20101230,0.43328,0.43328,0.41401,0.41401,0,0
20101231,0.41401,0.41401,0.41401,0.41401,0,0
20110103,0.43426,0.43426,0.41539,0.42483,0,0
20110104,0.42483,0.42483,0.41539,0.42483,0,0
20110105,0.41539,0.41539,0.40595,0.40595,0,0
20110107,0.41539,0.41539,0.39651,0.40595,0,0
20110110,0.40595,0.40595,0.39651,0.40595,0,0
20110111,0.40595,0.40595,0.38707,0.39651,0,0
20110112,0.39651,0.42483,0.39651,0.42483,0,0
20110113,0.42483,0.4437,0.42483,0.42483,0,0
20110114,0.4437,0.4437,0.4437,0.4437,0,0
20110117,0.4437,0.4437,0.43426,0.4437,0,0
20110118,0.43426,0.45314,0.43426,0.45314,0,0
20110119,0.45314,0.46268,0.4437,0.46268,0,0
20110120,0.46268,0.48155,0.46268,0.48155,0,0
20110121,0.48155,0.49099,0.48155,0.48155,0,0
20110124,0.47212,0.49099,0.47212,0.49099,0,0
20110125,0.49099,0.49099,0.47212,0.48155,0,0
20110126,0.48155,0.48155,0.47212,0.47212,0,0
20110127,0.47212,0.48155,0.47212,0.48155,0,0
20110128,0.48155,0.48155,0.48155,0.48155,0,0
20110131,0.49109,0.49109,0.47182,0.48146,0,0
20110201,0.47212,0.48155,0.47212,0.48155,0,0
20110202,0.48155,0.5004,0.48155,0.49099,0,0
20110203,0.49099,0.5004,0.49099,0.49099,0,0
20110204,0.49099,0.49099,0.49099,0.49099,0,0
20110207,0.49099,0.5004,0.49099,0.49099,0,0
20110208,0.5004,0.5004,0.48155,0.48155,0,0
20110209,0.48155,0.49099,0.48155,0.49099,0,0
20110210,0.48155,0.49099,0.48155,0.48155,0,0
20110211,0.48155,0.49099,0.48155,0.48155,0,0
20110214,0.48155,0.49099,0.48155,0.49099,0,0
20110215,0.48155,0.5004,0.48155,0.5004,0,0
20110216,0.5004,0.5193,0.5004,0.5193,0,0
20110217,0.5099,0.5287,0.5099,0.5287,0,0
20110218,0.5287,0.5287,0.5099,0.5193,0,0
20110221,0.5099,0.5193,0.49099,0.49099,0,0
20110222,0.5004,0.5004,0.49099,0.49099,0,0
20110223,0.49099,0.5004,0.49099,0.5004,0,0
20110224,0.5004,0.5004,0.49099,0.49099,0,0
20110225,0.49099,0.5004,0.49099,0.5004,0,0
20110228,0.49109,0.5007,0.49109,0.5007,0,0
20110301,0.49099,0.5004,0.49099,0.49099,0,0
20110302,0.48155,0.49099,0.47212,0.49099,0,0
20110303,0.5004,0.5004,0.48155,0.48155,0,0
20110304,0.48155,0.5004,0.48155,0.5004,0,0
20110307,0.49099,0.49099,0.47212,0.48155,0,0
20110308,0.48155,0.48155,0.48155,0.48155,0,0
20110309,0.49099,0.49099,0.48155,0.48155,0,0
20110310,0.49099,0.49099,0.48155,0.48155,0,0
20110311,0.48155,0.49099,0.48155,0.48155,0,0
20110314,0.48155,0.5004,0.48155,0.49099,0,0
20110315,0.49099,0.49099,0.47212,0.49099,0,0
20110316,0.48155,0.48155,0.47212,0.47212,0,0
20110317,0.47182,0.47182,0.46219,0.47182,0,0
20110318,0.46268,0.48155,0.46268,0.48155,0,0
20110321,0.49099,0.49099,0.48155,0.48155,0,0
20110322,0.48155,0.48155,0.48155,0.48155,0,0
20110324,0.49099,0.5099,0.49099,0.5099,0,0
20110325,0.5004,0.5099,0.5004,0.5099,0,0
20110328,0.5099,0.5099,0.5099,0.5099,0,0
20110329,0.5099,0.5099,0.49099,0.49099,0,0
20110330,0.49099,0.49099,0.49099,0.49099,0,0
20110331,0.48146,0.48146,0.47182,0.47182,0,0
20110401,0.48155,0.48155,0.47212,0.48155,0,0
20110404,0.47212,0.48155,0.46268,0.47212,0,0
20110405,0.46268,0.48155,0.46268,0.48155,0,0
20110406,0.47212,0.49099,0.46268,0.49099,0,0
20110407,0.48155,0.49099,0.48155,0.49099,0,0
20110408,0.49099,0.49099,0.48155,0.48155,0,0
20110411,0.49099,0.49099,0.48155,0.48155,0,0
20110412,0.48146,0.48146,0.47182,0.48146,0,0
20110413,0.47212,0.47212,0.47212,0.47212,0,0
20110414,0.47212,0.47212,0.46268,0.46268,0,0
20110415,0.45314,0.46268,0.45314,0.46268,0,0
20110418,0.45314,0.45314,0.43426,0.45314,0,0
20110419,0.4437,0.45314,0.4437,0.45314,0,0
20110420,0.4437,0.45314,0.43426,0.4437,0,0
20110421,0.43426,0.46268,0.43426,0.45314,0,0
20110426,0.46268,0.46268,0.45314,0.45314,0,0
20110427,0.45314,0.46268,0.45314,0.46268,0,0
20110429,0.46219,0.46219,0.46219,0.46219,0,0
20110504,0.45255,0.46219,0.45255,0.45255,0,0
20110505,0.46219,0.46219,0.44292,0.45255,0,0
20110506,0.44292,0.45255,0.44292,0.45255,0,0
20110509,0.45314,0.45314,0.43426,0.43426,0,0
20110510,0.43328,0.44292,0.42365,0.44292,0,0
20110511,0.44292,0.44292,0.43328,0.43328,0,0
20110512,0.43426,0.43426,0.42483,0.43426,0,0
20110513,0.42365,0.45255,0.42365,0.44292,0,0
20110516,0.44292,0.44292,0.43328,0.43328,0,0
20110517,0.43328,0.43328,0.43328,0.43328,0,0
20110518,0.42365,0.43328,0.42365,0.43328,0,0
20110519,0.42365,0.43328,0.41401,0.42365,0,0
20110520,0.41401,0.43328,0.40438,0.40438,0,0
20110523,0.42365,0.42365,0.40438,0.41401,0,0
20110524,0.41401,0.41401,0.40438,0.41401,0,0
20110525,0.41401,0.41401,0.41401,0.41401,0,0
20110526,0.42365,0.42365,0.40438,0.42365,0,0
20110527,0.43328,0.43328,0.41401,0.41401,0,0
20110530,0.41401,0.41401,0.41401,0.41401,0,0
20110531,0.42365,0.42365,0.42365,0.42365,0,0
20110601,0.42365,0.42365,0.41401,0.41401,0,0
20110602,0.41401,0.42365,0.41401,0.42365,0,0
20110603,0.41401,0.42365,0.40438,0.42365,0,0
20110606,0.41401,0.41401,0.41401,0.41401,0,0
20110607,0.40438,0.41401,0.40438,0.40438,0,0
20110608,0.41401,0.41401,0.40438,0.40438,0,0
20110609,0.40438,0.40438,0.39474,0.39474,0,0
20110610,0.40438,0.40438,0.39474,0.39474,0,0
20110613,0.39474,0.39474,0.39474,0.39474,0,0
20110614,0.40438,0.40438,0.39474,0.40438,0,0
20110615,0.39474,0.40438,0.38511,0.38511,0,0
20110616,0.39474,0.39474,0.37547,0.39474,0,0
20110617,0.38511,0.41401,0.38511,0.40438,0,0
20110620,0.40438,0.40438,0.40438,0.40438,0,0
20110621,0.39474,0.41401,0.39474,0.40438,0,0
20110622,0.41401,0.41401,0.40438,0.40438,0,0
20110624,0.40438,0.40438,0.36593,0.37547,0,0
20110627,0.37547,0.37547,0.3563,0.36593,0,0
20110628,0.37547,0.38511,0.36593,0.38511,0,0
20110629,0.38511,0.39474,0.38511,0.38511,0,0
20110630,0.38511,0.39474,0.38511,0.39474,0,0
20110701,0.39474,0.41401,0.39474,0.41401,0,0
20110704,0.41401,0.41401,0.40438,0.40438,0,0
20110705,0.40438,0.40438,0.40438,0.40438,0,0
20110706,0.40438,0.40438,0.37547,0.37547,0,0
20110707,0.38511,0.38511,0.3563,0.36593,0,0
20110708,0.36593,0.36593,0.33703,0.33703,0,0
20110711,0.33703,0.33703,0.30812,0.30812,0,0
20110712,0.31776,0.33703,0.29849,0.32739,0,0
20110713,0.33703,0.34666,0.33703,0.34666,0,0
20110714,0.34666,0.34666,0.33703,0.33703,0,0
20110715,0.34666,0.34666,0.33703,0.34666,0,0
20110718,0.33703,0.33703,0.31776,0.32739,0,0
20110719,0.33703,0.33703,0.32739,0.32739,0,0
20110720,0.32739,0.33703,0.32739,0.33703,0,0
20110721,0.34666,0.37547,0.33703,0.37547,0,0
20110722,0.37547,0.39474,0.3563,0.36593,0,0
20110725,0.3563,0.3563,0.32739,0.33703,0,0
20110726,0.33703,0.34666,0.33703,0.34666,0,0
20110727,0.34666,0.34666,0.32739,0.33703,0,0
20110728,0.32739,0.34666,0.32739,0.34666,0,0
20110729,0.33703,0.33703,0.32739,0.33703,0,0
20110801,0.34666,0.34666,0.32739,0.32739,0,0
20110802,0.32739,0.32739,0.30812,0.31776,0,0
20110803,0.31776,0.32739,0.29849,0.30812,0,0
20110804,0.30812,0.31776,0.29849,0.29849,0,0
20110805,0.25995,0.30812,0.25995,0.28885,0,0
20110808,0.26958,0.31776,0.26958,0.29849,0,0
20110809,0.30812,0.30812,0.28885,0.29849,0,0
20110810,0.30812,0.30812,0.26958,0.26958,0,0
20110811,0.26958,0.28885,0.25995,0.27922,0,0
20110812,0.28885,0.30812,0.27922,0.30812,0,0
20110816,0.30812,1.1747,0.28885,1.1747,0,0
20110817,1.1747,1.194,1.1361,1.1361,0,0
20110818,1.1361,1.1458,0.27922,0.27922,0,0
20110819,0.26958,0.27922,0.25995,0.25995,0,0
20110822,0.26958,0.26958,0.25031,0.25995,0,0
20110823,0.25995,0.25995,0.25031,0.25031,0,0
20110824,0.25031,0.25995,0.25031,0.25995,0,0
20110825,0.25995,0.27922,0.25995,0.25995,0,0
20110826,0.25995,0.25995,0.25995,0.25995,0,0
20110829,0.25995,0.26958,0.25995,0.26958,0,0
20110830,0.26958,0.26958,0.25995,0.26958,0,0
20110831,0.26958,0.26958,0.25995,0.26958,0,0
20110901,0.26958,0.26958,0.25995,0.25995,0,0
20110902,0.25995,0.25995,0.25995,0.25995,0,0
20110905,0.25995,0.25995,0.24068,0.25031,0,0
20110906,0.24068,0.25031,0.23104,0.23104,0,0
20110907,0.24068,0.25031,0.23104,0.24068,0,0
20110908,0.24068,0.25031,0.24068,0.25031,0,0
20110909,0.24068,0.24068,0.23104,0.24068,0,0
20110912,0.24068,0.24068,0.21187,0.22141,0,0
20110913,0.22141,0.22141,0.21187,0.22141,0,0
20110914,0.22141,0.22141,0.21187,0.21187,0,0
20110915,0.22141,0.23104,0.22141,0.23104,0,0
20110916,0.23104,0.24068,0.22141,0.23104,0,0
20110919,0.21187,0.22141,0.21187,0.22141,0,0
20110920,0.21187,0.22141,0.21187,0.21187,0,0
20110921,0.22141,0.22141,0.21187,0.21187,0,0
20110922,0.21187,0.21187,0.20224,0.20224,0,0
20110923,0.20224,0.20224,0.20224,0.20224,0,0
20110926,0.20224,0.22141,0.20224,0.21187,0,0
20110927,0.22141,0.23104,0.21187,0.23104,0,0
20110928,0.23104,0.24068,0.22141,0.23104,0,0
20110929,0.22141,0.25031,0.22141,0.24068,0,0
20110930,0.25031,0.25995,0.24068,0.25031,0,0
20111003,0.25031,0.25031,0.23104,0.23104,0,0
20111004,0.23104,0.23104,0.22141,0.22141,0,0
20111005,0.23104,0.24068,0.22141,0.24068,0,0
20111006,0.24068,0.25031,0.24068,0.25031,0,0
20111007,0.25031,0.25995,0.25031,0.25995,0,0
20111010,0.25995,0.27922,0.25995,0.27922,0,0
20111011,0.28885,0.30812,0.28885,0.30812,0,0
20111012,0.30812,0.30812,0.29849,0.30812,0,0
20111013,0.30812,0.30812,0.27922,0.27922,0,0
20111014,0.27922,0.28885,0.26958,0.27922,0,0
20111017,0.29849,0.29849,0.25995,0.26958,0,0
20111018,0.26958,0.26958,0.26958,0.26958,0,0
20111019,0.27922,0.28885,0.26958,0.27922,0,0
20111020,0.27922,0.28885,0.25995,0.26958,0,0
20111021,0.26958,0.27922,0.25995,0.27922,0,0
20111024,0.27922,0.27922,0.25995,0.26958,0,0
20111025,0.25031,0.26958,0.25031,0.26958,0,0
20111026,0.26958,0.26958,0.25995,0.26958,0,0
20111027,0.27922,0.27922,0.26958,0.27922,0,0
20111028,0.26958,0.26958,0.25995,0.26958,0,0
20111031,0.25995,0.26958,0.25031,0.26958,0,0
20111102,0.25031,0.25031,0.22141,0.24068,0,0
20111103,0.24068,0.25031,0.23104,0.24068,0,0
20111104,0.25031,0.25995,0.23104,0.23104,0,0
20111107,0.24068,0.24068,0.22141,0.24068,0,0
20111108,0.24068,0.24068,0.24068,0.24068,0,0
20111109,0.25031,0.25031,0.22141,0.22141,0,0
20111110,0.22141,0.24068,0.22141,0.24068,0,0
20111114,0.25995,0.25995,0.23104,0.24068,0,0
20111115,0.24068,0.24068,0.22141,0.23104,0,0
20111116,0.22141,0.23104,0.22141,0.23104,0,0
20111117,0.23104,0.25995,0.22141,0.25995,0,0
20111118,0.25995,0.25995,0.25031,0.25031,0,0
20111121,0.25031,0.25031,0.25031,0.25031,0,0
20111122,0.25031,0.25995,0.23104,0.24068,0,0
20111123,0.24068,0.24068,0.23104,0.24068,0,0
20111124,0.24068,0.25031,0.24068,0.25031,0,0
20111125,0.24068,0.25031,0.23104,0.25031,0,0
20111128,0.25031,0.25995,0.24068,0.25995,0,0
20111129,0.25995,0.25995,0.25031,0.25031,0,0
20111130,0.25031,0.27922,0.25031,0.26958,0,0
20111201,0.26958,0.26958,0.25995,0.26958,0,0
20111202,0.26958,0.26958,0.25995,0.26958,0,0
20111205,0.26958,0.27922,0.25995,0.27922,0,0
20111206,0.27922,0.28885,0.25995,0.27922,0,0
20111207,0.26958,0.28885,0.25995,0.27922,0,0
20111208,0.25995,0.27922,0.25031,0.25031,0,0
20111209,0.25031,0.26958,0.25031,0.26958,0,0
20111213,0.25995,0.26958,0.25031,0.26958,0,0
20111214,0.25995,0.25995,0.24068,0.25031,0,0
20111215,0.24068,0.25031,0.24068,0.25031,0,0
20111216,0.24068,0.25031,0.23104,0.25031,0,0
20111219,0.23104,0.24068,0.23104,0.24068,0,0
20111220,0.25031,0.25031,0.23104,0.25031,0,0
20120102,0.23104,0.23104,0.23104,0.23104,0,0
20120103,0.20224,0.23104,0.20224,0.21187,0,0
20120104,0.21187,0.21187,0.18297,0.18297,0,0
20120105,0.18297,0.18297,0.15406,0.1637,0,0
20120109,0.11552,0.11552,0.07698,0.07698,0,0
20120110,0.08662,0.08662,0.07698,0.08662,0,0
20120111,0.08662,0.08662,0.08662,0.08662,0,0
20120112,0.08662,0.09625,0.08662,0.09625,0,0
20120113,0.10589,0.10589,0.09625,0.09625,0,0
20120116,0.10589,0.10589,0.09625,0.09625,0,0
20120117,0.09625,0.10589,0.09625,0.09625,0,0
20120118,0.09625,0.09625,0.09625,0.09625,0,0
20120119,0.09625,0.11552,0.09625,0.11552,0,0
20120120,0.11552,0.11552,0.10589,0.10589,0,0
20120123,0.10589,0.11552,0.10589,0.11552,0,0
20120124,0.12516,0.12516,0.11552,0.11552,0,0
20120125,0.11552,0.12516,0.11552,0.12516,0,0
20120126,0.12516,0.12516,0.12516,0.12516,0,0
20120127,0.12516,0.12516,0.11552,0.12516,0,0
20120130,0.12516,0.12516,0.11552,0.11552,0,0
20120131,0.11552,0.11552,0.11552,0.11552,0,0
20120201,0.11552,0.12516,0.11552,0.12516,0,0
20120202,0.14443,0.14443,0.12516,0.13479,0,0
20120203,0.12516,0.39474,0.12516,0.39474,0,0
20120206,0.39474,0.39474,0.38511,0.39474,0,0
20120207,0.39474,0.41401,0.39474,0.40438,0,0
20120208,0.41401,0.44292,0.41401,0.42365,0,0
20120209,0.45255,0.45255,0.42365,0.43328,0,0
20120210,0.41401,0.43328,0.40438,0.41401,0,0
20120213,0.40438,0.42365,0.40438,0.40438,0,0
20120214,0.40438,0.40438,0.38511,0.39474,0,0
20120215,0.39474,0.40438,0.39474,0.40438,0,0
20120216,0.40438,0.40438,0.38511,0.39474,0,0
20120217,0.40438,0.41401,0.39474,0.40438,0,0
20120220,0.41401,0.41401,0.38511,0.40438,0,0
20120221,0.41401,0.41401,0.39474,0.40438,0,0
20120222,0.41401,0.41401,0.38511,0.38511,0,0
20120223,0.39474,0.39474,0.36593,0.37547,0,0
20120224,0.37547,0.37547,0.3563,0.37547,0,0
20120227,0.37547,0.37547,0.3563,0.3563,0,0
20120228,0.3563,0.36593,0.3563,0.36593,0,0
20120229,0.3563,0.37547,0.3563,0.37547,0,0
20120301,0.36593,0.38511,0.36593,0.38511,0,0
20120302,0.36593,0.38511,0.36593,0.37547,0,0
20120305,0.36593,0.38511,0.36593,0.38511,0,0
20120306,0.37547,0.37547,0.36593,0.36593,0,0
20120307,0.3563,0.38511,0.3563,0.38511,0,0
20120308,0.37547,0.38511,0.37547,0.37547,0,0
20120309,0.36593,0.37547,0.36593,0.36593,0,0
20120312,0.36593,0.37547,0.3563,0.3563,0,0
20120313,0.37547,0.38511,0.37547,0.38511,0,0
20120314,0.38511,0.39474,0.36593,0.36593,0,0
20120315,0.37547,0.39474,0.37547,0.38511,0,0
20120316,0.37547,0.39474,0.37547,0.38511,0,0
20120319,0.38511,0.38511,0.38511,0.38511,0,0
20120320,0.38511,0.38511,0.38511,0.38511,0,0
20120321,0.38511,0.39474,0.37547,0.37547,0,0
20120322,0.37547,0.39474,0.36593,0.37547,0,0
20120323,0.36593,0.36593,0.36593,0.36593,0,0
20120326,0.36593,0.36593,0.36593,0.36593,0,0
20120327,0.37547,0.38511,0.36593,0.38511,0,0
20120329,0.38511,0.38511,0.3563,0.37547,0,0
20120330,0.3563,0.37547,0.3563,0.3563,0,0
20120402,0.3563,0.3563,0.32739,0.33703,0,0
20120403,0.34666,0.34666,0.33703,0.33703,0,0
20120404,0.33703,0.33703,0.32739,0.32739,0,0
20120405,0.32739,0.32739,0.30812,0.31776,0,0
20120410,0.31776,0.31776,0.29849,0.30812,0,0
20120411,0.29849,0.31776,0.29849,0.30812,0,0
20120412,0.31776,0.31776,0.29849,0.31776,0,0
20120413,0.31776,0.31776,0.28885,0.29849,0,0
20120416,0.29849,0.30812,0.28885,0.30812,0,0
20120417,0.27922,0.30812,0.27922,0.30812,0,0
20120418,0.30812,0.30812,0.29849,0.29849,0,0
20120419,0.29849,0.30812,0.28885,0.28885,0,0
20120420,0.28885,0.29849,0.27922,0.28885,0,0
20120423,0.26958,0.27922,0.26958,0.26958,0,0
20120424,0.27922,0.27922,0.26958,0.26958,0,0
20120425,0.27922,0.29849,0.27922,0.29849,0,0
20120426,0.29849,0.30812,0.28885,0.28885,0,0
20120427,0.28885,0.29849,0.28885,0.29849,0,0
20120430,0.29849,0.29849,0.29849,0.29849,0,0
20120502,0.30812,0.30812,0.26958,0.26958,0,0
20120504,0.26958,0.26958,0.25995,0.25995,0,0
20120507,0.25031,0.27922,0.25031,0.26958,0,0
20120508,0.25995,0.27922,0.25995,0.26958,0,0
20120509,0.25995,0.27922,0.25995,0.25995,0,0
20120510,0.26958,0.27922,0.26958,0.27922,0,0
20120511,0.27922,0.27922,0.26958,0.27922,0,0
20120514,0.27922,0.27922,0.26958,0.26958,0,0
20120515,0.26958,0.26958,0.23104,0.23104,0,0
20120516,0.22141,0.23104,0.22141,0.23104,0,0
20120517,0.22141,0.22141,0.21187,0.21187,0,0
20120518,0.21187,0.23104,0.21187,0.22141,0,0
20120521,0.22141,0.22141,0.21187,0.21187,0,0
20120522,0.22141,0.23104,0.22141,0.23104,0,0
20120523,0.21187,0.23104,0.21187,0.22141,0,0
20120524,0.23104,0.23104,0.22141,0.23104,0,0
20120529,0.23104,0.23104,0.22141,0.22141,0,0
20120530,0.22141,0.22141,0.22141,0.22141,0,0
20120531,0.21187,0.23104,0.21187,0.22141,0,0
20120601,0.23104,0.23104,0.22141,0.22141,0,0
20120604,0.21187,0.24068,0.21187,0.23104,0,0
20120605,0.23104,0.24068,0.23104,0.24068,0,0
20120606,0.24068,0.25031,0.24068,0.25031,0,0
20120608,0.24068,0.24068,0.24068,0.24068,0,0
20120611,0.24068,0.25031,0.22141,0.25031,0,0
20120612,0.22141,0.22141,0.21187,0.21187,0,0
20120613,0.21187,0.22141,0.21187,0.21187,0,0
20120614,0.21187,0.22141,0.21187,0.22141,0,0
20120615,0.23104,0.23104,0.22141,0.22141,0,0
20120618,0.22141,0.23104,0.20224,0.21187,0,0
20120619,0.21187,0.23104,0.21187,0.23104,0,0
20120620,0.23104,0.23104,0.22141,0.23104,0,0
20120621,0.23104,0.24068,0.23104,0.24068,0,0
20120622,0.22141,0.24068,0.22141,0.23104,0,0
20120625,0.24068,0.24068,0.22141,0.22141,0,0
20120626,0.23104,0.23104,0.21187,0.22141,0,0
20120627,0.21187,0.22141,0.21187,0.22141,0,0
20120628,0.22141,0.23104,0.22141,0.23104,0,0
20120629,0.23104,0.25995,0.23104,0.25995,0,0
20120702,0.25995,0.26958,0.25031,0.25031,0,0
20120703,0.23104,0.25995,0.23104,0.25995,0,0
20120704,0.25995,0.25995,0.25995,0.25995,0,0
20120705,0.25995,0.26958,0.24068,0.26958,0,0
20120706,0.25995,0.25995,0.23104,0.24068,0,0
20120709,0.23104,0.24068,0.23104,0.24068,0,0
20120710,0.24068,0.24068,0.23104,0.24068,0,0
20120711,0.24068,0.24068,0.24068,0.24068,0,0
20120712,0.24068,0.24068,0.23104,0.23104,0,0
20120713,0.23104,0.23104,0.23104,0.23104,0,0
20120716,0.23104,0.23104,0.23104,0.23104,0,0
20120717,0.22141,0.23104,0.22141,0.22141,0,0
20120718,0.22141,0.22141,0.21187,0.22141,0,0
20120719,0.22141,0.23104,0.22141,0.23104,0,0
20120720,0.23104,0.23104,0.21187,0.21187,0,0
20120723,0.20224,0.21187,0.1926,0.21187,0,0
20120724,0.21187,0.21187,0.21187,0.21187,0,0
20120725,0.21187,0.22141,0.20224,0.20224,0,0
20120726,0.21187,0.22141,0.20224,0.21187,0,0
20120727,0.20224,0.23104,0.20224,0.23104,0,0
20120730,0.23104,0.24068,0.23104,0.24068,0,0
20120731,0.24068,0.24068,0.23104,0.23104,0,0
20120801,0.24068,0.24068,0.23104,0.23104,0,0
20120802,0.21187,0.24068,0.21187,0.22141,0,0
20120803,0.22141,0.23104,0.22141,0.23104,0,0
20120806,0.22141,0.23104,0.22141,0.23104,0,0
20120807,0.23104,0.25031,0.23104,0.25031,0,0
20120808,0.25031,0.25031,0.25031,0.25031,0,0
20120809,0.25031,0.25031,0.25031,0.25031,0,0
20120810,0.24068,0.25031,0.24068,0.25031,0,0
20120813,0.25031,0.25031,0.23104,0.25031,0,0
20120814,0.25031,0.25031,0.25031,0.25031,0,0
20120816,0.25031,0.25995,0.24068,0.24068,0,0
20120817,0.25031,0.26958,0.24068,0.25995,0,0
20120820,0.26958,0.27922,0.25995,0.25995,0,0
20120821,0.26958,0.26958,0.25995,0.26958,0,0
20120822,0.26958,0.27922,0.26958,0.26958,0,0
20120823,0.26958,0.26958,0.25995,0.25995,0,0
20120824,0.25995,0.25995,0.25995,0.25995,0,0
20120827,0.25995,0.25995,0.25031,0.25995,0,0
20120828,0.25995,0.26958,0.25995,0.26958,0,0
20120829,0.25995,0.26958,0.25995,0.26958,0,0
20120830,0.26958,0.26958,0.25995,0.25995,0,0
20120831,0.25995,0.26958,0.25995,0.26958,0,0
20120903,0.26958,0.27922,0.26958,0.27922,0,0
20120904,0.27922,0.27922,0.27922,0.27922,0,0
20120905,0.27922,0.27922,0.27922,0.27922,0,0
20120906,0.27922,0.29849,0.27922,0.29849,0,0
20120907,0.30812,0.30812,0.29849,0.30812,0,0
20120910,0.28885,0.30812,0.28885,0.30812,0,0
20120911,0.29849,0.30812,0.29849,0.30812,0,0
20120912,0.28885,0.32739,0.28885,0.31776,0,0
20120913,0.32739,0.32739,0.29849,0.32739,0,0
20120914,0.32739,0.32739,0.30812,0.30812,0,0
20120917,0.30812,0.31776,0.30812,0.30812,0,0
20120918,0.30812,0.30812,0.29849,0.29849,0,0
20120919,0.30812,0.30812,0.28885,0.29849,0,0
20120920,0.28885,0.29849,0.28885,0.29849,0,0
20120921,0.26958,0.29849,0.26958,0.29849,0,0
20120924,0.26958,0.28885,0.26958,0.28885,0,0
20120925,0.27922,0.29849,0.27922,0.29849,0,0
20120926,0.28885,0.28885,0.27922,0.27922,0,0
20120927,0.27922,0.28885,0.27922,0.28885,0,0
20120928,0.28885,0.28885,0.28885,0.28885,0,0
20121001,0.27922,0.28885,0.27922,0.28885,0,0
20121002,0.27922,0.28885,0.27922,0.27922,0,0
20121003,0.27922,0.28885,0.27922,0.28885,0,0
20121004,0.28885,0.28885,0.28885,0.28885,0,0
20121005,0.28885,0.29849,0.28885,0.29849,0,0
20121008,0.28885,0.28885,0.28885,0.28885,0,0
20121009,0.28885,0.28885,0.26958,0.27922,0,0
20121010,0.26958,0.28885,0.26958,0.27922,0,0
20121011,0.28885,0.29849,0.27922,0.28885,0,0
20121012,0.28885,0.29849,0.28885,0.29849,0,0
20121015,0.29849,0.29849,0.28885,0.28885,0,0
20121016,0.29849,0.29849,0.28885,0.29849,0,0
20121017,0.30812,0.30812,0.29849,0.30812,0,0
20121018,0.31776,0.31776,0.29849,0.31776,0,0
20121019,0.31776,0.31776,0.29849,0.29849,0,0
20121022,0.27922,0.31776,0.27922,0.30812,0,0
20121023,0.30812,0.30812,0.29849,0.30812,0,0
20121024,0.27922,0.31776,0.27922,0.31776,0,0
20121025,0.31776,0.31776,0.29849,0.29849,0,0
20121026,0.29849,0.31776,0.29849,0.31776,0,0
20121029,0.28885,0.31776,0.28885,0.28885,0,0
20121030,0.28885,0.29849,0.28885,0.29849,0,0
20121031,0.29849,0.29849,0.28885,0.28885,0,0
20121102,0.29849,0.29849,0.28885,0.29849,0,0
20121105,0.29849,0.29849,0.28885,0.29849,0,0
20121106,0.29849,0.29849,0.29849,0.29849,0,0
20121107,0.28885,0.29849,0.28885,0.29849,0,0
20121108,0.28885,0.29849,0.28885,0.28885,0,0
20121109,0.28885,0.28885,0.27922,0.28885,0,0
20121112,0.28885,0.28885,0.28885,0.28885,0,0
20121113,0.28885,0.29849,0.27922,0.28885,0,0
20121114,0.29849,0.29849,0.29849,0.29849,0,0
20121115,0.29849,0.29849,0.28885,0.28885,0,0
20121116,0.29849,0.29849,0.28885,0.29849,0,0
20121119,0.28885,0.29849,0.28885,0.29849,0,0
20121120,0.29849,0.29849,0.28885,0.28885,0,0
20121121,0.29849,0.29849,0.28885,0.28885,0,0
20121122,0.29849,0.29849,0.28885,0.29849,0,0
20121123,0.29849,0.29849,0.28885,0.29849,0,0
20121126,0.30812,0.30812,0.28885,0.29849,0,0
20121127,0.30812,0.30812,0.30812,0.30812,0,0
20121128,0.29849,0.30812,0.28885,0.28885,0,0
20121129,0.28885,0.30812,0.28885,0.29849,0,0
20121130,0.30812,0.30812,0.29849,0.30812,0,0
20121203,0.31776,0.31776,0.30812,0.31776,0,0
20121204,0.31776,0.31776,0.31776,0.31776,0,0
20121205,0.31776,0.32739,0.31776,0.31776,0,0
20121206,0.32739,0.32739,0.31776,0.32739,0,0
20121207,0.31776,0.31776,0.30812,0.30812,0,0
20121210,0.30812,0.30812,0.28885,0.29849,0,0
20121211,0.29849,0.29849,0.28885,0.29849,0,0
20121212,0.29849,0.29849,0.28885,0.29849,0,0
20121213,0.30812,0.30812,0.29849,0.29849,0,0
20121214,0.29849,0.30812,0.29849,0.30812,0,0
20121217,0.29849,0.29849,0.29849,0.29849,0,0
20121218,0.29849,0.30812,0.29849,0.30812,0,0
20121219,0.30812,0.31776,0.30812,0.31776,0,0
20121220,0.31776,0.31776,0.31776,0.31776,0,0
20121221,0.31776,0.31776,0.31776,0.31776,0,0
20121227,0.31776,0.31776,0.31776,0.31776,0,0
20121228,0.31776,0.31776,0.30812,0.31776,0,0
20130102,0.31776,0.32739,0.31776,0.32739,0,0
20130103,0.32739,0.32739,0.32739,0.32739,0,0
20130104,0.32739,0.33703,0.32739,0.32739,0,0
20130107,0.33703,0.34666,0.33703,0.33703,0,0
20130108,0.34666,0.34666,0.33703,0.34666,0,0
20130109,0.34666,0.3563,0.33703,0.3563,0,0
20130110,0.3563,0.36593,0.3563,0.36593,0,0
20130111,0.3563,0.36593,0.3563,0.36593,0,0
20130114,0.37547,0.37547,0.36593,0.36593,0,0
20130115,0.3563,0.36593,0.3563,0.36593,0,0
20130116,0.36593,0.36593,0.3563,0.3563,0,0
20130117,0.36593,0.36593,0.3563,0.36593,0,0
20130118,0.36593,0.37547,0.36593,0.37547,0,0
20130121,0.38511,0.38511,0.37547,0.38511,0,0
20130122,0.38511,0.38511,0.37547,0.38511,0,0
20130123,0.38511,0.39474,0.38511,0.38511,0,0
20130124,0.39474,0.41401,0.38511,0.41401,0,0
20130125,0.40438,0.40438,0.39474,0.40438,0,0
20130128,0.41401,0.41401,0.40438,0.41401,0,0
20130129,0.41401,0.41401,0.41401,0.41401,0,0
20130130,0.41401,0.42365,0.39474,0.39474,0,0
20130131,0.39474,0.41401,0.39474,0.41401,0,0
20130201,0.42365,0.42365,0.39474,0.42365,0,0
20130204,0.42365,0.42365,0.36593,0.36593,0,0
20130205,0.36593,0.38511,0.3563,0.37547,0,0
20130206,0.38511,0.38511,0.36593,0.36593,0,0
20130207,0.3563,0.38511,0.3563,0.38511,0,0
20130208,0.38511,0.38511,0.36593,0.38511,0,0
20130211,0.38511,0.38511,0.36593,0.36593,0,0
20130212,0.36593,0.38511,0.36593,0.38511,0,0
20130213,0.38511,0.38511,0.37547,0.37547,0,0
20130214,0.36593,0.37547,0.36593,0.37547,0,0
20130215,0.36593,0.37547,0.36593,0.37547,0,0
20130218,0.36593,0.36593,0.36593,0.36593,0,0
20130219,0.36593,0.36593,0.36593,0.36593,0,0
20130220,0.36593,0.36593,0.36593,0.36593,0,0
20130221,0.3563,0.3563,0.34666,0.34666,0,0
20130222,0.34666,0.3563,0.34666,0.34666,0,0
20130225,0.3563,0.37547,0.3563,0.3563,0,0
20130226,0.3563,0.3563,0.32739,0.33703,0,0
20130227,0.32739,0.32739,0.31776,0.32739,0,0
20130228,0.32444,0.33428,0.32444,0.32444,0,0
20130301,0.32739,0.32739,0.31776,0.32739,0,0
20130304,0.31776,0.32739,0.30812,0.32739,0,0
20130305,0.31776,0.32739,0.31776,0.32739,0,0
20130306,0.32739,0.33703,0.32739,0.33703,0,0
20130307,0.33703,0.33703,0.33703,0.33703,0,0
20130308,0.33703,0.34666,0.32739,0.33703,0,0
20130311,0.33703,0.33703,0.32739,0.33703,0,0
20130312,0.33703,0.33703,0.32739,0.32739,0,0
20130313,0.32739,0.33703,0.32739,0.33703,0,0
20130314,0.33703,0.33703,0.32739,0.32739,0,0
20130315,0.33703,0.33703,0.31776,0.32739,0,0
20130318,0.32739,0.32739,0.30812,0.31776,0,0
20130319,0.30812,0.30812,0.29849,0.30812,0,0
20130320,0.29849,0.31776,0.29849,0.31776,0,0
20130321,0.31776,0.31776,0.31776,0.31776,0,0
20130322,0.29849,0.30812,0.29849,0.30812,0,0
20130325,0.30812,0.30812,0.28885,0.30812,0,0
20130326,0.28885,0.29849,0.27922,0.28885,0,0
20130327,0.27922,0.28885,0.26958,0.28885,0,0
20130328,0.28885,0.29849,0.26958,0.28885,0,0
20130402,0.30812,0.30812,0.27922,0.28885,0,0
20130403,0.28885,0.28885,0.27922,0.27922,0,0
20130404,0.27922,0.29849,0.27922,0.29849,0,0
20130405,0.27922,0.28885,0.27922,0.28885,0,0
20130408,0.28885,0.28885,0.27922,0.28885,0,0
20130409,0.27922,0.28885,0.27922,0.28885,0,0
20130410,0.28885,0.30812,0.28885,0.28885,0,0
20130411,0.28885,0.29849,0.28885,0.28885,0,0
20130412,0.30812,0.30812,0.28885,0.28885,0,0
20130415,0.29849,0.29849,0.29849,0.29849,0,0
20130417,0.28512,0.29495,0.28512,0.28512,0,0
20130418,0.29849,0.29849,0.28885,0.29849,0,0
20130419,0.29849,0.30812,0.29849,0.30812,0,0
20130422,0.31776,0.32739,0.30812,0.31776,0,0
20130423,0.31776,0.33703,0.31776,0.33703,0,0
20130424,0.33703,0.34666,0.31776,0.31776,0,0
20130425,0.31776,0.33703,0.31776,0.33703,0,0
20130426,0.31461,0.33428,0.31461,0.33428,0,0
20130429,0.33703,0.34666,0.33703,0.34666,0,0
20130430,0.34411,0.34411,0.33428,0.34411,0,0
20130502,0.35394,0.35394,0.32444,0.32444,0,0
20130506,0.34666,0.34666,0.33703,0.34666,0,0
20130507,0.34411,0.35394,0.33428,0.35394,0,0
20130508,0.34411,0.35394,0.34411,0.35394,0,0
20130509,0.36377,0.36377,0.34411,0.34411,0,0
20130510,0.34411,0.35394,0.34411,0.35394,0,0
20130513,0.36377,0.36377,0.34411,0.34411,0,0
20130514,0.34411,0.35394,0.34411,0.34411,0,0
20130515,0.34411,0.35394,0.34411,0.34411,0,0
20130516,0.34411,0.36377,0.34411,0.36377,0,0
20130517,0.36377,0.36377,0.36377,0.36377,0,0
20130520,0.3736,0.3736,0.3736,0.3736,0,0
20130521,0.3736,0.38343,0.34411,0.34411,0,0
20130522,0.3736,0.3736,0.36377,0.3736,0,0
20130523,0.34411,0.3736,0.34411,0.35394,0,0
20130524,0.36377,0.36377,0.35394,0.36377,0,0
20130527,0.34411,0.36377,0.34411,0.35394,0,0
20130528,0.35394,0.3736,0.35394,0.3736,0,0
20130529,0.3736,0.38343,0.35394,0.35394,0,0
20130531,0.38343,0.38343,0.38343,0.38343,0,0
20130603,0.38343,0.38343,0.38343,0.38343,0,0
20130604,0.38343,0.38343,0.3736,0.3736,0,0
20130605,0.3736,0.38343,0.3736,0.3736,0,0
20130606,0.38343,0.38343,0.36377,0.36377,0,0
20130607,0.36377,0.36377,0.35394,0.35394,0,0
20130610,0.35394,0.35394,0.35394,0.35394,0,0
20130611,0.35394,0.35394,0.34411,0.34411,0,0
20130612,0.34411,0.35394,0.33428,0.35394,0,0
20130613,0.33428,0.35394,0.33428,0.34411,0,0
20130614,0.35394,0.35394,0.34411,0.34411,0,0
20130617,0.34411,0.34411,0.34411,0.34411,0,0
20130618,0.34411,0.35394,0.34411,0.35394,0,0
20130619,0.35394,0.35394,0.35394,0.35394,0,0
20130620,0.34411,0.34411,0.34411,0.34411,0,0
20130621,0.34411,0.34411,0.32444,0.34411,0,0
20130624,0.32444,0.34411,0.32444,0.32444,0,0
20130625,0.33428,0.33428,0.32444,0.33428,0,0
20130626,0.32444,0.33428,0.32444,0.33428,0,0
20130627,0.33428,0.33428,0.32444,0.33428,0,0
20130628,0.33428,0.33428,0.32444,0.32444,0,0
20130701,0.33428,0.33428,0.31461,0.32444,0,0
20130702,0.31461,0.32444,0.31461,0.32444,0,0
20130703,0.31461,0.32444,0.30478,0.31461,0,0
20130704,0.31461,0.32444,0.30478,0.32444,0,0
20130705,0.32444,0.33428,0.32444,0.32444,0,0
20130708,0.32444,0.33428,0.32444,0.32444,0,0
20130709,0.33428,0.33428,0.32444,0.32444,0,0
20130710,0.32444,0.32444,0.32444,0.32444,0,0
20130711,0.33428,0.33428,0.32444,0.32444,0,0
20130712,0.32444,0.32444,0.31461,0.31461,0,0
20130715,0.31461,0.33428,0.31461,0.33428,0,0
20130716,0.33428,0.33428,0.31461,0.31461,0,0
20130717,0.31461,0.31461,0.31461,0.31461,0,0
20130718,0.31461,0.33428,0.31461,0.32444,0,0
20130719,0.33428,0.33428,0.33428,0.33428,0,0
20130722,0.33428,0.34411,0.33428,0.34411,0,0
20130723,0.34411,0.35394,0.34411,0.34411,0,0
20130724,0.34411,0.35394,0.34411,0.35394,0,0
20130725,0.34411,0.35394,0.34411,0.35394,0,0
20130726,0.35394,0.35394,0.34411,0.35394,0,0
20130729,0.34411,0.35394,0.34411,0.34411,0,0
20130730,0.35394,0.35394,0.34411,0.35394,0,0
20130731,0.35394,0.35394,0.34411,0.35394,0,0
20130801,0.36377,0.3736,0.36377,0.3736,0,0
20130802,0.36377,0.3736,0.36377,0.36377,0,0
20130805,0.36377,0.36377,0.35394,0.36377,0,0
20130806,0.36377,0.3736,0.35394,0.35394,0,0
20130807,0.3736,0.38343,0.3736,0.38343,0,0
20130808,0.38343,0.39327,0.3736,0.39327,0,0
20130809,0.39327,0.4031,0.38343,0.39327,0,0
20130812,0.39327,0.4031,0.39327,0.4031,0,0
20130813,0.4031,0.41293,0.4031,0.41293,0,0
20130814,0.38343,0.41293,0.38343,0.41293,0,0
20130816,0.4031,0.41293,0.4031,0.41293,0,0
20130819,0.41293,0.41293,0.39327,0.4031,0,0
20130821,0.38343,0.39327,0.38343,0.39327,0,0
20130822,0.38343,0.4031,0.38343,0.4031,0,0
20130823,0.39327,0.39327,0.39327,0.39327,0,0
20130826,0.39327,0.39327,0.38343,0.39327,0,0
20130827,0.39327,0.39327,0.36377,0.39327,0,0
20130828,0.3736,0.39327,0.3736,0.3736,0,0
20130829,0.38343,0.38343,0.3736,0.3736,0,0
20130830,0.3736,0.3736,0.3736,0.3736,0,0
20130902,0.35394,0.38343,0.35394,0.38343,0,0
20130903,0.4031,0.4031,0.4031,0.4031,0,0
20130904,0.39327,0.39327,0.3736,0.38343,0,0
20130905,0.3736,0.38343,0.3736,0.38343,0,0
20130906,0.38343,0.38343,0.3736,0.38343,0,0
20130909,0.38343,0.39327,0.38343,0.39327,0,0
20130910,0.39327,0.39327,0.38343,0.38343,0,0
20130911,0.39327,0.4031,0.39327,0.4031,0,0
20130912,0.4031,0.4031,0.4031,0.4031,0,0
20130913,0.39327,0.39327,0.39327,0.39327,0,0
20130916,0.4031,0.4031,0.4031,0.4031,0,0
20130917,0.4031,0.4031,0.4031,0.4031,0,0
20130918,0.4031,0.41293,0.4031,0.41293,0,0
20130919,0.41293,0.42276,0.41293,0.41293,0,0
20130920,0.42276,0.42276,0.42276,0.42276,0,0
20130923,0.42276,0.42276,0.42276,0.42276,0,0
20130924,0.42276,0.42276,0.39327,0.42276,0,0
20130925,0.42276,0.42276,0.42276,0.42276,0,0
20130926,0.41293,0.43259,0.41293,0.43259,0,0
20130927,0.42276,0.42276,0.41293,0.42276,0,0
20130930,0.42276,0.42276,0.39327,0.4031,0,0
20131001,0.41293,0.41293,0.41293,0.41293,0,0
20131002,0.42276,0.44242,0.42276,0.42276,0,0
20131003,0.43259,0.44242,0.42276,0.43259,0,0
20131004,0.44242,0.44242,0.43259,0.44242,0,0
20131007,0.44242,0.45226,0.44242,0.45226,0,0
20131008,0.45226,0.46209,0.45226,0.46209,0,0
20131009,0.46209,0.46209,0.45226,0.46209,0,0
20131010,0.48175,0.48175,0.46209,0.46209,0,0
20131011,0.45226,0.46209,0.45226,0.45226,0,0
20131014,0.44242,0.46209,0.44242,0.46209,0,0
20131015,0.46209,0.46209,0.46209,0.46209,0,0
20131016,0.46209,0.46209,0.45226,0.46209,0,0
20131017,0.47192,0.47192,0.46209,0.47192,0,0
20131018,0.47192,0.49158,0.47192,0.49158,0,0
20131021,0.47192,0.48175,0.47192,0.48175,0,0
20131022,0.48175,0.48175,0.47192,0.47192,0,0
20131023,0.46209,0.47192,0.46209,0.47192,0,0
20131024,0.47192,0.47192,0.46209,0.46209,0,0
20131025,0.46209,0.46209,0.46209,0.46209,0,0
20131028,0.45226,0.45226,0.44242,0.44242,0,0
20131029,0.45226,0.46209,0.45226,0.45226,0,0
20131030,0.46209,0.47192,0.46209,0.46209,0,0
20131031,0.46209,0.46209,0.46209,0.46209,0,0
20131104,0.46209,0.46209,0.46209,0.46209,0,0
20131105,0.48175,0.48175,0.48175,0.48175,0,0
20131106,0.47192,0.47192,0.47192,0.47192,0,0
20131107,0.46209,0.47192,0.45226,0.45226,0,0
20131108,0.45226,0.45226,0.45226,0.45226,0,0
20131112,0.45226,0.47192,0.45226,0.46209,0,0
20131113,0.45226,0.46209,0.44242,0.46209,0,0
20131114,0.45226,0.45226,0.45226,0.45226,0,0
20131115,0.43259,0.44242,0.43259,0.43259,0,0
20131118,0.44242,0.44242,0.44242,0.44242,0,0
20131119,0.46209,0.46209,0.44242,0.46209,0,0
20131120,0.44242,0.44242,0.43259,0.44242,0,0
20131121,0.43259,0.44242,0.43259,0.44242,0,0
20131122,0.44242,0.44242,0.44242,0.44242,0,0
20131125,0.44242,0.44242,0.43259,0.43259,0,0
20131126,0.44242,0.44242,0.44242,0.44242,0,0
20131127,0.45226,0.45226,0.45226,0.45226,0,0
20131128,0.46209,0.47192,0.46209,0.47192,0,0
20131129,0.47192,0.47192,0.47192,0.47192,0,0
20131202,0.47192,0.47192,0.46209,0.46209,0,0
20131203,0.46209,0.46209,0.46209,0.46209,0,0
20131204,0.46209,0.46209,0.45226,0.45226,0,0
20131205,0.45226,0.45226,0.44242,0.44242,0,0
20131206,0.44242,0.45226,0.44242,0.45226,0,0
20131209,0.47192,0.47192,0.47192,0.47192,0,0
20131210,0.47192,0.47192,0.45226,0.46209,0,0
20131211,0.47192,0.47192,0.47192,0.47192,0,0
20131212,0.46209,0.46209,0.46209,0.46209,0,0
20131213,0.43259,0.46209,0.43259,0.44242,0,0
20131216,0.44242,0.45226,0.43259,0.43259,0,0
20131217,0.43259,0.46209,0.43259,0.46209,0,0
20131218,0.46209,0.46209,0.45226,0.45226,0,0
20131219,0.45226,0.47192,0.45226,0.46209,0,0
20131220,0.45226,0.47192,0.45226,0.46209,0,0
20131223,0.46209,0.47192,0.46209,0.47192,0,0
20131227,0.47192,0.47192,0.44242,0.44242,0,0
20131230,0.46209,0.46209,0.46209,0.46209,0,0
20140102,0.47192,0.47192,0.47192,0.47192,0,0
20140103,0.46209,0.47192,0.46209,0.47192,0,0
20140107,0.47192,0.5112,0.47192,0.5112,0,0
20140108,0.5014,0.5211,0.5014,0.5211,0,0
20140109,0.5014,0.5211,0.5014,0.5211,0,0
20140110,0.5211,0.5211,0.5112,0.5112,0,0
20140113,0.5211,0.5211,0.5211,0.5211,0,0
20140114,0.5112,0.5112,0.5112,0.5112,0,0
20140115,0.5211,0.5211,0.5211,0.5211,0,0
20140116,0.5309,0.5309,0.5211,0.5309,0,0
20140120,0.5112,0.5112,0.5112,0.5112,0,0
20140121,0.5112,0.5211,0.5112,0.5211,0,0
20140122,0.5211,0.5211,0.5112,0.5112,0,0
20140123,0.5112,0.5112,0.5014,0.5014,0,0
20140124,0.48175,0.49158,0.48175,0.49158,0,0
20140127,0.44242,0.49158,0.44242,0.49158,0,0
20140128,0.49158,0.49158,0.49158,0.49158,0,0
20140129,0.5014,0.5014,0.48175,0.5014,0,0
20140130,0.49158,0.5014,0.49158,0.5014,0,0
20140131,0.49158,0.49158,0.48175,0.48175,0,0
20140203,0.49158,0.49158,0.48175,0.48175,0,0
20140204,0.47192,0.47192,0.46209,0.47192,0,0
20140205,0.46209,0.48175,0.46209,0.48175,0,0
20140206,0.47192,0.47192,0.47192,0.47192,0,0
20140207,0.46209,0.49158,0.46209,0.49158,0,0
20140210,0.46209,0.49158,0.46209,0.49158,0,0
20140211,0.5014,0.5014,0.49158,0.49158,0,0
20140212,0.5014,0.5112,0.5014,0.5112,0,0
20140213,0.5014,0.5112,0.5014,0.5014,0,0
20140214,0.5014,0.5211,0.5014,0.5211,0,0
20140217,0.5211,0.5309,0.5211,0.5211,0,0
20140218,0.5211,0.5407,0.5112,0.5112,0,0
20140219,0.5506,0.5506,0.5112,0.5112,0,0
20140220,0.5014,0.5112,0.5014,0.5112,0,0
20140221,0.5112,0.5112,0.5112,0.5112,0,0
20140224,0.5112,0.5112,0.5014,0.5014,0,0
20140225,0.5112,0.5112,0.5112,0.5112,0,0
20140227,0.5309,0.5309,0.5014,0.5014,0,0
20140228,0.5014,0.5014,0.49158,0.5014,0,0
20140303,0.48175,0.48175,0.48175,0.48175,0,0
20140304,0.48175,0.5014,0.48175,0.5014,0,0
20140305,0.5014,0.5014,0.5014,0.5014,0,0
20140306,0.5506,0.5506,0.5112,0.5112,0,0
20140307,0.5309,0.5309,0.5112,0.5211,0,0
20140310,0.48175,0.5309,0.48175,0.5309,0,0
20140311,0.5309,0.5604,0.5211,0.5604,0,0
20140312,0.5604,0.5702,0.5604,0.5604,0,0
20140313,0.5506,0.5702,0.5506,0.5506,0,0
20140314,0.5211,0.5506,0.5211,0.5407,0,0
20140317,0.5801,0.5801,0.5506,0.5702,0,0
20140318,0.5801,0.5801,0.5702,0.5702,0,0
20140319,0.5702,0.5702,0.5702,0.5702,0,0
20140320,0.5604,0.5702,0.5604,0.5702,0,0
20140321,0.5702,0.5702,0.5702,0.5702,0,0
20140324,0.5702,0.5702,0.5604,0.5604,0,0
20140325,0.5506,0.5604,0.5506,0.5604,0,0
20140326,0.5407,0.5702,0.5407,0.5506,0,0
20140327,0.5604,0.5604,0.5604,0.5604,0,0
20140328,0.5801,0.5801,0.5604,0.5702,0,0
20140331,0.5604,0.5801,0.5604,0.5801,0,0
20140401,0.5801,0.5899,0.5801,0.5899,0,0
20140402,0.5899,0.5997,0.5801,0.5801,0,0
20140403,0.5899,0.5899,0.5702,0.5801,0,0
20140404,0.5899,0.5899,0.5899,0.5899,0,0
20140407,0.5899,0.5899,0.5801,0.5801,0,0
20140408,0.5801,0.5801,0.5702,0.5702,0,0
20140409,0.5702,0.5702,0.5702,0.5702,0,0
20140410,0.5604,0.5604,0.5604,0.5604,0,0
20140411,0.5604,0.5604,0.5407,0.5506,0,0
20140414,0.5407,0.5506,0.5407,0.5506,0,0
20140415,0.5506,0.5506,0.5506,0.5506,0,0
20140416,0.5407,0.5604,0.5407,0.5604,0,0
20140417,0.5604,0.5702,0.5604,0.5702,0,0
20140422,0.5702,0.5899,0.5702,0.5801,0,0
20140423,0.5801,0.5899,0.5801,0.5801,0,0
20140424,0.5801,0.5801,0.5604,0.5604,0,0
20140425,0.5506,0.5702,0.5506,0.5604,0,0
20140429,0.5702,0.5702,0.5604,0.5604,0,0
20140430,0.5702,0.5702,0.5506,0.5506,0,0
20140502,0.5604,0.5604,0.5506,0.5506,0,0
20140505,0.5604,0.5604,0.5506,0.5506,0,0
20140506,0.5506,0.5506,0.5506,0.5506,0,0
20140507,0.5309,0.5801,0.5309,0.5506,0,0
20140508,0.5309,0.5506,0.5309,0.5309,0,0
20140509,0.5604,0.5604,0.5407,0.5407,0,0
20140512,0.5407,0.5604,0.5407,0.5604,0,0
20140513,0.5506,0.5506,0.5407,0.5407,0,0
20140514,0.5506,0.5506,0.5309,0.5309,0,0
20140515,0.5309,0.5407,0.5211,0.5211,0,0
20140516,0.5211,0.5211,0.5014,0.5211,0,0
20140519,0.51,0.51,0.49,0.51,0,0
20140520,0.51,0.52,0.51,0.52,0,0
20140521,0.53,0.53,0.53,0.53,0,0
20140522,0.52,0.52,0.52,0.52,0,0
20140523,0.52,0.52,0.52,0.52,0,0
20140526,0.54,0.55,0.54,0.55,0,0
20140527,0.55,0.56,0.52,0.52,0,0
20140528,0.54,0.56,0.54,0.56,0,0
20140529,0.56,0.56,0.56,0.56,0,0
20140530,0.55,0.56,0.55,0.56,0,0
20140602,0.56,0.57,0.56,0.57,0,0
20140604,0.56,0.57,0.56,0.57,0,0
20140605,0.56,0.59,0.56,0.59,0,0
20140606,0.59,0.59,0.59,0.59,0,0
20140609,0.58,0.6,0.58,0.59,0,0
20140610,0.6,0.6,0.6,0.6,0,0
20140611,0.59,0.59,0.59,0.59,0,0
20140612,0.59,0.59,0.59,0.59,0,0
20140616,0.59,0.6,0.59,0.6,0,0
20140617,0.61,0.85,0.6,0.85,0,0
20140618,0.84,0.85,0.83,0.84,0,0
20140620,0.85,0.85,0.83,0.83,0,0
20140623,0.82,0.83,0.82,0.83,0,0
20140624,0.8,0.81,0.8,0.81,0,0
20140625,0.8,0.81,0.79,0.79,0,0
20140626,0.8,0.8,0.79,0.79,0,0
20140630,0.76,0.77,0.76,0.77,0,0
20140701,0.78,0.78,0.76,0.78,0,0
20140702,0.79,0.79,0.79,0.79,0,0
20140703,0.77,0.8,0.77,0.8,0,0
20140708,0.76,0.76,0.74,0.74,0,0
20140709,0.75,0.75,0.75,0.75,0,0
20140710,0.74,0.74,0.71,0.72,0,0
20140711,0.74,0.74,0.74,0.74,0,0
20140714,0.74,0.75,0.73,0.74,0,0
20140715,0.73,0.73,0.72,0.72,0,0
20140716,0.72,0.73,0.72,0.73,0,0
20140718,0.71,0.72,0.71,0.71,0,0
20140721,0.71,0.71,0.71,0.71,0,0
20140722,0.71,0.71,0.7,0.7,0,0
20140723,0.72,0.73,0.71,0.73,0,0
20140724,0.73,0.75,0.73,0.75,0,0
20140725,0.76,0.76,0.75,0.75,0,0
20140728,0.74,0.75,0.74,0.74,0,0
20140729,0.74,0.76,0.74,0.76,0,0
20140730,0.75,0.76,0.75,0.76,0,0
20140731,0.74,0.74,0.73,0.74,0,0
20140801,0.77,0.77,0.72,0.74,0,0
20140804,0.74,0.74,0.73,0.74,0,0
20140805,0.73,0.74,0.73,0.74,0,0
20140806,0.71,0.71,0.7,0.7,0,0
20140807,0.71,0.71,0.7,0.7,0,0
20140808,0.71,0.71,0.7,0.7,0,0
20140812,0.68,0.71,0.68,0.71,0,0
20140814,0.69,0.7,0.68,0.69,0,0
20140818,0.71,0.71,0.7,0.7,0,0
20140820,0.69,0.69,0.69,0.69,0,0
20140821,0.69,0.71,0.69,0.71,0,0
20140822,0.72,0.72,0.72,0.72,0,0
20140825,0.72,0.73,0.72,0.73,0,0
20140826,0.74,0.74,0.74,0.74,0,0
20140827,0.74,0.75,0.74,0.75,0,0
20140828,0.76,0.76,0.73,0.73,0,0
20140829,0.74,0.74,0.74,0.74,0,0
20140902,0.68,0.74,0.68,0.74,0,0
20140903,0.75,0.75,0.75,0.75,0,0
20140904,0.76,0.78,0.76,0.78,0,0
20140905,0.78,0.79,0.78,0.79,0,0
20140908,0.8,0.8,0.8,0.8,0,0
20140909,0.79,0.79,0.79,0.79,0,0
20140911,0.78,0.79,0.78,0.79,0,0
20140912,0.78,0.79,0.78,0.79,0,0
20140915,0.76,0.77,0.76,0.76,0,0
20140916,0.76,0.78,0.76,0.78,0,0
20140917,0.78,0.78,0.78,0.78,0,0
20140918,0.78,0.8,0.78,0.8,0,0
20140919,0.8,0.8,0.78,0.78,0,0
20140922,0.76,0.76,0.75,0.75,0,0
20140923,0.79,0.79,0.74,0.74,0,0
20140924,0.74,0.74,0.74,0.74,0,0
20140925,0.74,0.74,0.74,0.74,0,0
20140926,0.74,0.74,0.74,0.74,0,0
20140930,0.74,0.75,0.74,0.75,0,0
20141001,0.76,0.76,0.76,0.76,0,0
20141002,0.75,0.75,0.74,0.74,0,0
20141006,0.72,0.75,0.72,0.75,0,0
20141008,0.72,0.72,0.72,0.72,0,0
20141009,0.72,0.72,0.71,0.71,0,0
20141010,0.7,0.7,0.68,0.69,0,0
20141013,0.71,0.71,0.71,0.71,0,0
20141014,0.69,0.69,0.69,0.69,0,0
20141015,0.7,0.7,0.64,0.66,0,0
20141016,0.64,0.64,0.63,0.63,0,0
20141017,0.6,0.66,0.6,0.66,0,0
20141020,0.67,0.69,0.66,0.69,0,0
20141021,0.67,0.69,0.67,0.69,0,0
20141022,0.7,0.7,0.69,0.7,0,0
20141023,0.71,0.71,0.7,0.71,0,0
20141024,0.72,0.72,0.72,0.72,0,0
20141027,0.73,0.73,0.66,0.7,0,0
20141028,0.71,0.71,0.7,0.7,0,0
20141029,0.69,0.69,0.67,0.67,0,0
20141030,0.66,0.66,0.64,0.66,0,0
20141031,0.67,0.69,0.67,0.68,0,0
20141103,0.7,0.7,0.69,0.69,0,0
20141104,0.68,0.68,0.68,0.68,0,0
20141105,0.69,0.69,0.68,0.68,0,0
20141106,0.68,0.69,0.68,0.68,0,0
20141110,0.68,0.68,0.66,0.67,0,0
20141112,0.64,0.64,0.61,0.61,0,0
20141113,0.61,0.63,0.6,0.62,0,0
20141114,0.63,0.63,0.62,0.62,0,0
20141117,0.62,0.65,0.62,0.65,0,0
20141118,0.66,0.66,0.65,0.66,0,0
20141119,0.66,0.67,0.66,0.67,0,0
20141121,0.66,0.68,0.66,0.68,0,0
20141124,0.69,0.7,0.69,0.7,0,0
20141125,0.7,0.7,0.7,0.7,0,0
20141126,0.7,0.7,0.67,0.67,0,0
20141127,0.68,0.68,0.68,0.68,0,0
20141128,0.68,0.68,0.68,0.68,0,0
20141201,0.65,0.66,0.65,0.66,0,0
20141202,0.67,0.67,0.67,0.67,0,0
20141203,0.67,0.67,0.67,0.67,0,0
20141204,0.67,0.67,0.67,0.67,0,0
20141205,0.66,0.68,0.66,0.67,0,0
20141208,0.68,0.68,0.67,0.67,0,0
20141209,0.66,0.67,0.66,0.67,0,0
20141210,0.64,0.65,0.64,0.65,0,0
20141215,0.6,0.62,0.6,0.62,0,0
20141216,0.59,0.6,0.59,0.6,0,0
20141217,0.6,0.61,0.6,0.6,0,0
20141218,0.61,0.62,0.61,0.62,0,0
20141219,0.62,0.62,0.61,0.61,0,0
20141222,0.61,0.62,0.61,0.62,0,0
20141223,0.61,0.62,0.61,0.62,0,0
20141229,0.63,0.63,0.6,0.6,0,0
20141230,0.61,0.62,0.61,0.62,0,0
