Date,Open,High,Low,Close,Volume,OpenInt
20010131,-20,-20,-20,-20,0,0
20010228,-130,-130,-130,-130,0,0
20010330,-145,-145,-145,-145,0,0
20010430,-197,-197,-197,-197,0,0
20010531,-162,-162,-162,-162,0,0
20010629,-206,-206,-206,-206,0,0
20010731,-169,-169,-169,-169,0,0
20010831,-262,-262,-262,-262,0,0
20010928,-252,-252,-252,-252,0,0
20011031,-414,-414,-414,-414,0,0
20011130,-560,-560,-560,-560,0,0
20011231,-215,-215,-215,-215,0,0
20020131,-118,-118,-118,-118,0,0
20020228,-175,-175,-175,-175,0,0
20020329,-82,-82,-82,-82,0,0
20020430,-70,-70,-70,-70,0,0
20020531,-11,-11,-11,-11,0,0
20020628,-60,-60,-60,-60,0,0
20020731,-50,-50,-50,-50,0,0
20020830,-17,-17,-17,-17,0,0
20020930,-29,-29,-29,-29,0,0
20021031,23,23,23,23,0,0
20021129,-133,-133,-133,-133,0,0
20021231,-30,-30,-30,-30,0,0
20030131,-33,-33,-33,-33,0,0
20030228,-26,-26,-26,-26,0,0
20030331,-157,-157,-157,-157,0,0
20030430,-72,-72,-72,-72,0,0
20030530,-10,-10,-10,-10,0,0
20030630,-2,-2,-2,-2,0,0
20030731,31,31,31,31,0,0
20030829,81,81,81,81,0,0
20030930,127,127,127,127,0,0
20031031,100,100,100,100,0,0
20031128,87,87,87,87,0,0
20031231,189,189,189,189,0,0
20040130,32,32,32,32,0,0
20040227,134,134,134,134,0,0
20040331,194,194,194,194,0,0
20040430,274,274,274,274,0,0
20040531,223,223,223,223,0,0
20040630,142,142,142,142,0,0
20040730,231,231,231,231,0,0
20040831,146,146,146,146,0,0
20040930,131,131,131,131,0,0
20041029,243,243,243,243,0,0
20041130,161,161,161,161,0,0
20041231,182,182,182,182,0,0
20050131,190,190,190,190,0,0
20050228,227,227,227,227,0,0
20050331,128,128,128,128,0,0
20050429,204,204,204,204,0,0
20050531,163,163,163,163,0,0
20050630,163,163,163,163,0,0
20050729,183,183,183,183,0,0
20050831,142,142,142,142,0,0
20050930,179,179,179,179,0,0
20051031,162,162,162,162,0,0
20051130,270,270,270,270,0,0
20051230,82,82,82,82,0,0
20060131,218,218,218,218,0,0
20060228,275,275,275,275,0,0
20060331,175,175,175,175,0,0
20060428,130,130,130,130,0,0
20060531,108,108,108,108,0,0
20060630,173,173,173,173,0,0
20060731,70,70,70,70,0,0
20060831,142,142,142,142,0,0
20060929,3,3,3,3,0,0
20061031,108,108,108,108,0,0
20061130,219,219,219,219,0,0
20061229,114,114,114,114,0,0
20070131,122,122,122,122,0,0
20070228,90,90,90,90,0,0
20070330,162,162,162,162,0,0
20070430,32,32,32,32,0,0
20070531,41,41,41,41,0,0
20070629,95,95,95,95,0,0
20070731,13,13,13,13,0,0
20070831,-74,-74,-74,-74,0,0
20070928,-42,-42,-42,-42,0,0
20071031,-12,-12,-12,-12,0,0
20071130,117,117,117,117,0,0
20071231,34,34,34,34,0,0
20080131,34,34,34,34,0,0
20080229,-72,-72,-72,-72,0,0
20080331,-42,-42,-42,-42,0,0
20080430,-120,-120,-120,-120,0,0
20080530,-115,-115,-115,-115,0,0
20080630,-179,-179,-179,-179,0,0
20080731,-174,-174,-174,-174,0,0
20080829,-268,-268,-268,-268,0,0
20080930,-290,-290,-290,-290,0,0
20081031,-416,-416,-416,-416,0,0
20081128,-577,-577,-577,-577,0,0
20081231,-686,-686,-686,-686,0,0
20090130,-760,-760,-760,-760,0,0
20090227,-744,-744,-744,-744,0,0
20090331,-759,-759,-759,-759,0,0
20090430,-615,-615,-615,-615,0,0
20090529,-439,-439,-439,-439,0,0
20090630,-433,-433,-433,-433,0,0
20090731,-357,-357,-357,-357,0,0
20090831,-235,-235,-235,-235,0,0
20090930,-186,-186,-186,-186,0,0
20091030,-140,-140,-140,-140,0,0
20091130,-124,-124,-124,-124,0,0
20091231,-99,-99,-99,-99,0,0
20100129,-50,-50,-50,-50,0,0
20100226,4,4,4,4,0,0
20100331,49,49,49,49,0,0
20100430,113,113,113,113,0,0
20100531,42,42,42,42,0,0
20100630,50,50,50,50,0,0
20100730,31,31,31,31,0,0
20100831,63,63,63,63,0,0
20100930,32,32,32,32,0,0
20101029,79,79,79,79,0,0
20101130,122,122,122,122,0,0
20101231,246,246,246,246,0,0
20110131,190,190,190,190,0,0
20110228,205,205,205,205,0,0
20110331,203,203,203,203,0,0
20110429,179,179,179,179,0,0
20110531,35,35,35,35,0,0
20110630,144,144,144,144,0,0
20110729,107,107,107,107,0,0
20110831,85,85,85,85,0,0
20110930,130,130,130,130,0,0
20111031,146,146,146,146,0,0
20111130,204,204,204,204,0,0
20111230,292,292,292,292,0,0
20120131,173,173,173,173,0,0
20120229,230,230,230,230,0,0
20120330,201,201,201,201,0,0
20120430,113,113,113,113,0,0
20120531,136,136,136,136,0,0
20120629,172,172,172,172,0,0
20120731,163,163,163,163,0,0
20120831,201,201,201,201,0,0
20120928,88,88,88,88,0,0
20121031,158,158,158,158,0,0
20121130,118,118,118,118,0,0
20121231,185,185,185,185,0,0
20130131,215,215,215,215,0,0
20130228,237,237,237,237,0,0
20130329,131,131,131,131,0,0
20130430,113,113,113,113,0,0
20130531,134,134,134,134,0,0
20130628,198,198,198,198,0,0
20130731,198,198,198,198,0,0
20130830,159,159,159,159,0,0
20130930,145,145,145,145,0,0
20131031,184,184,184,184,0,0
20131129,229,229,229,229,0,0
20131231,227,227,227,227,0,0
20140131,127,127,127,127,0,0
20140228,178,178,178,178,0,0
20140331,209,209,209,209,0,0
20140430,215,215,215,215,0,0
20140530,179,179,179,179,0,0
20140630,281,281,281,281,0,0
20140731,212,212,212,212,0,0
20140829,202,202,202,202,0,0
20140930,225,225,225,225,0,0
20141031,233,233,233,233,0,0
20141128,208,208,208,208,0,0
