Date,Open,High,Low,Close,Volume,OpenInt
20100426,97.470000,97.470000,97.470000,97.470000,0,0
20100427,97.260000,97.260000,97.260000,97.260000,0,0
20100428,96.830000,96.830000,96.830000,96.830000,0,0
20100429,97.010000,97.010000,97.010000,97.010000,0,0
20100430,97.180000,97.180000,97.180000,97.180000,0,0
20100504,96.630000,96.630000,96.630000,96.630000,0,0
20100505,95.540000,95.540000,95.540000,95.540000,0,0
20100506,95.700000,95.700000,95.700000,95.700000,0,0
20100507,95.610000,95.610000,95.610000,95.610000,0,0
20100510,97.050000,97.050000,97.050000,97.050000,0,0
20100511,97.250000,97.250000,97.250000,97.250000,0,0
20100512,97.360000,97.360000,97.360000,97.360000,0,0
20100513,97.160000,97.160000,97.160000,97.160000,0,0
20100514,96.990000,96.990000,96.990000,96.990000,0,0
20100517,96.800000,96.800000,96.800000,96.800000,0,0
20100518,97.050000,97.050000,97.050000,97.050000,0,0
20100519,96.690000,96.690000,96.690000,96.690000,0,0
20100520,96.390000,96.390000,96.390000,96.390000,0,0
20100521,95.980000,95.980000,95.980000,95.980000,0,0
20100524,95.980000,95.980000,95.980000,95.980000,0,0
20100525,95.040000,95.040000,95.040000,95.040000,0,0
20100526,95.200000,95.200000,95.200000,95.200000,0,0
20100527,95.710000,95.710000,95.710000,95.710000,0,0
20100528,96.140000,96.140000,96.140000,96.140000,0,0
20100531,96.130000,96.130000,96.130000,96.130000,0,0
20100601,95.780000,95.780000,95.780000,95.780000,0,0
20100602,95.800000,95.800000,95.800000,95.800000,0,0
20100604,95.570000,95.570000,95.570000,95.570000,0,0
20100607,95.480000,95.480000,95.480000,95.480000,0,0
20100608,95.420000,95.420000,95.420000,95.420000,0,0
20100609,95.570000,95.570000,95.570000,95.570000,0,0
20100610,95.580000,95.580000,95.580000,95.580000,0,0
20100611,95.570000,95.570000,95.570000,95.570000,0,0
20100614,95.690000,95.690000,95.690000,95.690000,0,0
20100615,95.790000,95.790000,95.790000,95.790000,0,0
20100616,95.650000,95.650000,95.650000,95.650000,0,0
20100617,95.550000,95.550000,95.550000,95.550000,0,0
20100618,95.230000,95.230000,95.230000,95.230000,0,0
20100621,95.290000,95.290000,95.290000,95.290000,0,0
20100622,94.920000,94.920000,94.920000,94.920000,0,0
20100623,94.660000,94.660000,94.660000,94.660000,0,0
20100624,94.440000,94.440000,94.440000,94.440000,0,0
20100625,94.380000,94.380000,94.380000,94.380000,0,0
20100628,94.420000,94.420000,94.420000,94.420000,0,0
20100629,94.420000,94.420000,94.420000,94.420000,0,0
20100630,94.770000,94.770000,94.770000,94.770000,0,0
20100701,94.720000,94.720000,94.720000,94.720000,0,0
20100702,95.080000,95.080000,95.080000,95.080000,0,0
20100705,95.330000,95.330000,95.330000,95.330000,0,0
20100706,95.620000,95.620000,95.620000,95.620000,0,0
20100707,96.020000,96.020000,96.020000,96.020000,0,0
20100708,95.800000,95.800000,95.800000,95.800000,0,0
20100709,95.680000,95.680000,95.680000,95.680000,0,0
20100712,95.860000,95.860000,95.860000,95.860000,0,0
20100713,95.600000,95.600000,95.600000,95.600000,0,0
20100714,95.560000,95.560000,95.560000,95.560000,0,0
20100715,95.620000,95.620000,95.620000,95.620000,0,0
20100716,95.610000,95.610000,95.610000,95.610000,0,0
20100719,95.190000,95.190000,95.190000,95.190000,0,0
20100720,95.250000,95.250000,95.250000,95.250000,0,0
20100721,95.330000,95.330000,95.330000,95.330000,0,0
20100722,95.390000,95.390000,95.390000,95.390000,0,0
20100723,95.460000,95.460000,95.460000,95.460000,0,0
20100726,95.660000,95.660000,95.660000,95.660000,0,0
20100727,95.800000,95.800000,95.800000,95.800000,0,0
20100728,95.650000,95.650000,95.650000,95.650000,0,0
20100729,95.660000,95.660000,95.660000,95.660000,0,0
20100730,95.290000,95.290000,95.290000,95.290000,0,0
20100802,95.440000,95.440000,95.440000,95.440000,0,0
20100803,95.300000,95.300000,95.300000,95.300000,0,0
20100804,95.470000,95.470000,95.470000,95.470000,0,0
20100805,95.740000,95.740000,95.740000,95.740000,0,0
20100806,95.660000,95.660000,95.660000,95.660000,0,0
20100809,95.720000,95.720000,95.720000,95.720000,0,0
20100810,95.760000,95.760000,95.760000,95.760000,0,0
20100811,95.840000,95.840000,95.840000,95.840000,0,0
20100812,95.870000,95.870000,95.870000,95.870000,0,0
20100813,95.990000,95.990000,95.990000,95.990000,0,0
20100816,96.200000,96.200000,96.200000,96.200000,0,0
20100817,97.220000,97.220000,97.220000,97.220000,0,0
20100818,97.660000,97.660000,97.660000,97.660000,0,0
20100819,97.740000,97.740000,97.740000,97.740000,0,0
20100820,99.730000,99.730000,99.730000,99.730000,0,0
20100823,98.890000,98.890000,98.890000,98.890000,0,0
20100824,99.210000,99.210000,99.210000,99.210000,0,0
20100825,99.310000,99.310000,99.310000,99.310000,0,0
20100826,99.010000,99.010000,99.010000,99.010000,0,0
20100827,98.930000,98.930000,98.930000,98.930000,0,0
20100830,98.720000,98.720000,98.720000,98.720000,0,0
20100831,98.580000,98.580000,98.580000,98.580000,0,0
20100901,98.530000,98.530000,98.530000,98.530000,0,0
20100902,98.110000,98.110000,98.110000,98.110000,0,0
20100903,97.400000,97.400000,97.400000,97.400000,0,0
20100906,97.190000,97.190000,97.190000,97.190000,0,0
20100907,98.080000,98.080000,98.080000,98.080000,0,0
20100908,97.970000,97.970000,97.970000,97.970000,0,0
20100909,98.190000,98.190000,98.190000,98.190000,0,0
20100910,98.320000,98.320000,98.320000,98.320000,0,0
20100913,97.980000,97.980000,97.980000,97.980000,0,0
20100914,98.140000,98.140000,98.140000,98.140000,0,0
20100915,98.380000,98.380000,98.380000,98.380000,0,0
20100916,98.420000,98.420000,98.420000,98.420000,0,0
20100917,98.260000,98.260000,98.260000,98.260000,0,0
20100920,98.200000,98.200000,98.200000,98.200000,0,0
20100921,98.100000,98.100000,98.100000,98.100000,0,0
20100922,98.250000,98.250000,98.250000,98.250000,0,0
20100923,98.190000,98.190000,98.190000,98.190000,0,0
20100924,98.100000,98.100000,98.100000,98.100000,0,0
20100927,98.060000,98.060000,98.060000,98.060000,0,0
20100928,98.060000,98.060000,98.060000,98.060000,0,0
20100929,98.150000,98.150000,98.150000,98.150000,0,0
20100930,98.180000,98.180000,98.180000,98.180000,0,0
20101001,98.310000,98.310000,98.310000,98.310000,0,0
20101004,98.400000,98.400000,98.400000,98.400000,0,0
20101005,98.340000,98.340000,98.340000,98.340000,0,0
20101006,98.510000,98.510000,98.510000,98.510000,0,0
20101007,98.490000,98.490000,98.490000,98.490000,0,0
20101008,98.530000,98.530000,98.530000,98.530000,0,0
20101011,98.540000,98.540000,98.540000,98.540000,0,0
20101012,98.470000,98.470000,98.470000,98.470000,0,0
20101013,98.190000,98.190000,98.190000,98.190000,0,0
20101014,98.110000,98.110000,98.110000,98.110000,0,0
20101015,97.890000,97.890000,97.890000,97.890000,0,0
20101018,97.500000,97.500000,97.500000,97.500000,0,0
20101019,97.360000,97.360000,97.360000,97.360000,0,0
20101020,97.460000,97.460000,97.460000,97.460000,0,0
20101021,97.600000,97.600000,97.600000,97.600000,0,0
20101022,97.450000,97.450000,97.450000,97.450000,0,0
20101025,97.390000,97.390000,97.390000,97.390000,0,0
20101026,96.930000,96.930000,96.930000,96.930000,0,0
20101027,96.900000,96.900000,96.900000,96.900000,0,0
20101028,97.030000,97.030000,97.030000,97.030000,0,0
20101029,97.040000,97.040000,97.040000,97.040000,0,0
20101102,96.800000,96.800000,96.800000,96.800000,0,0
20101103,97.050000,97.050000,97.050000,97.050000,0,0
20101104,97.090000,97.090000,97.090000,97.090000,0,0
20101105,97.040000,97.040000,97.040000,97.040000,0,0
20101108,97.050000,97.050000,97.050000,97.050000,0,0
20101109,97.180000,97.180000,97.180000,97.180000,0,0
20101110,96.800000,96.800000,96.800000,96.800000,0,0
20101112,96.540000,96.540000,96.540000,96.540000,0,0
20101115,96.430000,96.430000,96.430000,96.430000,0,0
20101116,96.440000,96.440000,96.440000,96.440000,0,0
20101117,96.030000,96.030000,96.030000,96.030000,0,0
20101118,95.630000,95.630000,95.630000,95.630000,0,0
20101119,95.380000,95.380000,95.380000,95.380000,0,0
20101122,95.520000,95.520000,95.520000,95.520000,0,0
20101123,95.280000,95.280000,95.280000,95.280000,0,0
20101124,94.810000,94.810000,94.810000,94.810000,0,0
20101125,94.210000,94.210000,94.210000,94.210000,0,0
20101126,93.800000,93.800000,93.800000,93.800000,0,0
20101129,93.360000,93.360000,93.360000,93.360000,0,0
20101130,94.180000,94.180000,94.180000,94.180000,0,0
20101201,94.520000,94.520000,94.520000,94.520000,0,0
20101202,94.500000,94.500000,94.500000,94.500000,0,0
20101203,94.900000,94.900000,94.900000,94.900000,0,0
20101206,94.960000,94.960000,94.960000,94.960000,0,0
20101207,95.040000,95.040000,95.040000,95.040000,0,0
20101208,94.790000,94.790000,94.790000,94.790000,0,0
20101209,94.620000,94.620000,94.620000,94.620000,0,0
20101210,94.600000,94.600000,94.600000,94.600000,0,0
20101213,94.570000,94.570000,94.570000,94.570000,0,0
20101214,94.700000,94.700000,94.700000,94.700000,0,0
20101215,94.740000,94.740000,94.740000,94.740000,0,0
20101216,94.750000,94.750000,94.750000,94.750000,0,0
20101217,94.780000,94.780000,94.780000,94.780000,0,0
20101220,94.720000,94.720000,94.720000,94.720000,0,0
20101221,94.650000,94.650000,94.650000,94.650000,0,0
20101222,94.620000,94.620000,94.620000,94.620000,0,0
20101223,94.470000,94.470000,94.470000,94.470000,0,0
20101227,94.480000,94.480000,94.480000,94.480000,0,0
20101228,94.530000,94.530000,94.530000,94.530000,0,0
20101229,94.480000,94.480000,94.480000,94.480000,0,0
20101230,94.130000,94.130000,94.130000,94.130000,0,0
20110103,94.060000,94.060000,93.760000,93.760000,0,0
20110104,93.730000,93.730000,93.520000,93.520000,0,0
20110105,93.390000,93.440000,93.390000,93.440000,0,0
20110107,93.400000,93.400000,93.360000,93.360000,0,0
20110110,93.250000,93.250000,93.010000,93.010000,0,0
20110111,92.990000,93.020000,92.990000,93.020000,0,0
20110112,92.990000,92.990000,92.880000,92.880000,0,0
20110113,92.670000,92.670000,92.310000,92.310000,0,0
20110114,91.960000,92.030000,91.960000,92.030000,0,0
20110117,92.050000,92.410000,92.050000,92.410000,0,0
20110118,92.370000,92.370000,92.290000,92.290000,0,0
20110119,92.230000,92.430000,92.230000,92.430000,0,0
20110120,92.400000,92.400000,92.330000,92.330000,0,0
20110121,92.110000,92.330000,92.110000,92.330000,0,0
20110124,92.400000,92.760000,92.400000,92.760000,0,0
20110125,93.140000,93.140000,93.030000,93.030000,0,0
20110126,93.070000,93.070000,92.810000,92.810000,0,0
20110127,92.730000,92.730000,92.470000,92.470000,0,0
20110128,92.340000,92.340000,92.250000,92.250000,0,0
20110131,91.900000,92.310000,91.900000,92.310000,0,0
20110201,92.380000,92.570000,92.380000,92.570000,0,0
20110202,93.120000,93.120000,93.070000,93.070000,0,0
20110203,93.110000,93.110000,93.090000,93.090000,0,0
20110204,93.010000,93.010000,92.850000,92.850000,0,0
20110207,92.800000,92.800000,92.750000,92.750000,0,0
20110208,92.900000,92.910000,92.900000,92.910000,0,0
20110209,92.690000,92.690000,92.650000,92.650000,0,0
20110210,92.560000,92.560000,92.550000,92.550000,0,0
20110211,92.540000,92.690000,92.540000,92.690000,0,0
20110214,92.740000,92.800000,92.740000,92.800000,0,0
20110215,92.930000,92.930000,92.410000,92.410000,0,0
20110216,92.380000,92.500000,92.380000,92.500000,0,0
20110217,92.670000,92.700000,92.670000,92.700000,0,0
20110218,92.780000,92.780000,92.700000,92.700000,0,0
20110221,92.720000,92.830000,92.720000,92.830000,0,0
20110222,92.660000,92.750000,92.660000,92.750000,0,0
20110223,92.780000,92.780000,92.730000,92.730000,0,0
20110224,92.620000,92.640000,92.620000,92.640000,0,0
20110225,92.590000,92.620000,92.590000,92.620000,0,0
20110228,92.720000,93.070000,92.720000,93.070000,0,0
20110301,93.070000,93.070000,93.000000,93.000000,0,0
20110302,93.080000,93.080000,92.910000,92.910000,0,0
20110303,92.930000,92.930000,92.730000,92.730000,0,0
20110304,92.590000,92.620000,92.590000,92.620000,0,0
20110307,92.660000,92.660000,92.610000,92.610000,0,0
20110308,92.470000,92.470000,92.320000,92.320000,0,0
20110309,92.450000,92.450000,92.380000,92.380000,0,0
20110310,92.340000,92.520000,92.340000,92.520000,0,0
20110311,92.500000,92.500000,92.390000,92.390000,0,0
20110314,92.650000,92.810000,92.650000,92.810000,0,0
20110315,92.830000,92.930000,92.830000,92.930000,0,0
20110316,92.710000,92.830000,92.710000,92.830000,0,0
20110317,92.740000,92.810000,92.740000,92.810000,0,0
20110318,92.900000,92.900000,92.790000,92.790000,0,0
20110321,92.780000,92.780000,92.720000,92.720000,0,0
20110322,92.900000,92.900000,92.740000,92.740000,0,0
20110323,92.710000,92.720000,92.710000,92.720000,0,0
20110324,92.690000,92.710000,92.690000,92.710000,0,0
20110325,92.720000,92.770000,92.720000,92.770000,0,0
20110328,92.770000,92.770000,92.580000,92.580000,0,0
20110329,92.560000,92.610000,92.560000,92.610000,0,0
20110330,92.620000,92.700000,92.620000,92.700000,0,0
20110331,92.720000,92.850000,92.720000,92.850000,0,0
20110401,92.820000,92.870000,92.820000,92.870000,0,0
20110404,93.000000,93.300000,93.000000,93.300000,0,0
20110405,93.360000,93.600000,93.360000,93.600000,0,0
20110406,93.820000,93.820000,93.720000,93.720000,0,0
20110407,93.590000,93.630000,93.590000,93.630000,0,0
20110408,93.570000,93.600000,93.570000,93.600000,0,0
20110411,93.660000,93.660000,93.610000,93.610000,0,0
20110412,93.620000,93.620000,93.610000,93.610000,0,0
20110413,93.590000,93.590000,93.440000,93.440000,0,0
20110414,93.400000,93.500000,93.400000,93.500000,0,0
20110415,93.610000,93.700000,93.610000,93.700000,0,0
20110418,93.750000,93.750000,93.710000,93.710000,0,0
20110419,93.660000,93.670000,93.660000,93.670000,0,0
20110420,93.710000,93.740000,93.710000,93.740000,0,0
20110421,94.000000,94.090000,94.000000,94.090000,0,0
20110426,94.140000,94.140000,94.020000,94.020000,0,0
20110427,93.950000,93.950000,93.840000,93.840000,0,0
20110428,93.840000,93.840000,93.800000,93.800000,0,0
20110429,93.830000,93.840000,93.830000,93.840000,0,0
20110502,93.870000,93.890000,93.870000,93.890000,0,0
20110504,93.910000,93.990000,93.910000,93.990000,0,0
20110505,94.000000,94.030000,94.000000,94.030000,0,0
20110506,94.240000,94.240000,94.200000,94.200000,0,0
20110509,94.260000,94.310000,94.260000,94.310000,0,0
20110510,94.330000,94.330000,94.280000,94.280000,0,0
20110511,94.240000,94.240000,94.240000,94.240000,0,0
20110512,94.240000,94.240000,94.130000,94.130000,0,0
20110513,94.120000,94.210000,94.120000,94.210000,0,0
20110516,94.230000,94.230000,94.220000,94.220000,0,0
20110517,94.220000,94.280000,94.220000,94.280000,0,0
20110518,94.350000,94.630000,94.350000,94.630000,0,0
20110519,94.600000,94.600000,94.420000,94.420000,0,0
20110520,94.450000,94.510000,94.450000,94.510000,0,0
20110523,94.320000,94.340000,94.320000,94.340000,0,0
20110524,94.320000,94.320000,94.310000,94.310000,0,0
20110525,94.290000,94.290000,94.160000,94.160000,0,0
20110526,94.230000,94.230000,94.020000,94.020000,0,0
20110527,94.080000,94.180000,94.080000,94.180000,0,0
20110530,94.220000,94.240000,94.220000,94.240000,0,0
20110531,94.320000,94.400000,94.320000,94.400000,0,0
20110601,94.520000,94.520000,94.510000,94.510000,0,0
20110602,94.560000,94.560000,94.560000,94.560000,0,0
20110603,94.560000,94.890000,94.560000,94.890000,0,0
20110606,94.860000,94.940000,94.860000,94.940000,0,0
20110607,95.120000,95.120000,94.960000,94.960000,0,0
20110608,94.990000,95.350000,94.990000,95.350000,0,0
20110609,95.610000,95.650000,95.610000,95.650000,0,0
20110610,95.820000,95.900000,95.820000,95.900000,0,0
20110613,95.890000,95.890000,95.740000,95.740000,0,0
20110614,95.740000,95.740000,95.550000,95.550000,0,0
20110615,95.630000,95.630000,95.550000,95.550000,0,0
20110616,95.450000,95.450000,95.340000,95.340000,0,0
20110617,95.100000,95.270000,95.100000,95.270000,0,0
20110620,95.070000,95.320000,95.070000,95.320000,0,0
20110621,95.730000,95.750000,95.730000,95.750000,0,0
20110622,95.780000,95.780000,95.740000,95.740000,0,0
20110624,95.590000,95.610000,95.590000,95.610000,0,0
20110627,95.410000,95.780000,95.410000,95.780000,0,0
20110628,95.770000,95.770000,95.650000,95.650000,0,0
20110629,95.640000,95.820000,95.640000,95.820000,0,0
20110630,96.140000,96.420000,96.140000,96.420000,0,0
20110701,96.390000,96.510000,96.390000,96.510000,0,0
20110704,96.510000,96.510000,96.500000,96.500000,0,0
20110705,96.400000,96.400000,96.400000,96.400000,0,0
20110706,96.260000,96.270000,96.260000,96.270000,0,0
20110707,96.420000,96.420000,96.300000,96.300000,0,0
20110708,96.350000,96.350000,96.270000,96.270000,0,0
20110711,96.110000,96.110000,95.840000,95.840000,0,0
20110712,95.200000,95.430000,95.200000,95.430000,0,0
20110713,95.560000,95.770000,95.560000,95.770000,0,0
20110714,95.900000,96.070000,95.900000,96.070000,0,0
20110715,95.930000,95.930000,95.930000,95.930000,0,0
20110718,95.650000,95.650000,95.560000,95.560000,0,0
20110719,95.630000,95.770000,95.630000,95.770000,0,0
20110720,95.790000,95.950000,95.790000,95.950000,0,0
20110721,96.200000,96.200000,96.120000,96.120000,0,0
20110722,96.240000,96.240000,95.980000,95.980000,0,0
20110725,95.760000,95.810000,95.760000,95.810000,0,0
20110726,96.040000,96.110000,96.040000,96.110000,0,0
20110727,96.060000,96.060000,96.040000,96.040000,0,0
20110728,96.050000,96.090000,96.050000,96.090000,0,0
20110729,96.030000,96.110000,96.030000,96.110000,0,0
20110801,96.280000,96.280000,96.170000,96.170000,0,0
20110802,96.160000,96.540000,96.160000,96.540000,0,0
20110803,96.820000,96.820000,96.700000,96.700000,0,0
20110804,96.510000,96.890000,96.510000,96.890000,0,0
20110805,96.830000,96.830000,96.650000,96.650000,0,0
20110808,96.540000,96.540000,96.220000,96.220000,0,0
20110809,95.900000,95.900000,95.850000,95.850000,0,0
20110810,96.280000,96.330000,96.280000,96.330000,0,0
20110811,95.790000,95.790000,95.470000,95.470000,0,0
20110812,95.690000,95.750000,95.690000,95.750000,0,0
20110816,96.010000,96.310000,96.010000,96.310000,0,0
20110817,96.410000,96.850000,96.410000,96.850000,0,0
20110818,97.210000,97.210000,96.880000,96.880000,0,0
20110819,96.930000,97.110000,96.930000,97.110000,0,0
20110822,97.280000,97.380000,97.280000,97.380000,0,0
20110823,97.550000,97.550000,97.510000,97.510000,0,0
20110824,97.570000,97.610000,97.570000,97.610000,0,0
20110825,97.290000,97.290000,97.260000,97.260000,0,0
20110826,97.290000,97.290000,97.270000,97.270000,0,0
20110829,97.440000,97.550000,97.440000,97.550000,0,0
20110830,97.490000,97.640000,97.490000,97.640000,0,0
20110831,97.580000,97.830000,97.580000,97.830000,0,0
20110901,97.760000,97.790000,97.760000,97.790000,0,0
20110902,97.700000,97.830000,97.700000,97.830000,0,0
20110905,97.840000,98.070000,97.840000,98.070000,0,0
20110906,98.380000,98.720000,98.380000,98.720000,0,0
20110907,98.670000,98.670000,98.470000,98.470000,0,0
20110908,98.380000,98.420000,98.380000,98.420000,0,0
20110909,98.030000,98.030000,97.440000,97.440000,0,0
20110912,96.780000,96.870000,96.780000,96.870000,0,0
20110913,96.740000,96.880000,96.740000,96.880000,0,0
20110914,96.250000,96.250000,95.980000,95.980000,0,0
20110915,96.030000,96.420000,96.030000,96.420000,0,0
20110916,96.240000,96.260000,96.240000,96.260000,0,0
20110919,95.930000,95.930000,95.410000,95.410000,0,0
20110920,95.520000,95.770000,95.520000,95.770000,0,0
20110921,95.740000,95.740000,95.490000,95.490000,0,0
20110922,94.850000,94.850000,94.510000,94.510000,0,0
20110923,94.420000,95.070000,94.420000,95.070000,0,0
20110926,95.010000,95.370000,95.010000,95.370000,0,0
20110927,95.780000,96.230000,95.780000,96.230000,0,0
20110928,96.070000,96.070000,95.850000,95.850000,0,0
20110929,95.940000,95.940000,95.810000,95.810000,0,0
20110930,95.730000,95.730000,95.660000,95.660000,0,0
20111003,95.400000,95.550000,95.400000,95.550000,0,0
20111004,95.350000,95.370000,95.350000,95.370000,0,0
20111005,95.530000,96.030000,95.530000,96.030000,0,0
20111006,96.340000,96.410000,96.340000,96.410000,0,0
20111007,96.550000,96.900000,96.550000,96.900000,0,0
20111010,97.550000,97.550000,97.510000,97.510000,0,0
20111011,97.360000,97.360000,97.020000,97.020000,0,0
20111012,97.270000,97.350000,97.270000,97.350000,0,0
20111013,97.340000,97.340000,96.880000,96.880000,0,0
20111014,97.070000,97.070000,97.020000,97.020000,0,0
20111017,97.210000,97.210000,96.900000,96.900000,0,0
20111018,96.720000,96.720000,96.660000,96.660000,0,0
20111019,96.870000,96.870000,96.870000,96.870000,0,0
20111020,96.740000,96.740000,96.680000,96.680000,0,0
20111021,96.530000,96.860000,96.530000,96.860000,0,0
20111024,96.760000,96.760000,96.640000,96.640000,0,0
20111025,96.730000,96.810000,96.730000,96.810000,0,0
20111026,97.060000,97.060000,97.030000,97.030000,0,0
20111027,97.300000,97.300000,97.300000,97.300000,0,0
20111028,97.420000,97.420000,97.220000,97.220000,0,0
20111031,97.120000,97.120000,97.100000,97.100000,0,0
20111102,96.870000,96.990000,96.870000,96.990000,0,0
20111103,96.910000,97.230000,96.910000,97.230000,0,0
20111104,97.250000,97.250000,97.090000,97.090000,0,0
20111107,96.940000,97.120000,96.940000,97.120000,0,0
20111108,97.140000,97.190000,97.140000,97.190000,0,0
20111109,97.100000,97.100000,96.900000,96.900000,0,0
20111110,96.880000,96.880000,96.500000,96.500000,0,0
20111114,96.590000,96.590000,96.420000,96.420000,0,0
20111115,96.350000,96.350000,96.260000,96.260000,0,0
20111116,96.300000,96.550000,96.300000,96.550000,0,0
20111117,96.450000,96.560000,96.450000,96.560000,0,0
20111118,96.670000,96.780000,96.670000,96.780000,0,0
20111121,96.680000,96.680000,96.360000,96.360000,0,0
20111122,96.530000,96.530000,96.420000,96.420000,0,0
20111123,96.240000,96.240000,95.240000,95.240000,0,0
20111124,95.300000,95.300000,94.990000,94.990000,0,0
20111125,94.390000,94.710000,94.390000,94.710000,0,0
20111128,94.820000,94.840000,94.820000,94.840000,0,0
20111129,94.870000,95.010000,94.870000,95.010000,0,0
20111130,94.990000,95.530000,94.990000,95.530000,0,0
20111201,95.660000,95.790000,95.660000,95.790000,0,0
20111202,96.000000,96.020000,96.000000,96.020000,0,0
20111205,96.100000,96.610000,96.100000,96.610000,0,0
20111206,96.470000,96.470000,96.130000,96.130000,0,0
20111207,96.260000,96.260000,95.860000,95.860000,0,0
20111208,95.860000,95.860000,95.430000,95.430000,0,0
20111209,95.650000,95.940000,95.650000,95.940000,0,0
20111212,95.880000,95.880000,95.450000,95.450000,0,0
20111213,95.490000,95.710000,95.490000,95.710000,0,0
20111214,95.560000,95.560000,95.480000,95.480000,0,0
20111215,95.540000,95.680000,95.540000,95.680000,0,0
20111216,95.870000,95.870000,95.840000,95.840000,0,0
20111219,95.900000,95.900000,95.870000,95.870000,0,0
20111220,95.890000,96.150000,95.890000,96.150000,0,0
20111221,96.220000,96.290000,96.220000,96.290000,0,0
20111222,96.260000,96.280000,96.260000,96.280000,0,0
20111223,96.270000,96.290000,96.270000,96.290000,0,0
20111227,96.310000,96.320000,96.310000,96.320000,0,0
20111228,96.360000,96.360000,96.190000,96.190000,0,0
20111229,96.140000,96.140000,96.080000,96.080000,0,0
20111230,96.100000,96.100000,96.010000,96.010000,0,0
20120102,96.210000,96.210000,96.100000,96.100000,0,0
20120103,96.080000,96.180000,96.080000,96.180000,0,0
20120104,95.950000,95.950000,95.700000,95.700000,0,0
20120105,95.430000,95.770000,95.430000,95.770000,0,0
20120109,96.050000,96.050000,96.040000,96.040000,0,0
20120110,96.080000,96.700000,96.080000,96.700000,0,0
20120111,97.010000,97.010000,96.650000,96.650000,0,0
20120112,96.900000,96.900000,96.880000,96.880000,0,0
20120113,96.740000,96.740000,96.520000,96.520000,0,0
20120116,96.740000,96.740000,96.690000,96.690000,0,0
20120117,96.890000,97.010000,96.890000,97.010000,0,0
20120118,97.140000,97.500000,97.140000,97.500000,0,0
20120119,97.600000,97.600000,97.530000,97.530000,0,0
20120120,97.480000,97.630000,97.480000,97.630000,0,0
20120123,97.730000,97.890000,97.730000,97.890000,0,0
20120124,97.700000,97.700000,97.410000,97.410000,0,0
20120125,97.480000,97.480000,97.350000,97.350000,0,0
20120126,97.670000,97.960000,97.670000,97.960000,0,0
20120127,98.040000,98.040000,97.900000,97.900000,0,0
20120130,97.800000,97.800000,97.640000,97.640000,0,0
20120131,98.050000,98.290000,98.050000,98.290000,0,0
20120201,98.510000,98.530000,98.510000,98.530000,0,0
20120202,98.500000,98.500000,98.460000,98.460000,0,0
20120203,98.500000,98.590000,98.500000,98.590000,0,0
20120206,98.320000,98.330000,98.320000,98.330000,0,0
20120207,98.160000,98.360000,98.160000,98.360000,0,0
20120208,98.540000,98.560000,98.540000,98.560000,0,0
20120209,98.500000,98.500000,98.380000,98.380000,0,0
20120210,98.240000,98.300000,98.240000,98.300000,0,0
20120213,98.460000,98.460000,98.430000,98.430000,0,0
20120214,98.390000,98.470000,98.390000,98.470000,0,0
20120215,98.670000,98.670000,98.600000,98.600000,0,0
20120216,98.450000,98.510000,98.450000,98.510000,0,0
20120217,98.640000,98.640000,98.630000,98.630000,0,0
20120220,98.760000,98.770000,98.760000,98.770000,0,0
20120221,98.680000,98.680000,98.600000,98.600000,0,0
20120222,98.520000,98.520000,98.400000,98.400000,0,0
20120223,98.550000,98.550000,98.510000,98.510000,0,0
20120224,98.670000,98.670000,98.570000,98.570000,0,0
20120227,98.400000,98.590000,98.400000,98.590000,0,0
20120228,98.740000,98.740000,98.740000,98.740000,0,0
20120229,98.890000,99.110000,98.890000,99.110000,0,0
20120301,99.030000,99.230000,99.030000,99.230000,0,0
20120302,99.180000,99.400000,99.180000,99.400000,0,0
20120305,99.300000,99.330000,99.300000,99.330000,0,0
20120306,99.200000,99.200000,99.080000,99.080000,0,0
20120307,99.040000,99.090000,99.040000,99.090000,0,0
20120308,99.320000,99.450000,99.320000,99.450000,0,0
20120309,99.420000,99.850000,99.420000,99.850000,0,0
20120312,99.740000,99.890000,99.740000,99.890000,0,0
20120313,99.970000,99.970000,99.840000,99.840000,0,0
20120314,99.650000,99.650000,99.400000,99.400000,0,0
20120315,99.240000,99.300000,99.240000,99.300000,0,0
20120316,99.290000,99.290000,99.040000,99.040000,0,0
20120319,99.180000,99.180000,99.170000,99.170000,0,0
20120320,99.080000,99.080000,99.060000,99.060000,0,0
20120321,99.100000,99.100000,98.600000,98.600000,0,0
20120322,98.520000,98.650000,98.520000,98.650000,0,0
20120323,98.740000,98.740000,98.740000,98.740000,0,0
20120326,98.710000,98.710000,98.710000,98.710000,0,0
20120327,98.760000,98.760000,98.690000,98.690000,0,0
20120328,98.710000,98.710000,98.440000,98.440000,0,0
20120329,98.460000,98.550000,98.460000,98.550000,0,0
20120330,98.570000,98.870000,98.570000,98.870000,0,0
20120402,99.150000,99.150000,98.970000,98.970000,0,0
20120403,98.990000,99.100000,98.990000,99.100000,0,0
20120404,98.970000,98.970000,98.740000,98.740000,0,0
20120405,98.490000,98.490000,98.460000,98.460000,0,0
20120410,98.360000,98.380000,98.360000,98.380000,0,0
20120411,98.520000,98.720000,98.520000,98.720000,0,0
20120412,98.780000,98.800000,98.780000,98.800000,0,0
20120413,98.730000,98.730000,98.550000,98.550000,0,0
20120416,98.260000,98.380000,98.260000,98.380000,0,0
20120417,98.440000,98.540000,98.440000,98.540000,0,0
20120418,98.630000,98.630000,98.580000,98.580000,0,0
20120419,98.580000,99.120000,98.580000,99.120000,0,0
20120420,99.120000,99.270000,99.120000,99.270000,0,0
20120423,99.070000,99.150000,99.070000,99.150000,0,0
20120424,99.240000,99.390000,99.240000,99.390000,0,0
20120425,99.450000,99.560000,99.450000,99.560000,0,0
20120426,99.640000,99.700000,99.640000,99.700000,0,0
20120427,99.600000,99.600000,99.580000,99.580000,0,0
20120430,99.580000,99.580000,99.580000,99.580000,0,0
20120502,99.690000,99.930000,99.690000,99.930000,0,0
20120504,100.150000,100.380000,100.150000,100.380000,0,0
20120507,100.340000,100.410000,100.340000,100.410000,0,0
20120508,100.320000,100.320000,100.090000,100.090000,0,0
20120509,99.970000,99.970000,99.710000,99.710000,0,0
20120510,99.960000,99.960000,99.770000,99.770000,0,0
20120511,99.680000,99.760000,99.680000,99.760000,0,0
20120514,99.430000,99.430000,99.200000,99.200000,0,0
20120515,99.390000,99.390000,99.190000,99.190000,0,0
20120516,98.980000,99.260000,98.980000,99.260000,0,0
20120517,99.300000,99.300000,98.930000,98.930000,0,0
20120518,98.820000,99.220000,98.820000,99.220000,0,0
20120521,99.240000,99.410000,99.240000,99.410000,0,0
20120522,99.520000,99.520000,99.470000,99.470000,0,0
20120523,99.240000,99.240000,99.130000,99.130000,0,0
20120524,99.120000,99.200000,99.120000,99.200000,0,0
20120525,99.380000,99.400000,99.380000,99.400000,0,0
20120528,99.460000,99.460000,99.380000,99.380000,0,0
20120529,99.640000,99.640000,99.530000,99.530000,0,0
20120530,99.440000,99.440000,99.120000,99.120000,0,0
20120531,99.280000,99.300000,99.280000,99.300000,0,0
20120601,99.350000,99.570000,99.350000,99.570000,0,0
20120604,99.520000,99.810000,99.520000,99.810000,0,0
20120605,99.760000,99.930000,99.760000,99.930000,0,0
20120606,100.080000,100.120000,100.080000,100.120000,0,0
20120608,100.150000,100.320000,100.150000,100.320000,0,0
20120611,100.450000,100.450000,100.290000,100.290000,0,0
20120612,100.240000,100.240000,99.970000,99.970000,0,0
20120613,100.120000,100.360000,100.120000,100.360000,0,0
20120614,100.370000,100.380000,100.370000,100.380000,0,0
20120615,100.500000,100.700000,100.500000,100.700000,0,0
20120618,100.650000,100.650000,100.540000,100.540000,0,0
20120619,100.680000,101.050000,100.680000,101.050000,0,0
20120620,101.210000,101.290000,101.210000,101.290000,0,0
20120621,101.050000,101.520000,101.050000,101.520000,0,0
20120622,101.390000,101.490000,101.390000,101.490000,0,0
20120625,101.350000,101.350000,101.310000,101.310000,0,0
20120626,101.340000,101.340000,101.220000,101.220000,0,0
20120627,101.340000,101.340000,101.130000,101.130000,0,0
20120628,101.030000,101.050000,101.030000,101.050000,0,0
20120629,101.300000,101.430000,101.300000,101.430000,0,0
20120702,101.230000,101.300000,101.230000,101.300000,0,0
20120703,101.410000,101.640000,101.410000,101.640000,0,0
20120704,101.760000,101.760000,101.660000,101.660000,0,0
20120705,101.660000,101.660000,101.450000,101.450000,0,0
20120706,101.480000,101.480000,101.390000,101.390000,0,0
20120709,101.490000,101.590000,101.490000,101.590000,0,0
20120710,101.650000,101.720000,101.650000,101.720000,0,0
20120711,101.730000,101.740000,101.730000,101.740000,0,0
20120712,101.720000,102.470000,101.720000,102.470000,0,0
20120713,102.940000,103.210000,102.940000,103.210000,0,0
20120716,103.120000,103.290000,103.120000,103.290000,0,0
20120717,103.340000,103.340000,103.110000,103.110000,0,0
20120718,103.180000,103.510000,103.180000,103.510000,0,0
20120719,103.660000,103.660000,103.340000,103.340000,0,0
20120720,103.500000,103.500000,103.030000,103.030000,0,0
20120723,102.970000,102.970000,102.750000,102.750000,0,0
20120724,102.550000,102.550000,102.330000,102.330000,0,0
20120725,102.240000,102.700000,102.240000,102.700000,0,0
20120726,103.300000,103.300000,103.300000,103.300000,0,0
20120727,103.230000,103.230000,103.220000,103.220000,0,0
20120730,103.120000,103.190000,103.120000,103.190000,0,0
20120731,103.340000,103.480000,103.340000,103.480000,0,0
20120801,103.480000,103.700000,103.480000,103.700000,0,0
20120802,103.810000,103.810000,103.700000,103.700000,0,0
20120803,103.910000,104.460000,103.910000,104.460000,0,0
20120806,104.420000,104.580000,104.420000,104.580000,0,0
20120807,104.440000,104.440000,103.480000,103.480000,0,0
20120808,103.180000,103.510000,103.180000,103.510000,0,0
20120809,103.750000,103.750000,103.000000,103.000000,0,0
20120810,103.120000,103.120000,102.570000,102.570000,0,0
20120813,102.770000,102.850000,102.770000,102.850000,0,0
20120814,102.600000,102.760000,102.600000,102.760000,0,0
20120816,102.540000,102.890000,102.540000,102.890000,0,0
20120817,102.900000,103.000000,102.900000,103.000000,0,0
20120820,103.040000,103.160000,103.040000,103.160000,0,0
20120821,103.320000,103.320000,103.300000,103.300000,0,0
20120822,103.350000,103.370000,103.350000,103.370000,0,0
20120823,103.500000,103.500000,103.310000,103.310000,0,0
20120824,103.420000,103.440000,103.420000,103.440000,0,0
20120827,103.540000,103.580000,103.540000,103.580000,0,0
20120828,103.640000,103.640000,103.610000,103.610000,0,0
20120829,103.560000,103.560000,103.370000,103.370000,0,0
20120830,103.030000,103.240000,103.030000,103.240000,0,0
20120831,103.350000,103.490000,103.350000,103.490000,0,0
20120903,103.820000,103.820000,103.770000,103.770000,0,0
20120904,103.830000,104.060000,103.830000,104.060000,0,0
20120905,103.960000,103.960000,103.890000,103.890000,0,0
20120906,103.990000,104.080000,103.990000,104.080000,0,0
20120907,104.210000,104.210000,104.060000,104.060000,0,0
20120910,104.040000,104.040000,103.860000,103.860000,0,0
20120911,103.910000,104.120000,103.910000,104.120000,0,0
20120912,103.990000,103.990000,103.680000,103.680000,0,0
20120913,103.700000,103.790000,103.700000,103.790000,0,0
20120914,104.020000,104.020000,103.180000,103.180000,0,0
20120917,103.090000,103.090000,102.810000,102.810000,0,0
20120918,103.000000,103.000000,102.840000,102.840000,0,0
20120919,102.810000,102.870000,102.810000,102.870000,0,0
20120920,102.820000,103.120000,102.820000,103.120000,0,0
20120921,103.110000,103.190000,103.110000,103.190000,0,0
20120924,103.160000,103.220000,103.160000,103.220000,0,0
20120925,103.280000,103.440000,103.280000,103.440000,0,0
20120926,103.740000,103.920000,103.740000,103.920000,0,0
20120927,104.120000,104.320000,104.120000,104.320000,0,0
20120928,104.390000,104.600000,104.390000,104.600000,0,0
20121001,104.510000,104.510000,104.420000,104.420000,0,0
20121002,104.450000,104.450000,104.420000,104.420000,0,0
20121003,104.700000,104.700000,104.490000,104.490000,0,0
20121004,104.250000,104.340000,104.250000,104.340000,0,0
20121005,104.600000,104.670000,104.600000,104.670000,0,0
20121008,104.790000,104.790000,104.750000,104.750000,0,0
20121009,104.770000,104.770000,104.650000,104.650000,0,0
20121010,104.990000,105.040000,104.990000,105.040000,0,0
20121011,105.500000,105.500000,105.480000,105.480000,0,0
20121012,105.590000,105.590000,105.590000,105.590000,0,0
20121015,105.570000,105.570000,105.570000,105.570000,0,0
20121016,105.110000,105.110000,105.110000,105.110000,0,0
20121017,105.010000,105.230000,105.010000,105.230000,0,0
20121018,105.400000,105.560000,105.400000,105.560000,0,0
20121019,105.560000,105.900000,105.560000,105.900000,0,0
20121022,106.220000,106.220000,106.020000,106.020000,0,0
20121023,106.320000,106.320000,105.790000,105.790000,0,0
20121024,105.970000,105.970000,105.800000,105.800000,0,0
20121025,105.810000,105.810000,105.730000,105.730000,0,0
20121026,105.750000,105.750000,105.720000,105.720000,0,0
20121029,105.810000,105.810000,105.570000,105.570000,0,0
20121030,105.460000,105.460000,105.410000,105.410000,0,0
20121031,105.510000,105.630000,105.510000,105.630000,0,0
20121102,106.010000,106.830000,106.010000,106.830000,0,0
20121105,106.920000,107.190000,106.920000,107.190000,0,0
20121106,107.530000,107.530000,107.250000,107.250000,0,0
20121107,107.370000,107.890000,107.370000,107.890000,0,0
20121108,108.260000,108.260000,108.040000,108.040000,0,0
20121109,108.410000,108.960000,108.410000,108.960000,0,0
20121112,108.970000,109.010000,108.970000,109.010000,0,0
20121113,109.260000,109.260000,109.030000,109.030000,0,0
20121114,108.720000,108.840000,108.720000,108.840000,0,0
20121115,108.800000,108.830000,108.800000,108.830000,0,0
20121116,108.760000,108.760000,108.690000,108.690000,0,0
20121119,108.660000,108.660000,108.530000,108.530000,0,0
20121120,108.530000,108.530000,108.370000,108.370000,0,0
20121121,108.410000,108.410000,108.380000,108.380000,0,0
20121122,108.320000,108.320000,108.310000,108.310000,0,0
20121123,108.270000,108.400000,108.270000,108.400000,0,0
20121126,108.410000,108.680000,108.410000,108.680000,0,0
20121127,108.670000,109.080000,108.670000,109.080000,0,0
20121128,109.570000,109.570000,109.370000,109.370000,0,0
20121129,109.330000,109.380000,109.330000,109.380000,0,0
20121130,109.930000,109.930000,109.930000,109.930000,0,0
20121203,109.970000,109.970000,109.610000,109.610000,0,0
20121204,109.690000,109.690000,109.510000,109.510000,0,0
20121205,109.250000,109.600000,109.250000,109.600000,0,0
20121206,110.020000,110.020000,109.840000,109.840000,0,0
20121207,109.980000,110.480000,109.980000,110.480000,0,0
20121210,110.770000,111.260000,110.770000,111.260000,0,0
20121211,110.860000,111.170000,110.860000,111.170000,0,0
20121212,111.430000,111.430000,111.180000,111.180000,0,0
20121213,111.080000,111.080000,110.920000,110.920000,0,0
20121214,110.760000,110.780000,110.760000,110.780000,0,0
20121217,110.760000,110.760000,110.700000,110.700000,0,0
20121218,110.760000,110.760000,110.720000,110.720000,0,0
20121219,110.760000,111.070000,110.760000,111.070000,0,0
20121220,111.120000,111.750000,111.120000,111.750000,0,0
20121221,111.880000,112.340000,111.880000,112.340000,0,0
20121227,112.240000,112.420000,112.240000,112.420000,0,0
20121228,112.420000,112.420000,112.260000,112.260000,0,0
20130102,111.960000,111.960000,111.800000,111.800000,0,0
20130103,111.740000,111.740000,110.800000,110.800000,0,0
20130104,110.230000,110.320000,110.230000,110.320000,0,0
20130107,110.680000,110.710000,110.680000,110.710000,0,0
20130108,111.080000,111.500000,111.080000,111.500000,0,0
20130109,111.360000,111.360000,111.100000,111.100000,0,0
20130110,110.480000,110.480000,110.480000,110.480000,0,0
20130111,110.190000,110.190000,109.450000,109.450000,0,0
20130114,109.830000,109.830000,109.830000,109.830000,0,0
20130115,109.880000,109.880000,109.480000,109.480000,0,0
20130116,108.910000,109.320000,108.910000,109.320000,0,0
20130117,109.400000,109.430000,109.400000,109.430000,0,0
20130118,109.910000,109.910000,109.700000,109.700000,0,0
20130121,109.910000,109.910000,109.750000,109.750000,0,0
20130122,109.980000,109.990000,109.980000,109.990000,0,0
20130123,110.190000,110.810000,110.190000,110.810000,0,0
20130124,110.950000,110.980000,110.950000,110.980000,0,0
20130125,110.880000,110.880000,110.400000,110.400000,0,0
20130128,110.590000,110.590000,110.030000,110.030000,0,0
20130129,110.390000,110.470000,110.390000,110.470000,0,0
20130130,110.220000,110.350000,110.220000,110.350000,0,0
20130131,110.820000,110.820000,110.480000,110.480000,0,0
20130201,110.590000,110.680000,110.590000,110.680000,0,0
20130204,110.590000,110.700000,110.590000,110.700000,0,0
20130205,110.720000,110.720000,110.530000,110.530000,0,0
20130206,110.540000,110.540000,110.220000,110.220000,0,0
20130207,110.060000,110.060000,109.890000,109.890000,0,0
20130208,109.880000,109.880000,109.690000,109.690000,0,0
20130211,109.820000,109.820000,109.380000,109.380000,0,0
20130212,109.280000,109.280000,108.990000,108.990000,0,0
20130213,108.910000,109.010000,108.910000,109.010000,0,0
20130214,108.760000,108.950000,108.760000,108.950000,0,0
20130215,109.170000,109.270000,109.170000,109.270000,0,0
20130218,109.520000,109.520000,109.500000,109.500000,0,0
20130219,109.530000,109.530000,109.440000,109.440000,0,0
20130220,109.260000,109.320000,109.260000,109.320000,0,0
20130221,109.510000,109.560000,109.510000,109.560000,0,0
20130222,109.660000,109.660000,109.620000,109.620000,0,0
20130225,109.330000,109.330000,109.110000,109.110000,0,0
20130226,109.440000,109.440000,109.170000,109.170000,0,0
20130227,109.490000,109.490000,109.350000,109.350000,0,0
20130228,109.280000,109.340000,109.280000,109.340000,0,0
20130301,109.320000,109.320000,109.240000,109.240000,0,0
20130304,109.300000,109.300000,109.290000,109.290000,0,0
20130305,108.980000,108.980000,108.880000,108.880000,0,0
20130306,108.780000,109.350000,108.780000,109.350000,0,0
20130307,109.600000,109.600000,109.420000,109.420000,0,0
20130308,109.550000,109.550000,109.500000,109.500000,0,0
20130311,109.480000,109.510000,109.480000,109.510000,0,0
20130312,109.750000,109.880000,109.750000,109.880000,0,0
20130313,110.070000,110.670000,110.070000,110.670000,0,0
20130314,110.300000,110.620000,110.300000,110.620000,0,0
20130315,110.950000,110.950000,110.950000,110.950000,0,0
20130318,111.190000,111.190000,111.020000,111.020000,0,0
20130319,110.870000,110.870000,110.570000,110.570000,0,0
20130320,110.400000,110.400000,110.320000,110.320000,0,0
20130321,110.030000,110.340000,110.030000,110.340000,0,0
20130322,110.440000,110.440000,110.440000,110.440000,0,0
20130325,110.560000,110.720000,110.560000,110.720000,0,0
20130326,110.510000,110.590000,110.510000,110.590000,0,0
20130327,110.900000,110.900000,110.690000,110.690000,0,0
20130328,110.380000,110.380000,110.330000,110.330000,0,0
20130402,110.410000,110.810000,110.410000,110.810000,0,0
20130403,110.960000,110.960000,110.850000,110.850000,0,0
20130404,110.930000,111.270000,110.930000,111.270000,0,0
20130405,111.560000,112.450000,111.560000,112.450000,0,0
20130408,113.440000,113.440000,113.440000,113.440000,0,0
20130409,112.910000,112.910000,112.830000,112.830000,0,0
20130410,112.570000,113.120000,112.570000,113.120000,0,0
20130411,113.020000,113.020000,112.730000,112.730000,0,0
20130412,112.640000,112.640000,112.500000,112.500000,0,0
20130415,112.790000,112.900000,112.790000,112.900000,0,0
20130416,113.080000,113.080000,112.890000,112.890000,0,0
20130417,113.150000,113.220000,113.150000,113.220000,0,0
20130418,113.740000,113.740000,113.710000,113.710000,0,0
20130419,113.540000,113.930000,113.540000,113.930000,0,0
20130422,113.810000,114.200000,113.810000,114.200000,0,0
20130423,114.390000,114.390000,114.360000,114.360000,0,0
20130424,114.480000,114.480000,114.040000,114.040000,0,0
20130425,113.940000,113.940000,113.910000,113.910000,0,0
20130426,114.060000,114.540000,114.060000,114.540000,0,0
20130429,114.690000,114.690000,114.660000,114.660000,0,0
20130430,114.590000,114.940000,114.590000,114.940000,0,0
20130502,115.630000,115.630000,115.620000,115.620000,0,0
20130506,115.370000,115.370000,115.090000,115.090000,0,0
20130507,115.110000,115.110000,114.920000,114.920000,0,0
20130508,115.300000,115.830000,115.300000,115.830000,0,0
20130509,116.510000,116.510000,116.290000,116.290000,0,0
20130510,115.660000,115.890000,115.660000,115.890000,0,0
20130513,115.540000,115.540000,115.460000,115.460000,0,0
20130514,115.480000,115.590000,115.480000,115.590000,0,0
20130515,115.580000,115.580000,115.350000,115.350000,0,0
20130516,114.920000,115.430000,114.920000,115.430000,0,0
20130517,115.490000,115.490000,115.210000,115.210000,0,0
20130520,115.060000,115.060000,114.660000,114.660000,0,0
20130521,114.290000,114.290000,114.120000,114.120000,0,0
20130522,114.410000,114.870000,114.410000,114.870000,0,0
20130523,114.070000,114.070000,113.480000,113.480000,0,0
20130524,113.720000,113.720000,113.720000,113.720000,0,0
20130527,113.720000,113.730000,113.720000,113.730000,0,0
20130528,113.440000,113.440000,113.360000,113.360000,0,0
20130529,112.890000,112.890000,112.840000,112.840000,0,0
20130531,112.170000,112.300000,112.170000,112.300000,0,0
20130603,112.460000,112.720000,112.460000,112.720000,0,0
20130604,113.120000,113.130000,113.120000,113.130000,0,0
20130605,113.050000,113.050000,112.740000,112.740000,0,0
20130606,111.210000,111.210000,111.210000,111.210000,0,0
20130607,111.650000,111.650000,111.440000,111.440000,0,0
20130610,110.830000,110.830000,110.320000,110.320000,0,0
20130611,109.790000,109.790000,109.790000,109.790000,0,0
20130612,109.890000,110.010000,109.890000,110.010000,0,0
20130613,110.100000,110.500000,110.100000,110.500000,0,0
20130614,111.230000,111.440000,111.230000,111.440000,0,0
20130617,111.180000,111.180000,110.850000,110.850000,0,0
20130618,110.250000,110.290000,110.250000,110.290000,0,0
20130619,110.430000,110.440000,110.430000,110.440000,0,0
20130620,110.510000,110.510000,108.000000,108.000000,0,0
20130621,107.770000,107.770000,107.060000,107.060000,0,0
20130624,105.960000,105.960000,105.960000,105.960000,0,0
20130625,107.470000,107.470000,106.850000,106.850000,0,0
20130626,107.360000,107.630000,107.360000,107.630000,0,0
20130627,107.870000,108.410000,107.870000,108.410000,0,0
20130628,108.630000,108.630000,107.540000,107.540000,0,0
20130701,107.510000,107.730000,107.510000,107.730000,0,0
20130702,109.010000,109.010000,109.010000,109.010000,0,0
20130703,108.870000,108.940000,108.870000,108.940000,0,0
20130704,109.420000,110.260000,109.420000,110.260000,0,0
20130705,110.200000,110.200000,109.600000,109.600000,0,0
20130708,109.810000,109.930000,109.810000,109.930000,0,0
20130709,110.270000,110.530000,110.270000,110.530000,0,0
20130710,110.300000,110.300000,110.030000,110.030000,0,0
20130711,110.240000,110.240000,109.850000,109.850000,0,0
20130712,109.980000,110.220000,109.980000,110.220000,0,0
20130715,110.210000,110.210000,110.070000,110.070000,0,0
20130716,110.090000,110.180000,110.090000,110.180000,0,0
20130717,109.810000,109.810000,109.610000,109.610000,0,0
20130718,109.960000,110.010000,109.960000,110.010000,0,0
20130719,110.020000,110.380000,110.020000,110.380000,0,0
20130722,110.820000,110.840000,110.820000,110.840000,0,0
20130723,110.610000,110.610000,109.950000,109.950000,0,0
20130724,109.610000,109.610000,109.420000,109.420000,0,0
20130725,109.260000,109.260000,109.120000,109.120000,0,0
20130726,109.660000,109.660000,109.600000,109.600000,0,0
20130729,109.660000,109.660000,109.580000,109.580000,0,0
20130730,109.390000,109.390000,109.270000,109.270000,0,0
20130731,108.980000,108.980000,108.830000,108.830000,0,0
20130801,109.230000,109.230000,108.380000,108.380000,0,0
20130802,107.740000,108.400000,107.740000,108.400000,0,0
20130805,108.580000,108.580000,108.270000,108.270000,0,0
20130806,107.920000,108.270000,107.920000,108.270000,0,0
20130807,108.610000,108.610000,108.460000,108.460000,0,0
20130808,108.720000,108.720000,108.520000,108.520000,0,0
20130809,108.430000,108.690000,108.430000,108.690000,0,0
20130812,108.440000,108.510000,108.440000,108.510000,0,0
20130813,108.260000,108.260000,108.060000,108.060000,0,0
20130814,107.740000,107.740000,107.600000,107.600000,0,0
20130816,107.090000,107.310000,107.090000,107.310000,0,0
20130819,107.140000,107.140000,106.460000,106.460000,0,0
20130820,106.770000,107.320000,106.770000,107.320000,0,0
20130821,107.160000,107.160000,106.530000,106.530000,0,0
20130822,106.210000,106.210000,106.130000,106.130000,0,0
20130823,106.030000,106.030000,106.030000,106.030000,0,0
20130826,106.240000,106.650000,106.240000,106.650000,0,0
20130827,106.450000,106.490000,106.450000,106.490000,0,0
20130828,106.260000,106.260000,106.020000,106.020000,0,0
20130829,105.940000,106.130000,105.940000,106.130000,0,0
20130830,106.420000,106.500000,106.420000,106.500000,0,0
20130902,106.290000,106.290000,106.100000,106.100000,0,0
20130903,105.780000,105.780000,105.320000,105.320000,0,0
20130904,105.320000,105.320000,104.440000,104.440000,0,0
20130905,104.210000,104.210000,102.870000,102.870000,0,0
20130906,103.220000,103.800000,103.220000,103.800000,0,0
20130909,104.220000,104.570000,104.220000,104.570000,0,0
20130910,104.680000,104.680000,104.650000,104.650000,0,0
20130911,104.930000,105.600000,104.930000,105.600000,0,0
20130912,105.770000,105.860000,105.770000,105.860000,0,0
20130913,105.560000,106.340000,105.560000,106.340000,0,0
20130916,106.880000,107.140000,106.880000,107.140000,0,0
20130917,106.570000,106.570000,106.400000,106.400000,0,0
20130918,106.670000,106.670000,106.450000,106.450000,0,0
20130919,107.710000,107.710000,107.070000,107.070000,0,0
20130920,107.260000,107.260000,106.870000,106.870000,0,0
20130923,106.950000,106.950000,106.930000,106.930000,0,0
20130924,107.260000,107.330000,107.260000,107.330000,0,0
20130925,107.350000,107.350000,106.890000,106.890000,0,0
20130926,106.780000,106.780000,106.350000,106.350000,0,0
20130927,106.570000,106.570000,106.480000,106.480000,0,0
20130930,106.500000,106.500000,106.030000,106.030000,0,0
20131001,106.200000,106.360000,106.200000,106.360000,0,0
20131002,106.650000,106.770000,106.650000,106.770000,0,0
20131003,106.840000,106.840000,106.760000,106.760000,0,0
20131004,106.710000,106.710000,106.590000,106.590000,0,0
20131007,106.650000,106.820000,106.650000,106.820000,0,0
20131008,106.700000,106.720000,106.700000,106.720000,0,0
20131009,106.880000,106.890000,106.880000,106.890000,0,0
20131010,106.680000,106.680000,106.600000,106.600000,0,0
20131011,106.690000,106.730000,106.690000,106.730000,0,0
20131014,106.780000,107.090000,106.780000,107.090000,0,0
20131015,107.070000,107.400000,107.070000,107.400000,0,0
20131016,107.380000,107.420000,107.380000,107.420000,0,0
20131017,107.840000,107.840000,107.830000,107.830000,0,0
20131018,108.160000,108.160000,108.070000,108.070000,0,0
20131021,107.960000,107.960000,107.790000,107.790000,0,0
20131022,107.660000,108.170000,107.660000,108.170000,0,0
20131023,108.620000,108.620000,108.360000,108.360000,0,0
20131024,108.530000,108.970000,108.530000,108.970000,0,0
20131025,108.910000,108.910000,108.640000,108.640000,0,0
20131028,108.720000,108.950000,108.720000,108.950000,0,0
20131029,108.850000,108.850000,108.780000,108.780000,0,0
20131030,108.860000,108.860000,108.630000,108.630000,0,0
20131031,108.480000,108.480000,108.410000,108.410000,0,0
20131104,108.010000,108.010000,107.940000,107.940000,0,0
20131105,107.600000,107.600000,107.420000,107.420000,0,0
20131106,107.510000,107.710000,107.510000,107.710000,0,0
20131107,107.650000,108.060000,107.650000,108.060000,0,0
20131108,108.050000,108.050000,107.220000,107.220000,0,0
20131112,106.940000,106.980000,106.940000,106.980000,0,0
20131113,107.250000,107.290000,107.250000,107.290000,0,0
20131114,107.480000,107.530000,107.480000,107.530000,0,0
20131115,107.430000,107.430000,107.260000,107.260000,0,0
20131118,107.320000,107.320000,107.310000,107.310000,0,0
20131119,107.310000,107.310000,107.160000,107.160000,0,0
20131120,106.980000,107.110000,106.980000,107.110000,0,0
20131121,106.950000,106.980000,106.950000,106.980000,0,0
20131122,106.970000,107.000000,106.970000,107.000000,0,0
20131125,107.050000,107.050000,107.040000,107.040000,0,0
20131126,106.990000,106.990000,106.870000,106.870000,0,0
20131127,106.820000,106.820000,106.490000,106.490000,0,0
20131128,106.170000,106.370000,106.170000,106.370000,0,0
20131129,106.360000,106.390000,106.360000,106.390000,0,0
20131202,106.290000,106.290000,106.160000,106.160000,0,0
20131203,106.090000,106.200000,106.090000,106.200000,0,0
20131204,106.130000,106.130000,106.020000,106.020000,0,0
20131205,106.040000,106.040000,105.910000,105.910000,0,0
20131206,105.920000,106.200000,105.920000,106.200000,0,0
20131209,106.480000,106.650000,106.480000,106.650000,0,0
20131210,106.710000,106.870000,106.710000,106.870000,0,0
20131211,106.870000,106.870000,106.730000,106.730000,0,0
20131212,106.690000,106.690000,106.600000,106.600000,0,0
20131213,106.550000,106.750000,106.550000,106.750000,0,0
20131216,106.820000,107.290000,106.820000,107.290000,0,0
20131217,107.270000,107.270000,107.220000,107.220000,0,0
20131218,107.490000,107.690000,107.490000,107.690000,0,0
20131219,108.050000,108.050000,107.730000,107.730000,0,0
20131220,107.650000,107.650000,107.540000,107.540000,0,0
20131223,107.610000,107.740000,107.610000,107.740000,0,0
20131227,107.570000,107.570000,107.460000,107.460000,0,0
20131230,107.520000,107.520000,107.420000,107.420000,0,0
20140102,106.860000,106.860000,106.750000,106.750000,0,0
20140103,106.840000,106.840000,106.430000,106.430000,0,0
20140107,106.540000,106.540000,106.390000,106.390000,0,0
20140108,106.390000,106.450000,106.390000,106.450000,0,0
20140109,106.320000,106.510000,106.320000,106.510000,0,0
20140110,106.550000,106.890000,106.550000,106.890000,0,0
20140113,107.020000,107.240000,107.020000,107.240000,0,0
20140114,107.260000,107.260000,107.040000,107.040000,0,0
20140115,107.020000,107.100000,107.020000,107.100000,0,0
20140116,107.040000,107.230000,107.040000,107.230000,0,0
20140117,107.360000,107.360000,107.360000,107.360000,0,0
20140120,107.420000,107.440000,107.420000,107.440000,0,0
20140121,107.330000,107.330000,107.210000,107.210000,0,0
20140122,107.240000,107.320000,107.240000,107.320000,0,0
20140123,107.250000,107.300000,107.250000,107.300000,0,0
20140124,107.250000,107.250000,106.850000,106.850000,0,0
20140127,106.510000,106.510000,106.400000,106.400000,0,0
20140128,106.590000,106.670000,106.590000,106.670000,0,0
20140129,106.930000,106.930000,106.140000,106.140000,0,0
20140130,105.460000,105.460000,105.460000,105.460000,0,0
20140131,105.54,105.54,104.82,104.82,0,0
20140203,104.820000,104.930000,104.820000,104.930000,0,0
20140204,105.210000,105.530000,105.210000,105.530000,0,0
20140205,105.750000,105.750000,105.580000,105.580000,0,0
20140206,105.720000,106.020000,105.720000,106.020000,0,0
20140207,106.270000,106.330000,106.270000,106.330000,0,0
20140210,106.460000,106.460000,106.260000,106.260000,0,0
20140211,106.310000,106.310000,105.950000,105.950000,0,0
20140212,106.010000,106.010000,105.860000,105.860000,0,0
20140213,105.730000,105.730000,105.700000,105.700000,0,0
20140214,105.710000,106.020000,105.710000,106.020000,0,0
20140217,105.980000,106.140000,105.980000,106.140000,0,0
20140218,106.110000,106.180000,106.110000,106.180000,0,0
20140219,106.110000,106.110000,105.880000,105.880000,0,0
20140220,105.770000,105.860000,105.770000,105.860000,0,0
20140221,106.050000,106.430000,106.050000,106.430000,0,0
20140224,106.600000,106.770000,106.600000,106.770000,0,0
20140225,106.690000,106.700000,106.690000,106.700000,0,0
20140226,106.680000,106.680000,106.510000,106.510000,0,0
20140227,106.630000,106.780000,106.630000,106.780000,0,0
20140228,106.800000,106.840000,106.800000,106.840000,0,0
20140303,106.210000,106.560000,106.210000,106.560000,0,0
20140304,106.500000,106.950000,106.500000,106.950000,0,0
20140305,106.920000,107.850000,106.920000,107.850000,0,0
20140306,108.070000,108.070000,107.630000,107.630000,0,0
20140307,107.590000,107.590000,107.330000,107.330000,0,0
20140310,107.160000,107.330000,107.160000,107.330000,0,0
20140311,107.410000,107.410000,107.230000,107.230000,0,0
20140312,107.130000,107.300000,107.130000,107.300000,0,0
20140313,107.360000,107.360000,107.150000,107.150000,0,0
20140314,106.830000,107.060000,106.830000,107.060000,0,0
20140317,107.240000,107.260000,107.240000,107.260000,0,0
20140318,107.370000,107.610000,107.370000,107.610000,0,0
20140319,107.610000,107.610000,107.510000,107.510000,0,0
20140320,107.110000,107.110000,106.920000,106.920000,0,0
20140321,107.160000,107.190000,107.160000,107.190000,0,0
20140324,107.180000,107.400000,107.180000,107.400000,0,0
20140325,107.460000,107.460000,107.310000,107.310000,0,0
20140326,107.220000,107.490000,107.220000,107.490000,0,0
20140327,107.370000,107.520000,107.370000,107.520000,0,0
20140328,107.760000,107.760000,107.730000,107.730000,0,0
20140331,107.61,107.62,107.61,107.62,0,0
20140401,107.720000,107.770000,107.720000,107.770000,0,0
20140402,107.690000,107.690000,107.600000,107.600000,0,0
20140403,107.520000,107.930000,107.520000,107.930000,0,0
20140404,107.960000,108.420000,107.960000,108.420000,0,0
20140407,108.660000,108.880000,108.660000,108.880000,0,0
20140408,108.970000,109.020000,108.970000,109.020000,0,0
20140409,108.740000,108.890000,108.740000,108.890000,0,0
20140410,109.110000,109.110000,109.060000,109.060000,0,0
20140411,109.030000,109.030000,108.830000,108.830000,0,0
20140414,108.770000,108.770000,108.760000,108.760000,0,0
20140415,108.760000,108.760000,108.630000,108.630000,0,0
20140416,108.430000,108.430000,108.120000,108.120000,0,0
20140417,108.190000,108.190000,108.060000,108.060000,0,0
20140422,108.010000,108.050000,108.010000,108.050000,0,0
20140423,107.950000,108.090000,107.950000,108.090000,0,0
20140424,108.030000,108.130000,108.030000,108.130000,0,0
20140425,108.010000,108.190000,108.010000,108.190000,0,0
20140428,108.150000,108.200000,108.150000,108.200000,0,0
20140429,108.180000,108.220000,108.180000,108.220000,0,0
20140430,108.240000,108.810000,108.240000,108.810000,0,0
20140502,108.820000,108.820000,108.720000,108.720000,0,0
20140505,108.870000,108.870000,108.810000,108.810000,0,0
20140506,108.860000,108.860000,108.800000,108.800000,0,0
20140507,108.900000,109.240000,108.900000,109.240000,0,0
20140508,109.360000,109.490000,109.360000,109.490000,0,0
20140509,109.770000,109.770000,109.420000,109.420000,0,0
20140512,109.440000,109.440000,109.330000,109.330000,0,0
20140513,109.540000,109.800000,109.540000,109.800000,0,0
20140514,109.890000,110.240000,109.890000,110.240000,0,0
20140515,110.460000,110.460000,110.120000,110.120000,0,0
20140516,109.680000,109.860000,109.680000,109.860000,0,0
20140519,109.930000,109.930000,109.750000,109.750000,0,0
20140520,109.590000,109.590000,109.190000,109.190000,0,0
20140521,109.150000,109.940000,109.150000,109.940000,0,0
20140522,110.120000,110.330000,110.120000,110.330000,0,0
20140523,110.280000,110.500000,110.280000,110.500000,0,0
20140526,110.450000,110.530000,110.450000,110.530000,0,0
20140527,110.400000,110.530000,110.400000,110.530000,0,0
20140528,110.430000,110.670000,110.430000,110.670000,0,0
20140529,110.740000,110.810000,110.740000,110.810000,0,0
20140530,110.59,110.59,110.49,110.49,0,0
20140602,110.680000,110.680000,110.610000,110.610000,0,0
20140603,110.540000,110.620000,110.540000,110.620000,0,0
20140604,110.770000,110.770000,110.760000,110.760000,0,0
20140605,110.920000,111.100000,110.920000,111.100000,0,0
20140606,111.450000,111.830000,111.450000,111.830000,0,0
20140609,112.020000,112.020000,111.900000,111.900000,0,0
20140610,111.760000,111.760000,111.600000,111.600000,0,0
20140611,111.350000,111.350000,111.260000,111.260000,0,0
20140612,111.440000,111.670000,111.440000,111.670000,0,0
20140613,111.630000,111.920000,111.630000,111.920000,0,0
20140616,110.900000,111.460000,110.900000,111.460000,0,0
20140617,111.730000,111.730000,111.250000,111.250000,0,0
20140618,111.050000,111.370000,111.050000,111.370000,0,0
20140620,111.090000,111.090000,110.740000,110.740000,0,0
20140623,110.880000,111.280000,110.880000,111.280000,0,0
20140624,111.290000,111.700000,111.290000,111.700000,0,0
20140625,112.170000,112.190000,112.170000,112.190000,0,0
20140626,112.270000,112.270000,111.970000,111.970000,0,0
20140627,112.090000,112.090000,111.970000,111.970000,0,0
20140630,112,112,111.94,111.94,0,0
20140701,111.920000,112.080000,111.920000,112.080000,0,0
20140702,112.15,112.15,111.86,111.86,0,0
20140703,111.68,111.79,111.68,111.79,0,0
20140704,111.980000,112.230000,111.980000,112.230000,0,0
20140707,112.100000,112.300000,112.100000,112.300000,0,0
20140708,112.400000,112.550000,112.400000,112.550000,0,0
20140709,112.580000,112.580000,112.350000,112.350000,0,0
20140710,112.470000,112.470000,112.290000,112.290000,0,0
20140711,112.240000,112.240000,112.180000,112.180000,0,0
20140714,112.190000,112.230000,112.190000,112.230000,0,0
20140715,112.220000,112.220000,111.900000,111.900000,0,0
20140716,112.03,112.17,112.03,112.17,0,0
20140717,112.220000,112.380000,112.220000,112.380000,0,0
20140718,112.320000,112.490000,112.320000,112.490000,0,0
20140721,112.480000,112.480000,112.420000,112.420000,0,0
20140722,112.440000,112.500000,112.440000,112.500000,0,0
20140723,112.680000,113.220000,112.680000,113.220000,0,0
20140724,113.14,113.14,113.03,113.03,0,0
20140725,113.09,113.2,113.09,113.2,0,0
20140728,113.22,113.3,113.22,113.3,0,0
20140729,113.2,113.4,113.2,113.4,0,0
20140730,113.42,113.42,113.14,113.14,0,0
20140731,113.01,113.01,112.27,112.27,0,0
20140801,112.51,112.51,111.92,111.92,0,0
20140804,112.14,112.8,112.14,112.8,0,0
20140805,112.76,112.76,111.71,111.71,0,0
20140806,111.76,111.8,111.76,111.8,0,0
20140807,112.1,112.27,112.1,112.27,0,0
20140808,112.06,112.34,112.06,112.34,0,0
20140811,112.91,112.91,112.69,112.69,0,0
20140812,112.34,112.5,112.34,112.5,0,0
20140813,112.68,112.75,112.68,112.75,0,0
20140814,113.23,113.49,113.23,113.49,0,0
20140818,113.49,113.87,113.49,113.87,0,0
20140819,113.84,113.92,113.84,113.92,0,0
20140820,113.93,113.93,113.8,113.8,0,0
20140821,113.65,113.86,113.65,113.86,0,0
20140822,113.93,113.93,113.91,113.91,0,0
20140825,113.9,114.13,113.9,114.13,0,0
20140826,114.48,114.48,114.48,114.48,0,0
20140827,114.58,114.62,114.58,114.62,0,0
20140828,114.48,114.48,114.3,114.3,0,0
20140829,114.37,114.37,114.31,114.31,0,0
20140901,114.39,114.52,114.39,114.52,0,0
20140902,114.55,114.55,114.29,114.29,0,0
20140903,114.32,114.87,114.32,114.87,0,0
20140904,114.9,115.08,114.9,115.08,0,0
20140905,115.01,115.35,115.01,115.35,0,0
20140908,115.42,115.82,115.42,115.82,0,0
20140909,115.33,115.33,114.84,114.84,0,0
20140910,114.39,114.91,114.39,114.91,0,0
20140911,115.07,115.07,114.95,114.95,0,0
20140912,114.67,114.67,114.44,114.44,0,0
20140915,114.56,114.67,114.56,114.67,0,0
20140916,114.9,114.9,114.52,114.52,0,0
20140917,114.51,114.78,114.51,114.78,0,0
20140918,114.61,114.61,114.59,114.59,0,0
20140919,114.77,114.77,114.72,114.72,0,0
20140922,114.91,115.12,114.91,115.12,0,0
20140923,115.35,115.35,115.03,115.03,0,0
20140924,115.1,115.59,115.1,115.59,0,0
20140925,115.67,115.77,115.67,115.77,0,0
20140926,115.68,115.68,115.22,115.22,0,0
20140929,115.09,115.21,115.09,115.21,0,0
20140930,115.11,115.11,115.06,115.06,0,0
20141001,114.98,115.38,114.98,115.38,0,0
20141002,115.3,115.3,115.02,115.02,0,0
20141003,115.1,115.1,115,115,0,0
20141006,115.27,115.4,115.27,115.4,0,0
20141007,115.53,115.61,115.53,115.61,0,0
20141008,115.91,116.06,115.91,116.06,0,0
20141009,116.32,116.64,116.32,116.64,0,0
20141010,116.5,116.56,116.5,116.56,0,0
20141013,116.67,116.74,116.67,116.74,0,0
20141014,116.91,117.34,116.91,117.34,0,0
20141015,117.44,117.44,117.43,117.43,0,0
20141016,116.8,116.8,116.74,116.74,0,0
20141017,116.73,117.05,116.73,117.05,0,0
20141020,117.26,117.26,117.06,117.06,0,0
20141021,117.05,117.14,117.05,117.14,0,0
20141022,117.27,117.27,117.15,117.15,0,0
20141023,117.18,117.18,117.11,117.11,0,0
20141024,117.16,117.16,116.97,116.97,0,0
20141027,117.02,117.02,116.94,116.94,0,0
20141028,116.93,117.15,116.93,117.15,0,0
20141029,117.32,117.32,117.32,117.32,0,0
20141030,117.09,117.14,117.09,117.14,0,0
20141031,117.48,117.52,117.48,117.52,0,0
20141103,117.5,117.5,117.37,117.37,0,0
20141104,117.35,117.6,117.35,117.6,0,0
20141105,117.51,117.51,117.14,117.14,0,0
20141106,116.82,116.96,116.82,116.96,0,0
20141107,116.46,116.76,116.46,116.76,0,0
20141110,116.85,116.99,116.85,116.99,0,0
20141112,117.15,117.23,117.15,117.23,0,0
20141113,117.12,117.66,117.12,117.66,0,0
20141114,117.51,117.51,116.86,116.86,0,0
20141117,117.03,117.03,116.93,116.93,0,0
20141118,116.96,116.96,116.83,116.83,0,0
20141119,116.78,116.78,116.49,116.49,0,0
20141120,116.57,116.74,116.57,116.74,0,0
20141121,116.88,117.31,116.88,117.31,0,0
20141124,117.33,117.33,117.22,117.22,0,0
20141125,117.35,117.39,117.35,117.39,0,0
20141126,117.64,117.73,117.64,117.73,0,0
20141127,117.7,117.7,117.67,117.67,0,0
20141128,117.93,117.93,117.68,117.68,0,0
20141201,117.51,117.51,117.3,117.3,0,0
20141202,117.1,117.1,116.82,116.82,0,0
20141203,116.8,116.8,116.59,116.59,0,0
20141204,116.38,116.41,116.38,116.41,0,0
20141205,116.47,116.47,116.08,116.08,0,0
20141208,116.01,116.2,116.01,116.2,0,0
20141209,116.4,116.4,116.25,116.25,0,0
20141210,116.21,116.21,116.04,116.04,0,0
20141211,116.2,116.2,115.94,115.94,0,0
20141212,115.97,116.07,115.97,116.07,0,0
20141215,116.13,116.47,116.13,116.47,0,0
20141216,116.23,116.23,115.75,115.75,0,0
20141217,115.99,115.99,115.96,115.96,0,0
20141218,116.24,116.24,116.16,116.16,0,0
20141219,116.14,116.14,116.07,116.07,0,0
20141222,116.17,116.44,116.17,116.44,0,0
20141223,116.5,116.5,116.47,116.47,0,0
20141229,116.34,116.47,116.34,116.47,0,0
