Date,Open,High,Low,Close,Volume,OpenInt
20110121,10,10.13,9.94,10.04,764719,0
20110124,10.07,10.07,9.96,10.01,434705,0
20110125,10.04,10.05,9.94,10.03,557144,0
20110126,10,10.11,10,10.07,513889,0
20110127,10.07,10.17,10.07,10.16,372347,0
20110128,10.15,10.19,10,10.01,634339,0
20110131,9.95,9.95,9.76,9.92,707159,0
20110201,9.94,10.01,9.88,9.99,679806,0
20110202,9.99,10.05,9.92,10,822700,0
20110203,10.06,10.13,9.98,10.07,598396,0
20110204,10.09,10.22,10.02,10.21,1473730,0
20110207,10.27,10.29,10.2,10.27,1475761,0
20110208,10.28,10.28,10.13,10.14,1345791,0
20110209,10.16,10.17,10.11,10.14,550744,0
20110210,10.13,10.14,9.96,9.96,1185590,0
20110211,9.93,10.15,9.89,10.13,1279393,0
20110214,10.12,10.17,10.05,10.17,484928,0
20110215,10.16,10.17,10.11,10.13,229603,0
20110216,10.13,10.17,10.1,10.15,342684,0
20110217,10.24,10.31,10.06,10.21,690084,0
20110218,10.2,10.25,10.03,10.15,878955,0
20110221,10.15,10.16,10.12,10.12,383877,0
20110222,9.93,10.09,9.85,10.09,404892,0
20110223,10.08,10.13,9.88,9.93,617686,0
20110224,9.91,10,9.87,9.98,287355,0
20110225,9.97,10,9.85,9.92,363100,0
20110228,9.92,9.97,9.78,9.97,415857,0
20110301,9.97,9.98,9.89,9.89,943613,0
20110302,9.88,9.91,9.78,9.78,558267,0
20110303,9.83,9.88,9.69,9.88,945942,0
20110304,9.9,9.98,9.81,9.85,1424402,0
20110307,9.85,9.86,9.77,9.85,617901,0
20110308,9.84,9.86,9.74,9.84,752240,0
20110309,9.86,9.86,9.75,9.79,411491,0
20110310,9.78,9.78,9.69,9.71,549756,0
20110311,9.71,9.71,9.57,9.63,756511,0
20110314,9.59,9.65,9.56,9.65,308472,0
20110315,9.63,9.63,9.28,9.47,1746386,0
20110316,9.56,9.63,9.53,9.56,459783,0
20110317,9.55,9.71,9.5,9.58,279714,0
20110318,9.58,9.7,9.5,9.7,364339,0
20110321,9.71,9.75,9.54,9.67,430870,0
20110322,9.62,9.66,9.51,9.52,676280,0
20110323,9.57,9.59,9.51,9.56,608246,0
20110324,9.56,9.69,9.4,9.54,469598,0
20110325,9.61,9.65,9.46,9.51,315590,0
20110328,9.53,9.59,9.45,9.56,552047,0
20110329,9.6,9.6,9.41,9.49,452615,0
20110330,9.49,9.58,9.42,9.47,584586,0
20110331,9.47,9.55,9.43,9.53,392553,0
20110401,9.51,9.54,9.42,9.45,266129,0
20110404,9.46,9.56,9.35,9.55,690409,0
20110405,9.56,9.57,9.47,9.55,611516,0
20110406,9.57,9.69,9.53,9.65,942865,0
20110407,9.7,9.73,9.56,9.56,685282,0
20110408,9.6,9.7,9.53,9.57,533177,0
20110411,9.58,9.59,9.52,9.57,374009,0
20110412,9.54,9.65,9.46,9.52,4419078,0
20110413,9.57,9.57,9.44,9.53,1353159,0
20110414,9.52,9.6,9.46,9.46,673945,0
20110415,9.53,9.67,9.53,9.65,2084391,0
20110418,9.63,9.64,9.46,9.49,966512,0
20110419,9.48,9.61,9.47,9.58,464045,0
20110420,9.63,9.72,9.62,9.64,1699585,0
20110421,9.67,9.71,9.62,9.65,449337,0
20110426,9.64,9.67,9.59,9.63,359627,0
20110427,9.63,9.72,9.57,9.69,448932,0
20110428,9.67,9.74,9.65,9.74,410409,0
20110429,9.8,9.82,9.72,9.76,298068,0
20110502,9.76,9.93,9.76,9.93,289646,0
20110504,9.93,9.94,9.69,9.75,619138,0
20110505,9.84,9.84,9.57,9.73,831017,0
20110506,9.73,9.76,9.64,9.68,293223,0
20110509,9.66,9.74,9.61,9.74,287704,0
20110510,9.74,9.77,9.6,9.71,414782,0
20110511,9.72,9.74,9.64,9.7,998200,0
20110512,9.7,9.78,9.61,9.75,708330,0
20110513,9.74,9.81,9.69,9.79,811831,0
20110516,9.71,9.93,9.71,9.93,1071075,0
20110517,9.91,9.91,9.74,9.8,462373,0
20110518,9.73,9.89,9.71,9.75,598142,0
20110519,9.76,9.87,9.74,9.82,1634929,0
20110520,9.82,9.98,9.81,9.9,1386122,0
20110523,9.83,9.89,9.61,9.7,713983,0
20110524,9.8,9.89,9.74,9.89,741171,0
20110525,9.9,9.94,9.84,9.9,543190,0
20110526,9.9,9.92,9.84,9.91,410017,0
20110527,9.92,9.93,9.81,9.87,311559,0
20110530,9.89,9.89,9.77,9.88,496733,0
20110531,9.89,9.95,9.83,9.95,1274607,0
20110601,9.9,9.94,9.87,9.91,425731,0
20110602,9.91,9.95,9.84,9.85,306713,0
20110603,9.85,9.91,9.76,9.86,796792,0
20110606,9.89,9.95,9.81,9.82,329957,0
20110607,9.82,9.94,9.79,9.88,790093,0
20110608,9.88,9.98,9.88,9.94,551843,0
20110609,9.93,9.95,9.84,9.92,587933,0
20110610,9.92,9.92,9.63,9.67,683159,0
20110613,9.68,9.69,9.56,9.64,195130,0
20110614,9.63,9.64,9.53,9.58,295402,0
20110615,9.58,9.6,9.49,9.54,320516,0
20110616,9.56,9.56,9.4,9.51,242245,0
20110617,9.41,9.5,9.35,9.49,157957,0
20110620,9.57,9.62,9.33,9.33,270237,0
20110621,9.32,9.42,9.28,9.31,664701,0
20110622,9.35,9.41,9.28,9.36,725897,0
20110624,9.36,9.39,9.23,9.26,273310,0
20110627,9.31,9.31,9.01,9.02,821754,0
20110628,9.03,9.05,8.92,9.04,425626,0
20110629,9.07,9.15,8.99,9.13,373779,0
20110630,9.13,9.18,9.02,9.06,791739,0
20110701,9.11,9.15,9.03,9.1,466260,0
20110704,9.11,9.19,9.07,9.1,224252,0
20110705,9.12,9.17,9.07,9.14,141316,0
20110706,9.05,9.21,8.97,9.05,578089,0
20110707,9.13,9.31,9.08,9.27,1319512,0
20110708,9.31,9.35,9.24,9.34,510986,0
20110711,9.34,9.35,9.17,9.28,382491,0
20110712,9.23,9.25,8.86,9.12,856777,0
20110713,9.14,9.33,9.13,9.33,639705,0
20110714,9.36,9.36,9.18,9.27,623567,0
20110715,9.27,9.28,9.12,9.28,500478,0
20110718,9.17,9.17,8.87,8.89,694093,0
20110719,8.85,8.98,8.76,8.84,519783,0
20110720,8.85,8.92,8.58,8.65,676386,0
20110721,8.64,8.75,8.52,8.75,1255583,0
20110722,8.78,9.01,8.76,8.91,620640,0
20110725,8.74,8.93,8.72,8.93,416197,0
20110726,8.93,8.93,8.74,8.84,512818,0
20110727,8.83,8.84,8.6,8.61,514065,0
20110728,8.53,8.54,8.33,8.52,852547,0
20110729,8.49,8.54,8.35,8.5,1006203,0
20110801,8.59,8.59,8.36,8.5,705362,0
20110802,8.5,8.5,8.29,8.36,238889,0
20110803,8.2,8.2,7.82,7.94,1213186,0
20110804,7.93,7.95,7.37,7.49,1998100,0
20110805,7.48,7.48,6.84,7.44,3182268,0
20110808,7.36,7.36,6.83,6.88,3040703,0
20110809,6.84,6.92,6.14,6.57,3810710,0
20110810,6.6,6.97,6.47,6.59,2924954,0
20110811,6.66,6.76,6.34,6.72,1915887,0
20110812,6.75,7.09,6.75,6.9,2513115,0
20110816,7.05,7.14,6.89,6.99,1777945,0
20110817,7,7.09,6.9,7.02,1293750,0
20110818,7.02,7.06,6.56,6.56,2183720,0
20110819,6.48,6.59,6.34,6.48,1203483,0
20110822,6.47,6.81,6.46,6.61,788181,0
20110823,6.75,6.78,6.55,6.55,1663997,0
20110824,6.58,6.65,6.46,6.5,873587,0
20110825,6.6,6.65,6.43,6.43,879742,0
20110826,6.51,6.55,6.34,6.39,408944,0
20110829,6.41,6.52,6.36,6.41,865318,0
20110830,6.49,6.5,6.33,6.44,1455073,0
20110831,6.51,6.9,6.5,6.89,2352335,0
20110901,6.89,6.9,6.67,6.75,1836172,0
20110902,6.77,6.77,6.39,6.47,1684036,0
20110905,6.51,6.51,6.22,6.29,1220314,0
20110906,6.28,6.39,6.18,6.24,1497410,0
20110907,6.33,6.4,6.22,6.31,1068895,0
20110908,6.31,6.42,6.17,6.19,666934,0
20110909,6.22,6.26,6.01,6.01,623314,0
20110912,5.96,5.97,5.66,5.85,1580068,0
20110913,5.88,5.95,5.7,5.84,969702,0
20110914,5.82,5.9,5.7,5.7,1237360,0
20110915,5.72,6.09,5.7,5.86,931626,0
20110916,5.95,6.21,5.95,6.02,2510171,0
20110919,6.05,6.06,5.91,5.93,909472,0
20110920,5.99,6,5.87,5.94,992804,0
20110921,5.98,6.05,5.92,6.03,631916,0
20110922,6.05,6.05,5.88,5.9,514684,0
20110923,5.9,5.93,5.71,5.93,1041610,0
20110926,5.85,5.95,5.71,5.89,553033,0
20110927,5.91,6.03,5.91,5.97,559661,0
20110928,5.98,6.05,5.83,5.88,660402,0
20110929,5.85,5.89,5.72,5.86,499241,0
20110930,5.81,5.86,5.74,5.85,654641,0
20111003,5.84,5.84,5.63,5.78,644384,0
20111004,5.78,5.78,5.49,5.63,589759,0
20111005,5.64,5.71,5.59,5.62,379621,0
20111006,5.64,5.69,5.58,5.68,879731,0
20111007,5.69,5.76,5.63,5.76,2720888,0
20111010,5.79,5.98,5.79,5.98,2086731,0
20111011,5.98,6.02,5.79,6.02,1064935,0
20111012,6.01,6.11,5.95,6.01,1551857,0
20111013,6.04,6.04,5.92,5.96,1409596,0
20111014,5.93,6.04,5.9,6.01,2046477,0
20111017,6.03,6.12,5.99,6.08,2248018,0
20111018,6.06,6.06,5.93,5.98,1153622,0
20111019,5.98,6.05,5.93,6.03,1531332,0
20111020,6.04,6.07,5.93,5.93,2003446,0
20111021,5.9,6,5.81,6,1032434,0
20111024,6,6.09,5.95,6.09,1769746,0
20111025,6.09,6.13,5.9,5.97,1578084,0
20111026,5.99,6,5.88,5.9,700033,0
20111027,5.94,6.12,5.94,6.08,1339432,0
20111028,6.11,6.14,6.04,6.14,750876,0
20111031,6.14,6.2,5.94,6,679900,0
20111102,5.94,5.98,5.75,5.98,1266363,0
20111103,5.96,6.12,5.85,6.06,448999,0
20111104,6.08,6.08,5.96,6.05,1177806,0
20111107,6.04,6.14,5.97,6.05,2773967,0
20111108,6.05,6.08,5.92,5.95,3351417,0
20111109,5.95,5.98,5.71,5.74,4221917,0
20111110,5.71,5.75,5.68,5.7,3210112,0
20111114,5.77,5.83,5.6,5.6,3023956,0
20111115,5.6,5.62,5.47,5.59,2190004,0
20111116,5.59,5.6,5.48,5.57,644780,0
20111117,5.56,5.56,5.43,5.46,1035345,0
20111118,5.41,5.49,5.33,5.46,960126,0
20111121,5.46,5.46,5.13,5.21,2599550,0
20111122,5.18,5.18,5.06,5.12,1583219,0
20111123,5.11,5.2,5.04,5.06,524012,0
20111124,5.08,5.08,4.86,4.89,2558778,0
20111125,4.91,4.95,4.8,4.95,2292292,0
20111128,4.98,5.04,4.89,5.02,2460608,0
20111129,5.05,5.14,4.9,4.97,2083358,0
20111130,4.97,5.02,4.88,4.98,4045194,0
20111201,4.96,5.02,4.88,4.98,2174755,0
20111202,5.05,5.1,4.95,5.05,1158659,0
20111205,5.05,5.05,4.96,5.03,809114,0
20111206,5.02,5.03,4.88,4.93,1301902,0
20111207,4.94,4.95,4.87,4.93,637549,0
20111208,4.94,4.94,4.85,4.88,1088791,0
20111209,4.87,4.87,4.78,4.85,1268982,0
20111212,4.84,4.9,4.74,4.78,776495,0
20111213,4.77,4.83,4.71,4.72,1068950,0
20111214,4.72,4.85,4.64,4.73,1474795,0
20111215,4.79,4.79,4.64,4.66,1556897,0
20111216,4.64,4.73,4.6,4.66,1536002,0
20111219,4.65,4.67,4.58,4.59,809621,0
20111220,4.59,4.64,4.58,4.64,2660621,0
20111221,4.65,4.73,4.62,4.73,1563127,0
20111222,4.75,4.76,4.65,4.72,1042620,0
20111223,4.74,4.87,4.68,4.85,938830,0
20111227,4.84,4.84,4.68,4.72,884194,0
20111228,4.74,4.81,4.71,4.81,870732,0
20111229,4.81,4.83,4.74,4.79,1198681,0
20111230,4.8,4.86,4.68,4.78,663194,0
20120102,4.86,4.96,4.82,4.83,720507,0
20120103,4.83,4.95,4.81,4.84,1651857,0
20120104,4.84,4.85,4.75,4.83,1314162,0
20120105,4.84,4.84,4.74,4.78,702801,0
20120109,4.76,4.78,4.69,4.78,565935,0
20120110,4.79,4.9,4.79,4.9,1578737,0
20120111,4.91,4.96,4.87,4.95,2166232,0
20120112,4.94,5.02,4.92,4.98,1630425,0
20120113,5.01,5.02,4.9,4.97,1027045,0
20120116,4.95,5.09,4.93,5.09,781919,0
20120117,5.09,5.25,5.07,5.21,1280676,0
20120118,5.21,5.24,5.19,5.23,694687,0
20120119,5.23,5.23,5.16,5.16,1443524,0
20120120,5.17,5.2,5.09,5.2,715790,0
20120123,5.19,5.24,5.16,5.24,804893,0
20120124,5.2,5.26,5.19,5.23,541763,0
20120125,5.23,5.24,5.17,5.21,296659,0
20120126,5.22,5.35,5.15,5.32,2265825,0
20120127,5.32,5.45,5.32,5.4,1604978,0
20120130,5.39,5.43,5.3,5.43,1393620,0
20120131,5.44,5.61,5.44,5.57,5136353,0
20120201,5.57,5.65,5.51,5.63,1865872,0
20120202,5.66,5.67,5.57,5.66,629326,0
20120203,5.67,5.78,5.6,5.76,3779409,0
20120206,5.71,5.87,5.69,5.84,1599637,0
20120207,5.84,5.99,5.84,5.98,3787921,0
20120208,5.98,6.12,5.98,6.07,1623679,0
20120209,6.08,6.09,5.92,5.92,1619601,0
20120210,5.92,5.92,5.76,5.91,1657364,0
20120213,5.89,5.99,5.83,5.89,1396190,0
20120214,5.88,6.09,5.88,6.02,785964,0
20120215,6.02,6.12,6,6.02,1040269,0
20120216,6.02,6.02,5.91,5.96,919211,0
20120217,5.97,6.11,5.97,6.06,695453,0
20120220,6.06,6.17,6.06,6.08,706250,0
20120221,6.08,6.13,6,6.06,732440,0
20120222,5.98,6.04,5.89,5.93,940483,0
20120223,5.93,6.01,5.88,6,1289736,0
20120224,6.02,6.07,5.99,6.07,445535,0
20120227,6.08,6.08,5.94,5.95,448968,0
20120228,5.93,6.07,5.9,5.98,861140,0
20120229,5.96,6.02,5.93,6.02,1267489,0
20120301,5.97,5.98,5.88,5.98,4487331,0
20120302,5.97,5.97,5.87,5.95,2092759,0
20120305,5.93,5.98,5.81,5.82,457533,0
20120306,5.8,5.81,5.67,5.76,857397,0
20120307,5.68,5.79,5.65,5.77,1585333,0
20120308,5.79,5.88,5.78,5.87,1453022,0
20120309,5.86,5.89,5.81,5.89,1528268,0
20120312,5.86,5.9,5.8,5.86,693205,0
20120313,5.86,5.92,5.81,5.85,388811,0
20120314,5.86,6.01,5.86,5.98,1986222,0
20120315,6,6.06,5.95,6.01,2468801,0
20120316,6.01,6.07,5.95,6,1805418,0
20120319,5.98,5.98,5.8,5.87,1510365,0
20120320,5.87,5.87,5.72,5.75,1836236,0
20120321,5.75,5.76,5.69,5.74,1031882,0
20120322,5.74,5.74,5.6,5.63,1436318,0
20120323,5.62,5.69,5.54,5.69,1273702,0
20120326,5.69,5.7,5.62,5.64,1051223,0
20120327,5.67,5.71,5.62,5.69,1476669,0
20120328,5.69,5.75,5.61,5.68,596989,0
20120329,5.68,5.68,5.49,5.56,784641,0
20120330,5.52,5.7,5.52,5.63,663161,0
20120402,5.62,5.67,5.55,5.59,428828,0
20120403,5.61,5.63,5.56,5.59,166929,0
20120404,5.56,5.59,5.44,5.49,1490509,0
20120405,5.47,5.51,5.37,5.45,443201,0
20120410,5.43,5.51,5.35,5.35,566150,0
20120411,5.33,5.34,5.18,5.34,1196523,0
20120412,5.35,5.4,5.29,5.33,691100,0
20120413,5.41,5.41,5.28,5.29,265323,0
20120416,5.29,5.36,5.21,5.28,590324,0
20120417,5.26,5.36,5.14,5.17,1224257,0
20120418,5.18,5.22,5.08,5.21,1291587,0
20120419,5.21,5.22,5.13,5.2,184060,0
20120420,5.18,5.18,5.07,5.13,280610,0
20120423,5.13,5.13,4.83,4.94,1882159,0
20120424,4.94,4.94,4.8,4.9,841476,0
20120425,4.9,4.92,4.77,4.87,1094064,0
20120426,4.89,4.96,4.87,4.96,360263,0
20120427,4.98,5.04,4.9,5.03,132437,0
20120430,5.03,5.05,4.97,5.05,196004,0
20120502,5.04,5.04,4.91,4.96,344460,0
20120504,4.96,4.97,4.82,4.84,501509,0
20120507,4.79,4.81,4.65,4.77,189113,0
20120508,4.86,4.86,4.71,4.71,401452,0
20120509,4.73,4.77,4.66,4.7,712849,0
20120510,4.7,4.72,4.62,4.66,640989,0
20120511,4.66,4.66,4.48,4.58,549690,0
20120514,4.58,4.59,4.44,4.47,737799,0
20120515,4.53,4.58,4.36,4.45,347138,0
20120516,4.45,4.45,4.32,4.38,645677,0
20120517,4.38,4.4,4.28,4.37,325053,0
20120518,4.37,4.41,4.24,4.4,878340,0
20120521,4.44,4.49,4.37,4.47,901520,0
20120522,4.47,4.48,4.41,4.42,675062,0
20120523,4.41,4.42,4.3,4.37,953968,0
20120524,4.38,4.42,4.26,4.33,1416862,0
20120525,4.32,4.35,4.25,4.26,264824,0
20120528,4.24,4.36,4.24,4.31,316607,0
20120529,4.31,4.34,4.26,4.34,300166,0
20120530,4.33,4.33,4.23,4.29,330318,0
20120531,4.3,4.34,4.26,4.34,246166,0
20120601,4.34,4.34,4.22,4.28,604011,0
20120604,4.25,4.26,4.14,4.25,147336,0
20120605,4.23,4.23,3.98,4.05,408219,0
20120606,4.04,4.05,3.92,3.94,433602,0
20120608,3.94,4.03,3.93,4.03,629807,0
20120611,4.03,4.06,3.99,4.03,306918,0
20120612,3.98,4,3.88,3.95,721320,0
20120613,3.99,3.99,3.89,3.92,561705,0
20120614,3.9,4.04,3.89,4.04,420952,0
20120615,4,4.07,3.96,4.06,1359063,0
20120618,4.09,4.18,4.08,4.17,893975,0
20120619,4.17,4.23,4.07,4.19,1617733,0
20120620,4.22,4.23,4.08,4.12,1260874,0
20120621,4.09,4.09,3.96,4.02,357236,0
20120622,4.02,4.02,3.92,3.94,135023,0
20120625,3.97,4.02,3.9,3.9,112648,0
20120626,3.9,3.95,3.85,3.9,246633,0
20120627,3.9,3.93,3.88,3.92,387397,0
20120628,3.92,3.92,3.85,3.85,642059,0
20120629,3.87,3.92,3.84,3.85,1560337,0
20120702,3.84,3.88,3.83,3.85,1440537,0
20120703,3.86,3.86,3.64,3.64,16328458,0
20120704,3.57,3.59,3.34,3.37,46328468,0
20120705,3.39,3.54,3.39,3.42,20823949,0
20120706,3.43,3.49,3.42,3.45,11729222,0
20120709,3.46,3.46,3.36,3.37,4492372,0
20120710,3.36,3.36,3.18,3.2,14174549,0
20120711,3.17,3.19,3.08,3.08,13137818,0
20120712,3.09,3.1,2.98,3.03,17283065,0
20120713,3.05,3.07,3.02,3.04,8369507,0
20120716,3.03,3.03,2.8,2.8,21303013,0
20120717,2.81,2.88,2.78,2.79,34455256,0
20120718,2.79,2.97,2.74,2.94,31237679,0
20120719,2.96,2.96,2.83,2.86,19052202,0
20120720,2.86,2.87,2.8,2.82,12939589,0
20120723,2.8,2.82,2.76,2.78,10419212,0
20120724,2.8,2.86,2.8,2.82,9644437,0
20120725,2.79,2.88,2.78,2.82,13934600,0
20120726,2.82,2.84,2.79,2.79,6827025,0
20120727,2.79,2.84,2.76,2.78,4668469,0
20120730,2.82,2.83,2.74,2.77,17304379,0
20120731,2.78,2.79,2.68,2.72,21415115,0
20120801,2.71,2.77,2.7,2.76,11146244,0
20120802,2.76,2.95,2.76,2.9,7815298,0
20120803,2.9,2.93,2.83,2.87,2935572,0
20120806,2.86,2.88,2.84,2.85,2732650,0
20120807,2.85,2.86,2.78,2.81,2754595,0
20120808,2.84,2.86,2.75,2.75,1735760,0
20120809,2.76,2.76,2.66,2.69,3618561,0
20120810,2.69,2.72,2.61,2.63,6903552,0
20120813,2.63,2.68,2.6,2.66,4771299,0
20120814,2.66,2.68,2.59,2.6,908749,0
20120816,2.57,2.62,2.53,2.56,7278410,0
20120817,2.59,2.62,2.51,2.57,2419772,0
20120820,2.54,2.57,2.44,2.51,9114467,0
20120821,2.51,2.54,2.43,2.45,12473688,0
20120822,2.43,2.52,2.4,2.52,18621238,0
20120823,2.51,2.52,2.46,2.47,2472917,0
20120824,2.47,2.49,2.45,2.48,946590,0
20120827,2.52,2.58,2.51,2.56,9741123,0
20120828,2.57,2.57,2.52,2.54,3867043,0
20120829,2.54,2.55,2.46,2.52,2016078,0
20120830,2.52,2.54,2.46,2.52,2090051,0
20120831,2.52,2.58,2.52,2.58,1385109,0
20120903,2.6,2.6,2.51,2.51,2417455,0
20120904,2.5,2.54,2.49,2.51,1839754,0
20120905,2.51,2.56,2.5,2.52,491580,0
20120906,2.52,2.53,2.44,2.47,4707620,0
20120907,2.47,2.53,2.45,2.53,1090697,0
20120910,2.53,2.58,2.51,2.52,575743,0
20120911,2.51,2.58,2.51,2.55,3153913,0
20120912,2.55,2.58,2.5,2.55,831971,0
20120913,2.54,2.58,2.52,2.55,1396518,0
20120914,2.56,2.62,2.56,2.61,1558461,0
20120917,2.62,2.62,2.5,2.57,1514436,0
20120918,2.57,2.59,2.53,2.55,3256724,0
20120919,2.53,2.61,2.5,2.58,9552943,0
20120920,2.56,2.58,2.54,2.57,2334668,0
20120921,2.55,2.74,2.55,2.72,2706277,0
20120924,2.72,2.72,2.64,2.66,3177103,0
20120925,2.66,2.68,2.57,2.64,5290110,0
20120926,2.64,2.64,2.57,2.6,4290215,0
20120927,2.6,2.67,2.51,2.59,1097525,0
20120928,2.59,2.63,2.59,2.61,1809466,0
20121001,2.6,2.64,2.58,2.59,5476609,0
20121002,2.59,2.64,2.57,2.58,2198245,0
20121003,2.58,2.6,2.54,2.57,7343160,0
20121004,2.57,2.59,2.49,2.55,1947319,0
20121005,2.55,2.66,2.53,2.63,6752787,0
20121008,2.63,2.65,2.59,2.63,2877661,0
20121009,2.63,2.64,2.58,2.62,886976,0
20121010,2.63,2.63,2.57,2.61,2453674,0
20121011,2.61,2.63,2.58,2.62,10884331,0
20121012,2.62,2.67,2.54,2.55,12824712,0
20121015,2.56,2.6,2.53,2.57,3107705,0
20121016,2.57,2.63,2.56,2.61,5268920,0
20121017,2.61,2.61,2.57,2.58,2244131,0
20121018,2.58,2.59,2.51,2.55,4173376,0
20121019,2.57,2.58,2.52,2.52,5672546,0
20121022,2.52,2.54,2.5,2.53,1674949,0
20121023,2.53,2.53,2.46,2.46,2817881,0
20121024,2.46,2.52,2.44,2.52,981730,0
20121025,2.52,2.54,2.48,2.48,10193247,0
20121026,2.48,2.5,2.46,2.49,10579604,0
20121029,2.49,2.5,2.49,2.5,5958236,0
20121030,2.5,2.52,2.5,2.51,6517902,0
20121031,2.51,2.52,2.49,2.51,4558288,0
20121102,2.51,2.55,2.43,2.47,3633145,0
20121105,2.47,2.5,2.43,2.48,6237015,0
20121106,2.47,2.48,2.42,2.44,4364057,0
20121107,2.44,2.48,2.39,2.4,2869179,0
20121108,2.4,2.44,2.39,2.43,4380669,0
20121109,2.43,2.44,2.35,2.36,4679015,0
20121112,2.36,2.37,2.3,2.33,2134663,0
20121113,2.33,2.33,2.3,2.31,390008,0
20121114,2.31,2.32,2.31,2.31,3679030,0
20121115,2.29,2.3,2.26,2.27,5730690,0
20121116,2.27,2.27,2.25,2.25,4300336,0
20121119,2.26,2.28,2.26,2.26,2483098,0
20121120,2.25,2.27,2.24,2.25,2159484,0
20121121,2.29,2.31,2.25,2.26,6069201,0
20121122,2.27,2.28,2.26,2.27,2940605,0
20121123,2.27,2.27,2.25,2.27,1347992,0
20121126,2.27,2.29,2.24,2.28,28087390,0
20121127,2.28,2.3,2.25,2.27,8230317,0
20121128,2.27,2.28,2.25,2.25,3787370,0
20121129,2.25,2.28,2.24,2.24,3067767,0
20121130,2.24,2.24,2.19,2.23,3787297,0
20121203,2.23,2.24,2.22,2.24,3402560,0
20121204,2.24,2.28,2.24,2.27,2362512,0
20121205,2.26,2.29,2.25,2.28,1030784,0
20121206,2.28,2.28,2.26,2.27,31947811,0
20121207,2.28,2.31,2.26,2.27,3557741,0
20121210,2.27,2.3,2.23,2.26,3459068,0
20121211,2.26,2.28,2.24,2.27,2878307,0
20121212,2.27,2.29,2.23,2.23,1811962,0
20121213,2.23,2.26,2.22,2.23,962026,0
20121214,2.23,2.25,2.2,2.21,2221524,0
20121217,2.21,2.24,2.2,2.23,5691215,0
20121218,2.23,2.23,2.16,2.19,4222171,0
20121219,2.19,2.21,2.18,2.2,1035484,0
20121220,2.2,2.23,2.17,2.23,4073250,0
20121221,2.22,2.24,2.19,2.22,722176,0
20121227,2.21,2.25,2.2,2.25,484861,0
20121228,2.25,2.25,2.23,2.25,1603124,0
20130102,2.25,2.29,2.25,2.28,893297,0
20130103,2.28,2.34,2.28,2.31,525560,0
20130104,2.31,2.32,2.28,2.31,1692430,0
20130107,2.31,2.33,2.29,2.32,6023717,0
20130108,2.32,2.33,2.31,2.33,267007,0
20130109,2.35,2.35,2.28,2.32,418034,0
20130110,2.33,2.34,2.33,2.33,411418,0
20130111,2.37,2.43,2.36,2.41,1525008,0
20130114,2.42,2.44,2.39,2.42,2437798,0
20130115,2.42,2.42,2.38,2.38,471319,0
20130116,2.4,2.42,2.39,2.41,940977,0
20130117,2.43,2.45,2.4,2.4,704082,0
20130118,2.42,2.44,2.38,2.41,699166,0
20130121,2.42,2.42,2.38,2.42,5222135,0
20130122,2.42,2.42,2.39,2.4,2476665,0
20130123,2.4,2.43,2.4,2.41,790887,0
20130124,2.41,2.42,2.37,2.38,693561,0
20130125,2.4,2.4,2.34,2.37,1351039,0
20130128,2.39,2.42,2.37,2.39,673912,0
20130129,2.38,2.39,2.36,2.38,324437,0
20130130,2.36,2.41,2.36,2.41,680489,0
20130131,2.42,2.46,2.42,2.46,10593044,0
20130201,2.46,2.49,2.45,2.46,14070885,0
20130204,2.47,2.49,2.41,2.46,3678941,0
20130205,2.45,2.46,2.4,2.45,992030,0
20130206,2.45,2.45,2.32,2.4,2925707,0
20130207,2.4,2.4,2.38,2.4,870223,0
20130208,2.4,2.42,2.38,2.42,915737,0
20130211,2.41,2.44,2.4,2.44,2314733,0
20130212,2.42,2.43,2.4,2.42,4073468,0
20130213,2.42,2.46,2.41,2.46,4611914,0
20130214,2.44,2.45,2.41,2.44,2173726,0
20130215,2.44,2.46,2.41,2.45,1058204,0
20130218,2.45,2.53,2.45,2.53,2716904,0
20130219,2.54,2.54,2.45,2.49,10334789,0
20130220,2.49,2.52,2.49,2.52,2575535,0
20130221,2.51,2.51,2.43,2.49,1065155,0
20130222,2.49,2.53,2.48,2.52,2639220,0
20130225,2.48,2.53,2.48,2.53,10199534,0
20130226,2.53,2.54,2.46,2.48,3902221,0
20130227,2.48,2.51,2.44,2.45,2670753,0
20130228,2.45,2.48,2.43,2.44,656967,0
20130301,2.44,2.48,2.41,2.48,1075180,0
20130304,2.49,2.54,2.48,2.54,2840084,0
20130305,2.53,2.58,2.48,2.58,1517230,0
20130306,2.6,2.61,2.54,2.56,3858988,0
20130307,2.58,2.59,2.54,2.57,1030627,0
20130308,2.57,2.59,2.54,2.55,2747866,0
20130311,2.56,2.61,2.53,2.6,680618,0
20130312,2.6,2.61,2.56,2.57,3185684,0
20130313,2.57,2.66,2.56,2.66,3305461,0
20130314,2.66,2.66,2.6,2.64,1472825,0
20130315,2.64,2.66,2.63,2.63,1497047,0
20130318,2.62,2.62,2.58,2.6,409932,0
20130319,2.59,2.6,2.53,2.56,527578,0
20130320,2.54,2.56,2.53,2.55,3001477,0
20130321,2.55,2.55,2.49,2.53,1643238,0
20130322,2.53,2.56,2.52,2.55,2750708,0
20130325,2.52,2.57,2.52,2.55,635907,0
20130326,2.54,2.54,2.46,2.51,1875464,0
20130327,2.51,2.51,2.46,2.5,2910642,0
20130328,2.5,2.5,2.44,2.48,691678,0
20130402,2.46,2.51,2.45,2.46,2669832,0
20130403,2.49,2.49,2.4,2.4,722672,0
20130404,2.4,2.42,2.36,2.38,850211,0
20130405,2.38,2.44,2.38,2.41,534784,0
20130408,2.41,2.45,2.39,2.43,478236,0
20130409,2.43,2.44,2.37,2.42,1247560,0
20130410,2.42,2.43,2.39,2.41,378443,0
20130411,2.42,2.47,2.41,2.42,9481376,0
20130412,2.42,2.42,2.38,2.42,2341597,0
20130415,2.41,2.48,2.4,2.4,453541,0
20130417,2.42,2.44,2.37,2.39,341893,0
20130418,2.38,2.4,2.35,2.38,2518313,0
20130419,2.37,2.39,2.34,2.37,326553,0
20130422,2.33,2.38,2.33,2.35,993244,0
20130423,2.34,2.36,2.3,2.31,548263,0
20130424,2.31,2.34,2.3,2.32,506460,0
20130425,2.33,2.33,2.3,2.32,2892728,0
20130426,2.32,2.34,2.32,2.34,244343,0
20130429,2.36,2.38,2.36,2.38,344233,0
20130430,2.38,2.39,2.36,2.38,360131,0
20130502,2.38,2.4,2.37,2.38,541840,0
20130506,2.38,2.39,2.37,2.39,1100360,0
20130507,2.39,2.4,2.38,2.4,233157,0
20130508,2.38,2.41,2.38,2.4,993393,0
20130509,2.39,2.42,2.37,2.39,405531,0
20130510,2.41,2.43,2.39,2.41,916401,0
20130513,2.41,2.45,2.4,2.44,801836,0
20130514,2.44,2.47,2.43,2.46,4825703,0
20130515,2.46,2.5,2.43,2.47,1711075,0
20130516,2.47,2.51,2.47,2.48,2127932,0
20130517,2.47,2.5,2.44,2.49,670357,0
20130520,2.5,2.54,2.48,2.51,1547614,0
20130521,2.5,2.5,2.44,2.5,1333203,0
20130522,2.49,2.55,2.48,2.54,1053681,0
20130523,2.52,2.54,2.5,2.54,2107222,0
20130524,2.54,2.56,2.51,2.56,318078,0
20130527,2.56,2.56,2.52,2.55,921785,0
20130528,2.53,2.59,2.51,2.56,2754291,0
20130529,2.56,2.57,2.55,2.56,388681,0
20130531,2.55,2.58,2.54,2.56,602033,0
20130603,2.57,2.59,2.54,2.54,642850,0
20130604,2.55,2.59,2.54,2.56,590960,0
20130605,2.56,2.57,2.53,2.56,733729,0
20130606,2.55,2.6,2.54,2.57,730266,0
20130607,2.57,2.6,2.55,2.6,1125015,0
20130610,2.6,2.61,2.57,2.59,619666,0
20130611,2.57,2.6,2.57,2.59,760806,0
20130612,2.61,2.65,2.6,2.64,866223,0
20130613,2.64,2.65,2.6,2.65,645823,0
20130614,2.65,2.71,2.63,2.7,1390268,0
20130617,2.7,2.73,2.66,2.67,234781,0
20130618,2.7,2.82,2.7,2.82,631624,0
20130619,2.83,2.83,2.76,2.76,224119,0
20130620,2.76,2.76,2.65,2.66,665232,0
20130621,2.67,2.71,2.64,2.66,1393504,0
20130624,2.61,2.74,2.61,2.73,759000,0
20130625,2.72,2.76,2.7,2.76,2066787,0
20130626,2.77,2.77,2.7,2.72,771506,0
20130627,2.74,2.74,2.64,2.67,320078,0
20130628,2.68,2.71,2.65,2.68,1268694,0
20130701,2.68,2.73,2.68,2.72,335102,0
20130702,2.72,2.73,2.68,2.73,386927,0
20130703,2.75,2.78,2.71,2.78,1623400,0
20130704,2.79,2.82,2.77,2.82,1083481,0
20130705,2.82,2.85,2.76,2.85,620650,0
20130708,2.85,2.85,2.82,2.85,300015,0
20130709,2.87,2.87,2.82,2.84,660463,0
20130710,2.85,2.87,2.84,2.85,187731,0
20130711,2.87,2.87,2.83,2.84,191368,0
20130712,2.84,2.86,2.81,2.85,382312,0
20130715,2.85,2.85,2.84,2.85,114600,0
20130716,2.85,2.87,2.81,2.84,219352,0
20130717,2.84,2.85,2.81,2.81,179516,0
20130718,2.81,2.82,2.77,2.82,641939,0
20130719,2.82,2.84,2.82,2.83,244771,0
20130722,2.83,2.87,2.83,2.84,272168,0
20130723,2.87,2.87,2.79,2.85,341336,0
20130724,2.85,2.85,2.82,2.84,2344090,0
20130725,2.84,2.84,2.84,2.84,323821,0
20130726,2.85,2.85,2.84,2.84,781482,0
20130729,2.84,2.85,2.79,2.84,412960,0
20130730,2.84,2.84,2.77,2.77,222191,0
20130731,2.78,2.82,2.78,2.79,358419,0
20130801,2.79,2.81,2.75,2.76,381938,0
20130802,2.77,2.84,2.77,2.83,2111098,0
20130805,2.83,2.84,2.81,2.83,274376,0
20130806,2.83,2.84,2.77,2.81,203904,0
20130807,2.81,2.82,2.78,2.82,379949,0
20130808,2.83,2.83,2.79,2.83,1183840,0
20130809,2.83,2.83,2.78,2.8,364612,0
20130812,2.8,2.82,2.79,2.81,612658,0
20130813,2.81,2.82,2.79,2.79,727973,0
20130814,2.8,2.81,2.79,2.81,482642,0
20130816,2.81,2.82,2.78,2.81,380864,0
20130819,2.81,2.82,2.77,2.82,12500441,0
20130820,2.82,2.82,2.79,2.81,38391787,0
20130821,2.82,2.84,2.81,2.81,10238324,0
20130822,2.83,2.87,2.8,2.87,3967800,0
20130823,2.85,2.9,2.82,2.85,19177953,0
20130826,2.85,2.85,2.82,2.82,3506613,0
20130827,2.83,2.83,2.75,2.75,833786,0
20130828,2.74,2.79,2.74,2.79,1235168,0
20130829,2.79,2.82,2.78,2.82,884377,0
20130830,2.82,2.82,2.76,2.79,1019215,0
20130902,2.79,2.81,2.79,2.8,2465437,0
20130903,2.81,2.81,2.77,2.81,11004056,0
20130904,2.81,2.81,2.75,2.76,4941588,0
20130905,2.78,2.78,2.65,2.69,9787785,0
20130906,2.69,2.73,2.67,2.72,2814081,0
20130909,2.79,2.81,2.76,2.77,2307215,0
20130910,2.78,2.81,2.76,2.81,598097,0
20130911,2.81,2.82,2.78,2.81,5681245,0
20130912,2.81,2.81,2.77,2.81,680830,0
20130913,2.81,2.81,2.78,2.78,1674720,0
20130916,2.8,2.81,2.74,2.76,2072328,0
20130917,2.78,2.81,2.75,2.76,17691841,0
20130918,2.75,2.79,2.72,2.73,61273404,0
20130919,2.74,2.75,2.7,2.74,20216927,0
20130920,2.74,2.74,2.68,2.69,12875450,0
20130923,2.71,2.72,2.66,2.68,2542874,0
20130924,2.68,2.69,2.64,2.69,555825,0
20130925,2.67,2.67,2.66,2.67,13114919,0
20130926,2.67,2.67,2.61,2.67,25700847,0
20130927,2.66,2.68,2.61,2.66,24978565,0
20130930,2.69,2.69,2.66,2.68,10246720,0
20131001,2.69,2.69,2.64,2.67,6865541,0
20131002,2.64,2.69,2.63,2.66,1227766,0
20131003,2.69,2.69,2.66,2.67,1084785,0
20131004,2.69,2.69,2.6,2.65,8786915,0
20131007,2.65,2.68,2.63,2.65,2747005,0
20131008,2.64,2.65,2.62,2.62,11967186,0
20131009,2.63,2.65,2.62,2.63,1940830,0
20131010,2.64,2.69,2.63,2.69,1688837,0
20131011,2.7,2.72,2.66,2.68,1868854,0
20131014,2.71,2.71,2.65,2.66,1575870,0
20131015,2.67,2.74,2.66,2.73,1686716,0
20131016,2.73,2.77,2.7,2.77,2194961,0
20131017,2.77,2.82,2.75,2.82,833901,0
20131018,2.82,2.83,2.79,2.83,3375446,0
20131021,2.82,2.85,2.81,2.81,1210793,0
20131022,2.81,2.83,2.79,2.82,1578530,0
20131023,2.82,2.83,2.82,2.83,1578951,0
20131024,2.83,2.85,2.82,2.84,1645730,0
20131025,2.84,2.91,2.83,2.91,2745218,0
20131028,2.91,3.05,2.91,2.98,794680,0
20131029,3.01,3.05,3.01,3.02,1462261,0
20131030,3.02,3.02,2.93,2.93,45294867,0
20131031,2.93,2.96,2.93,2.95,13258414,0
20131104,2.95,3.1,2.94,3.09,29250780,0
20131105,3.08,3.12,3.02,3.05,13183522,0
20131106,3.03,3.15,3.03,3.15,15254488,0
20131107,3.16,3.16,3.06,3.1,7673170,0
20131108,3.13,3.14,3.07,3.08,6538607,0
20131112,3.05,3.12,3.02,3.11,12583873,0
20131113,3.14,3.18,3.09,3.18,6181724,0
20131114,3.16,3.17,3.11,3.15,20458432,0
20131115,3.15,3.17,3.12,3.14,15340943,0
20131118,3.17,3.17,3.09,3.12,1756503,0
20131119,3.15,3.15,3.11,3.13,1872297,0
20131120,3.13,3.19,3.13,3.14,1218552,0
20131121,3.2,3.21,3.13,3.16,765646,0
20131122,3.16,3.16,3.08,3.12,1242053,0
20131125,3.14,3.14,3.05,3.09,1803484,0
20131126,3.1,3.12,3.04,3.09,8979121,0
20131127,3.07,3.1,3.03,3.08,3115180,0
20131128,3.1,3.13,3.08,3.08,841136,0
20131129,3.08,3.09,3.04,3.09,8343001,0
20131202,3.11,3.11,3.06,3.07,3491866,0
20131203,3.07,3.1,3,3,1801762,0
20131204,3.01,3.01,2.95,3,2025638,0
20131205,3.02,3.02,2.93,2.96,1121689,0
20131206,2.95,2.99,2.92,2.99,552538,0
20131209,2.99,3.01,2.96,3,1782750,0
20131210,3,3.03,2.96,3,11079879,0
20131211,3.02,3.02,2.95,3,986174,0
20131212,2.99,2.99,2.87,2.9,7419590,0
20131213,2.9,2.93,2.85,2.87,803935,0
20131216,2.87,2.88,2.8,2.8,2363265,0
20131217,2.84,2.84,2.77,2.77,4942041,0
20131218,2.74,2.82,2.72,2.77,3251792,0
20131219,2.75,2.83,2.73,2.77,1417662,0
20131220,2.77,2.81,2.71,2.79,1177343,0
20131223,2.79,2.83,2.79,2.81,6009193,0
20131227,2.82,2.84,2.81,2.83,1371593,0
20131230,2.86,2.86,2.79,2.79,2554400,0
20140102,2.81,2.84,2.79,2.81,2783371,0
20140103,2.81,2.82,2.81,2.82,964622,0
20140107,2.81,2.81,2.74,2.76,2077645,0
20140108,2.77,2.77,2.69,2.72,2147263,0
20140109,2.77,2.77,2.72,2.72,1701670,0
20140110,2.71,2.75,2.66,2.67,3688821,0
20140113,2.67,2.69,2.63,2.69,3499540,0
20140114,2.67,2.69,2.65,2.68,3530696,0
20140115,2.71,2.74,2.68,2.69,24483808,0
20140116,2.72,2.76,2.72,2.73,19057824,0
20140117,2.74,2.83,2.74,2.83,2779004,0
20140120,2.84,2.94,2.84,2.94,636868,0
20140121,2.96,2.97,2.9,2.96,6314468,0
20140122,2.97,2.99,2.95,2.96,34637386,0
20140123,2.96,3.01,2.95,2.95,12949167,0
20140124,2.96,2.96,2.92,2.93,1587662,0
20140127,2.93,2.93,2.88,2.91,1895530,0
20140128,2.93,2.93,2.91,2.92,1591268,0
20140129,2.93,3.01,2.92,2.96,4660034,0
20140130,2.98,3.01,2.94,2.94,12983732,0
20140131,2.94,2.98,2.93,2.96,2714911,0
20140203,2.98,3.02,2.95,3.02,944760,0
20140204,2.99,3.01,2.98,2.98,736944,0
20140205,2.98,3.02,2.97,3.02,739182,0
20140206,3.03,3.06,3,3.02,532054,0
20140207,3.06,3.09,3.04,3.06,10924423,0
20140210,3.07,3.1,3.05,3.07,946839,0
20140211,3.07,3.13,3.06,3.08,2125303,0
20140212,3.08,3.15,3.08,3.11,2838418,0
20140213,3.13,3.16,3.11,3.14,1738420,0
20140214,3.15,3.15,3.11,3.15,650782,0
20140217,3.14,3.17,3.1,3.12,3345642,0
20140218,3.1,3.11,3.07,3.09,22298348,0
20140219,3.09,3.1,3.03,3.09,19328930,0
20140220,3.09,3.09,2.96,3.01,2611578,0
20140221,3.04,3.04,2.95,2.95,760986,0
20140224,2.95,3,2.93,2.97,4250747,0
20140225,2.96,2.98,2.9,2.92,1908876,0
20140226,2.94,2.95,2.88,2.88,860752,0
20140227,2.87,2.92,2.86,2.91,443724,0
20140228,2.95,2.96,2.89,2.95,451179,0
20140303,2.88,2.92,2.81,2.84,12690465,0
20140304,2.83,2.92,2.83,2.89,4622171,0
20140305,2.94,2.95,2.88,2.89,2687232,0
20140306,2.93,2.93,2.86,2.89,3717790,0
20140307,2.91,2.91,2.86,2.87,5793695,0
20140310,2.86,2.88,2.8,2.82,3808557,0
20140311,2.83,2.85,2.82,2.82,5996835,0
20140312,2.84,2.86,2.78,2.78,2127359,0
20140313,2.8,2.83,2.78,2.78,623161,0
20140314,2.75,2.76,2.71,2.72,1383951,0
20140317,2.75,2.79,2.75,2.77,19845126,0
20140318,2.79,2.8,2.71,2.72,8350600,0
20140319,2.74,2.79,2.74,2.76,21944934,0
20140320,2.8,2.8,2.68,2.7,15454521,0
20140321,2.71,2.75,2.7,2.74,2926339,0
20140324,2.73,2.75,2.7,2.74,951000,0
20140325,2.75,2.76,2.73,2.76,637457,0
20140326,2.76,2.79,2.76,2.78,17407685,0
20140327,2.78,2.83,2.74,2.77,2421686,0
20140328,2.78,2.79,2.73,2.76,1806749,0
20140331,2.78,2.8,2.76,2.8,8519849,0
20140401,2.81,2.81,2.75,2.79,8747327,0
20140402,2.79,2.8,2.75,2.77,2890835,0
20140403,2.79,2.79,2.75,2.78,8841338,0
20140404,2.78,2.79,2.75,2.75,2283685,0
20140407,2.77,2.77,2.71,2.74,2131314,0
20140408,2.73,2.76,2.68,2.7,3521680,0
20140409,2.73,2.73,2.66,2.68,7588133,0
20140410,2.69,2.72,2.66,2.7,995633,0
20140411,2.69,2.69,2.63,2.66,1515706,0
20140414,2.62,2.67,2.61,2.63,714518,0
20140415,2.63,2.66,2.61,2.65,585732,0
20140416,2.65,2.67,2.62,2.65,10048076,0
20140417,2.69,2.71,2.66,2.68,126590,0
20140422,2.67,2.74,2.67,2.73,377801,0
20140423,2.73,2.75,2.71,2.74,136178,0
20140424,2.75,2.76,2.71,2.72,126511,0
20140425,2.7,2.73,2.69,2.71,257529,0
20140428,2.71,2.71,2.64,2.67,607174,0
20140429,2.68,2.69,2.62,2.62,211401,0
20140430,2.6,2.62,2.57,2.62,178209,0
20140502,2.62,2.64,2.57,2.64,262374,0
20140505,2.64,2.65,2.59,2.6,83309,0
20140506,2.6,2.65,2.58,2.65,34549,0
20140507,2.64,2.64,2.57,2.58,185335,0
20140508,2.58,2.63,2.58,2.6,86022,0
20140509,2.6,2.64,2.54,2.54,605003,0
20140512,2.51,2.57,2.4,2.43,551714,0
20140513,2.41,2.43,2.37,2.37,727393,0
20140514,2.35,2.42,2.33,2.33,1002696,0
20140515,2.33,2.34,2.25,2.26,790635,0
20140516,2.27,2.32,2.26,2.31,3924866,0
20140519,2.33,2.35,2.3,2.33,2055492,0
20140520,2.33,2.33,2.3,2.3,134532,0
20140521,2.31,2.32,2.25,2.26,275337,0
20140522,2.25,2.28,2.25,2.25,186664,0
20140523,2.25,2.29,2.24,2.25,74385,0
20140526,2.26,2.27,2.23,2.25,99008,0
20140527,2.24,2.28,2.21,2.27,201344,0
20140528,2.27,2.27,2.23,2.25,380665,0
20140529,2.25,2.29,2.23,2.25,161990,0
20140530,2.24,2.28,2.23,2.26,211362,0
20140602,2.28,2.29,2.25,2.25,124468,0
20140603,2.25,2.29,2.23,2.24,162405,0
20140604,2.23,2.27,2.23,2.27,58987,0
20140605,2.27,2.29,2.22,2.29,1901557,0
20140606,2.28,2.32,2.28,2.3,951074,0
20140609,2.3,2.34,2.3,2.31,1144137,0
20140610,2.31,2.31,2.27,2.3,408252,0
20140611,2.3,2.32,2.23,2.26,720307,0
20140612,2.26,2.3,2.25,2.25,698581,0
20140613,2.25,2.26,2.22,2.23,106768,0
20140616,2.22,2.23,2.21,2.23,399347,0
20140617,2.23,2.24,2.21,2.22,258716,0
20140618,2.22,2.23,2.19,2.22,559542,0
20140620,2.22,2.23,2.22,2.23,291758,0
20140623,2.25,2.25,2.2,2.24,498176,0
20140624,2.24,2.24,2.19,2.21,238056,0
20140625,2.22,2.22,2.17,2.2,460682,0
20140626,2.2,2.2,2.18,2.19,772606,0
20140627,2.19,2.2,2.15,2.18,1477060,0
20140630,2.18,2.19,2.16,2.17,367873,0
20140701,2.16,2.18,2.14,2.17,1194043,0
20140702,2.16,2.16,2.11,2.11,349120,0
20140703,2.11,2.14,2.07,2.13,220499,0
20140704,2.15,2.15,2.12,2.12,183379,0
20140707,2.1,2.11,2.08,2.1,177095,0
20140708,2.1,2.15,2.1,2.13,582473,0
20140709,2.13,2.14,2.12,2.12,130762,0
20140710,2.12,2.12,2.09,2.11,427339,0
20140711,2.11,2.12,2.07,2.1,760798,0
20140714,2.11,2.12,2.03,2.06,245728,0
20140715,2.06,2.06,2,2.03,256070,0
20140716,2.03,2.03,1.95,1.96,169537,0
20140717,1.96,1.99,1.96,1.98,307350,0
20140718,1.98,2.01,1.95,1.99,222768,0
20140721,1.99,2.02,1.98,1.98,314471,0
20140722,1.98,2.01,1.95,2.01,150662,0
20140723,2.01,2.03,2,2.01,2497421,0
20140724,2.01,2.06,2,2,818057,0
20140725,1.95,2.01,1.95,1.98,404891,0
20140728,1.98,1.99,1.93,1.95,310270,0
20140729,1.96,1.99,1.93,1.95,195871,0
20140730,1.95,1.97,1.88,1.89,267917,0
20140731,1.86,1.88,1.84,1.87,174433,0
20140801,1.87,1.9,1.87,1.9,783265,0
20140804,1.88,1.91,1.86,1.9,119951,0
20140805,1.89,1.9,1.87,1.87,194098,0
20140806,1.87,1.87,1.78,1.84,537904,0
20140807,1.83,1.85,1.79,1.79,403307,0
20140808,1.79,1.82,1.73,1.73,203831,0
20140811,1.73,1.77,1.72,1.75,310770,0
20140812,1.75,1.76,1.71,1.72,132363,0
20140813,1.73,1.75,1.69,1.72,312185,0
20140814,1.72,1.75,1.71,1.71,860144,0
20140818,1.71,1.75,1.71,1.74,517273,0
20140819,1.75,1.77,1.75,1.77,169330,0
20140820,1.77,1.8,1.76,1.77,447044,0
20140821,1.77,1.78,1.76,1.78,175943,0
20140822,1.78,1.79,1.76,1.78,788680,0
20140825,1.77,1.79,1.76,1.77,360106,0
20140826,1.77,1.8,1.77,1.79,368028,0
20140827,1.79,1.79,1.69,1.73,600688,0
20140828,1.73,1.75,1.68,1.72,433773,0
20140829,1.71,1.72,1.67,1.71,253200,0
20140901,1.71,1.73,1.68,1.68,115672,0
20140902,1.68,1.72,1.67,1.7,947462,0
20140903,1.7,1.71,1.69,1.71,552595,0
20140904,1.7,1.78,1.7,1.76,622050,0
20140905,1.76,1.81,1.75,1.81,619939,0
20140908,1.81,1.86,1.77,1.8,1117404,0
20140909,1.81,1.81,1.73,1.77,1218538,0
20140910,1.78,1.78,1.75,1.77,498794,0
20140911,1.77,1.83,1.77,1.78,550307,0
20140912,1.79,1.84,1.78,1.82,354520,0
20140915,1.8,1.84,1.8,1.84,139040,0
20140916,1.84,1.84,1.81,1.83,418576,0
20140917,1.83,1.84,1.82,1.83,195518,0
20140918,1.83,1.91,1.83,1.91,1169937,0
20140919,1.91,1.95,1.9,1.9,1504819,0
20140922,1.89,1.93,1.89,1.89,384268,0
20140923,1.88,1.9,1.86,1.87,208668,0
20140924,1.87,1.88,1.86,1.86,128955,0
20140925,1.86,1.87,1.84,1.86,261921,0
20140926,1.84,1.85,1.82,1.84,371673,0
20140929,1.84,1.88,1.84,1.86,545290,0
20140930,1.86,1.86,1.8,1.82,637106,0
20141001,1.83,1.83,1.81,1.82,162245,0
20141002,1.8,1.83,1.79,1.81,913331,0
20141003,1.81,1.84,1.81,1.84,97925,0
20141006,1.85,1.88,1.85,1.88,312609,0
20141007,1.88,1.89,1.86,1.89,68621,0
20141008,1.88,1.89,1.86,1.86,205597,0
20141009,1.87,1.88,1.87,1.87,82610,0
20141010,1.87,1.88,1.83,1.86,106335,0
20141013,1.86,1.87,1.84,1.86,46607,0
20141014,1.86,1.87,1.85,1.86,112227,0
20141015,1.86,1.87,1.81,1.83,251619,0
20141016,1.83,1.85,1.81,1.82,344034,0
20141017,1.82,1.83,1.81,1.83,941384,0
20141020,1.81,1.85,1.81,1.85,183565,0
20141021,1.85,1.87,1.84,1.85,91878,0
20141022,1.86,1.86,1.83,1.85,454002,0
20141023,1.85,1.85,1.82,1.84,838035,0
20141024,1.85,1.85,1.84,1.85,2201992,0
20141027,1.85,1.85,1.83,1.83,379120,0
20141028,1.83,1.84,1.83,1.83,523923,0
20141029,1.82,1.84,1.81,1.83,150689,0
20141030,1.84,1.88,1.84,1.87,1564210,0
20141031,1.87,1.87,1.85,1.85,379446,0
20141103,1.85,1.87,1.84,1.86,713298,0
20141104,1.86,1.87,1.86,1.86,594419,0
20141105,1.86,1.87,1.86,1.86,830488,0
20141106,1.86,1.86,1.84,1.86,983765,0
20141107,1.86,1.86,1.8,1.83,292135,0
20141110,1.83,1.83,1.78,1.79,110524,0
20141112,1.79,1.79,1.76,1.79,185763,0
20141113,1.79,1.79,1.76,1.76,492707,0
20141114,1.76,1.77,1.74,1.77,374646,0
20141117,1.76,1.77,1.74,1.75,418666,0
20141118,1.75,1.78,1.75,1.78,105909,0
20141119,1.78,1.78,1.76,1.78,455508,0
20141120,1.78,1.78,1.76,1.77,453651,0
20141121,1.76,1.76,1.75,1.75,954179,0
20141124,1.75,1.78,1.75,1.77,910970,0
20141125,1.78,1.78,1.74,1.77,830791,0
20141126,1.77,1.77,1.76,1.77,260921,0
20141127,1.77,1.79,1.77,1.79,565734,0
20141128,1.79,1.8,1.78,1.8,458305,0
20141201,1.78,1.8,1.78,1.79,312235,0
20141202,1.79,1.81,1.78,1.8,277516,0
20141203,1.8,1.81,1.8,1.81,141090,0
20141204,1.81,1.81,1.79,1.8,866251,0
20141205,1.79,1.8,1.79,1.8,298781,0
20141208,1.8,1.81,1.78,1.8,124433,0
20141209,1.8,1.8,1.78,1.8,151191,0
20141210,1.8,1.8,1.76,1.77,136762,0
20141211,1.77,1.78,1.77,1.78,316718,0
20141212,1.78,1.8,1.78,1.8,448409,0
20141215,1.78,1.79,1.77,1.78,540787,0
20141216,1.78,1.78,1.71,1.73,738426,0
20141217,1.73,1.75,1.72,1.75,224227,0
20141218,1.75,1.75,1.72,1.75,164155,0
20141219,1.75,1.75,1.74,1.74,133083,0
20141222,1.74,1.75,1.72,1.73,283227,0
20141223,1.73,1.74,1.7,1.73,280004,0
20141229,1.73,1.75,1.71,1.74,141015,0
20141230,1.74,1.74,1.73,1.73,419648,0
