Date,Open,High,Low,Close,Volume,OpenInt
20110127,135,162,135,162,4674,0
20110128,175,206,175,193,5420,0
20110131,190,196,160,166,3181,0
20110201,161,165,135,160,728,0
20110202,160,162,148,155,299,0
20110203,150,160,135,145,1743,0
20110204,147,150,118,127,4807,0
20110207,132,149,127,139,5046,0
20110208,150,150,130,140,2037,0
20110209,137,138,112,135,5206,0
20110210,140,140,120,137,262,0
20110211,138,138,125,132,1837,0
20110214,135,135,121,123,189,0
20110215,125,126,116,123,268,0
20110216,120,126,120,122,239,0
20110217,124,126,113,122,15491,0
20110218,121,121,115,117,346,0
20110221,117,135,111,126,14517,0
20110222,130,132,104,105,66526,0
20110223,105,109,95,102,10050,0
20110224,102,103,93,99,2709,0
20110225,97,97,93,97,1196,0
20110228,99,99,93,93,1555,0
20110301,91,95,87,93,523,0
20110302,93,93,86,90,919,0
20110303,89,89,80,83,1458,0
20110304,84,96,84,84,13564,0
20110307,86,87,83,85,2346,0
20110308,85,85,76,78,3456,0
20110309,75,79,66,70,4009,0
20110310,70,70,59,60,9546,0
20110311,59,61,59,60,3919,0
20110314,60,61,59,59,4608,0
20110315,59,61,59,60,1880,0
20110316,59,61,59,60,1146,0
20110317,60,61,60,60,526,0
20110318,60,61,59,61,611,0
20110321,61,67,59,60,19528,0
20110322,59,61,59,59,2795,0
20110323,59,63,59,62,14840,0
20110324,62,62,60,60,589,0
20110325,59,62,59,60,1288,0
20110328,61,62,60,62,1362,0
20110329,62,65,62,64,6502,0
20110330,64,66,59,60,8723,0
20110331,60,61,59,61,878,0
20110401,60,63,59,62,5008,0
20110404,61,62,59,60,6268,0
20110405,60,61,59,61,644,0
20110406,61,65,59,64,19848,0
20110407,64,64,60,61,14236,0
20110408,61,73,59,67,50443,0
20110411,67,73,66,70,24681,0
20110412,71,74,70,72,9734,0
20110413,72,72,67,69,3245,0
20110414,68,70,65,68,4552,0
20110415,67,69,63,65,4338,0
20110418,65,69,63,65,4965,0
20110419,65,68,64,66,1539,0
20110420,66,67,60,62,39624,0
20110421,63,63,59,61,9316,0
20110426,61,61,59,61,3720,0
20110427,61,61,59,59,842,0
20110428,60,61,60,61,3197,0
20110429,60,61,59,60,1331,0
20110502,60,60,59,60,1204,0
20110504,59,62,59,60,8813,0
20110505,61,61,59,61,1511,0
20110506,59,60,59,60,1915,0
20110509,61,61,59,60,2885,0
20110510,60,64,58,60,55156,0
20110511,61,68,52,53,192098,0
20110512,53,56,43,46,166016,0
20110513,47,49,43,44,8355,0
20110516,45,47,45,46,5762,0
20110517,45,46,44,46,1982,0
20110518,46,46,44,46,2652,0
20110519,44,45,44,45,2068,0
20110520,44,45,44,45,1994,0
20110523,44,45,44,45,647,0
20110524,44,49,43,44,19193,0
20110525,44,45,42,45,2151,0
20110526,45,45,43,45,1269,0
20110527,45,45,43,45,783,0
20110530,45,45,43,44,971,0
20110531,44,45,43,44,454,0
20110601,44,44,42,44,1516,0
20110602,44,45,43,45,853,0
20110603,45,48,44,46,5534,0
20110606,46,46,42,44,4128,0
20110607,43,44,42,44,646,0
20110608,43,43,42,42,1262,0
20110609,42,43,39,42,5519,0
20110610,41,42,40,42,705,0
20110613,42,42,40,40,2870,0
20110614,41,42,40,40,746,0
20110615,41,41,38,38,4159,0
20110616,38,40,37,38,1785,0
20110617,38,39,34,38,3695,0
20110620,36,38,35,37,1090,0
20110621,36,37,34,36,1294,0
20110622,34,39,34,37,6826,0
20110624,37,38,35,36,1376,0
20110627,37,37,35,36,216,0
20110628,36,36,34,35,922,0
20110629,34,35,34,35,412,0
20110630,34,37,34,37,561,0
20110701,37,37,34,36,187,0
20110704,35,35,32,34,2852,0
20110705,33,36,32,34,2552,0
20110706,34,35,32,33,1502,0
20110707,33,34,27,29,14030,0
20110708,29,29,26,27,2693,0
20110711,28,28,25,28,1405,0
20110712,27,27,25,27,910,0
20110713,28,28,26,27,1886,0
20110714,26,28,26,27,111,0
20110715,27,27,22,25,7343,0
20110718,25,26,23,25,1103,0
20110719,24,25,22,24,1459,0
20110720,23,24,22,24,322,0
20110721,23,24,23,24,824,0
20110722,22,25,22,24,1923,0
20110725,25,25,22,24,983,0
20110726,24,24,23,24,124,0
20110727,24,26,23,25,1942,0
20110728,25,26,24,25,339,0
20110729,25,25,23,25,518,0
20110801,24,24,22,24,527,0
20110802,24,24,22,24,448,0
20110803,23,24,21,23,1425,0
20110804,23,23,17,20,4278,0
20110805,18,20,16,19,5584,0
20110808,19,20,18,19,1517,0
20110809,18,18,16,17,652,0
20110810,17,19,17,19,770,0
20110811,18,20,18,20,806,0
20110812,19,21,19,20,964,0
20110816,20,24,19,24,2400,0
20110817,24,26,20,26,2321,0
20110818,26,26,23,24,1004,0
20110819,22,24,21,24,900,0
20110822,24,24,23,24,444,0
20110823,24,24,20,24,5348,0
20110824,23,23,20,20,5300,0
20110825,20,21,18,19,3152,0
20110826,20,21,19,19,117,0
20110829,19,20,18,20,1236,0
20110830,20,20,18,19,637,0
20110831,18,20,18,20,721,0
20110901,20,20,18,19,656,0
20110902,20,20,18,19,1663,0
20110905,19,19,17,19,470,0
20110906,19,19,17,19,740,0
20110907,19,19,17,19,437,0
20110908,19,19,17,18,547,0
20110909,17,18,17,18,168,0
20110912,17,18,16,18,210,0
20110913,18,18,16,18,532,0
20110914,16,18,16,18,109,0
20110915,16,19,16,19,326,0
20110916,19,19,17,18,498,0
20110919,17,18,16,18,223,0
20110920,18,18,16,17,449,0
20110921,16,20,16,20,3590,0
20110922,20,20,18,20,1406,0
20110923,18,20,17,20,1524,0
20110926,19,20,18,19,1258,0
20110927,19,19,18,18,587,0
20110928,18,19,17,19,716,0
20110929,19,19,17,18,1007,0
20110930,18,18,16,18,1088,0
20111003,18,18,17,18,523,0
20111004,18,19,16,18,1967,0
20111005,17,18,17,18,203,0
20111006,17,18,16,17,2717,0
20111007,17,18,17,18,113,0
20111010,18,18,16,16,738,0
20111011,17,18,17,18,553,0
20111012,17,18,16,18,164,0
20111013,16,18,16,16,671,0
20111014,18,18,16,18,1487,0
20111017,17,21,17,20,10911,0
20111018,21,21,18,19,2260,0
20111019,19,19,18,18,809,0
20111020,18,19,17,19,447,0
20111021,19,19,18,19,106,0
20111024,19,19,17,19,835,0
20111025,19,19,17,19,182,0
20111026,19,19,18,19,246,0
20111027,17,19,17,19,589,0
20111028,18,19,18,18,102,0
20111031,18,19,18,19,306,0
20111102,18,18,17,17,203,0
20111103,17,19,17,19,362,0
20111104,19,19,17,19,1289,0
20111107,18,19,17,18,880,0
20111108,19,19,18,19,196,0
20111109,19,19,17,18,1056,0
20111110,18,19,17,18,761,0
20111114,17,19,17,18,436,0
20111115,17,18,17,17,496,0
20111116,17,18,17,18,553,0
20111117,18,19,17,18,1098,0
20111118,18,18,17,18,308,0
20111121,17,18,16,18,1222,0
20111122,18,18,16,18,53,0
20111123,17,18,16,18,175,0
20111124,18,18,15,16,1352,0
20111125,15,17,15,17,90,0
20111128,17,17,15,17,394,0
20111129,17,18,16,17,999,0
20111130,17,17,15,16,1721,0
20111201,16,16,14,15,780,0
20111202,15,16,14,16,765,0
20111205,16,16,15,16,110,0
20111206,15,16,14,16,836,0
20111207,16,16,15,15,128,0
20111208,16,17,15,16,491,0
20111209,15,16,15,16,216,0
20111212,16,16,15,15,11,0
20111213,16,16,15,16,81,0
20111214,15,15,14,15,1024,0
20111215,15,15,14,15,935,0
20111216,15,15,13,15,494,0
20111219,15,15,13,13,278,0
20111220,13,14,11,12,4258,0
20111221,13,13,11,13,203,0
20111222,13,13,11,11,790,0
20111223,12,12,11,12,206,0
20111227,12,12,11,11,1539,0
20111228,12,13,11,12,845,0
20111229,12,13,12,13,76,0
20111230,13,13,12,13,44,0
20120102,11,13,11,12,431,0
20120103,11,13,11,13,101,0
20120104,13,13,12,13,1,0
20120105,13,13,12,13,1,0
20120109,13,13,12,12,33,0
20120110,12,13,12,12,332,0
20120111,13,13,12,13,61,0
20120112,13,14,12,12,617,0
20120113,13,14,13,13,324,0
20120116,13,14,13,14,232,0
20120117,13,14,12,14,158,0
20120118,14,14,14,14,35,0
20120119,14,14,13,14,16,0
20120120,14,14,13,14,269,0
20120123,14,14,14,14,37,0
20120124,14,14,13,14,162,0
20120125,14,15,14,15,566,0
20120126,15,16,14,16,1036,0
20120127,16,17,15,16,791,0
20120130,16,17,15,17,1076,0
20120131,17,17,16,16,162,0
20120201,17,17,16,17,123,0
20120202,17,19,16,19,2754,0
20120203,19,19,16,18,1705,0
20120206,18,18,16,18,119,0
20120207,17,20,17,20,3057,0
20120208,20,26,18,25,18524,0
20120209,25,26,24,25,1266,0
20120210,25,25,21,23,2635,0
20120213,22,25,21,22,745,0
20120214,22,25,22,23,739,0
20120215,24,27,24,26,8692,0
20120216,26,26,23,24,3136,0
20120217,24,24,23,24,369,0
20120220,24,27,23,26,4374,0
20120221,26,26,25,25,1181,0
20120222,25,26,24,24,1565,0
20120223,25,25,23,25,1079,0
20120224,25,25,24,24,1135,0
20120227,24,25,23,24,1405,0
20120228,24,24,24,24,51,0
20120229,24,24,23,23,269,0
20120301,23,24,22,24,654,0
20120302,24,24,22,23,445,0
20120305,22,22,22,22,235,0
20120306,22,22,20,21,1504,0
20120307,20,23,20,23,453,0
20120308,23,24,23,23,238,0
20120309,24,24,21,23,316,0
20120312,22,23,22,23,332,0
20120313,22,22,21,22,148,0
20120314,22,23,22,23,81,0
20120315,23,23,22,23,120,0
20120316,23,24,22,24,411,0
20120319,24,24,22,23,97,0
20120320,22,23,21,21,535,0
20120321,21,23,21,23,94,0
20120322,22,23,21,23,167,0
20120323,22,23,21,21,43,0
20120326,20,22,20,20,30,0
20120327,20,21,20,21,19,0
20120328,22,22,20,20,28,0
20120329,20,20,18,20,364,0
20120330,20,21,20,21,124,0
20120402,21,22,21,22,8,0
20120403,22,24,22,24,1510,0
20120404,24,24,22,22,297,0
20120405,22,23,22,23,299,0
20120410,23,23,21,21,258,0
20120411,20,22,20,21,331,0
20120412,21,21,21,21,94,0
20120413,22,22,21,21,1116,0
20120416,21,21,21,21,10,0
20120417,21,21,20,20,305,0
20120418,20,21,19,21,244,0
20120419,22,22,20,21,251,0
20120420,20,20,19,19,359,0
20120423,18,19,18,19,565,0
20120424,20,20,19,19,211,0
20120425,20,21,20,21,297,0
20120426,21,21,20,20,54,0
20120427,21,21,18,18,472,0
20120430,18,20,18,20,11,0
20120502,20,20,18,19,13,0
20120504,19,22,18,22,931,0
20120507,22,22,19,19,1268,0
20120508,19,23,19,23,1862,0
20120509,22,23,21,23,630,0
20120510,22,23,21,23,679,0
20120511,23,24,22,24,1648,0
20120514,23,24,22,24,173,0
20120515,24,24,24,24,5,0
20120516,22,23,22,23,381,0
20120517,22,23,22,23,795,0
20120518,22,23,21,23,461,0
20120521,23,23,22,23,308,0
20120522,22,23,22,23,914,0
20120523,22,22,22,22,370,0
20120524,22,22,21,22,68,0
20120525,22,22,21,22,931,0
20120528,22,22,21,21,459,0
20120529,20,21,20,21,200,0
20120530,20,20,20,20,34,0
20120531,20,21,19,20,313,0
20120601,20,20,20,20,140,0
20120604,19,19,19,19,45,0
20120605,19,19,18,19,248,0
20120606,19,22,19,22,3165,0
20120608,21,22,20,22,365,0
20120611,21,22,21,21,249,0
20120612,22,22,18,21,420,0
20120613,21,21,21,21,100,0
20120614,21,22,21,22,263,0
20120615,22,22,21,21,316,0
20120618,21,21,21,21,192,0
20120619,21,22,19,19,1202,0
20120620,19,20,17,17,2015,0
20120621,17,17,15,16,1575,0
20120622,16,17,16,16,277,0
20120625,16,17,16,17,224,0
20120626,17,17,16,16,65,0
20120627,16,17,15,16,530,0
20120628,16,17,16,17,10,0
20120629,17,17,15,16,268,0
20120702,16,17,16,17,158,0
20120703,17,18,17,18,234,0
20120704,18,18,16,18,328,0
20120705,18,18,17,17,206,0
20120706,17,17,16,17,236,0
20120709,17,17,16,17,470,0
20120710,17,17,15,16,1130,0
20120711,16,16,15,15,370,0
20120712,15,16,15,16,307,0
20120713,16,17,13,17,488,0
20120716,17,17,17,17,1,0
20120717,17,17,17,17,4,0
20120718,17,17,16,16,62,0
20120719,15,15,15,15,155,0
20120720,15,16,14,15,146,0
20120723,16,16,15,16,7,0
20120724,16,16,15,16,55,0
20120725,16,16,16,16,194,0
20120726,17,17,16,16,22,0
20120727,16,17,15,16,336,0
20120730,16,16,15,15,115,0
20120731,15,15,15,15,7,0
20120801,15,15,13,13,1017,0
20120802,13,15,13,13,111,0
20120803,13,15,13,15,374,0
20120806,15,16,15,16,87,0
20120807,16,16,16,16,2,0
20120808,16,16,16,16,3,0
20120809,16,16,16,16,2,0
20120810,16,16,15,16,16,0
20120813,16,16,15,15,22,0
20120814,15,16,14,15,192,0
20120816,15,15,14,15,233,0
20120817,16,16,16,16,66,0
20120820,16,16,14,14,116,0
20120821,15,15,15,15,29,0
20120822,15,15,15,15,83,0
20120823,15,17,15,17,292,0
20120824,16,17,16,17,20,0
20120827,17,17,16,16,33,0
20120828,16,17,16,17,7,0
20120829,17,17,16,16,60,0
20120830,17,17,17,17,2,0
20120831,17,17,17,17,1,0
20120903,17,17,17,17,1,0
20120904,16,17,15,16,264,0
20120905,15,15,15,15,254,0
20120906,15,17,15,17,95,0
20120907,17,17,16,16,79,0
20120910,17,17,14,16,363,0
20120911,16,16,16,16,127,0
20120912,15,15,15,15,300,0
20120913,15,17,15,16,120,0
20120914,17,17,16,17,73,0
20120917,16,17,16,17,50,0
20120918,17,17,16,16,47,0
20120919,17,17,17,17,10,0
20120920,17,17,16,16,181,0
20120921,16,18,16,17,66,0
20120924,18,18,16,17,63,0
20120925,16,16,16,16,82,0
20120926,16,17,16,17,9,0
20120927,17,17,16,16,41,0
20120928,17,17,15,15,991,0
20121001,15,16,15,15,15,0
20121002,15,15,15,15,11,0
20121003,15,15,15,15,27,0
20121004,15,15,15,15,29,0
20121005,15,15,14,14,30,0
20121008,14,14,14,14,5,0
20121009,14,16,14,15,508,0
20121010,16,16,15,16,456,0
20121011,16,16,16,16,1,0
20121012,16,16,15,16,167,0
20121015,16,16,16,16,1,0
20121016,16,18,16,16,2935,0
20121017,16,16,15,16,127,0
20121018,17,17,15,17,208,0
20121019,16,17,16,17,32,0
20121022,16,17,16,17,80,0
20121023,17,17,16,16,169,0
20121024,16,16,16,16,271,0
20121025,16,17,15,16,949,0
20121026,16,16,16,16,4,0
20121029,16,17,15,17,159,0
20121030,17,17,17,17,1,0
20121031,17,17,15,17,193,0
20121102,16,16,15,16,140,0
20121105,16,16,15,15,314,0
20121106,16,16,15,15,523,0
20121107,15,15,15,15,85,0
20121108,15,15,15,15,95,0
20121109,16,16,16,16,1,0
20121112,16,16,14,14,1250,0
20121113,14,15,14,15,74,0
20121114,15,16,15,16,433,0
20121115,16,16,16,16,1,0
20121116,16,16,15,15,21,0
20121119,15,15,14,15,200,0
20121120,15,16,14,16,706,0
20121121,15,15,15,15,4,0
20121122,15,15,14,15,121,0
20121123,15,15,15,15,1,0
20121126,15,15,15,15,1,0
20121127,15,15,15,15,128,0
20121128,14,14,14,14,540,0
20121129,14,15,14,15,10,0
20121130,15,15,15,15,1,0
20121203,15,15,15,15,1,0
20121204,14,14,14,14,265,0
20121205,14,14,14,14,163,0
20121206,14,14,13,13,342,0
20121207,13,14,13,14,108,0
20121210,14,14,13,14,112,0
20121211,14,14,13,14,11,0
20121212,13,13,13,13,1146,0
20121213,13,13,13,13,185,0
20121214,12,14,12,13,232,0
20121217,13,13,12,13,301,0
20121218,13,13,12,12,2351,0
20121219,12,13,12,12,232,0
20121220,12,13,12,13,116,0
20121221,13,13,12,12,166,0
20121227,12,13,12,13,3,0
20121228,12,13,12,13,427,0
20130102,13,14,13,14,398,0
20130103,14,14,13,13,61,0
20130104,14,14,13,13,17,0
20130107,13,14,13,14,5,0
20130108,14,14,14,14,1,0
20130109,14,14,14,14,6,0
20130110,14,14,13,14,28,0
20130111,13,13,12,12,114,0
20130114,13,14,13,14,220,0
20130115,14,14,13,13,6,0
20130116,14,14,14,14,110,0
20130117,14,14,14,14,142,0
20130118,14,14,13,13,229,0
20130121,13,14,13,14,5,0
20130122,14,14,14,14,10,0
20130123,14,14,13,14,192,0
20130124,14,14,14,14,2,0
20130125,14,14,13,14,50,0
20130128,14,14,13,14,9,0
20130129,14,14,14,14,2,0
20130130,14,14,14,14,2,0
20130131,14,14,13,13,510,0
20130201,13,14,13,14,29,0
20130204,14,14,14,14,3,0
20130205,14,14,13,13,35,0
20130206,13,13,12,13,10,0
20130207,13,13,12,12,114,0
20130208,12,13,12,13,5,0
20130211,13,13,13,13,10,0
20130212,13,13,13,13,3,0
20130213,13,13,12,13,228,0
20130214,13,13,11,12,335,0
20130215,13,13,13,13,30,0
20130218,13,13,13,13,2,0
20130219,13,14,13,13,987,0
20130220,13,14,12,14,20,0
20130221,13,14,12,14,348,0
20130222,14,14,14,14,35,0
20130225,14,14,14,14,281,0
20130226,14,14,13,13,113,0
20130227,12,13,12,13,350,0
20130228,13,13,13,13,10,0
20130301,13,13,12,13,402,0
20130304,13,13,13,13,102,0
20130306,13,13,13,13,25,0
20130307,14,14,13,13,25,0
20130308,13,14,13,14,51,0
20130311,14,14,14,14,1,0
20130312,14,14,12,13,9,0
20130313,13,13,13,13,5,0
20130314,13,13,12,12,340,0
20130315,12,13,12,13,25,0
20130318,12,13,12,13,252,0
20130319,13,13,12,12,27,0
20130320,12,13,12,13,4,0
20130321,13,13,13,13,5,0
20130322,12,13,12,13,136,0
20130325,13,13,12,12,339,0
20130326,12,13,12,13,6,0
20130327,13,13,11,11,121,0
20130328,11,12,11,12,219,0
20130402,12,12,12,12,3,0
20130403,12,12,11,11,442,0
20130404,11,11,10,10,86,0
20130405,11,12,11,11,120,0
20130408,11,12,11,12,5,0
20130409,11,11,10,11,1002,0
20130410,11,11,11,11,106,0
20130411,11,11,11,11,4,0
20130412,11,11,11,11,5,0
20130415,11,11,11,11,5,0
20130417,11,11,11,11,40,0
20130418,11,11,11,11,0,0
20130419,11,11,11,11,5,0
20130422,11,11,11,11,5,0
20130423,11,11,11,11,4,0
20130424,11,11,11,11,4,0
20130425,11,11,11,11,3,0
20130426,11,11,9,11,192,0
20130429,11,11,11,11,3,0
20130430,11,11,9,10,381,0
20130502,10,10,10,10,2,0
20130506,10,10,8,9,1083,0
20130507,9,9,9,9,5,0
20130508,9,9,8,8,200,0
20130509,8,9,8,9,644,0
20130510,10,10,9,10,29,0
20130513,9,10,9,10,6,0
20130514,10,11,10,11,771,0
20130515,11,11,10,10,405,0
20130516,10,10,10,10,97,0
20130517,10,11,10,11,235,0
20130520,11,11,10,11,17,0
20130521,11,11,10,11,4,0
20130522,11,11,11,11,2,0
20130523,11,11,10,11,23,0
20130524,10,11,10,11,45,0
20130527,11,11,11,11,4,0
20130528,11,11,10,10,179,0
20130529,10,11,10,10,62,0
20130531,10,10,8,9,533,0
20130603,10,10,10,10,10,0
20130604,10,11,10,10,286,0
20130605,10,11,9,11,93,0
20130606,11,11,10,10,10,0
20130607,11,11,11,11,0,0
20130610,11,11,11,11,6,0
20130611,11,12,11,12,181,0
20130612,12,12,12,12,2,0
20130613,12,12,12,12,90,0
20130614,12,12,12,12,3,0
20130617,12,12,12,12,5,0
20130618,12,12,12,12,7,0
20130619,12,12,12,12,2,0
20130620,12,12,10,10,255,0
20130624,10,11,10,11,20,0
20130625,11,11,11,11,2,0
20130626,11,11,11,11,2,0
20130627,11,11,10,11,102,0
20130628,11,11,9,9,261,0
20130701,9,10,9,10,71,0
20130702,11,11,11,11,0,0
20130703,10,10,10,10,39,0
20130704,10,11,10,11,10,0
20130705,11,11,10,10,46,0
20130708,10,10,10,10,2,0
20130709,10,10,10,10,3,0
20130710,10,10,10,10,3,0
20130711,10,10,10,10,5,0
20130712,10,10,10,10,4,0
20130715,10,10,10,10,280,0
20130716,10,10,9,9,984,0
20130717,8,9,7,9,816,0
20130718,9,9,9,9,3,0
20130719,9,9,9,9,3,0
20130722,9,9,9,9,3,0
20130723,9,9,8,9,178,0
20130724,9,9,9,9,3,0
20130725,9,9,9,9,180,0
20130726,9,9,8,8,19,0
20130729,8,9,8,9,213,0
20130730,9,9,9,9,187,0
20130731,9,9,8,8,232,0
20130801,8,9,8,9,300,0
20130802,9,9,9,9,5,0
20130805,9,9,9,9,3,0
20130806,9,9,9,9,3,0
20130807,9,9,9,9,3,0
20130808,9,9,9,9,102,0
20130809,9,9,8,8,222,0
20130812,8,9,8,9,106,0
20130813,9,9,9,9,2,0
20130814,9,9,8,8,420,0
20130816,8,8,8,8,3,0
20130819,8,9,7,9,177,0
20130820,9,9,9,9,23,0
20130821,8,9,7,9,84,0
20130822,9,9,9,9,58,0
20130823,9,9,9,9,19,0
20130826,9,9,9,9,118,0
20130827,9,9,8,9,159,0
20130828,9,9,9,9,2,0
20130829,9,9,9,9,2,0
20130830,9,9,9,9,2,0
20130902,9,9,9,9,218,0
20130903,9,10,9,10,26,0
20130904,10,10,9,9,155,0
20130905,8,8,8,8,555,0
20130906,9,9,8,8,30,0
20130909,8,8,8,8,2,0
20130910,8,9,8,9,9,0
20130911,9,9,9,9,5,0
20130912,9,10,9,9,432,0
20130913,9,9,9,9,10,0
20130916,9,9,9,9,40,0
20130917,9,9,8,8,549,0
20130918,8,8,8,8,5,0
20130919,8,8,8,8,5,0
20130920,8,8,8,8,5,0
20130923,8,8,8,8,5,0
20130924,8,9,8,9,8,0
20130925,9,9,9,9,3,0
20130926,9,9,9,9,5,0
20130927,9,9,9,9,5,0
20130930,9,9,9,9,56,0
20131001,9,9,8,8,65,0
20131002,9,9,9,9,3,0
20131003,9,9,9,9,2,0
20131004,9,9,9,9,5,0
20131007,9,9,9,9,2,0
20131008,9,9,9,9,2,0
20131009,9,9,9,9,23,0
20131010,9,9,8,9,340,0
20131011,9,9,9,9,2,0
20131014,9,9,9,9,2,0
20131015,9,10,9,10,578,0
20131016,10,10,9,10,94,0
20131017,10,12,10,12,2392,0
20131018,10,11,10,11,73,0
20131021,10,12,10,11,1432,0
20131022,11,11,11,11,1,0
20131023,11,11,9,10,161,0
20131024,10,10,9,9,945,0
20131025,10,10,10,10,115,0
20131028,10,10,10,10,433,0
20131029,11,11,11,11,2,0
20131030,11,11,10,10,465,0
20131031,10,10,10,10,138,0
20131104,11,11,9,10,1397,0
20131105,10,11,9,9,339,0
20131106,10,11,10,10,34,0
20131107,10,10,10,10,211,0
20131108,10,10,10,10,542,0
20131112,10,10,10,10,65,0
20131113,10,11,10,10,200,0
20131114,10,10,9,10,1590,0
20131115,10,10,10,10,723,0
20131118,10,10,10,10,12,0
20131119,10,10,10,10,272,0
20131120,10,10,10,10,3,0
20131122,10,11,10,11,246,0
20131125,11,11,10,11,214,0
20131126,11,11,10,10,228,0
20131127,10,10,10,10,18,0
20131128,10,11,10,11,78,0
20131129,11,11,10,10,362,0
20131202,11,11,10,10,149,0
20131203,11,11,11,11,231,0
20131204,11,11,10,10,967,0
20131205,11,11,10,10,3,0
20131206,11,11,11,11,1,0
20131209,11,11,10,10,493,0
20131210,10,10,9,10,178,0
20131211,10,10,10,10,2,0
20131212,10,10,10,10,2,0
20131213,10,10,9,9,121,0
20131216,10,11,10,11,682,0
20131217,10,11,10,11,1579,0
20131218,11,12,11,11,1464,0
20131219,11,13,11,12,2417,0
20131220,12,15,12,15,5497,0
20131223,16,17,16,17,3396,0
20131227,16,17,16,17,553,0
20131230,16,18,16,18,1684,0
20140102,18,19,17,19,1864,0
20140103,19,19,18,19,1981,0
20140107,20,20,20,20,1144,0
20140108,20,20,19,20,2494,0
20140109,20,20,19,20,179,0
20140110,20,20,18,19,324,0
20140113,18,18,17,18,1190,0
20140114,18,18,15,15,2138,0
20140115,15,17,15,17,237,0
20140116,17,19,17,19,1166,0
20140117,18,20,18,20,1434,0
20140120,19,20,19,20,36,0
20140121,20,20,20,20,87,0
20140122,20,20,18,20,618,0
20140123,20,24,20,24,6485,0
20140124,24,26,24,24,4535,0
20140127,23,25,23,25,129,0
20140128,25,25,24,25,626,0
20140129,25,25,22,22,1511,0
20140130,22,23,22,22,278,0
20140131,21,23,21,23,138,0
20140203,23,23,21,23,239,0
20140204,21,23,20,20,1190,0
20140205,22,22,20,22,37,0
20140206,22,23,20,23,631,0
20140207,23,25,22,25,1253,0
20140210,25,27,25,27,1626,0
20140211,27,28,27,28,784,0
20140212,27,28,26,27,410,0
20140213,28,29,25,27,557,0
20140214,27,28,27,28,351,0
20140217,28,29,26,29,1755,0
20140218,28,30,28,30,714,0
20140219,29,29,25,28,641,0
20140220,27,29,26,28,267,0
20140221,29,30,28,30,1291,0
20140224,30,30,28,28,921,0
20140225,29,29,27,29,531,0
20140226,29,30,27,29,915,0
20140227,29,29,27,28,436,0
20140228,28,28,26,28,528,0
20140303,26,28,26,27,643,0
20140304,27,27,24,27,447,0
20140305,27,28,25,27,1029,0
20140306,26,27,25,27,105,0
20140307,27,27,25,27,101,0
20140310,27,28,26,28,403,0
20140311,27,28,26,28,324,0
20140312,28,28,26,28,197,0
20140313,26,28,26,28,205,0
20140314,25,26,25,26,382,0
20140317,26,27,25,26,63,0
20140318,26,26,21,26,428,0
20140319,25,25,21,23,434,0
20140320,23,23,20,23,10,0
20140321,20,22,20,22,447,0
20140324,22,24,22,24,331,0
20140325,22,26,20,25,1650,0
20140326,25,27,25,27,299,0
20140327,26,27,25,27,238,0
20140328,26,27,26,27,183,0
20140331,26,26,25,26,192,0
20140401,26,26,24,26,3,0
20140402,26,26,24,26,13,0
20140403,26,26,26,26,112,0
20140404,26,26,26,26,554,0
20140407,26,26,25,26,142,0
20140408,26,27,26,26,125,0
20140409,26,26,25,26,149,0
20140410,25,26,25,26,79,0
20140411,26,26,24,26,563,0
20140414,26,26,26,26,2,0
20140415,24,26,24,26,91,0
20140416,26,26,26,26,1,0
20140417,25,26,23,26,492,0
20140422,25,26,24,26,44,0
20140423,25,26,22,26,641,0
20140424,23,25,21,24,605,0
20140425,22,24,20,24,620,0
20140428,23,24,20,24,1010,0
20140429,22,24,21,22,1170,0
20140430,22,24,20,23,1117,0
20140502,20,23,20,23,481,0
20140505,21,23,21,23,494,0
20140506,21,23,20,22,1460,0
20140507,21,22,20,22,379,0
20140509,21,21,19,21,740,0
20140512,20,21,19,21,289,0
20140513,19,21,18,21,1581,0
20140514,20,21,20,21,230,0
20140515,19,21,18,21,1192,0
20140516,20,21,20,21,213,0
20140519,20,21,19,20,168,0
20140520,19,20,19,20,66,0
20140521,19,21,19,20,964,0
20140522,20,21,19,20,402,0
20140523,19,21,19,21,720,0
20140526,20,21,19,20,1142,0
20140527,19,20,19,20,369,0
20140528,19,20,19,19,577,0
20140529,19,20,19,20,27,0
20140530,19,20,18,20,659,0
20140602,19,20,18,20,1077,0
20140603,19,21,19,21,1135,0
20140604,21,22,19,21,2293,0
20140605,21,21,21,21,11,0
20140606,20,21,20,21,3,0
20140609,20,22,19,22,706,0
20140610,21,24,21,24,1047,0
20140611,23,24,23,24,514,0
20140612,24,26,24,26,1093,0
20140613,25,26,25,26,339,0
20140616,24,25,23,24,883,0
20140617,23,24,23,24,402,0
20140618,24,24,23,24,177,0
20140620,23,23,22,22,258,0
20140623,21,23,21,23,505,0
20140624,23,23,22,23,217,0
20140625,22,23,22,23,102,0
20140626,23,23,21,23,341,0
20140627,21,21,19,19,1837,0
20140630,20,20,18,18,322,0
20140701,19,19,18,19,206,0
20140702,18,19,18,19,826,0
20140703,19,19,19,19,35,0
20140704,18,20,18,20,35,0
20140707,19,20,19,20,64,0
20140708,19,20,19,20,109,0
20140710,19,21,19,20,526,0
20140711,20,22,20,22,177,0
20140714,21,23,21,23,620,0
20140715,21,24,21,24,1188,0
20140716,24,26,23,26,2809,0
20140717,26,26,24,24,1448,0
20140718,24,26,23,26,1795,0
20140721,26,26,23,25,1125,0
20140722,25,25,23,25,1029,0
20140723,25,25,25,25,1,0
20140725,24,26,24,26,1711,0
20140728,24,27,24,27,4151,0
20140729,27,28,26,28,4744,0
20140730,28,28,26,27,1777,0
20140731,27,27,25,27,46,0
20140801,26,28,25,28,984,0
20140804,27,29,27,29,4558,0
20140805,28,30,28,30,3292,0
20140806,28,30,27,28,1939,0
20140807,28,28,25,28,909,0
20140808,28,30,27,30,1608,0
20140812,28,30,26,28,593,0
20140813,27,29,26,28,1963,0
20140814,27,28,26,27,2894,0
20140818,27,27,26,27,309,0
20140819,25,30,25,30,2716,0
20140820,30,30,30,30,4200,0
20140821,30,32,30,32,1401,0
20140822,30,35,30,35,3814,0
20140825,35,39,33,39,4329,0
20140826,39,40,35,35,3074,0
20140827,35,38,30,30,2951,0
20140828,31,34,30,34,929,0
20140829,34,37,33,36,808,0
20140901,35,39,35,38,530,0
20140902,39,39,36,39,218,0
20140903,38,39,36,39,206,0
20140904,36,39,36,39,182,0
20140905,38,39,31,31,1336,0
20140908,34,37,32,36,2298,0
20140909,37,38,37,38,271,0
20140910,38,38,31,33,3204,0
20140911,33,34,31,32,765,0
20140912,33,34,32,32,286,0
20140915,31,35,26,34,3605,0
20140916,34,36,33,36,821,0
20140917,34,37,33,37,1193,0
20140918,36,38,36,37,1586,0
20140919,36,37,35,35,951,0
20140922,35,36,35,36,271,0
20140923,34,36,34,36,32,0
20140924,34,36,34,36,21,0
20140925,36,37,34,37,529,0
20140926,36,37,34,36,520,0
20140929,34,37,33,37,390,0
20140930,36,36,30,33,1992,0
20141001,33,34,27,28,2147,0
20141020,23.5,33.8,23.5,33.8,616,0
20141021,34,36.5,31,35,1410,0
20141022,33,35,30,34.55,1171,0
20141023,34.55,35.5,34,35.42,1009,0
20141024,35.35,35.4,33,35,301,0
20141027,34,34,30,30,965,0
20141028,31,32.3,30,32.3,152,0
20141029,30,30,27.5,29,414,0
20141030,27.01,29,25.02,27,430,0
20141031,26.7,31.49,26.7,31.48,1230,0
20141103,31,33.9,31,33.8,602,0
20141104,33.32,33.8,32.5,32.5,305,0
20141105,32.49,32.5,30.7,32,907,0
20141106,30.42,31.56,29.36,31.5,372,0
20141107,29.49,30.49,26.98,29.5,3887,0
20141110,31,31,26.3,26.3,650,0
20141112,28,28,26.5,26.5,20,0
20141113,26.2,26.5,26.05,26.5,210,0
20141114,26.05,27.99,25.1,25.9,1287,0
20141117,25.1,26.89,22.6,24,1883,0
20141118,23.99,26.89,22.8,23,802,0
20141119,22.33,24,20.6,20.6,607,0
20141120,21.3,21.3,19.82,21.24,700,0
20141121,20.51,21.24,20.51,21.24,97,0
20141124,20.51,21.24,19,19,1737,0
20141125,18.5,20,18.5,18.55,2522,0
20141126,18.55,20,17.3,17.6,2996,0
20141127,17.3,19.99,16.5,19.99,709,0
20141128,17.4,18.7,16,16.05,1070,0
20141201,16,16.44,15,15.4,1021,0
20141202,14.71,15.4,14.71,15.4,7,0
20141203,15.4,15.4,14.7,15.4,291,0
20141204,14.71,15.8,13.9,13.9,626,0
20141205,14.01,15.05,13.9,14.2,258,0
20141208,13.5,14.2,13,13.76,2055,0
20141209,13.1,13.76,12.8,12.8,1987,0
20141210,12.8,15,12.8,13.5,200,0
20141211,14.08,14.94,13.1,14.1,830,0
20141212,14.5,16.34,14.5,15.16,372,0
20141215,14.24,15.05,14.24,15.05,534,0
20141216,14,14,14,14,150,0
20141217,13.41,14.25,13.41,14.25,351,0
20141218,14.23,14.84,14.23,14.84,235,0
20141219,14.84,15.37,14.84,15.37,470,0
20141223,14.51,17.3,14.51,15.4,443,0
20141229,15.4,17.9,15.3,17.7,1701,0
20141230,16.7,17.9,15.85,17.9,868,0
