Date,Open,High,Low,Close,Volume,OpenInt
20100819,0.7656,0.9119,0.7398,0.8086,608471,0
20100820,0.843,0.8516,0.757,0.7914,99578,0
20100823,0.7742,0.8861,0.7742,0.8172,194200,0
20100824,0.8258,0.843,0.7828,0.8258,164744,0
20100825,0.8344,1.0667,0.8258,1.0324,244885,0
20100826,1.0581,1.1528,0.9463,0.9894,210786,0
20100827,1.0066,1.0152,0.9119,0.9119,106805,0
20100830,0.8947,0.9635,0.8689,0.8775,42627,0
20100831,0.9205,0.9291,0.8602,0.8775,36589,0
20100901,0.8602,0.9291,0.843,0.9033,39085,0
20100902,0.8947,0.8947,0.8602,0.8602,36123,0
20100903,0.8516,0.998,0.843,0.9205,98795,0
20100906,0.9635,0.998,0.9291,0.998,38622,0
20100907,0.9549,0.9894,0.9205,0.9377,41121,0
20100908,0.9463,0.9808,0.9463,0.9549,41543,0
20100909,0.9377,0.9377,0.8689,0.9205,44426,0
20100910,0.8947,0.9291,0.8947,0.9291,11380,0
20100913,0.8861,1.1098,0.8689,1.0324,175600,0
20100914,1.0238,1.0495,0.9721,0.998,32136,0
20100915,0.9549,1.0324,0.9463,0.9808,45923,0
20100916,0.9291,0.9549,0.9119,0.9291,58347,0
20100917,0.9463,1.0238,0.9119,1.0152,85254,0
20100920,0.9894,1.0238,0.9549,0.9721,33200,0
20100921,0.9721,1.0238,0.9463,0.9808,49921,0
20100922,0.9549,0.998,0.9463,0.998,18973,0
20100923,0.9808,0.9808,0.9291,0.9635,38570,0
20100924,0.9549,0.9721,0.9291,0.9549,24560,0
20100927,0.9291,0.9721,0.9291,0.9721,7419,0
20100928,0.9635,0.9635,0.9377,0.9549,14425,0
20100929,0.9635,0.9635,0.9033,0.9377,34045,0
20100930,0.9119,0.9894,0.8947,0.9894,26404,0
20101001,0.9894,0.9894,0.9463,0.9808,11263,0
20101004,0.9463,0.9894,0.9463,0.9808,8682,0
20101005,0.9721,0.9721,0.9377,0.9463,3104,0
20101006,0.9377,0.9721,0.9291,0.9721,8374,0
20101007,0.9635,0.9635,0.9635,0.9635,581,0
20101008,0.9635,0.9635,0.9463,0.9463,4376,0
20101011,0.9463,0.9463,0.9377,0.9463,1363,0
20101012,0.9377,0.9377,0.8602,0.8861,67029,0
20101013,0.8775,0.9033,0.8775,0.8861,10590,0
20101014,0.8861,0.9119,0.8602,0.8947,39730,0
20101015,0.8689,0.8775,0.843,0.8602,19327,0
20101018,0.8602,0.8775,0.8172,0.8775,27840,0
20101019,0.843,0.8689,0.843,0.8602,8993,0
20101020,0.843,0.8602,0.843,0.8602,8602,0
20101021,0.843,0.8689,0.843,0.8689,10472,0
20101022,0.843,0.8775,0.843,0.8775,1099,0
20101025,0.8775,0.8775,0.843,0.8516,14766,0
20101026,0.843,0.8689,0.8344,0.8689,13252,0
20101027,0.8689,0.8689,0.8516,0.8516,698,0
20101028,0.8344,0.843,0.8086,0.8344,11174,0
20101029,0.8257,0.8344,0.8169,0.8344,3486,0
20101102,0.843,0.843,0.8172,0.8258,14547,0
20101103,0.8344,0.8344,0.8086,0.8344,14188,0
20101104,0.8344,0.8344,0.8086,0.8172,8881,0
20101108,0.8,0.8258,0.7914,0.8172,10468,0
20101109,0.8086,0.8086,0.7914,0.8086,4424,0
20101110,0.7914,0.8602,0.7828,0.8086,19199,0
20101112,0.7828,0.8,0.7828,0.8,2526,0
20101115,0.7914,0.8086,0.7914,0.8086,2447,0
20101116,0.8,0.8086,0.7656,0.7656,8022,0
20101117,0.7828,0.9291,0.7484,0.8516,58901,0
20101118,0.8516,0.8947,0.7914,0.8172,20439,0
20101119,0.8172,0.8172,0.7656,0.8,3956,0
20101122,0.8172,0.8344,0.8086,0.8344,8576,0
20101123,0.7914,0.8172,0.7914,0.8172,2013,0
20101124,0.8,0.8172,0.7828,0.8172,6631,0
20101125,0.8,0.8172,0.7656,0.8086,6572,0
20101126,0.7742,0.8,0.757,0.7742,8566,0
20101129,0.8172,0.8172,0.7742,0.7828,1696,0
20101130,0.8172,0.8344,0.7914,0.8172,8404,0
20101201,0.8,0.8344,0.8,0.8258,3183,0
20101202,0.8,0.8775,0.8,0.8775,57883,0
20101203,0.8775,0.8775,0.8172,0.8172,11857,0
20101206,0.8172,0.843,0.8086,0.8172,12966,0
20101207,0.8258,0.8258,0.8,0.8086,6890,0
20101208,0.8,0.8344,0.8,0.8344,2976,0
20101209,0.8,0.8172,0.8,0.8172,86,0
20101210,0.8172,0.8172,0.7742,0.8172,6201,0
20101213,0.8172,0.8172,0.7828,0.8086,412,0
20101214,0.8172,0.8172,0.7656,0.8172,2703,0
20101215,0.7742,0.7914,0.7742,0.7914,704,0
20101216,0.7656,0.7914,0.7656,0.7914,247,0
20101217,0.7742,0.8258,0.7742,0.8086,6143,0
20101220,0.8086,0.8086,0.7742,0.8,3155,0
20101221,0.7742,0.8,0.7742,0.8,2383,0
20101222,0.7742,0.8086,0.7656,0.7914,13633,0
20101223,0.7656,0.7742,0.7484,0.7742,4191,0
20101227,0.7828,0.7828,0.7828,0.7828,5,0
20101228,0.7484,0.7828,0.7484,0.7828,1719,0
20101229,0.7378,0.7905,0.6851,0.7905,8085,0
20101230,0.8081,0.8081,0.6851,0.7905,8344,0
20101231,0.7554,0.7554,0.7554,0.7554,12,0
20110103,0.7312,0.7914,0.7312,0.7914,10843,0
20110104,0.757,1.1184,0.757,1.1184,470201,0
20110105,1.1012,1.1356,0.8861,0.8861,294678,0
20110107,0.9119,0.9119,0.8,0.8,46014,0
20110110,0.8086,0.8516,0.7828,0.7914,25531,0
20110111,0.7914,0.8172,0.7656,0.8,20697,0
20110112,0.8172,0.8172,0.757,0.7656,19377,0
20110113,0.7656,0.7656,0.7656,0.7656,16217,0
20110114,0.7656,0.8,0.7656,0.7656,10503,0
20110117,0.7742,0.8086,0.7656,0.7742,12648,0
20110118,0.8,0.8,0.7656,0.7656,10855,0
20110119,0.7828,0.7914,0.757,0.757,13950,0
20110120,0.7742,0.8344,0.7742,0.8086,28391,0
20110121,0.8344,0.9033,0.8344,0.8516,77243,0
20110124,0.8861,0.9721,0.8775,0.9721,46416,0
20110125,0.9635,1.0324,0.9119,1.0238,75423,0
20110126,0.9119,1.3077,0.9119,1.3077,303322,0
20110127,1.2646,1.7206,1.1958,1.4539,258842,0
20110128,1.4453,1.4453,1.0754,1.1442,320833,0
20110131,1.1506,1.2033,1.098,1.1946,5538,0
20110201,1.1872,1.1872,0.9635,0.9635,115134,0
20110202,0.9635,0.9635,0.8602,0.9635,154428,0
20110203,0.9549,1.0754,0.9205,1.0754,27730,0
20110204,1.084,1.1098,1.0152,1.0495,26091,0
20110207,1.0581,1.0581,0.9377,0.9549,39738,0
20110208,0.9463,0.9894,0.9463,0.9463,6434,0
20110209,0.9463,0.9894,0.9377,0.9377,5899,0
20110210,0.9549,0.9721,0.9377,0.9635,11694,0
20110211,0.9635,0.9635,0.9291,0.9291,6518,0
20110214,0.9463,0.9721,0.9463,0.9635,8658,0
20110215,0.9549,0.9549,0.9205,0.9205,9906,0
20110216,0.9205,0.9463,0.9033,0.9119,6639,0
20110217,0.9033,0.9377,0.9033,0.9119,5803,0
20110218,0.9291,0.9291,0.8861,0.8861,19405,0
20110221,0.9033,0.9635,0.9033,0.9549,6603,0
20110222,0.9635,0.9721,0.9033,0.9635,5372,0
20110223,0.9635,0.9635,0.9463,0.9463,117,0
20110224,0.9549,1.0066,0.9549,0.9721,15765,0
20110225,0.9463,0.998,0.9463,0.9721,479,0
20110228,1.0102,1.0102,0.9574,0.9574,3902,0
20110301,0.9549,0.9549,0.9377,0.9377,605,0
20110302,0.9119,0.9377,0.9033,0.9377,13717,0
20110303,0.9205,0.9721,0.9205,0.9721,4185,0
20110304,0.9377,0.9463,0.9291,0.9291,4243,0
20110307,0.9291,0.9635,0.8861,0.8861,17803,0
20110308,0.8861,0.8861,0.8861,0.8861,23,0
20110309,0.9033,0.9033,0.8947,0.8947,2813,0
20110310,0.8947,0.8947,0.8775,0.8861,4649,0
20110311,0.8947,0.9033,0.8602,0.8602,5816,0
20110314,0.8602,0.8775,0.8602,0.8775,1842,0
20110315,0.8602,0.8775,0.8516,0.8689,14990,0
20110316,0.8689,0.8775,0.8689,0.8689,3891,0
20110317,0.8696,0.9487,0.8696,0.9311,11915,0
20110318,0.9463,0.9463,0.9463,0.9463,58,0
20110321,0.9549,0.9549,0.9033,0.9033,11043,0
20110322,0.9033,0.9033,0.8775,0.8775,1511,0
20110323,0.8775,0.9119,0.8172,0.8861,15645,0
20110324,0.8775,0.9033,0.8516,0.9033,894,0
20110328,0.8775,0.9721,0.8775,0.9463,14682,0
20110329,0.9033,0.9033,0.9033,0.9033,12,0
20110330,0.9463,0.9463,0.9291,0.9291,13834,0
20110331,0.9399,0.9487,0.9223,0.9311,11194,0
20110401,0.9463,1.0495,0.9463,1.0066,38862,0
20110404,1.0066,1.0066,0.9894,0.9894,256,0
20110405,0.9894,0.9894,0.9721,0.9721,4047,0
20110406,0.998,1.0581,0.9033,0.9205,67388,0
20110407,0.9377,0.9377,0.9033,0.9119,2887,0
20110408,0.9033,0.9291,0.8861,0.9033,5956,0
20110411,0.9205,0.9205,0.9205,0.9205,116,0
20110412,0.9205,0.9205,0.8602,0.8947,13472,0
20110413,0.9033,0.9894,0.8947,0.9721,22352,0
20110414,0.9635,1.0152,0.9463,1.0066,55223,0
20110415,1.0066,1.0066,0.9463,0.9463,12852,0
20110418,0.9377,0.9377,0.8947,0.9119,11392,0
20110419,0.8947,0.9291,0.8947,0.9291,1235,0
20110420,0.9377,0.9377,0.9205,0.9205,2661,0
20110421,0.9205,1.0324,0.8947,0.9463,53760,0
20110426,0.9463,0.9463,0.9377,0.9377,1546,0
20110427,0.9205,0.9205,0.8947,0.8947,18162,0
20110428,0.8947,0.9119,0.8947,0.9119,1394,0
20110429,0.9047,0.9223,0.9047,0.9223,6532,0
20110502,0.9033,0.9463,0.9033,0.9463,2563,0
20110504,0.9635,0.9635,0.8947,0.8947,8283,0
20110505,0.8947,0.9205,0.8947,0.9205,1140,0
20110506,0.8947,0.8947,0.8947,0.8947,814,0
20110509,0.8947,0.9291,0.8947,0.9291,5364,0
20110510,0.9377,0.9377,0.8602,0.9033,14775,0
20110511,0.9377,0.9377,0.8602,0.9119,4568,0
20110512,0.9119,0.9119,0.8861,0.8861,1346,0
20110513,0.9033,0.9033,0.9033,0.9033,484,0
20110516,0.8689,0.8689,0.8602,0.8602,9067,0
20110517,0.8602,0.8775,0.8602,0.8602,2487,0
20110518,0.8602,0.8602,0.8602,0.8602,581,0
20110519,0.8602,0.8602,0.8602,0.8602,7556,0
20110520,0.852,0.8608,0.852,0.8608,1181,0
20110523,0.8516,0.9033,0.8516,0.9033,292,0
20110524,0.8861,0.8861,0.8344,0.8516,11008,0
20110525,0.8516,0.8775,0.8516,0.8689,2732,0
20110526,0.8775,0.8775,0.8602,0.8602,632,0
20110527,0.8608,0.8696,0.8608,0.8696,1522,0
20110530,0.8689,0.9119,0.8602,0.9033,15344,0
20110531,0.9135,0.9135,0.9135,0.9135,116,0
20110601,0.9119,0.9119,0.8775,0.8775,233,0
20110602,0.8947,0.8947,0.8947,0.8947,35,0
20110603,0.8696,0.8872,0.8608,0.8872,1336,0
20110606,0.8602,0.8861,0.757,0.8172,29491,0
20110607,0.8169,0.8432,0.8081,0.8432,7799,0
20110608,0.8608,0.9487,0.8608,0.9047,23359,0
20110609,0.8959,0.8959,0.8959,0.8959,80,0
20110610,0.9399,0.9399,0.8959,0.8959,3777,0
20110613,0.9135,0.9487,0.852,0.852,10753,0
20110614,0.8608,0.8608,0.8608,0.8608,116,0
20110615,0.8696,0.8696,0.8608,0.8608,2115,0
20110616,0.852,0.8608,0.8432,0.8608,5323,0
20110620,0.8344,0.8344,0.8344,0.8344,401,0
20110621,0.8257,0.8872,0.8257,0.8344,7830,0
20110622,0.9047,0.9047,0.8959,0.8959,227,0
20110624,0.8784,0.8784,0.8608,0.8608,1253,0
20110628,0.8696,0.8696,0.8344,0.8432,3837,0
20110629,0.8344,0.8344,0.8169,0.8169,1936,0
20110630,0.8344,0.8432,0.8344,0.8432,1139,0
20110705,0.8169,0.8169,0.8081,0.8081,3529,0
20110706,0.8081,0.8081,0.7993,0.7993,6147,0
20110707,0.8169,0.8169,0.8169,0.8169,1537,0
20110711,0.8081,0.8081,0.7905,0.7905,1707,0
20110712,0.7993,0.7993,0.7554,0.7729,7343,0
20110713,0.7729,0.8169,0.7729,0.8169,1830,0
20110714,0.8081,0.8257,0.8081,0.8257,1025,0
20110715,0.8081,0.8257,0.8081,0.8257,1141,0
20110718,0.7905,0.7993,0.7817,0.7993,3447,0
20110719,0.7729,0.7993,0.7729,0.7993,115,0
20110720,0.7993,0.8344,0.7993,0.8344,1342,0
20110721,0.7905,0.7993,0.7817,0.7993,1708,0
20110722,0.7993,0.7993,0.7378,0.7729,5822,0
20110725,0.7378,0.7466,0.7114,0.7466,10309,0
20110726,0.7466,0.7466,0.729,0.729,626,0
20110727,0.729,0.729,0.7114,0.729,4667,0
20110728,0.7027,0.7466,0.7027,0.7466,3976,0
20110729,0.7202,0.7378,0.7202,0.7378,1282,0
20110802,0.7114,0.7378,0.7114,0.7378,1379,0
20110803,0.7466,0.7466,0.7114,0.7114,2330,0
20110804,0.6764,0.6764,0.5798,0.6764,13587,0
20110808,0.5885,0.5973,0.5446,0.5973,22550,0
20110809,0.5446,0.5973,0.5446,0.5798,7212,0
20110810,0.571,0.5973,0.571,0.5973,219,0
20110811,0.6061,0.6061,0.6061,0.6061,114,0
20110812,0.6061,0.6149,0.6061,0.6149,1025,0
20110816,0.5885,0.6061,0.5885,0.6061,589,0
20110818,0.5885,0.5885,0.5534,0.5534,3984,0
20110819,0.5446,0.5973,0.5446,0.5973,580,0
20110822,0.5973,0.5973,0.5973,0.5973,114,0
20110825,0.5973,0.5973,0.5973,0.5973,227,0
20110826,0.5622,0.5622,0.5446,0.5446,4611,0
20110829,0.5446,0.5798,0.5446,0.5798,239,0
20110830,0.5973,0.5973,0.5973,0.5973,114,0
20110831,0.5973,0.5973,0.5973,0.5973,114,0
20110901,0.5973,0.5973,0.5973,0.5973,114,0
20110902,0.5973,0.5973,0.5973,0.5973,114,0
20110905,0.5973,0.5973,0.5798,0.5798,125,0
20110906,0.5973,0.5973,0.5183,0.5534,10303,0
20110908,0.527,0.5534,0.5183,0.5183,18899,0
20110909,0.5183,0.5183,0.5007,0.5007,6852,0
20110913,0.49189,0.5358,0.4392,0.5358,69594,0
20110914,0.5183,0.5183,0.5183,0.5183,227,0
20110915,0.5183,0.5183,0.5183,0.5183,230,0
20110916,0.527,0.527,0.527,0.527,227,0
20110920,0.527,0.527,0.527,0.527,114,0
20110921,0.527,0.527,0.527,0.527,114,0
20110922,0.48309,0.48309,0.4743,0.4743,1707,0
20110923,0.48309,0.48309,0.4392,0.4655,16305,0
20110926,0.43041,0.43041,0.43041,0.43041,1793,0
20110927,0.41281,0.41281,0.41281,0.41281,341,0
20110928,0.42161,0.42161,0.42161,0.42161,114,0
20110929,0.42161,0.42161,0.42161,0.42161,296,0
20110930,0.41281,0.41281,0.41281,0.41281,227,0
20111003,0.41281,0.41281,0.41281,0.41281,284,0
20111004,0.41281,0.41281,0.40401,0.40401,4721,0
20111006,0.41281,0.448,0.41281,0.43041,4905,0
20111007,0.43041,0.4568,0.43041,0.4392,4844,0
20111010,0.43041,0.4392,0.43041,0.4392,1634,0
20111011,0.43041,0.43041,0.43041,0.43041,2870,0
20111012,0.4392,0.4392,0.4392,0.4392,3416,0
20111013,0.448,0.4568,0.448,0.4568,8625,0
20111014,0.448,0.448,0.43041,0.43041,3225,0
20111019,0.448,0.448,0.42161,0.42161,2554,0
20111020,0.43041,0.43041,0.43041,0.43041,227,0
20111021,0.43041,0.4392,0.43041,0.4392,888,0
20111024,0.43041,0.43041,0.43041,0.43041,239,0
20111025,0.43041,0.43041,0.43041,0.43041,797,0
20111026,0.43041,0.43041,0.43041,0.43041,456,0
20111027,0.4392,0.4392,0.4392,0.4392,911,0
20111102,0.43041,0.4392,0.43041,0.4392,444,0
20111103,0.42161,0.42161,0.42161,0.42161,114,0
20111104,0.43041,0.43041,0.43041,0.43041,2391,0
20111108,0.42161,0.42161,0.42161,0.42161,227,0
20111109,0.4392,0.4568,0.4392,0.4392,1928,0
20111110,0.43041,0.43041,0.43041,0.43041,1139,0
20111114,0.43041,0.43041,0.43041,0.43041,114,0
20111115,0.43041,0.43041,0.43041,0.43041,569,0
20111116,0.43041,0.4568,0.43041,0.4568,2772,0
20111117,0.4568,0.4568,0.4568,0.4568,341,0
20111121,0.448,0.448,0.4392,0.4392,3416,0
20111122,0.4392,0.448,0.42161,0.448,12038,0
20111123,0.4392,0.4392,0.4392,0.4392,1475,0
20111125,0.4392,0.4392,0.42161,0.42161,2049,0
20111128,0.42161,0.42161,0.42161,0.42161,114,0
20111129,0.42161,0.42161,0.42161,0.42161,114,0
20111130,0.4392,0.4392,0.4392,0.4392,330,0
20111201,0.448,0.448,0.448,0.448,227,0
20111202,0.4392,0.4392,0.41281,0.41281,9087,0
20111205,0.41281,0.41281,0.41281,0.41281,1139,0
20111206,0.41281,0.41281,0.41281,0.41281,2277,0
20111208,0.40401,0.40401,0.40401,0.40401,2846,0
20111209,0.40401,0.40401,0.40401,0.40401,966,0
20111212,0.41281,0.41281,0.41281,0.41281,569,0
20111214,0.40401,0.40401,0.40401,0.40401,1139,0
20111215,0.40401,0.40401,0.40401,0.40401,911,0
20111216,0.40401,0.41281,0.40401,0.41281,1366,0
20111219,0.40401,0.40401,0.40401,0.40401,569,0
20111220,0.40401,0.40401,0.39531,0.39531,16297,0
20111221,0.40401,0.40401,0.40401,0.40401,2277,0
20111222,0.40401,0.40401,0.36892,0.36892,6489,0
20111223,0.38651,0.38651,0.38651,0.38651,2277,0
20111227,0.36892,0.36892,0.35132,0.36892,28576,0
20111228,0.36892,0.36892,0.36892,0.36892,569,0
20111229,0.36892,0.38651,0.36892,0.38651,2277,0
20111230,0.3973,0.40676,0.3973,0.40676,8083,0
20120103,0.41281,0.42161,0.41281,0.42161,1139,0
20120104,0.40401,0.40401,0.38651,0.38651,13661,0
20120111,0.39531,0.40401,0.39531,0.40401,1480,0
20120117,0.40401,0.42161,0.40401,0.42161,770,0
20120118,0.42161,0.42161,0.42161,0.42161,569,0
20120119,0.43041,0.4392,0.43041,0.4392,2261,0
20120120,0.448,0.527,0.448,0.5007,15979,0
20120123,0.5095,0.5183,0.5095,0.5183,1537,0
20120124,0.527,0.527,0.43041,0.4743,13000,0
20120125,0.4655,0.4655,0.4655,0.4655,456,0
20120126,0.4655,0.4655,0.4655,0.4655,284,0
20120127,0.4655,0.5007,0.4655,0.5007,5237,0
20120130,0.5007,0.5534,0.5007,0.5534,11954,0
20120131,0.5486,0.5486,0.5108,0.5486,7571,0
20120201,0.5534,0.5534,0.48309,0.5358,8096,0
20120202,0.5358,0.5622,0.5358,0.5622,11001,0
20120203,0.5622,0.5973,0.5622,0.5973,7887,0
20120206,0.5973,0.5973,0.5973,0.5973,341,0
20120207,0.5798,0.5798,0.5622,0.5622,10817,0
20120208,0.5622,0.5622,0.5622,0.5622,239,0
20120209,0.5358,0.5358,0.527,0.5358,6250,0
20120210,0.5446,0.571,0.5446,0.571,5789,0
20120213,0.571,0.5798,0.571,0.571,1480,0
20120214,0.571,0.571,0.5534,0.5534,1764,0
20120215,0.5534,0.5534,0.5534,0.5534,957,0
20120216,0.5534,0.5534,0.5534,0.5534,1087,0
20120217,0.5534,0.5534,0.5534,0.5534,3079,0
20120220,0.5622,0.5622,0.5622,0.5622,1139,0
20120221,0.5622,0.5622,0.5622,0.5622,227,0
20120222,0.5622,0.5622,0.5358,0.5358,6546,0
20120223,0.5358,0.5358,0.5007,0.5007,4036,0
20120224,0.5095,0.5095,0.5095,0.5095,683,0
20120227,0.5095,0.5095,0.5095,0.5095,227,0
20120228,0.5095,0.5095,0.5095,0.5095,954,0
20120229,0.5095,0.5095,0.5095,0.5095,606,0
20120301,0.5007,0.5007,0.49189,0.5007,7375,0
20120302,0.5007,0.5007,0.5007,0.5007,1707,0
20120312,0.48309,0.48309,0.4743,0.48309,5806,0
20120313,0.48309,0.48309,0.48309,0.48309,1594,0
20120314,0.48309,0.48309,0.4655,0.4655,6330,0
20120315,0.4655,0.4655,0.4655,0.4655,114,0
20120316,0.4655,0.4655,0.4655,0.4655,2619,0
20120319,0.4655,0.4655,0.4655,0.4655,114,0
20120320,0.4568,0.4568,0.4568,0.4568,114,0
20120321,0.4568,0.4568,0.4568,0.4568,114,0
20120322,0.4568,0.4568,0.43041,0.43041,7863,0
20120323,0.4392,0.4392,0.4392,0.4392,284,0
20120326,0.4392,0.448,0.4392,0.448,1907,0
20120327,0.4392,0.4392,0.4392,0.4392,114,0
20120328,0.4392,0.4392,0.4392,0.4392,227,0
20120329,0.4392,0.4392,0.4392,0.4392,513,0
20120330,0.43514,0.43514,0.43514,0.43514,2733,0
20120403,0.43041,0.43041,0.43041,0.43041,3416,0
20120404,0.43041,0.43041,0.39531,0.39531,21233,0
20120405,0.39531,0.39531,0.38651,0.39531,7195,0
20120410,0.39531,0.39531,0.38651,0.38651,1081,0
20120411,0.38651,0.38651,0.38651,0.38651,114,0
20120412,0.38651,0.39531,0.38651,0.38651,12659,0
20120413,0.39531,0.39531,0.39531,0.39531,114,0
20120416,0.39531,0.4743,0.39531,0.4743,60322,0
20120417,0.4655,0.4743,0.43041,0.4568,30912,0
20120418,0.4743,0.4743,0.4392,0.4568,9235,0
20120419,0.4568,0.4568,0.42161,0.4392,5701,0
20120420,0.448,0.448,0.4392,0.4392,1531,0
20120423,0.42161,0.42161,0.36012,0.39531,25236,0
20120424,0.38651,0.41281,0.38651,0.41281,10816,0
20120426,0.40401,0.40401,0.40401,0.40401,114,0
20120427,0.38651,0.38651,0.38651,0.38651,1850,0
20120430,0.37838,0.37838,0.35,0.35,32657,0
20120502,0.36012,0.36892,0.34253,0.34253,32350,0
20120504,0.35132,0.36012,0.35132,0.36012,2812,0
20120507,0.35132,0.35132,0.35132,0.35132,569,0
20120508,0.35132,0.35132,0.35132,0.35132,569,0
20120509,0.35132,0.36892,0.35132,0.36892,854,0
20120510,0.35132,0.35132,0.35132,0.35132,569,0
20120514,0.35132,0.35132,0.35132,0.35132,1707,0
20120515,0.35132,0.36892,0.35132,0.35132,7400,0
20120516,0.35132,0.35132,0.34253,0.34253,3803,0
20120517,0.33382,0.34253,0.32503,0.32503,12732,0
20120518,0.31623,0.33382,0.31623,0.33382,3177,0
20120521,0.33382,0.33382,0.31623,0.31623,4047,0
20120523,0.31623,0.31623,0.31623,0.31623,1139,0
20120524,0.33382,0.34253,0.33382,0.33382,9262,0
20120525,0.33382,0.33382,0.33382,0.33382,1139,0
20120529,0.34253,0.35132,0.34253,0.35132,2842,0
20120611,0.34253,0.34253,0.34253,0.34253,1139,0
20120612,0.34253,0.34253,0.34253,0.34253,569,0
20120614,0.34253,0.34253,0.34253,0.34253,114,0
20120615,0.34253,0.34253,0.34253,0.34253,569,0
20120618,0.34253,0.34253,0.34253,0.34253,114,0
20120619,0.36012,0.36012,0.36012,0.36012,569,0
20120620,0.36012,0.36012,0.36012,0.36012,114,0
20120621,0.36012,0.36892,0.36012,0.36012,8096,0
20120622,0.35,0.35,0.35,0.35,569,0
20120625,0.35132,0.35132,0.35132,0.35132,854,0
20120706,0.35946,0.35946,0.35946,0.35946,569,0
20120709,0.35946,0.36892,0.35946,0.36892,797,0
20120710,0.36892,0.36892,0.36892,0.36892,569,0
20120712,0.38784,0.3973,0.37838,0.37838,4229,0
20120717,0.36892,0.36892,0.36892,0.36892,1057,0
20120723,0.35946,0.35946,0.35946,0.35946,529,0
20120724,0.35946,0.35946,0.35946,0.35946,53,0
20120725,0.35946,0.35946,0.35946,0.35946,106,0
20120727,0.36892,0.36892,0.36892,0.36892,529,0
20120730,0.36892,0.36892,0.36892,0.36892,106,0
20120731,0.35946,0.35946,0.35946,0.35946,1057,0
20120801,0.35946,0.35946,0.35946,0.35946,529,0
20120802,0.35946,0.35946,0.34054,0.34054,2405,0
20120803,0.35946,0.36892,0.35946,0.36892,7842,0
20120806,0.36892,0.36892,0.35946,0.36892,2064,0
20120807,0.36892,0.3973,0.36892,0.3973,10935,0
20120808,0.3973,0.42568,0.3973,0.42568,1580,0
20120813,0.40676,0.41622,0.3973,0.41622,4868,0
20120814,0.40676,0.42568,0.40676,0.42568,1321,0
20120816,0.40676,0.41622,0.40676,0.41622,1850,0
20120817,0.40676,0.45405,0.40676,0.45405,5286,0
20120820,0.43514,0.43514,0.43514,0.43514,529,0
20120821,0.41622,0.41622,0.41622,0.41622,1850,0
20120822,0.42568,0.43514,0.42568,0.43514,1321,0
20120823,0.43514,0.43514,0.41622,0.41622,1163,0
20120824,0.41622,0.41622,0.41622,0.41622,1057,0
20120827,0.42568,0.43514,0.42568,0.43514,2458,0
20120828,0.44459,0.47297,0.44459,0.47297,14139,0
20120829,0.47297,0.47297,0.47297,0.47297,12369,0
20120830,0.47297,0.47297,0.47297,0.47297,106,0
20120831,0.47297,0.47297,0.45405,0.45405,1586,0
20120903,0.45405,0.45405,0.45405,0.45405,264,0
20120904,0.45405,0.45405,0.45405,0.45405,53,0
20120905,0.45405,0.45405,0.45405,0.45405,106,0
20120906,0.45405,0.45405,0.45405,0.45405,106,0
20120907,0.45405,0.45405,0.45405,0.45405,106,0
20120910,0.46351,0.46351,0.46351,0.46351,32,0
20120911,0.46351,0.46351,0.46351,0.46351,12205,0
20120912,0.47297,0.47297,0.46351,0.47297,17305,0
20120913,0.44459,0.44459,0.43514,0.44459,18115,0
20120914,0.46351,0.46351,0.46351,0.46351,106,0
20120917,0.46351,0.46351,0.46351,0.46351,106,0
20120918,0.46351,0.47297,0.46351,0.47297,3700,0
20120919,0.47297,0.47297,0.47297,0.47297,32,0
20120924,0.47297,0.47297,0.47297,0.47297,53,0
20120925,0.47297,0.47297,0.47297,0.47297,106,0
20120927,0.47297,0.47297,0.47297,0.47297,53,0
20121001,0.48243,0.5676,0.48243,0.5676,3383,0
20121002,0.5581,0.5581,0.5581,0.5581,106,0
20121003,0.5581,0.5581,0.5297,0.5297,766,0
20121004,0.5203,0.5203,0.5108,0.5108,634,0
20121005,0.5297,0.5297,0.5203,0.5297,3726,0
20121008,0.5297,0.5297,0.5297,0.5297,53,0
20121009,0.5297,0.5297,0.5297,0.5297,26,0
20121010,0.5297,0.5297,0.5297,0.5297,53,0
20121016,0.5297,0.5297,0.5297,0.5297,53,0
20121022,0.5203,0.5203,0.5203,0.5203,53,0
20121023,0.5203,0.5203,0.5203,0.5203,26,0
20121024,0.5203,0.5203,0.5203,0.5203,26,0
20121025,0.5203,0.5203,0.5203,0.5203,16,0
20121026,0.5203,0.5203,0.5203,0.5203,16,0
20121029,0.5203,0.5203,0.5203,0.5203,16,0
20121030,0.5203,0.5203,0.5203,0.5203,11,0
20121031,0.5203,0.5203,0.5203,0.5203,11,0
20121102,0.5203,0.5203,0.5203,0.5203,26,0
20121105,0.5203,0.5203,0.5203,0.5203,16,0
20121106,0.5203,0.5203,0.5203,0.5203,11,0
20121107,0.5203,0.5203,0.5203,0.5203,26,0
20121108,0.5203,0.5203,0.5203,0.5203,106,0
20121109,0.5203,0.5203,0.5203,0.5203,58,0
20121112,0.5203,0.5203,0.5203,0.5203,106,0
20121113,0.5203,0.5203,0.5203,0.5203,53,0
20121115,0.5203,0.5203,0.5203,0.5203,106,0
20121116,0.5203,0.5203,0.5203,0.5203,106,0
20121119,0.5014,0.5014,0.49189,0.49189,285,0
20121120,0.5108,0.5486,0.5108,0.5486,5180,0
20121121,0.5581,0.5581,0.5581,0.5581,2912,0
20121122,0.5581,0.5581,0.5581,0.5581,53,0
20121123,0.5581,0.5581,0.5297,0.5297,9779,0
20121126,0.5297,0.5297,0.5297,0.5297,106,0
20121127,0.5297,0.5297,0.5203,0.5203,159,0
20121128,0.5203,0.5203,0.5203,0.5203,106,0
20121129,0.5203,0.5203,0.5203,0.5203,1136,0
20121130,0.5297,0.5297,0.5297,0.5297,106,0
20121203,0.5203,0.5203,0.5203,0.5203,106,0
20121204,0.5203,0.5203,0.5203,0.5203,106,0
20121205,0.5203,0.5203,0.5203,0.5203,26,0
20121206,0.5203,0.5203,0.48243,0.5203,9668,0
20121207,0.5014,0.5203,0.47297,0.5203,2337,0
20121210,0.5108,0.5203,0.48243,0.48243,5130,0
20121211,0.48243,0.49189,0.40676,0.49189,94708,0
20121212,0.44459,0.44459,0.42568,0.42568,4492,0
20121213,0.42568,0.42568,0.42568,0.42568,26,0
20121214,0.40676,0.40676,0.40676,0.40676,106,0
20121217,0.40676,0.40676,0.37838,0.3973,2844,0
20121218,0.37838,0.40676,0.37838,0.38784,7882,0
20121220,0.38784,0.38784,0.38784,0.38784,106,0
20121227,0.38784,0.38784,0.38784,0.38784,53,0
20121228,0.38784,0.38784,0.38784,0.38784,53,0
20130102,0.41622,0.44459,0.41622,0.44459,1586,0
20130103,0.45405,0.47297,0.45405,0.46351,4493,0
20130104,0.46351,0.46351,0.46351,0.46351,211,0
20130107,0.46351,0.46351,0.43514,0.43514,1269,0
20130108,0.43514,0.43514,0.42568,0.42568,634,0
20130109,0.41622,0.41622,0.41622,0.41622,529,0
20130110,0.41622,0.41622,0.41622,0.41622,106,0
20130111,0.42568,0.42568,0.40676,0.40676,3975,0
20130114,0.40676,0.40676,0.37838,0.37838,48603,0
20130115,0.37838,0.38784,0.36892,0.38784,1981,0
20130116,0.36892,0.37838,0.36892,0.37838,2326,0
20130117,0.36892,0.36892,0.36892,0.36892,106,0
20130118,0.36892,0.36892,0.36892,0.36892,951,0
20130121,0.37838,0.37838,0.37838,0.37838,1057,0
20130122,0.37838,0.37838,0.37838,0.37838,1057,0
20130123,0.38784,0.38784,0.37838,0.37838,53069,0
20130124,0.38784,0.38784,0.38784,0.38784,529,0
20130125,0.38784,0.38784,0.38784,0.38784,5867,0
20130128,0.38784,0.38784,0.38784,0.38784,264,0
20130129,0.38784,0.38784,0.38784,0.38784,106,0
20130130,0.38784,0.38784,0.38784,0.38784,8857,0
20130131,0.38784,0.38784,0.38784,0.38784,2539,0
20130201,0.38784,0.38784,0.38784,0.38784,3171,0
20130204,0.38784,0.38784,0.38784,0.38784,6026,0
20130206,0.37838,0.40676,0.37838,0.40676,12473,0
20130211,0.3973,0.3973,0.38784,0.38784,1110,0
20130212,0.37838,0.37838,0.36892,0.36892,22729,0
20130213,0.36892,0.36892,0.36892,0.36892,529,0
20130214,0.36892,0.36892,0.36892,0.36892,529,0
20130215,0.36892,0.36892,0.36892,0.36892,159,0
20130218,0.36892,0.36892,0.36892,0.36892,106,0
20130219,0.36892,0.36892,0.36892,0.36892,106,0
20130220,0.36892,0.36892,0.36892,0.36892,106,0
20130221,0.36892,0.36892,0.36892,0.36892,5603,0
20130222,0.38784,0.38784,0.38784,0.38784,106,0
20130225,0.37838,0.37838,0.37838,0.37838,1057,0
20130226,0.38784,0.38784,0.38784,0.38784,106,0
20130227,0.38784,0.38784,0.38784,0.38784,106,0
20130228,0.38784,0.38784,0.38784,0.38784,106,0
20130301,0.36892,0.36892,0.36892,0.36892,1057,0
20130304,0.35946,0.35946,0.35946,0.35946,5286,0
20130308,0.35,0.36892,0.35,0.36892,1374,0
20130311,0.38784,0.38784,0.38784,0.38784,53,0
20130312,0.38784,0.38784,0.38784,0.38784,53,0
20130313,0.38784,0.38784,0.38784,0.38784,53,0
20130314,0.38784,0.38784,0.38784,0.38784,26,0
20130315,0.38784,0.38784,0.38784,0.38784,26,0
20130318,0.38784,0.38784,0.38784,0.38784,106,0
20130319,0.37838,0.37838,0.37838,0.37838,106,0
20130320,0.35946,0.36892,0.35946,0.35946,5391,0
20130321,0.35946,0.35946,0.35946,0.35946,581,0
20130322,0.35946,0.35946,0.35946,0.35946,1057,0
20130328,0.36892,0.36892,0.36892,0.36892,529,0
20130404,0.35946,0.35946,0.34054,0.35946,9091,0
20130405,0.35,0.35,0.35,0.35,529,0
20130408,0.35946,0.35946,0.35946,0.35946,1057,0
20130409,0.35,0.35,0.35,0.35,3541,0
20130417,0.36892,0.36892,0.36892,0.36892,106,0
20130418,0.36892,0.36892,0.36892,0.36892,106,0
20130422,0.36892,0.36892,0.35,0.35,1448,0
20130423,0.35,0.35,0.35,0.35,529,0
20130424,0.35,0.35,0.34054,0.34054,3267,0
20130425,0.35946,0.35946,0.35946,0.35946,529,0
20130507,0.35,0.35,0.35,0.35,211,0
20130508,0.34054,0.34054,0.3027,0.34054,13743,0
20130509,0.34054,0.37838,0.33108,0.37838,10865,0
20130510,0.34054,0.34054,0.34054,0.34054,3171,0
20130513,0.35,0.35,0.35,0.35,159,0
20130514,0.35,0.36892,0.35,0.36892,1269,0
20130515,0.37838,0.37838,0.37838,0.37838,53,0
20130516,0.36892,0.36892,0.36892,0.36892,6554,0
20130517,0.36892,0.36892,0.36892,0.36892,634,0
20130520,0.36892,0.36892,0.36892,0.36892,211,0
20130521,0.36892,0.36892,0.36892,0.36892,106,0
20130522,0.36892,0.36892,0.36892,0.36892,106,0
20130523,0.36892,0.36892,0.36892,0.36892,106,0
20130524,0.36892,0.36892,0.36892,0.36892,159,0
20130527,0.35946,0.36892,0.35946,0.36892,1110,0
20130528,0.36892,0.36892,0.36892,0.36892,106,0
20130529,0.36892,0.36892,0.36892,0.36892,1280,0
20130603,0.37838,0.37838,0.37838,0.37838,106,0
20130604,0.37838,0.37838,0.37838,0.37838,317,0
20130605,0.37838,0.37838,0.35946,0.35946,1110,0
20130606,0.37838,0.37838,0.37838,0.37838,2666,0
20130607,0.38784,0.38784,0.38784,0.38784,423,0
20130610,0.38784,0.40676,0.38784,0.40676,401,0
20130613,0.38784,0.38784,0.38784,0.38784,2578,0
20130624,0.37838,0.37838,0.35,0.35,14012,0
20130625,0.35,0.35,0.35,0.35,4810,0
20130626,0.35,0.35,0.35,0.35,3171,0
20130627,0.35,0.35,0.35,0.35,285,0
20130628,0.35,0.35,0.35,0.35,529,0
20130702,0.34054,0.34054,0.34054,0.34054,529,0
20130703,0.35,0.35,0.35,0.35,264,0
20130704,0.35,0.35,0.35,0.35,106,0
20130705,0.35,0.35,0.35,0.35,106,0
20130708,0.35,0.35,0.35,0.35,106,0
20130709,0.35,0.35,0.35,0.35,1691,0
20130710,0.35,0.35,0.35,0.35,106,0
20130711,0.35,0.35,0.35,0.35,106,0
20130712,0.35,0.35,0.35,0.35,106,0
20130715,0.35,0.36892,0.35,0.36892,211,0
20130716,0.35,0.35946,0.33108,0.35946,4758,0
20130717,0.35,0.37838,0.35,0.36892,2672,0
20130718,0.36892,0.36892,0.36892,0.36892,211,0
20130722,0.36892,0.36892,0.36892,0.36892,211,0
20130723,0.36892,0.36892,0.35946,0.35946,5391,0
20130724,0.35946,0.35946,0.35946,0.35946,6343,0
20130725,0.35946,0.35946,0.35946,0.35946,1057,0
20130726,0.35946,0.35946,0.35946,0.35946,24314,0
20130729,0.35946,0.35946,0.35946,0.35946,264,0
20130730,0.35946,0.35946,0.35946,0.35946,264,0
20130731,0.35946,0.35946,0.35946,0.35946,53,0
20130801,0.35946,0.35946,0.35946,0.35946,211,0
20130802,0.35946,0.35946,0.35946,0.35946,106,0
20130805,0.35946,0.35946,0.35946,0.35946,264,0
20130806,0.35946,0.35946,0.35946,0.35946,106,0
20130807,0.35946,0.35946,0.35946,0.35946,53,0
20130808,0.34054,0.34054,0.33108,0.33108,13854,0
20130809,0.33108,0.33108,0.33108,0.33108,529,0
20130812,0.34054,0.34054,0.34054,0.34054,840,0
20130813,0.33108,0.33108,0.33108,0.33108,159,0
20130814,0.33108,0.34054,0.33108,0.34054,264,0
20130816,0.33108,0.33108,0.33108,0.33108,264,0
20130819,0.35,0.35,0.33108,0.33108,370,0
20130820,0.32162,0.32162,0.31216,0.32162,1105,0
20130822,0.33108,0.33108,0.33108,0.33108,529,0
20130823,0.35,0.35,0.35,0.35,211,0
20130826,0.35,0.35,0.35,0.35,106,0
20130827,0.35,0.35,0.35,0.35,106,0
20130828,0.35,0.35,0.35,0.35,106,0
20130829,0.34054,0.35,0.34054,0.35,1174,0
20130830,0.35,0.35,0.35,0.35,793,0
20130902,0.35,0.35,0.35,0.35,106,0
20130903,0.35,0.35,0.35,0.35,476,0
20130904,0.35,0.35946,0.35,0.35946,740,0
20130906,0.33108,0.33108,0.33108,0.33108,1633,0
20130909,0.33108,0.35,0.33108,0.35,4493,0
20130911,0.35946,0.37838,0.35946,0.37838,7929,0
20130912,0.37838,0.37838,0.35946,0.35946,10677,0
20130913,0.35946,0.35946,0.35946,0.35946,6485,0
20130916,0.35,0.35,0.35,0.35,1163,0
20130917,0.36892,0.37838,0.36892,0.37838,3845,0
20130918,0.36892,0.36892,0.36892,0.36892,2114,0
20130919,0.36892,0.36892,0.36892,0.36892,1586,0
20130920,0.37838,0.37838,0.35946,0.35946,4334,0
20130923,0.35946,0.35946,0.35946,0.35946,4935,0
20130924,0.35946,0.35946,0.35946,0.35946,793,0
20130926,0.35946,0.35946,0.35946,0.35946,615,0
20130927,0.35,0.35946,0.35,0.35946,2220,0
20130930,0.35,0.35,0.35,0.35,264,0
20131001,0.35,0.35,0.35,0.35,634,0
20131002,0.35,0.35,0.35,0.35,264,0
20131003,0.35,0.35,0.35,0.35,264,0
20131004,0.35,0.35,0.35,0.35,185,0
20131007,0.35,0.35,0.35,0.35,264,0
20131008,0.35,0.35,0.35,0.35,159,0
20131009,0.35,0.35,0.35,0.35,529,0
20131010,0.35,0.35,0.35,0.35,264,0
20131011,0.35,0.35,0.35,0.35,159,0
20131015,0.35,0.35,0.35,0.35,106,0
20131018,0.35,0.35946,0.35,0.35946,1586,0
20131021,0.35,0.35946,0.35,0.35,6237,0
20131022,0.35,0.35946,0.35,0.35946,7294,0
20131023,0.35946,0.36892,0.35946,0.35946,12088,0
20131024,0.36892,0.36892,0.36892,0.36892,1374,0
20131028,0.37838,0.37838,0.37838,0.37838,1057,0
20131029,0.37838,0.38784,0.36892,0.38784,19583,0
20131030,0.36892,0.36892,0.36892,0.36892,1057,0
20131104,0.36892,0.36892,0.36892,0.36892,106,0
20131105,0.36892,0.38784,0.36892,0.38784,4863,0
20131106,0.3973,0.3973,0.3973,0.3973,6343,0
20131107,0.3973,0.3973,0.3973,0.3973,3724,0
20131108,0.41622,0.43514,0.41622,0.43514,6343,0
20131112,0.43514,0.43514,0.42568,0.43514,1773,0
20131113,0.43514,0.43514,0.40676,0.43514,3277,0
20131114,0.43514,0.43514,0.41622,0.41622,740,0
20131115,0.43514,0.43514,0.42568,0.42568,2114,0
20131118,0.42568,0.42568,0.42568,0.42568,1163,0
20131119,0.43514,0.43514,0.41622,0.41622,5920,0
20131120,0.42568,0.42568,0.42568,0.42568,264,0
20131121,0.42568,0.42568,0.42568,0.42568,529,0
20131122,0.42568,0.42568,0.40676,0.40676,6871,0
20131125,0.42568,0.42568,0.42568,0.42568,264,0
20131126,0.42568,0.42568,0.42568,0.42568,264,0
20131127,0.42568,0.42568,0.42568,0.42568,106,0
20131128,0.40676,0.42568,0.40676,0.42568,1163,0
20131129,0.42568,0.42568,0.42568,0.42568,211,0
20131203,0.42568,0.42568,0.42568,0.42568,211,0
20131204,0.42568,0.42568,0.42568,0.42568,106,0
20131205,0.42568,0.42568,0.42568,0.42568,106,0
20131209,0.42568,0.42568,0.42568,0.42568,106,0
20131210,0.42568,0.42568,0.42568,0.42568,106,0
20131212,0.42568,0.42568,0.42568,0.42568,106,0
20131213,0.41622,0.41622,0.41622,0.41622,846,0
20131216,0.41622,0.41622,0.41622,0.41622,428,0
20131217,0.40676,0.40676,0.40676,0.40676,1586,0
20131218,0.41622,0.41622,0.41622,0.41622,106,0
20131219,0.41622,0.41622,0.41622,0.41622,4651,0
20131220,0.41622,0.41622,0.40676,0.40676,1269,0
20131223,0.40676,0.42568,0.40676,0.42568,4906,0
20131227,0.42568,0.42568,0.42568,0.42568,53,0
20131230,0.43514,0.43514,0.43514,0.43514,11629,0
20140102,0.43514,0.43514,0.43514,0.43514,53,0
20140103,0.43514,0.43514,0.43514,0.43514,159,0
20140107,0.43514,0.43514,0.41622,0.41622,740,0
20140108,0.40676,0.40676,0.40676,0.40676,211,0
20140109,0.40676,0.40676,0.3973,0.3973,1480,0
20140110,0.3973,0.40676,0.3973,0.3973,1163,0
20140113,0.3973,0.3973,0.3973,0.3973,211,0
20140114,0.3973,0.3973,0.3973,0.3973,291,0
20140115,0.3973,0.3973,0.3973,0.3973,264,0
20140116,0.3973,0.3973,0.38784,0.38784,296,0
20140122,0.40676,0.40676,0.40676,0.40676,529,0
20140129,0.3973,0.40676,0.37838,0.37838,2344,0
20140130,0.37838,0.37838,0.37838,0.37838,1575,0
20140131,0.37838,0.37838,0.37838,0.37838,211,0
20140203,0.37838,0.37838,0.35,0.36892,25641,0
20140204,0.36892,0.36892,0.35946,0.35946,5814,0
20140205,0.35946,0.35946,0.35946,0.35946,634,0
20140206,0.36892,0.38784,0.36892,0.38784,13527,0
20140207,0.37838,0.37838,0.37838,0.37838,106,0
20140210,0.37838,0.37838,0.37838,0.37838,3420,0
20140211,0.37838,0.37838,0.37838,0.37838,106,0
20140212,0.37838,0.37838,0.37838,0.37838,264,0
20140213,0.37838,0.37838,0.37838,0.37838,3155,0
20140217,0.38784,0.38784,0.38784,0.38784,211,0
20140218,0.36892,0.36892,0.36892,0.36892,1057,0
20140219,0.36892,0.36892,0.33108,0.36892,19854,0
20140220,0.36892,0.36892,0.36892,0.36892,106,0
20140221,0.36892,0.36892,0.36892,0.36892,106,0
20140224,0.36892,0.36892,0.35946,0.35946,1691,0
20140225,0.35946,0.35946,0.35946,0.35946,529,0
20140226,0.36892,0.36892,0.36892,0.36892,106,0
20140228,0.36892,0.36892,0.35,0.35,14166,0
20140303,0.34054,0.34054,0.34054,0.34054,2936,0
20140304,0.35,0.35,0.35,0.35,106,0
20140305,0.35,0.35,0.35,0.35,7083,0
20140306,0.35,0.35,0.35,0.35,106,0
20140307,0.35,0.35,0.35,0.35,3171,0
20140310,0.35,0.35,0.35,0.35,496,0
20140311,0.34054,0.35,0.34054,0.35,6343,0
20140312,0.35,0.35,0.35,0.35,5814,0
20140313,0.35,0.35,0.35,0.35,529,0
20140314,0.34054,0.34054,0.34054,0.34054,1057,0
20140318,0.34054,0.34054,0.34054,0.34054,529,0
20140319,0.34054,0.34054,0.34054,0.34054,529,0
20140320,0.34054,0.34054,0.34054,0.34054,1057,0
20140321,0.34054,0.35,0.34054,0.35,9620,0
20140324,0.34054,0.34054,0.34054,0.34054,587,0
20140325,0.33108,0.33108,0.33108,0.33108,264,0
20140326,0.33108,0.33108,0.33108,0.33108,751,0
20140327,0.33108,0.33108,0.33108,0.33108,529,0
20140328,0.33108,0.33108,0.33108,0.33108,3,0
20140331,0.33108,0.33108,0.33108,0.33108,568,0
20140401,0.33108,0.34054,0.33108,0.34054,1321,0
20140402,0.33108,0.33108,0.33108,0.33108,211,0
20140403,0.33108,0.33108,0.33108,0.33108,846,0
20140408,0.33108,0.33108,0.33108,0.33108,211,0
20140410,0.34054,0.34054,0.34054,0.34054,529,0
20140411,0.35,0.35,0.35,0.35,106,0
20140414,0.35,0.35,0.35,0.35,106,0
20140415,0.35,0.35,0.35,0.35,106,0
20140416,0.35,0.35,0.35,0.35,106,0
20140417,0.35,0.35,0.35,0.35,60,0
20140422,0.36892,0.36892,0.36892,0.36892,53,0
20140423,0.36892,0.36892,0.36892,0.36892,53,0
20140424,0.36892,0.36892,0.36892,0.36892,106,0
20140425,0.36892,0.36892,0.36892,0.36892,106,0
20140428,0.36892,0.36892,0.36892,0.36892,106,0
20140429,0.35946,0.35946,0.35946,0.35946,106,0
20140430,0.35946,0.35946,0.35946,0.35946,159,0
20140502,0.35946,0.35946,0.35946,0.35946,159,0
20140505,0.35946,0.35946,0.35946,0.35946,106,0
20140506,0.35946,0.35946,0.35,0.35,5820,0
20140507,0.35,0.35,0.35,0.35,106,0
20140508,0.35,0.35,0.35,0.35,106,0
20140509,0.35,0.35,0.35,0.35,106,0
20140512,0.35,0.35,0.35,0.35,53,0
20140513,0.35,0.35,0.35,0.35,3113,0
20140514,0.35,0.35,0.35,0.35,264,0
20140515,0.35,0.35,0.35,0.35,211,0
20140516,0.35,0.35,0.35,0.35,53,0
20140521,0.34054,0.34054,0.34054,0.34054,106,0
20140522,0.35,0.35946,0.35,0.35,4440,0
20140526,0.35,0.35,0.33108,0.33108,2569,0
20140527,0.35946,0.35946,0.35,0.35,222,0
20140528,0.31,0.31,0.31,0.31,1000,0
20140530,0.35,0.35,0.35,0.35,130,0
20140602,0.35,0.35,0.35,0.35,100,0
20140603,0.35,0.35,0.35,0.35,100,0
20140605,0.35,0.35,0.35,0.35,100,0
20140606,0.35,0.35,0.35,0.35,100,0
20140609,0.35,0.35,0.35,0.35,100,0
20140610,0.35,0.35,0.35,0.35,100,0
20140611,0.35,0.35,0.35,0.35,100,0
20140612,0.35,0.35,0.35,0.35,100,0
20140613,0.35,0.35,0.35,0.35,100,0
20140616,0.35,0.35,0.35,0.35,300,0
20140617,0.35,0.35,0.35,0.35,100,0
20140618,0.35,0.35,0.35,0.35,250,0
20140620,0.35,0.35,0.35,0.35,120,0
20140623,0.36,0.36,0.36,0.36,100,0
20140624,0.36,0.36,0.36,0.36,150,0
20140625,0.36,0.36,0.36,0.36,100,0
20140626,0.36,0.36,0.35,0.35,750,0
20140627,0.36,0.36,0.36,0.36,100,0
20140630,0.36,0.36,0.36,0.36,1500,0
20140701,0.36,0.36,0.36,0.36,2200,0
20140711,0.37,0.37,0.37,0.37,1000,0
20140714,0.37,0.38,0.37,0.38,2480,0
20140715,0.38,0.4,0.38,0.4,11269,0
20140716,0.41,0.41,0.4,0.41,2100,0
20140717,0.4,0.4,0.4,0.4,2111,0
20140718,0.41,0.41,0.41,0.41,100,0
20140722,0.41,0.41,0.41,0.41,100,0
20140804,0.41,0.41,0.4,0.41,1150,0
20140805,0.41,0.41,0.41,0.41,50,0
20140806,0.41,0.41,0.4,0.4,350,0
20140807,0.4,0.4,0.4,0.4,273,0
20140808,0.4,0.4,0.4,0.4,477,0
20140811,0.41,0.41,0.41,0.41,50,0
20140812,0.41,0.41,0.41,0.41,50,0
20140813,0.41,0.41,0.4,0.41,1100,0
20140814,0.41,0.41,0.41,0.41,50,0
20140818,0.39,0.39,0.37,0.37,5100,0
20140825,0.4,0.4,0.4,0.4,1000,0
20140826,0.38,0.39,0.37,0.37,20000,0
20140827,0.37,0.37,0.37,0.37,2000,0
20140828,0.37,0.37,0.37,0.37,100,0
20140829,0.37,0.37,0.37,0.37,100,0
20140902,0.37,0.37,0.37,0.37,250,0
20140903,0.37,0.37,0.37,0.37,3100,0
20140904,0.37,0.37,0.37,0.37,1311,0
20140905,0.37,0.37,0.37,0.37,100,0
20140909,0.37,0.37,0.37,0.37,13300,0
20140910,0.38,0.4,0.37,0.37,10529,0
20140911,0.38,0.38,0.38,0.38,2100,0
20140912,0.38,0.38,0.38,0.38,100,0
20140915,0.37,0.37,0.37,0.37,1500,0
20140916,0.37,0.37,0.37,0.37,450,0
20140917,0.37,0.37,0.37,0.37,400,0
20140918,0.37,0.37,0.37,0.37,300,0
20140919,0.37,0.37,0.37,0.37,150,0
20140922,0.37,0.37,0.37,0.37,150,0
20140923,0.38,0.38,0.37,0.37,4000,0
20140925,0.37,0.37,0.37,0.37,1000,0
20140926,0.37,0.37,0.37,0.37,250,0
20140929,0.37,0.37,0.37,0.37,200,0
20140930,0.37,0.37,0.37,0.37,1950,0
20141002,0.37,0.37,0.37,0.37,100,0
20141003,0.37,0.37,0.37,0.37,1100,0
20141006,0.37,0.37,0.37,0.37,50,0
20141007,0.37,0.37,0.37,0.37,100,0
20141008,0.37,0.37,0.37,0.37,229,0
20141009,0.38,0.38,0.38,0.38,150,0
20141010,0.39,0.39,0.39,0.39,100,0
20141013,0.37,0.37,0.37,0.37,2511,0
20141014,0.37,0.37,0.37,0.37,1100,0
20141015,0.37,0.37,0.37,0.37,500,0
20141016,0.37,0.37,0.37,0.37,100,0
20141020,0.37,0.37,0.37,0.37,250,0
20141021,0.37,0.37,0.37,0.37,250,0
20141022,0.36,0.36,0.36,0.36,600,0
20141023,0.36,0.36,0.36,0.36,100,0
20141024,0.36,0.36,0.36,0.36,250,0
20141028,0.36,0.36,0.36,0.36,500,0
20141029,0.36,0.36,0.36,0.36,30,0
20141030,0.36,0.36,0.36,0.36,200,0
20141031,0.36,0.36,0.36,0.36,100,0
20141103,0.36,0.36,0.36,0.36,200,0
20141104,0.36,0.36,0.36,0.36,300,0
20141105,0.36,0.36,0.36,0.36,100,0
20141106,0.36,0.36,0.36,0.36,210,0
20141112,0.37,0.37,0.37,0.37,100,0
20141113,0.37,0.37,0.37,0.37,100,0
20141114,0.37,0.37,0.37,0.37,100,0
20141117,0.37,0.37,0.37,0.37,100,0
20141118,0.35,0.35,0.33,0.33,26524,0
20141119,0.33,0.33,0.33,0.33,500,0
20141120,0.33,0.33,0.33,0.33,2200,0
20141121,0.33,0.33,0.33,0.33,100,0
20141125,0.33,0.33,0.33,0.33,100,0
20141126,0.33,0.33,0.33,0.33,100,0
20141127,0.33,0.33,0.33,0.33,200,0
20141128,0.34,0.34,0.34,0.34,100,0
20141202,0.32,0.32,0.3,0.31,13001,0
20141203,0.31,0.31,0.31,0.31,7499,0
20141204,0.3,0.32,0.3,0.32,10050,0
20141205,0.32,0.32,0.32,0.32,100,0
20141210,0.32,0.32,0.32,0.32,100,0
20141211,0.32,0.32,0.32,0.32,100,0
20141212,0.32,0.32,0.31,0.32,3100,0
20141215,0.32,0.32,0.32,0.32,100,0
20141216,0.32,0.32,0.32,0.32,100,0
20141217,0.28,0.28,0.28,0.28,100,0
20141218,0.3,0.3,0.3,0.3,1000,0
20141219,0.31,0.31,0.31,0.31,100,0
20141222,0.31,0.31,0.31,0.31,100,0
20141223,0.29,0.31,0.29,0.31,15200,0
20141229,0.31,0.31,0.31,0.31,100,0
