Date,Open,High,Low,Close,Volume,OpenInt
20120215,1.42,2.01,1.42,1.63,651301,0
20120216,1.59,1.66,1.41,1.41,619091,0
20120217,1.47,1.55,1.39,1.43,957162,0
20120220,1.46,1.46,1.19,1.2,720019,0
20120221,1.25,1.3,1.24,1.25,315156,0
20120222,1.3,1.34,1.14,1.2,535989,0
20120223,1.19,1.27,1.09,1.27,491022,0
20120224,1.28,1.29,1.05,1.07,1454593,0
20120227,1.07,1.09,0.89,0.9,1251608,0
20120228,0.92,0.95,0.75,0.75,1211422,0
20120229,0.76,0.84,0.76,0.81,1076659,0
20120301,0.84,0.85,0.74,0.75,1167316,0
20120302,0.76,0.84,0.7,0.7,3039900,0
20120305,0.69,0.72,0.56,0.56,1085780,0
20120306,0.59,0.6,0.49,0.5,1342909,0
20120307,0.49,0.55,0.47,0.52,276131,0
20120308,0.55,0.58,0.52,0.53,1202718,0
20120309,0.53,0.53,0.48,0.49,67409,0
20120312,0.49,0.55,0.47,0.49,246130,0
20120313,0.48,0.5,0.42,0.42,139214,0
20120314,0.42,0.43,0.39,0.43,51753,0
20120315,0.45,0.45,0.42,0.42,41958,0
20120316,0.41,0.48,0.36,0.47,103343,0
20120319,0.47,0.47,0.42,0.46,4172,0
20120320,0.46,0.46,0.42,0.46,3250,0
20120321,0.46,0.46,0.39,0.44,29029,0
20120322,0.41,0.44,0.37,0.39,109265,0
20120323,0.4,0.41,0.33,0.41,44987,0
20120326,0.38,0.41,0.35,0.41,27288,0
20120327,0.41,0.43,0.38,0.43,22860,0
20120328,0.44,0.61,0.42,0.61,396408,0
20120329,0.64,0.7,0.5,0.67,1291569,0
20120330,0.7,0.72,0.58,0.6,1188100,0
20120402,0.65,0.82,0.64,0.82,1084284,0
20120403,0.9,1.24,0.86,1.1,1574376,0
20120404,1.06,1.17,0.85,0.86,747126,0
20120405,0.86,0.93,0.79,0.92,230498,0
20120410,0.89,1.05,0.87,0.94,187402,0
20120411,0.97,0.97,0.84,0.85,138129,0
20120412,0.76,0.83,0.71,0.72,142772,0
20120413,0.71,0.75,0.64,0.73,45449,0
20120416,0.76,0.76,0.65,0.68,108432,0
20120417,0.65,0.69,0.63,0.68,62778,0
20120418,0.68,0.81,0.64,0.74,143796,0
20120419,0.74,0.84,0.7,0.77,122401,0
20120420,0.77,0.82,0.74,0.74,29209,0
20120423,0.77,0.77,0.66,0.68,42788,0
20120424,0.69,0.7,0.62,0.63,68960,0
20120425,0.63,0.72,0.62,0.65,198617,0
20120426,0.66,0.67,0.53,0.54,218428,0
20120427,0.55,0.57,0.44,0.49,583698,0
20120430,0.49,0.52,0.45,0.47,97676,0
20120502,0.46,0.49,0.46,0.48,23986,0
20120504,0.48,0.57,0.45,0.49,155620,0
20120507,0.49,0.49,0.44,0.47,108768,0
20120508,0.47,0.52,0.38,0.47,355913,0
20120509,0.47,0.47,0.38,0.39,306192,0
20120510,0.39,0.41,0.39,0.4,59809,0
20120511,0.42,0.42,0.36,0.38,70103,0
20120514,0.39,0.4,0.37,0.39,16636,0
20120515,0.36,0.39,0.34,0.36,118305,0
20120516,0.33,0.34,0.3,0.34,127924,0
20120517,0.34,0.44,0.33,0.36,363992,0
20120518,0.35,0.48,0.27,0.27,7017995,0
20120521,0.29,0.31,0.28,0.3,288221,0
20120522,0.3,0.33,0.29,0.3,378412,0
20120523,0.31,0.31,0.27,0.3,143890,0
20120524,0.34,0.4,0.31,0.4,1350956,0
20120525,0.4,0.44,0.37,0.39,817066,0
20120528,0.37,0.37,0.33,0.35,158690,0
20120529,0.35,0.36,0.29,0.32,484599,0
20120530,0.3,0.32,0.29,0.3,194105,0
20120531,0.3,0.31,0.28,0.31,90633,0
20120601,0.31,0.32,0.29,0.3,156512,0
20120604,0.3,0.31,0.29,0.3,38690,0
20120605,0.3,0.3,0.27,0.27,68702,0
20120606,0.28,0.29,0.27,0.28,26971,0
20120608,0.28,0.3,0.28,0.3,96334,0
20120611,0.29,0.31,0.29,0.29,54069,0
20120612,0.3,0.3,0.26,0.28,135201,0
20120613,0.28,0.28,0.25,0.26,152636,0
20120614,0.27,0.27,0.24,0.24,53307,0
20120615,0.24,0.25,0.22,0.24,47858,0
20120618,0.26,0.26,0.26,0.26,860,0
20120619,0.26,0.28,0.25,0.27,58338,0
20120620,0.28,0.32,0.26,0.28,284519,0
20120621,0.28,0.28,0.25,0.26,145480,0
20120622,0.26,0.26,0.24,0.24,48059,0
20120625,0.25,0.25,0.24,0.25,7488,0
20120626,0.25,0.25,0.24,0.25,36667,0
20120627,0.25,0.25,0.23,0.24,91880,0
20120628,0.23,0.23,0.19,0.22,176904,0
20120629,0.22,0.22,0.2,0.22,52376,0
20120702,0.21,0.24,0.21,0.23,100420,0
20120703,0.23,0.23,0.21,0.23,51867,0
20120704,0.23,0.23,0.19,0.2,131827,0
20120705,0.2,0.2,0.16,0.17,173153,0
20120706,0.17,0.18,0.15,0.17,199030,0
20120709,0.17,0.17,0.15,0.16,69788,0
20120710,0.16,0.22,0.16,0.22,557175,0
20120711,0.26,0.31,0.21,0.23,1092569,0
20120712,0.23,0.24,0.19,0.21,161198,0
20120713,0.2,0.21,0.19,0.2,45789,0
20120716,0.19,0.19,0.16,0.16,540900,0
20120717,0.15,0.2,0.14,0.2,305855,0
20120718,0.2,0.2,0.17,0.18,167494,0
20120719,0.17,0.18,0.15,0.15,325727,0
20120720,0.14,0.15,0.12,0.15,677353,0
20120723,0.14,0.17,0.13,0.16,248281,0
20120724,0.16,0.16,0.14,0.15,58089,0
20120725,0.14,0.15,0.13,0.14,96249,0
20120726,0.13,0.15,0.13,0.14,90350,0
20120727,0.14,0.14,0.13,0.14,59712,0
20120730,0.14,0.14,0.13,0.14,49178,0
20120731,0.13,0.14,0.12,0.13,45723,0
20120801,0.12,0.13,0.12,0.13,75721,0
20120802,0.13,0.13,0.11,0.11,113360,0
20120803,0.12,0.16,0.12,0.16,389920,0
20120806,0.18,0.19,0.15,0.15,543694,0
20120807,0.15,0.16,0.14,0.16,142846,0
20120808,0.16,0.18,0.15,0.15,130955,0
20120809,0.15,0.15,0.13,0.14,63093,0
20120810,0.14,0.15,0.13,0.15,75170,0
20120813,0.16,0.16,0.15,0.15,20002,0
20120814,0.16,0.17,0.14,0.15,119277,0
20120816,0.16,0.16,0.14,0.15,34817,0
20120817,0.16,0.16,0.14,0.16,9979,0
20120820,0.16,0.16,0.14,0.14,7105,0
20120821,0.15,0.15,0.13,0.14,265771,0
20120822,0.13,0.14,0.13,0.13,110330,0
20120823,0.12,0.14,0.11,0.14,239220,0
20120824,0.14,0.15,0.13,0.13,150133,0
20120827,0.13,0.14,0.12,0.13,27035,0
20120828,0.14,0.14,0.12,0.14,45924,0
20120829,0.13,0.13,0.12,0.13,280540,0
20120830,0.13,0.13,0.12,0.12,41306,0
20120831,0.12,0.13,0.12,0.13,76627,0
20120903,0.13,0.14,0.12,0.14,142482,0
20120904,0.14,0.14,0.14,0.14,18527,0
20120905,0.14,0.15,0.14,0.15,70557,0
20120906,0.14,0.14,0.13,0.14,18440,0
20120907,0.14,0.14,0.13,0.14,15010,0
20120910,0.14,0.15,0.14,0.15,29691,0
20120911,0.15,0.15,0.13,0.15,47870,0
20120912,0.15,0.15,0.13,0.14,16898,0
20120913,0.14,0.15,0.13,0.14,93206,0
20120914,0.13,0.15,0.13,0.13,75044,0
20120917,0.15,0.15,0.14,0.14,18269,0
20120918,0.14,0.15,0.14,0.15,7543,0
20120919,0.15,0.17,0.14,0.16,270234,0
20120920,0.16,0.22,0.16,0.22,1136965,0
20120921,0.22,0.24,0.18,0.19,610575,0
20120924,0.18,0.19,0.16,0.16,139625,0
20120925,0.15,0.18,0.14,0.15,126052,0
20120926,0.14,0.15,0.13,0.14,446938,0
20120927,0.13,0.14,0.13,0.13,144856,0
20120928,0.14,0.14,0.13,0.14,146227,0
20121001,0.14,0.14,0.13,0.14,15447,0
20121002,0.14,0.14,0.13,0.14,54976,0
20121003,0.14,0.14,0.12,0.12,111034,0
20121004,0.13,0.14,0.12,0.14,35546,0
20121005,0.14,0.14,0.14,0.14,994,0
20121008,0.13,0.14,0.13,0.14,13210,0
20121009,0.13,0.14,0.13,0.14,3342,0
20121010,0.14,0.14,0.13,0.14,26581,0
20121011,0.14,0.14,0.12,0.14,267321,0
20121012,0.13,0.13,0.13,0.13,44000,0
20121015,0.14,0.14,0.12,0.13,103896,0
20121016,0.13,0.14,0.12,0.14,63615,0
20121017,0.14,0.14,0.13,0.14,69091,0
20121018,0.13,0.14,0.13,0.14,44279,0
20121019,0.13,0.13,0.13,0.13,17867,0
20121022,0.13,0.14,0.13,0.14,30802,0
20121023,0.14,0.14,0.13,0.14,12300,0
20121024,0.12,0.14,0.12,0.14,29873,0
20121025,0.14,0.14,0.13,0.14,9882,0
20121026,0.13,0.13,0.12,0.13,13401,0
20121029,0.13,0.14,0.13,0.14,36150,0
20121030,0.14,0.15,0.13,0.14,90494,0
20121031,0.14,0.16,0.14,0.15,69261,0
20121102,0.15,0.15,0.15,0.15,14573,0
20121105,0.14,0.15,0.13,0.14,59872,0
20121106,0.14,0.19,0.14,0.19,377528,0
20121107,0.19,0.19,0.13,0.14,448821,0
20121108,0.14,0.14,0.13,0.13,43901,0
20121109,0.13,0.14,0.13,0.14,199985,0
20121112,0.13,0.13,0.13,0.13,29136,0
20121113,0.13,0.13,0.13,0.13,7890,0
20121114,0.13,0.13,0.12,0.13,42712,0
20121115,0.12,0.13,0.12,0.13,177290,0
20121116,0.12,0.14,0.12,0.14,301200,0
20121119,0.14,0.15,0.12,0.13,58084,0
20121120,0.13,0.13,0.12,0.13,143778,0
20121121,0.13,0.14,0.12,0.13,213771,0
20121122,0.13,0.13,0.12,0.13,46069,0
20121123,0.13,0.13,0.13,0.13,29700,0
20121126,0.13,0.13,0.13,0.13,2300,0
20121127,0.13,0.13,0.13,0.13,5300,0
20121128,0.13,0.13,0.12,0.13,59470,0
20121129,0.13,0.13,0.12,0.12,10118,0
20121130,0.12,0.14,0.12,0.14,40097,0
20121203,0.14,0.14,0.13,0.14,46801,0
20121204,0.13,0.14,0.12,0.14,94070,0
20121205,0.13,0.14,0.13,0.14,68199,0
20121206,0.14,0.14,0.13,0.14,8101,0
20121207,0.13,0.14,0.13,0.14,27501,0
20121210,0.13,0.14,0.12,0.14,32962,0
20121211,0.14,0.14,0.14,0.14,9780,0
20121212,0.14,0.14,0.13,0.14,13610,0
20121213,0.14,0.15,0.14,0.15,93378,0
20121214,0.15,0.15,0.14,0.14,209013,0
20121217,0.13,0.13,0.13,0.13,43006,0
20121218,0.13,0.13,0.13,0.13,21354,0
20121219,0.13,0.13,0.12,0.13,2873,0
20121220,0.13,0.13,0.12,0.12,13272,0
20121221,0.12,0.13,0.12,0.12,7390,0
20121227,0.12,0.12,0.12,0.12,140748,0
20121228,0.12,0.13,0.11,0.13,81943,0
20130102,0.13,0.13,0.11,0.11,8340,0
20130103,0.11,0.13,0.11,0.13,124676,0
20130104,0.13,0.13,0.13,0.13,100,0
20130107,0.12,0.12,0.12,0.12,39300,0
20130108,0.12,0.12,0.12,0.12,5100,0
20130109,0.12,0.12,0.12,0.12,9600,0
20130110,0.13,0.13,0.12,0.12,7900,0
20130111,0.11,0.12,0.11,0.12,47502,0
20130114,0.12,0.14,0.11,0.13,216597,0
20130115,0.13,0.14,0.13,0.13,14567,0
20130116,0.13,0.13,0.13,0.13,13762,0
20130117,0.13,0.13,0.13,0.13,473,0
20130118,0.13,0.13,0.13,0.13,1000,0
20130121,0.12,0.13,0.12,0.13,89834,0
20130122,0.13,0.13,0.12,0.12,41752,0
20130123,0.12,0.12,0.12,0.12,33250,0
20130124,0.12,0.12,0.12,0.12,53024,0
20130125,0.12,0.12,0.11,0.12,96001,0
20130128,0.12,0.12,0.11,0.12,8351,0
20130129,0.12,0.12,0.12,0.12,150,0
20130130,0.12,0.12,0.11,0.11,12887,0
20130131,0.11,0.12,0.11,0.12,23265,0
20130201,0.12,0.12,0.12,0.12,5600,0
20130204,0.12,0.12,0.11,0.12,5281,0
20130205,0.12,0.12,0.11,0.11,7537,0
20130206,0.11,0.12,0.11,0.12,34366,0
20130207,0.12,0.12,0.12,0.12,2000,0
20130208,0.12,0.12,0.11,0.11,11350,0
20130211,0.11,0.11,0.11,0.11,500,0
20130212,0.11,0.11,0.11,0.11,5650,0
20130213,0.11,0.11,0.1,0.1,18837,0
20130214,0.1,0.11,0.09,0.11,6002,0
20130215,0.11,0.11,0.09,0.11,37700,0
20130218,0.11,0.11,0.11,0.11,450,0
20130219,0.11,0.11,0.1,0.1,9250,0
20130220,0.1,0.11,0.09,0.09,46316,0
20130221,0.09,0.11,0.09,0.11,75557,0
20130222,0.12,0.12,0.11,0.12,25908,0
20130225,0.12,0.13,0.12,0.12,65959,0
20130226,0.11,0.11,0.11,0.11,39999,0
20130227,0.11,0.11,0.11,0.11,4000,0
20130228,0.11,0.11,0.11,0.11,3248,0
20130301,0.11,0.11,0.11,0.11,400,0
20130304,0.11,0.11,0.11,0.11,200,0
20130305,0.11,0.11,0.11,0.11,2100,0
20130306,0.11,0.11,0.11,0.11,6522,0
20130307,0.11,0.11,0.11,0.11,1300,0
20130308,0.11,0.11,0.11,0.11,4689,0
20130311,0.11,0.11,0.1,0.1,27097,0
20130312,0.1,0.1,0.1,0.1,300,0
20130313,0.1,0.12,0.1,0.12,28407,0
20130314,0.11,0.11,0.11,0.11,4500,0
20130315,0.11,0.11,0.11,0.11,2400,0
20130318,0.11,0.11,0.11,0.11,6050,0
20130319,0.11,0.11,0.11,0.11,500,0
20130320,0.11,0.11,0.11,0.11,400,0
20130321,0.11,0.11,0.1,0.1,41651,0
20130322,0.1,0.1,0.1,0.1,17500,0
20130325,0.1,0.1,0.1,0.1,32524,0
20130326,0.1,0.1,0.1,0.1,1845,0
20130327,0.1,0.1,0.1,0.1,1000,0
20130328,0.1,0.1,0.1,0.1,10740,0
20130402,0.1,0.11,0.09,0.11,12170,0
20130403,0.11,0.11,0.1,0.1,21524,0
20130404,0.1,0.11,0.09,0.09,2200,0
20130405,0.09,0.1,0.09,0.1,6151,0
20130408,0.1,0.1,0.08,0.09,55368,0
20130409,0.09,0.09,0.09,0.09,1200,0
20130410,0.09,0.12,0.09,0.11,190742,0
20130411,0.11,0.11,0.09,0.1,37190,0
20130412,0.1,0.11,0.09,0.1,14808,0
20130415,0.1,0.1,0.1,0.1,250,0
20130417,0.1,0.1,0.1,0.1,5600,0
20130418,0.1,0.1,0.1,0.1,25037,0
20130419,0.1,0.11,0.1,0.1,11000,0
20130422,0.1,0.11,0.1,0.11,14564,0
20130423,0.11,0.11,0.1,0.1,11175,0
20130424,0.1,0.1,0.09,0.09,6875,0
20130425,0.09,0.09,0.09,0.09,10790,0
20130426,0.1,0.11,0.1,0.1,20800,0
20130429,0.11,0.11,0.1,0.1,4646,0
20130430,0.11,0.11,0.11,0.11,3911,0
20130502,0.11,0.11,0.1,0.1,15150,0
20130506,0.1,0.1,0.1,0.1,6834,0
20130508,0.1,0.1,0.09,0.09,46839,0
20130510,0.09,0.11,0.09,0.11,11930,0
20130513,0.11,0.11,0.09,0.09,12300,0
20130514,0.09,0.1,0.09,0.1,2401,0
20130515,0.1,0.1,0.1,0.1,500,0
20130516,0.1,0.1,0.1,0.1,300,0
20130517,0.1,0.1,0.1,0.1,250,0
20130520,0.1,0.1,0.1,0.1,500,0
20130521,0.1,0.1,0.09,0.1,2151,0
20130522,0.1,0.1,0.1,0.1,500,0
20130523,0.1,0.1,0.1,0.1,200,0
20130524,0.1,0.1,0.1,0.1,350,0
20130527,0.1,0.1,0.08,0.08,118011,0
20130528,0.08,0.09,0.08,0.09,22733,0
20130529,0.09,0.09,0.08,0.09,1091,0
20130531,0.09,0.09,0.08,0.09,11401,0
20130603,0.09,0.09,0.08,0.08,10600,0
20130604,0.08,0.09,0.08,0.09,5041,0
20130605,0.09,0.09,0.09,0.09,200,0
20130606,0.09,0.09,0.09,0.09,200,0
20130607,0.09,0.09,0.09,0.09,300,0
20130610,0.09,0.09,0.09,0.09,300,0
20130611,0.08,0.09,0.08,0.09,48382,0
20130612,0.09,0.09,0.09,0.09,1476,0
20130613,0.09,0.09,0.09,0.09,500,0
20130614,0.09,0.09,0.09,0.09,5300,0
20130617,0.09,0.09,0.09,0.09,400,0
20130618,0.09,0.09,0.08,0.09,12701,0
20130619,0.09,0.09,0.09,0.09,400,0
20130620,0.09,0.09,0.09,0.09,150,0
20130621,0.09,0.09,0.09,0.09,200,0
20130624,0.09,0.09,0.09,0.09,200,0
20130625,0.09,0.09,0.09,0.09,1911,0
20130626,0.09,0.09,0.09,0.09,200,0
20130627,0.09,0.09,0.09,0.09,200,0
20130628,0.09,0.09,0.08,0.09,1201,0
20130701,0.09,0.09,0.09,0.09,2,0
20130702,0.09,0.09,0.09,0.09,1,0
20130717,0.08,0.08,0.08,0.08,1,0
20130718,0.08,0.08,0.08,0.08,2,0
20130719,0.08,0.08,0.07,0.07,2,0
20130722,0.08,0.08,0.08,0.08,1,0
20130723,0.08,0.08,0.08,0.08,1,0
20130724,0.08,0.08,0.08,0.08,1,0
20130725,0.07,0.07,0.07,0.07,3,0
20130726,0.07,0.07,0.07,0.07,7,0
20130729,0.07,0.07,0.07,0.07,1,0
20130730,0.07,0.07,0.07,0.07,3,0
20130731,0.07,0.08,0.07,0.08,14,0
20130801,0.08,0.08,0.08,0.08,3,0
20130802,0.08,0.09,0.08,0.09,4,0
20130805,0.09,0.09,0.09,0.09,2,0
20130808,0.09,0.09,0.09,0.09,1,0
20130809,0.09,0.09,0.09,0.09,1,0
20130812,0.09,0.09,0.09,0.09,1,0
20130813,0.08,0.09,0.08,0.09,3,0
20130814,0.09,0.09,0.07,0.07,3,0
20130816,0.08,0.09,0.08,0.09,3,0
20130819,0.09,0.09,0.09,0.09,9,0
20130820,0.08,0.09,0.08,0.09,3,0
20130821,0.09,0.09,0.09,0.09,1,0
20130822,0.09,0.09,0.08,0.08,3,0
20130823,0.08,0.08,0.08,0.08,2,0
20130826,0.08,0.08,0.08,0.08,3,0
20130827,0.08,0.08,0.08,0.08,1,0
20130828,0.08,0.08,0.08,0.08,3,0
20130830,0.09,0.09,0.09,0.09,4,0
20130902,0.09,0.09,0.09,0.09,2,0
20130903,0.09,0.09,0.09,0.09,1,0
20130904,0.09,0.09,0.09,0.09,1,0
20130905,0.09,0.09,0.09,0.09,1,0
20130906,0.09,0.09,0.09,0.09,1,0
20130909,0.09,0.09,0.09,0.09,1,0
20130910,0.09,0.09,0.09,0.09,2,0
20130911,0.09,0.1,0.09,0.1,10,0
20130912,0.11,0.11,0.11,0.11,24,0
20130913,0.12,0.12,0.12,0.12,16,0
20130916,0.14,0.14,0.13,0.13,17,0
20130917,0.12,0.12,0.1,0.1,8,0
20130918,0.1,0.1,0.09,0.09,4,0
20130919,0.09,0.09,0.09,0.09,5,0
20130920,0.1,0.1,0.1,0.1,2,0
20130923,0.1,0.1,0.1,0.1,2,0
20130924,0.1,0.1,0.1,0.1,1,0
20130925,0.1,0.1,0.1,0.1,1,0
20130926,0.1,0.1,0.1,0.1,1,0
20130927,0.09,0.09,0.08,0.08,6,0
20131002,0.08,0.08,0.08,0.08,5,0
20131003,0.09,0.1,0.09,0.1,14,0
20131004,0.11,0.11,0.11,0.11,12,0
20131007,0.11,0.11,0.11,0.11,3,0
20131008,0.11,0.11,0.11,0.11,2,0
20131009,0.11,0.11,0.11,0.11,8,0
20131010,0.11,0.11,0.1,0.1,6,0
20131011,0.11,0.11,0.11,0.11,7,0
20131014,0.11,0.11,0.1,0.1,5,0
20131015,0.1,0.11,0.1,0.11,10,0
20131016,0.11,0.11,0.11,0.11,14,0
20131017,0.11,0.12,0.11,0.12,5,0
20131018,0.12,0.12,0.11,0.11,2,0
20131021,0.11,0.11,0.11,0.11,4,0
20131022,0.11,0.11,0.11,0.11,5,0
20131023,0.11,0.11,0.11,0.11,8,0
20131024,0.12,0.12,0.12,0.12,1,0
20131025,0.11,0.11,0.11,0.11,8,0
20131028,0.1,0.1,0.1,0.1,2,0
20131029,0.1,0.11,0.1,0.11,3,0
20131030,0.11,0.11,0.11,0.11,4,0
20131031,0.11,0.11,0.11,0.11,8,0
20131104,0.11,0.11,0.11,0.11,1,0
20131106,0.12,0.12,0.12,0.12,1,0
20131107,0.11,0.11,0.11,0.11,3,0
20131108,0.12,0.12,0.12,0.12,8,0
20131112,0.12,0.12,0.12,0.12,9,0
20131113,0.14,0.14,0.14,0.14,15,0
20131114,0.14,0.15,0.14,0.15,13,0
20131115,0.15,0.15,0.15,0.15,6,0
20131118,0.17,0.17,0.17,0.17,1,0
20131119,0.18,0.18,0.18,0.18,7,0
20131120,0.17,0.17,0.15,0.15,10,0
20131121,0.15,0.15,0.15,0.15,3,0
20131122,0.14,0.14,0.14,0.14,3,0
20131125,0.15,0.15,0.15,0.15,2,0
20131126,0.14,0.14,0.14,0.14,2,0
20131127,0.14,0.15,0.14,0.15,5,0
20131128,0.15,0.15,0.15,0.15,1,0
20131129,0.15,0.15,0.15,0.15,2,0
20131202,0.15,0.15,0.15,0.15,1,0
20131203,0.15,0.15,0.15,0.15,1,0
20131204,0.15,0.15,0.15,0.15,1,0
20131205,0.15,0.15,0.15,0.15,4,0
20131206,0.15,0.15,0.15,0.15,1,0
20131209,0.15,0.15,0.15,0.15,1,0
20131211,0.15,0.15,0.15,0.15,1,0
20131213,0.15,0.15,0.15,0.15,6,0
20131216,0.17,0.17,0.17,0.17,1,0
20131217,0.16,0.16,0.16,0.16,1,0
20131219,0.19,0.19,0.19,0.19,14,0
20131220,0.17,0.17,0.17,0.17,1,0
20140102,0.17,0.2,0.17,0.2,39485,0
20140103,0.2,0.24,0.19,0.24,50720,0
20140107,0.24,0.24,0.24,0.24,3742,0
20140108,0.24,0.24,0.23,0.23,1139,0
20140109,0.23,0.23,0.19,0.2,21850,0
20140110,0.2,0.21,0.2,0.2,8273,0
20140113,0.21,0.25,0.21,0.23,12600,0
20140114,0.23,0.25,0.2,0.22,32500,0
20140115,0.23,0.23,0.23,0.23,50,0
20140116,0.23,0.23,0.2,0.21,2050,0
20140117,0.21,0.21,0.21,0.21,100,0
20140120,0.21,0.21,0.19,0.21,10050,0
20140121,0.21,0.21,0.21,0.21,50,0
20140122,0.21,0.21,0.21,0.21,50,0
20140123,0.21,0.21,0.19,0.19,4405,0
20140124,0.18,0.21,0.18,0.21,3750,0
20140127,0.2,0.21,0.2,0.21,4500,0
20140128,0.21,0.21,0.2,0.21,5450,0
20140130,0.19,0.19,0.17,0.18,13800,0
20140131,0.18,0.18,0.14,0.15,13281,0
20140203,0.17,0.18,0.15,0.18,12550,0
20140204,0.18,0.18,0.18,0.18,80,0
20140205,0.18,0.18,0.18,0.18,60,0
20140206,0.18,0.18,0.18,0.18,60,0
20140207,0.18,0.18,0.15,0.18,4850,0
20140210,0.18,0.18,0.16,0.16,8200,0
20140211,0.16,0.16,0.15,0.16,16350,0
20140212,0.17,0.17,0.17,0.17,200,0
20140213,0.17,0.17,0.17,0.17,100,0
20140214,0.17,0.18,0.17,0.18,42832,0
20140217,0.18,0.21,0.18,0.2,25368,0
20140218,0.2,0.2,0.16,0.18,12200,0
20140219,0.18,0.19,0.18,0.19,18412,0
20140220,0.19,0.2,0.19,0.2,1650,0
20140221,0.2,0.2,0.2,0.2,200,0
20140224,0.2,0.2,0.17,0.2,13700,0
20140226,0.19,0.19,0.19,0.19,15826,0
20140227,0.2,0.2,0.2,0.2,1590,0
20140228,0.2,0.2,0.19,0.19,2323,0
20140303,0.18,0.19,0.17,0.19,10600,0
20140304,0.19,0.19,0.19,0.19,100,0
20140305,0.19,0.19,0.19,0.19,60,0
20140306,0.19,0.19,0.19,0.19,100,0
20140307,0.19,0.19,0.19,0.19,100,0
20140310,0.18,0.18,0.18,0.18,100,0
20140311,0.17,0.19,0.17,0.17,25874,0
20140312,0.18,0.19,0.18,0.19,926,0
20140313,0.19,0.19,0.19,0.19,100,0
20140314,0.19,0.19,0.16,0.18,10100,0
20140317,0.18,0.18,0.18,0.18,100,0
20140318,0.18,0.18,0.18,0.18,60,0
20140319,0.18,0.18,0.18,0.18,100,0
20140320,0.18,0.18,0.17,0.18,59483,0
20140321,0.16,0.18,0.15,0.18,9400,0
20140324,0.15,0.18,0.15,0.18,6100,0
20140325,0.18,0.18,0.18,0.18,150,0
20140326,0.18,0.18,0.18,0.18,1700,0
20140327,0.18,0.18,0.15,0.16,5231,0
20140328,0.17,0.17,0.14,0.14,12800,0
20140331,0.16,0.16,0.14,0.16,7970,0
20140401,0.16,0.16,0.16,0.16,100,0
20140402,0.16,0.16,0.13,0.15,16800,0
20140403,0.16,0.16,0.16,0.16,750,0
20140404,0.15,0.15,0.12,0.14,22400,0
20140407,0.14,0.15,0.14,0.15,19651,0
20140408,0.15,0.17,0.15,0.15,15471,0
20140409,0.16,0.17,0.13,0.16,89690,0
20140410,0.16,0.16,0.16,0.16,13469,0
20140411,0.16,0.17,0.16,0.16,43421,0
20140414,0.16,0.19,0.16,0.19,98002,0
20140415,0.19,0.19,0.16,0.18,42515,0
20140416,0.18,0.22,0.18,0.22,95189,0
20140417,0.23,0.25,0.19,0.22,60453,0
20140422,0.22,0.3,0.2,0.26,299967,0
20140423,0.28,0.36,0.26,0.3,558762,0
20140424,0.32,0.33,0.26,0.29,440337,0
20140425,0.29,0.29,0.24,0.25,240324,0
20140428,0.26,0.26,0.23,0.23,126925,0
20140429,0.24,0.27,0.22,0.24,106666,0
20140430,0.25,0.25,0.21,0.22,120822,0
20140502,0.22,0.3,0.22,0.28,231374,0
20140505,0.3,0.3,0.26,0.28,48285,0
20140506,0.25,0.29,0.24,0.26,68506,0
20140507,0.25,0.26,0.24,0.26,39295,0
20140508,0.25,0.26,0.24,0.26,42775,0
20140509,0.26,0.26,0.22,0.23,116217,0
20140512,0.24,0.24,0.23,0.23,350,0
20140513,0.23,0.23,0.21,0.23,43500,0
20140514,0.23,0.23,0.23,0.23,2512,0
20140515,0.23,0.24,0.23,0.24,10895,0
20140516,0.21,0.23,0.2,0.21,44998,0
20140519,0.24,0.24,0.2,0.2,17450,0
20140520,0.21,0.21,0.19,0.2,72157,0
20140521,0.2,0.2,0.19,0.2,2072,0
20140522,0.2,0.2,0.2,0.2,1680,0
20140523,0.2,0.2,0.18,0.18,18201,0
20140526,0.2,0.2,0.17,0.18,3398,0
20140527,0.18,0.18,0.18,0.18,151,0
20140528,0.18,0.21,0.17,0.2,7920,0
20140529,0.2,0.21,0.17,0.19,47395,0
20140530,0.19,0.19,0.18,0.19,855,0
20140602,0.18,0.18,0.16,0.17,16131,0
20140603,0.18,0.18,0.17,0.17,10254,0
20140604,0.18,0.18,0.16,0.18,24455,0
20140605,0.18,0.18,0.17,0.17,1318,0
20140606,0.18,0.18,0.15,0.18,31463,0
20140609,0.18,0.19,0.18,0.19,51549,0
20140610,0.19,0.21,0.19,0.2,70040,0
20140611,0.2,0.2,0.19,0.2,5994,0
20140612,0.2,0.23,0.2,0.2,67013,0
20140613,0.2,0.23,0.19,0.23,92270,0
20140616,0.22,0.22,0.19,0.19,17117,0
20140617,0.19,0.2,0.18,0.18,23551,0
20140618,0.18,0.21,0.18,0.21,91127,0
20140620,0.22,0.26,0.22,0.22,214707,0
20140623,0.24,0.25,0.21,0.21,10999,0
20140624,0.21,0.25,0.2,0.22,47867,0
20140625,0.23,0.25,0.22,0.25,50050,0
20140626,0.25,0.27,0.23,0.26,21500,0
20140627,0.27,0.27,0.22,0.23,12090,0
20140630,0.23,0.23,0.21,0.23,11149,0
20140701,0.22,0.23,0.21,0.21,9538,0
20140702,0.21,0.25,0.21,0.25,88076,0
20140703,0.24,0.25,0.21,0.22,92247,0
20140704,0.22,0.23,0.18,0.2,271694,0
20140707,0.21,0.21,0.18,0.2,110169,0
20140708,0.19,0.2,0.19,0.2,16934,0
20140709,0.2,0.21,0.2,0.21,4051,0
20140710,0.2,0.2,0.2,0.2,5788,0
20140711,0.21,0.22,0.21,0.21,58875,0
20140714,0.23,0.23,0.2,0.2,26001,0
20140715,0.2,0.2,0.19,0.2,18649,0
20140716,0.19,0.21,0.19,0.21,21649,0
20140717,0.19,0.2,0.19,0.19,35123,0
20140718,0.19,0.19,0.18,0.19,9791,0
20140721,0.19,0.2,0.19,0.19,5000,0
20140722,0.19,0.19,0.18,0.19,52686,0
20140723,0.19,0.19,0.18,0.19,14298,0
20140724,0.19,0.19,0.18,0.19,3250,0
20140725,0.19,0.19,0.19,0.19,4178,0
20140728,0.18,0.2,0.18,0.2,25136,0
20140729,0.2,0.2,0.19,0.19,17648,0
20140730,0.19,0.19,0.19,0.19,100,0
20140731,0.19,0.19,0.18,0.19,7084,0
20140801,0.19,0.19,0.18,0.19,21918,0
20140804,0.19,0.19,0.18,0.19,10551,0
20140805,0.19,0.19,0.18,0.18,10116,0
20140806,0.18,0.19,0.18,0.18,13200,0
20140807,0.18,0.18,0.18,0.18,7797,0
20140808,0.19,0.19,0.18,0.18,1949,0
20140811,0.18,0.19,0.18,0.18,17201,0
20140812,0.18,0.19,0.18,0.19,2049,0
20140813,0.18,0.18,0.18,0.18,3756,0
20140814,0.17,0.19,0.17,0.19,10051,0
20140818,0.16,0.18,0.16,0.18,3500,0
20140819,0.17,0.17,0.16,0.16,11350,0
20140820,0.17,0.17,0.16,0.17,7750,0
20140821,0.17,0.17,0.17,0.17,149,0
20140822,0.17,0.17,0.17,0.17,5460,0
20140825,0.17,0.18,0.17,0.18,45005,0
20140826,0.18,0.18,0.17,0.17,13692,0
20140827,0.18,0.18,0.16,0.16,1500,0
20140828,0.16,0.16,0.16,0.16,7100,0
20140829,0.17,0.17,0.17,0.17,402,0
20140901,0.17,0.17,0.17,0.17,49,0
20140902,0.17,0.17,0.16,0.17,6178,0
20140903,0.17,0.17,0.15,0.16,22634,0
20140904,0.16,0.16,0.16,0.16,6250,0
20140905,0.17,0.17,0.16,0.16,17428,0
20140908,0.17,0.17,0.16,0.16,800,0
20140909,0.17,0.17,0.15,0.16,16427,0
20140910,0.16,0.16,0.15,0.16,25239,0
20140911,0.15,0.16,0.15,0.16,5951,0
20140912,0.16,0.16,0.16,0.16,100,0
20140915,0.15,0.15,0.15,0.15,949,0
20140916,0.15,0.15,0.15,0.15,100,0
20140917,0.15,0.15,0.15,0.15,119,0
20140918,0.15,0.15,0.15,0.15,100,0
20140919,0.15,0.15,0.13,0.14,6151,0
20140922,0.15,0.15,0.15,0.15,149,0
20140923,0.15,0.15,0.15,0.15,198,0
20140924,0.15,0.15,0.15,0.15,188,0
20140925,0.15,0.15,0.15,0.15,149,0
20140926,0.15,0.15,0.15,0.15,100,0
20140929,0.15,0.15,0.13,0.15,15248,0
20140930,0.15,0.15,0.11,0.13,81982,0
20141001,0.13,0.13,0.12,0.12,9081,0
20141002,0.12,0.13,0.12,0.13,13449,0
20141003,0.13,0.13,0.13,0.13,149,0
20141006,0.13,0.13,0.12,0.12,3330,0
20141007,0.12,0.12,0.11,0.12,40264,0
20141008,0.12,0.12,0.12,0.12,149,0
20141009,0.12,0.12,0.11,0.12,2024,0
20141010,0.12,0.12,0.11,0.12,10587,0
20141013,0.12,0.12,0.12,0.12,200,0
20141014,0.12,0.12,0.12,0.12,11549,0
20141015,0.12,0.12,0.12,0.12,149,0
20141016,0.12,0.12,0.12,0.12,18968,0
20141017,0.12,0.12,0.11,0.12,3298,0
20141020,0.12,0.13,0.12,0.13,7080,0
20141021,0.13,0.13,0.12,0.13,3349,0
20141022,0.13,0.13,0.11,0.13,2408,0
20141023,0.13,0.13,0.13,0.13,310,0
20141024,0.13,0.13,0.11,0.11,18568,0
20141027,0.13,0.15,0.13,0.15,74641,0
20141028,0.16,0.19,0.15,0.17,179445,0
20141029,0.18,0.18,0.15,0.16,21066,0
20141030,0.16,0.16,0.15,0.15,8914,0
20141031,0.16,0.18,0.15,0.18,218224,0
20141103,0.18,0.18,0.17,0.18,12055,0
20141104,0.18,0.18,0.16,0.17,46550,0
20141105,0.17,0.17,0.15,0.17,20199,0
20141106,0.17,0.18,0.17,0.18,10399,0
20141107,0.18,0.18,0.18,0.18,149,0
20141110,0.18,0.18,0.18,0.18,198,0
20141112,0.18,0.21,0.18,0.2,358777,0
20141113,0.2,0.22,0.18,0.2,180475,0
20141114,0.18,0.2,0.18,0.2,26370,0
20141117,0.18,0.18,0.16,0.17,55509,0
20141118,0.17,0.17,0.15,0.15,33600,0
20141119,0.14,0.16,0.14,0.15,4718,0
20141120,0.15,0.16,0.15,0.16,53882,0
20141121,0.16,0.16,0.16,0.16,1100,0
20141124,0.15,0.15,0.14,0.14,7423,0
20141125,0.14,0.15,0.14,0.14,7149,0
20141126,0.14,0.16,0.14,0.16,1151,0
20141127,0.17,0.17,0.17,0.17,100,0
20141128,0.17,0.17,0.17,0.17,149,0
20141201,0.17,0.17,0.17,0.17,100,0
20141202,0.17,0.17,0.15,0.15,10850,0
20141203,0.16,0.16,0.14,0.14,150,0
20141204,0.14,0.15,0.14,0.15,14408,0
20141205,0.16,0.16,0.13,0.14,2207,0
20141208,0.16,0.16,0.16,0.16,849,0
20141209,0.16,0.16,0.16,0.16,149,0
20141210,0.16,0.16,0.16,0.16,149,0
20141211,0.16,0.16,0.16,0.16,149,0
20141212,0.16,0.16,0.14,0.16,1081,0
20141215,0.16,0.16,0.16,0.16,149,0
20141216,0.16,0.16,0.16,0.16,149,0
20141217,0.16,0.16,0.16,0.16,100,0
20141218,0.16,0.16,0.15,0.16,2798,0
20141219,0.16,0.16,0.16,0.16,148,0
20141222,0.16,0.16,0.16,0.16,9990,0
20141223,0.17,0.17,0.17,0.17,100,0
20141229,0.16,0.2,0.16,0.17,255219,0
20141230,0.19,0.19,0.17,0.19,493,0
