Date,Open,High,Low,Close,Volume,OpenInt
20071130,1.97,2.41,1.76,1.93,221398,0
20071203,1.93,2.05,1.56,1.89,29250,0
20071204,1.97,1.97,1.56,1.64,10994,0
20071205,1.65,1.72,1.46,1.48,45941,0
20071206,1.52,1.62,1.31,1.56,26636,0
20071207,1.6,1.85,1.6,1.75,102759,0
20071210,1.81,2,1.8,1.82,87253,0
20071211,1.86,1.89,1.73,1.73,26778,0
20071212,1.77,1.82,1.74,1.79,29423,0
20071213,1.79,1.79,1.65,1.7,6087,0
20071214,1.65,1.76,1.52,1.6,22739,0
20071217,1.7,1.7,1.56,1.68,24537,0
20071218,1.56,1.64,1.48,1.57,16240,0
20071219,1.57,1.64,1.56,1.57,44926,0
20071220,1.57,1.63,1.57,1.57,12819,0
20071221,1.6,1.62,1.49,1.56,37615,0
20071227,1.57,1.57,1.55,1.55,5528,0
20071228,1.56,1.56,1.49,1.51,16782,0
20080102,1.51,1.55,1.48,1.5,15692,0
20080103,1.48,1.51,1.39,1.46,24300,0
20080104,1.44,1.56,1.4,1.41,65293,0
20080107,1.33,1.48,1.33,1.43,12635,0
20080108,1.44,1.46,1.39,1.44,4665,0
20080109,1.41,1.43,1.31,1.31,28386,0
20080110,1.33,1.34,1.16,1.21,29413,0
20080111,1.21,1.3,1.21,1.3,19811,0
20080114,1.19,1.23,1.19,1.23,1231,0
20080115,1.23,1.27,1.11,1.27,5370,0
20080116,1.19,1.26,1.19,1.26,9266,0
20080117,1.21,1.31,1.12,1.23,12222,0
20080118,1.23,1.23,1.23,1.23,12,0
20080121,1.2,1.2,1.08,1.08,13481,0
20080122,1.07,1.14,0.98,1.06,21811,0
20080123,1.12,1.22,1.11,1.12,8172,0
20080124,1.19,1.19,1.08,1.16,8754,0
20080125,1.21,1.28,1.21,1.22,39570,0
20080129,1.22,1.22,1.12,1.22,1672,0
20080130,1.22,1.23,1.15,1.23,2967,0
20080131,1.11,1.19,1.08,1.16,3350,0
20080201,1.19,1.23,1.18,1.19,6949,0
20080204,1.23,1.23,1.21,1.21,54676,0
20080205,1.12,1.19,1.1,1.18,6506,0
20080206,1.08,1.12,1.03,1.08,19055,0
20080207,1.06,1.12,1.05,1.11,9323,0
20080208,1.07,1.15,1.06,1.14,2321,0
20080211,1.06,1.12,1.05,1.05,4291,0
20080212,1.07,1.11,1.05,1.09,6645,0
20080213,1.1,1.1,1.06,1.06,1280,0
20080214,1.06,1.08,1.06,1.07,7447,0
20080215,1.07,1.14,1.05,1.07,9341,0
20080218,1.13,1.13,1.07,1.09,14736,0
20080219,1.09,1.13,1.08,1.13,1310,0
20080220,1.07,1.12,1.07,1.12,926,0
20080221,1.12,1.13,1.08,1.12,5428,0
20080222,1.07,1.11,1.07,1.11,2259,0
20080225,1.08,1.11,1.08,1.11,2438,0
20080226,1.11,1.11,1.08,1.11,3222,0
20080228,1.08,1.09,1.08,1.09,1750,0
20080229,1.08,1.08,1.03,1.07,4729,0
20080304,0.99,0.99,0.99,0.99,4162,0
20080305,0.9,1.03,0.9,1.03,1597,0
20080306,1.03,1.09,1.03,1.09,4267,0
20080307,1.04,1.06,0.95,1.06,7377,0
20080310,1.03,1.04,1.03,1.04,3629,0
20080312,1.03,1.08,0.98,1.08,4694,0
20080314,1.02,1.07,0.99,1.07,6157,0
20080317,1,1,1,1,2630,0
20080318,0.96,0.96,0.94,0.94,2682,0
20080319,0.98,1.07,0.98,1.07,8004,0
20080320,1.03,1.03,1.03,1.03,207,0
20080325,1.01,1.05,1.01,1.05,219,0
20080327,1.05,1.05,1.05,1.05,69,0
20080328,1.03,1.05,1.03,1.05,3329,0
20080401,1.05,1.05,1.05,1.05,1219,0
20080402,1.05,1.07,1.02,1.04,1708,0
20080403,1.02,1.07,1.02,1.07,792,0
20080409,1.03,1.05,1.03,1.05,1180,0
20080410,1.02,1.02,1.02,1.02,2114,0
20080411,1.04,1.04,1.04,1.04,12,0
20080414,1.02,1.06,1.02,1.06,1841,0
20080415,1.03,1.11,1.03,1.11,15547,0
20080416,1.14,1.3,1.11,1.19,58174,0
20080417,1.19,1.22,1.11,1.21,6037,0
20080421,1.11,1.13,1.05,1.05,13585,0
20080422,1.06,1.07,1,1.07,2545,0
20080430,1.05,1.12,1.05,1.12,2801,0
20080505,1.12,1.14,1.1,1.14,2428,0
20080506,1.05,1.14,1.05,1.14,184,0
20080507,1.14,1.39,1.05,1.36,143479,0
20080508,1.32,1.34,1.18,1.26,35647,0
20080509,1.3,1.3,1.15,1.22,13919,0
20080512,1.22,1.22,1.21,1.21,944,0
20080513,1.11,1.16,1.07,1.16,8661,0
20080514,1.12,1.14,1.11,1.14,9884,0
20080515,1.11,1.11,1.03,1.05,7641,0
20080516,1.08,1.14,1.05,1.14,15370,0
20080519,1.12,1.14,1.04,1.13,1318,0
20080520,1.07,1.07,1.03,1.06,7543,0
20080521,1.03,1.03,0.96,0.96,24062,0
20080523,0.94,0.95,0.9,0.94,8900,0
20080526,0.97,0.98,0.97,0.98,108,0
20080527,0.95,1.03,0.95,1.02,5912,0
20080528,1.02,1.16,1.02,1.1,13424,0
20080529,1.03,1.03,1.03,1.03,2438,0
20080530,1.09,1.09,1.03,1.07,3290,0
20080602,1.07,1.08,0.98,1.06,9330,0
20080604,1.03,1.07,1.03,1.07,67365,0
20080605,1.05,1.06,0.94,0.98,244058,0
20080606,1.04,1.07,1.04,1.07,2901,0
20080610,1.03,1.03,0.94,0.94,2876,0
20080611,0.94,1.05,0.86,1.01,6728,0
20080612,0.97,1,0.97,0.98,8716,0
20080613,0.97,0.98,0.97,0.98,22961,0
20080616,0.95,0.98,0.92,0.98,4858,0
20080617,0.88,0.94,0.88,0.94,2,0
20080618,0.87,0.94,0.87,0.94,2,0
20080619,0.94,0.94,0.82,0.94,9727,0
20080620,0.94,0.94,0.94,0.94,1,0
20080623,0.94,0.94,0.86,0.86,3659,0
20080624,0.83,0.86,0.82,0.86,3781,0
20080627,0.75,0.98,0.75,0.98,6097,0
20080630,0.97,0.98,0.8,0.86,20764,0
20080701,0.89,0.9,0.82,0.84,8348,0
20080702,0.75,0.87,0.75,0.87,36,0
20080703,0.83,0.83,0.83,0.83,2211,0
20080704,0.75,0.75,0.75,0.75,1568,0
20080707,0.75,0.82,0.71,0.82,3962,0
20080708,0.81,0.81,0.7,0.81,2469,0
20080709,0.81,0.81,0.66,0.74,4513,0
20080710,0.72,0.72,0.7,0.72,68,0
20080711,0.72,0.74,0.66,0.74,3254,0
20080714,0.74,0.74,0.74,0.74,1826,0
20080715,0.8,0.8,0.71,0.71,5011,0
20080716,0.77,0.77,0.77,0.77,12,0
20080717,0.77,0.77,0.77,0.77,1,0
20080718,0.77,0.8,0.76,0.8,2441,0
20080722,0.71,0.8,0.71,0.8,1633,0
20080723,0.72,0.8,0.71,0.78,4672,0
20080724,0.8,0.84,0.7,0.84,17281,0
20080725,0.72,0.82,0.71,0.8,16210,0
20080728,0.8,0.8,0.78,0.79,1220,0
20080729,0.78,0.88,0.7,0.88,49097,0
20080730,0.88,0.94,0.79,0.85,18311,0
20080731,0.85,0.85,0.78,0.78,12431,0
20080801,0.78,0.81,0.78,0.78,1471,0
20080804,0.81,0.92,0.81,0.92,11095,0
20080805,0.89,0.9,0.89,0.9,1243,0
20080806,0.86,0.89,0.86,0.89,1201,0
20080807,0.92,1.12,0.92,1.05,67662,0
20080808,0.95,1.08,0.94,0.96,11810,0
20080811,0.96,0.96,0.9,0.95,15798,0
20080812,0.83,0.94,0.83,0.94,1353,0
20080813,0.94,0.94,0.87,0.94,1281,0
20080814,0.86,0.86,0.83,0.84,75303,0
20080818,0.9,0.9,0.84,0.89,3390,0
20080819,0.89,0.89,0.89,0.89,1,0
20080820,0.89,0.94,0.89,0.94,5339,0
20080821,0.9,0.9,0.86,0.86,4999,0
20080822,0.86,0.94,0.86,0.94,3779,0
20080825,0.94,0.94,0.89,0.94,576,0
20080826,0.89,0.94,0.88,0.94,6408,0
20080827,0.87,0.91,0.83,0.91,16745,0
20080828,0.84,0.86,0.8,0.86,16850,0
20080829,0.82,0.86,0.82,0.84,13717,0
20080901,0.81,0.82,0.8,0.8,14905,0
20080902,0.81,0.89,0.81,0.89,18405,0
20080903,0.82,0.87,0.8,0.87,3596,0
20080904,0.81,0.82,0.74,0.76,58832,0
20080905,0.75,0.8,0.72,0.78,13691,0
20080908,0.75,0.79,0.74,0.78,17065,0
20080909,0.74,0.75,0.74,0.74,4098,0
20080910,0.75,0.75,0.75,0.75,5000,0
20080911,0.75,0.79,0.75,0.79,2225,0
20080915,0.76,0.76,0.74,0.74,2438,0
20080916,0.76,0.76,0.74,0.74,2248,0
20080917,0.71,0.71,0.71,0.71,1547,0
20080918,0.7,0.7,0.7,0.7,6215,0
20080919,0.71,0.71,0.71,0.71,2438,0
20080922,0.72,0.72,0.72,0.72,243,0
20080923,0.7,0.74,0.68,0.74,634,0
20080924,0.7,0.7,0.7,0.7,515,0
20080929,0.73,0.73,0.73,0.73,1,0
20080930,0.73,0.73,0.73,0.73,1,0
20081001,0.66,0.66,0.62,0.66,8029,0
20081002,0.73,0.73,0.73,0.73,1,0
20081006,0.63,0.63,0.63,0.63,768,0
20081007,0.62,0.62,0.56,0.57,11946,0
20081008,0.51,0.51,0.5,0.5,7315,0
20081009,0.57,0.57,0.57,0.57,2438,0
20081010,0.57,0.57,0.51,0.57,4682,0
20081013,0.51,0.57,0.51,0.57,652,0
20081015,0.52,0.52,0.48,0.52,19050,0
20081016,0.52,0.52,0.52,0.52,1,0
20081017,0.49,0.49,0.49,0.49,303,0
20081020,0.52,0.53,0.52,0.53,1219,0
20081022,0.5,0.5,0.49,0.5,3761,0
20081023,0.52,0.52,0.52,0.52,182,0
20081029,0.52,0.52,0.51,0.52,5740,0
20081030,0.52,0.53,0.52,0.53,1828,0
20081031,0.53,0.57,0.53,0.57,1219,0
20081103,0.57,0.57,0.57,0.57,1,0
20081104,0.51,0.51,0.51,0.51,1219,0
20081105,0.56,0.56,0.56,0.56,816,0
20081107,0.57,0.57,0.57,0.57,1,0
20081110,0.57,0.57,0.51,0.51,2,0
20081112,0.57,0.72,0.57,0.66,65004,0
20081113,0.66,0.66,0.66,0.66,1222,0
20081114,0.65,0.65,0.65,0.65,1,0
20081117,0.57,0.57,0.57,0.57,5246,0
20081119,0.51,0.69,0.49,0.66,53384,0
20081120,0.66,0.73,0.66,0.73,3807,0
20081121,0.66,0.66,0.66,0.66,3295,0
20081124,0.66,0.75,0.66,0.75,4572,0
20081125,0.71,0.71,0.71,0.71,121,0
20081126,0.71,0.74,0.66,0.66,7102,0
20081127,0.7,0.7,0.66,0.66,1280,0
20081128,0.66,0.66,0.66,0.66,2032,0
20081201,0.67,0.75,0.67,0.74,26763,0
20081202,0.71,0.75,0.71,0.75,12266,0
20081203,0.74,0.74,0.74,0.74,1,0
20081204,0.7,0.7,0.7,0.7,1348,0
20081205,0.71,0.71,0.71,0.71,592,0
20081209,0.68,0.68,0.66,0.66,6737,0
20081210,0.69,0.75,0.69,0.75,30482,0
20081212,0.69,0.69,0.69,0.69,9431,0
20081215,0.68,0.68,0.66,0.66,6671,0
20081216,0.66,0.66,0.59,0.59,11583,0
20081217,0.62,0.66,0.61,0.62,41455,0
20081218,0.65,0.65,0.65,0.65,1,0
20081219,0.6,0.61,0.6,0.6,10362,0
20081222,0.66,0.66,0.66,0.66,4267,0
20081223,0.63,0.63,0.59,0.59,30948,0
20081229,0.67,0.67,0.67,0.67,111,0
20081230,0.65,0.73,0.65,0.73,3364,0
20081231,0.72,0.72,0.72,0.72,2235,0
20090105,0.72,0.72,0.58,0.68,7923,0
20090106,0.69,0.72,0.63,0.65,34207,0
20090107,0.63,0.65,0.63,0.65,21905,0
20090108,0.64,0.64,0.64,0.64,1140,0
20090109,0.63,0.63,0.63,0.63,894,0
20090112,0.63,0.63,0.58,0.58,17324,0
20090113,0.59,0.59,0.59,0.59,3149,0
20090114,0.62,0.62,0.62,0.62,11,0
20090126,0.61,0.61,0.61,0.61,782,0
20090129,0.61,0.62,0.61,0.62,223,0
20090202,0.61,0.61,0.56,0.61,1575,0
20090203,0.58,0.58,0.54,0.54,14004,0
20090204,0.54,0.54,0.54,0.54,111,0
20090205,0.57,0.57,0.57,0.57,570,0
20090206,0.57,0.57,0.57,0.57,11,0
20090209,0.54,0.54,0.54,0.54,5521,0
20090210,0.54,0.54,0.54,0.54,3364,0
20090211,0.54,0.54,0.54,0.54,386,0
20090212,0.54,0.54,0.54,0.54,2246,0
20090213,0.54,0.54,0.53,0.53,6717,0
20090216,0.5,0.5,0.5,0.5,901,0
20090217,0.54,0.54,0.54,0.54,55,0
20090218,0.53,0.53,0.53,0.53,22,0
20090219,0.53,0.53,0.53,0.53,22,0
20090220,0.53,0.53,0.52,0.53,7108,0
20090223,0.53,0.53,0.53,0.53,22,0
20090224,0.53,0.53,0.53,0.53,33,0
20090225,0.53,0.54,0.53,0.54,1423,0
20090226,0.53,0.53,0.53,0.53,129,0
20090227,0.53,0.53,0.53,0.53,22,0
20090302,0.53,0.53,0.53,0.53,67,0
20090303,0.53,0.53,0.45,0.45,4806,0
20090304,0.45,0.45,0.45,0.45,1833,0
20090305,0.46,0.47,0.46,0.47,44,0
20090306,0.47,0.47,0.47,0.47,44,0
20090309,0.47,0.47,0.47,0.47,1843,0
20090310,0.47,0.47,0.47,0.47,55,0
20090311,0.47,0.47,0.47,0.47,55,0
20090312,0.47,0.47,0.47,0.47,55,0
20090313,0.47,0.47,0.47,0.47,33,0
20090316,0.47,0.47,0.47,0.47,44,0
20090317,0.47,0.47,0.47,0.47,4746,0
20090319,0.46,0.46,0.45,0.45,1289,0
20090320,0.47,0.47,0.46,0.47,1178,0
20090323,0.47,0.51,0.47,0.51,12015,0
20090324,0.51,0.51,0.45,0.45,16604,0
20090325,0.45,0.47,0.44,0.45,29411,0
20090326,0.45,0.45,0.45,0.45,19085,0
20090327,0.45,0.45,0.44,0.45,33551,0
20090330,0.46,0.46,0.44,0.44,614,0
20090331,0.45,0.45,0.45,0.45,5649,0
20090401,0.45,0.45,0.44,0.45,7424,0
20090402,0.45,0.45,0.43,0.43,10129,0
20090403,0.45,0.45,0.43,0.45,14174,0
20090406,0.45,0.47,0.45,0.47,24197,0
20090407,0.46,0.47,0.45,0.47,10847,0
20090408,0.47,0.63,0.47,0.62,214735,0
20090409,0.63,0.71,0.6,0.63,84138,0
20090414,0.66,0.66,0.56,0.56,134001,0
20090415,0.58,0.61,0.57,0.61,37889,0
20090416,0.59,0.67,0.58,0.64,118760,0
20090417,0.66,0.66,0.61,0.63,37339,0
20090420,0.62,0.64,0.59,0.62,34723,0
20090421,0.63,0.64,0.63,0.64,40086,0
20090422,0.64,0.69,0.64,0.67,48159,0
20090423,0.67,0.7,0.63,0.66,36620,0
20090424,0.66,0.66,0.63,0.65,6929,0
20090427,0.63,0.63,0.61,0.61,6147,0
20090428,0.63,0.63,0.57,0.57,20173,0
20090429,0.58,0.65,0.58,0.65,32086,0
20090430,0.65,0.65,0.62,0.64,2458,0
20090504,0.64,0.64,0.59,0.64,1527,0
20090505,0.61,0.63,0.61,0.63,6452,0
20090506,0.63,0.63,0.63,0.63,111,0
20090507,0.63,0.63,0.61,0.61,7264,0
20090508,0.61,0.61,0.55,0.6,6971,0
20090511,0.57,0.62,0.57,0.62,782,0
20090512,0.62,0.63,0.59,0.63,8159,0
20090513,0.63,0.63,0.57,0.57,614,0
20090514,0.57,0.62,0.57,0.62,424,0
20090515,0.62,0.62,0.62,0.62,22,0
20090518,0.64,0.64,0.64,0.64,1,0
20090519,0.63,0.63,0.63,0.63,11,0
20090520,0.63,0.63,0.59,0.63,7615,0
20090521,0.63,0.63,0.6,0.62,1520,0
20090522,0.62,0.62,0.59,0.62,1436,0
20090525,0.63,0.63,0.62,0.62,3375,0
20090526,0.6,0.6,0.58,0.58,3353,0
20090527,0.59,0.63,0.59,0.62,15585,0
20090528,0.62,0.81,0.62,0.71,800953,0
20090529,0.72,0.78,0.68,0.72,157324,0
20090601,0.72,0.77,0.72,0.77,166863,0
20090602,0.78,0.78,0.73,0.74,74044,0
20090603,0.76,0.76,0.72,0.73,29630,0
20090604,0.73,0.75,0.72,0.75,25657,0
20090605,0.74,0.75,0.72,0.75,45066,0
20090608,0.72,0.78,0.72,0.76,119283,0
20090609,0.76,0.76,0.74,0.76,11289,0
20090610,0.8,0.8,0.76,0.78,83202,0
20090612,0.78,0.8,0.78,0.8,19282,0
20090615,0.79,0.81,0.77,0.8,51168,0
20090616,0.78,0.81,0.78,0.81,72714,0
20090617,0.83,0.83,0.78,0.78,43303,0
20090618,0.78,0.78,0.78,0.78,1054,0
20090619,0.78,0.8,0.78,0.78,3123,0
20090622,0.79,0.8,0.77,0.8,23309,0
20090623,0.79,0.79,0.72,0.79,23794,0
20090624,0.79,0.79,0.73,0.77,13505,0
20090625,0.77,0.77,0.76,0.76,1128,0
20090626,0.77,0.77,0.77,0.77,1112,0
20090629,0.77,0.79,0.75,0.79,10781,0
20090630,0.8,0.8,0.8,0.8,20,0
20090701,0.8,0.8,0.77,0.79,944,0
20090702,0.75,0.78,0.75,0.78,4011,0
20090703,0.78,0.79,0.78,0.79,4113,0
20090706,0.79,0.79,0.79,0.79,51,0
20090707,0.79,0.79,0.76,0.77,15200,0
20090708,0.78,0.78,0.78,0.78,78,0
20090709,0.78,0.78,0.74,0.78,63929,0
20090710,0.78,0.78,0.78,0.78,5,0
20090713,0.78,0.78,0.73,0.78,11680,0
20090714,0.78,0.78,0.68,0.68,62541,0
20090715,0.68,0.7,0.65,0.68,32123,0
20090716,0.68,0.72,0.64,0.67,39423,0
20090717,0.67,0.69,0.64,0.69,70042,0
20090720,0.69,0.78,0.68,0.77,95454,0
20090721,0.77,0.77,0.68,0.76,53364,0
20090722,0.75,0.75,0.75,0.75,1425,0
20090723,0.7,1.06,0.7,0.9,458342,0
20090724,0.84,0.88,0.83,0.88,33186,0
20090727,0.88,0.88,0.8,0.88,10956,0
20090728,0.88,1.16,0.83,1.12,361665,0
20090729,1.12,1.12,0.88,0.88,383280,0
20090730,0.88,0.94,0.88,0.93,515148,0
20090731,0.89,0.92,0.88,0.92,40101,0
20090803,0.88,0.95,0.88,0.91,74403,0
20090804,0.88,0.88,0.82,0.82,77326,0
20090805,0.88,0.92,0.84,0.9,192264,0
20090806,0.88,0.89,0.81,0.83,99805,0
20090807,0.84,0.87,0.83,0.86,34391,0
20090810,0.86,0.89,0.86,0.89,35161,0
20090811,0.88,0.91,0.83,0.91,26653,0
20090812,0.9,0.9,0.89,0.89,2125,0
20090813,0.88,0.88,0.82,0.84,33142,0
20090814,0.84,0.88,0.84,0.88,8390,0
20090817,0.88,0.88,0.88,0.88,174,0
20090818,0.88,0.88,0.83,0.87,2441,0
20090819,0.87,0.87,0.82,0.85,26732,0
20090820,0.85,0.85,0.77,0.78,330874,0
20090821,0.78,0.83,0.77,0.82,55060,0
20090824,0.83,0.83,0.78,0.83,18802,0
20090825,0.83,0.84,0.81,0.84,5912,0
20090826,0.83,0.83,0.78,0.79,32071,0
20090827,0.81,0.81,0.78,0.81,23322,0
20090828,0.81,0.83,0.77,0.83,19551,0
20090831,0.83,0.83,0.78,0.82,6291,0
20090901,0.79,0.79,0.73,0.78,240535,0
20090902,0.77,0.77,0.71,0.71,5733,0
20090903,0.71,0.71,0.67,0.7,109230,0
20090904,0.7,0.71,0.68,0.71,8859,0
20090907,0.7,0.7,0.66,0.7,68096,0
20090908,0.7,0.7,0.66,0.68,50154,0
20090909,0.68,0.68,0.63,0.67,48834,0
20090910,0.66,0.68,0.66,0.68,27623,0
20090911,0.68,0.68,0.67,0.68,11846,0
20090914,0.7,0.7,0.69,0.7,13213,0
20090915,0.7,0.7,0.66,0.7,18307,0
20090916,0.7,0.7,0.68,0.7,3085,0
20090917,0.7,0.7,0.68,0.7,3697,0
20090918,0.7,0.7,0.67,0.7,8450,0
20090921,0.7,0.7,0.7,0.7,51,0
20090922,0.69,0.69,0.67,0.68,4068,0
20090923,0.68,0.68,0.67,0.68,1282,0
20090924,0.68,0.68,0.67,0.67,8769,0
20090925,0.67,0.69,0.66,0.68,16893,0
20090928,0.69,0.73,0.69,0.73,18446,0
20090929,0.74,0.81,0.72,0.77,60428,0
20090930,0.76,0.88,0.76,0.79,262166,0
20091001,0.82,0.83,0.76,0.83,30413,0
20091002,0.83,0.83,0.76,0.79,17101,0
20091005,0.79,0.84,0.79,0.84,53127,0
20091006,0.84,0.84,0.82,0.83,6825,0
20091007,0.83,0.88,0.83,0.87,332817,0
20091008,0.86,0.89,0.8,0.89,83145,0
20091009,0.88,0.97,0.88,0.97,200713,0
20091012,0.92,0.98,0.9,0.95,120570,0
20091013,0.95,0.99,0.91,0.97,117354,0
20091014,0.97,0.97,0.93,0.96,39054,0
20091015,0.95,0.95,0.93,0.93,13760,0
20091016,0.93,0.95,0.92,0.94,8155,0
20091019,0.94,0.94,0.89,0.89,25951,0
20091020,0.88,0.88,0.87,0.87,2180,0
20091021,0.87,0.87,0.85,0.85,3179,0
20091022,0.85,0.85,0.79,0.79,6796,0
20091023,0.79,0.8,0.76,0.8,42616,0
20091026,0.8,1.07,0.8,0.92,245901,0
20091027,0.91,0.97,0.86,0.92,130768,0
20091028,0.92,0.92,0.85,0.88,33378,0
20091029,0.87,0.87,0.86,0.86,9846,0
20091030,0.86,0.91,0.82,0.91,27522,0
20091102,0.91,0.91,0.88,0.91,6347,0
20091103,0.9,0.9,0.86,0.9,17507,0
20091104,0.9,0.9,0.86,0.9,14099,0
20091105,0.89,0.9,0.89,0.9,16647,0
20091106,0.9,0.9,0.87,0.89,4717,0
20091109,0.89,0.9,0.86,0.89,21033,0
20091110,0.89,0.89,0.89,0.89,102,0
20091112,0.89,0.89,0.86,0.88,16786,0
20091113,0.88,0.88,0.84,0.85,14203,0
20091116,0.83,0.85,0.81,0.81,19337,0
20091117,0.81,0.83,0.75,0.82,84801,0
20091118,0.8,0.8,0.79,0.8,5642,0
20091119,0.79,0.81,0.78,0.8,13687,0
20091120,0.8,0.8,0.78,0.79,3897,0
20091123,0.79,0.82,0.79,0.82,3669,0
20091124,0.81,0.81,0.79,0.81,4255,0
20091125,0.81,0.81,0.69,0.73,88461,0
20091126,0.73,0.78,0.73,0.77,21269,0
20091127,0.74,0.75,0.71,0.75,12112,0
20091130,0.73,0.81,0.71,0.77,76967,0
20091201,0.79,0.8,0.79,0.8,1950,0
20091202,0.79,0.86,0.73,0.84,56740,0
20091203,0.79,0.86,0.78,0.86,38988,0
20091204,0.84,0.86,0.8,0.84,9665,0
20091207,0.79,0.84,0.79,0.84,982,0
20091209,0.78,0.79,0.75,0.77,31907,0
20091210,0.75,0.78,0.74,0.78,11321,0
20091211,0.75,0.78,0.74,0.78,11000,0
20091214,0.75,0.75,0.71,0.73,30819,0
20091215,0.74,0.78,0.73,0.78,11692,0
20091216,0.77,0.77,0.71,0.76,20367,0
20091217,0.74,0.74,0.65,0.71,71657,0
20091218,0.7,0.71,0.68,0.71,45992,0
20091221,0.68,0.71,0.68,0.71,5953,0
20091222,0.69,0.71,0.68,0.71,25436,0
20091223,0.68,0.71,0.68,0.7,45583,0
20091228,0.69,0.69,0.67,0.69,109788,0
20091229,0.7,0.7,0.68,0.68,7203,0
20091230,0.7,0.7,0.7,0.7,6153,0
20091231,0.68,0.7,0.68,0.7,2256,0
20100104,0.69,0.7,0.69,0.69,6502,0
20100105,0.7,0.71,0.68,0.71,32288,0
20100106,0.71,0.72,0.71,0.72,33218,0
20100107,0.72,0.76,0.72,0.76,60582,0
20100108,0.76,0.76,0.69,0.72,146203,0
20100111,0.7,0.71,0.68,0.71,31487,0
20100112,0.71,0.72,0.71,0.71,157436,0
20100113,0.71,0.74,0.69,0.74,203979,0
20100114,0.75,0.75,0.69,0.75,490547,0
20100115,0.75,0.82,0.72,0.79,540760,0
20100118,0.8,0.85,0.74,0.81,311020,0
20100119,0.84,0.9,0.81,0.85,534405,0
20100120,0.86,0.86,0.79,0.82,118980,0
20100121,0.82,0.82,0.77,0.79,82218,0
20100122,0.77,0.79,0.76,0.79,155703,0
20100125,0.8,0.81,0.77,0.78,35589,0
20100126,0.76,0.76,0.73,0.75,43322,0
20100127,0.73,0.76,0.73,0.75,132307,0
20100128,0.75,0.78,0.75,0.76,37100,0
20100129,0.74,0.77,0.73,0.73,44215,0
20100201,0.73,0.73,0.73,0.73,3179,0
20100202,0.74,0.77,0.74,0.76,68728,0
20100203,0.76,0.77,0.74,0.77,83713,0
20100204,0.77,0.82,0.75,0.78,208134,0
20100205,0.76,0.78,0.73,0.78,93683,0
20100208,0.78,0.78,0.74,0.77,24102,0
20100209,0.76,0.8,0.75,0.78,39969,0
20100210,0.75,0.79,0.75,0.79,24030,0
20100211,0.76,0.78,0.75,0.78,5162,0
20100212,0.77,0.78,0.75,0.78,19054,0
20100215,0.78,0.78,0.75,0.78,6683,0
20100216,0.77,0.79,0.77,0.78,50460,0
20100217,0.75,0.79,0.75,0.79,7189,0
20100218,0.75,0.79,0.75,0.79,20626,0
20100219,0.75,0.78,0.75,0.78,2757,0
20100222,0.76,0.76,0.73,0.76,33884,0
20100223,0.73,0.76,0.73,0.76,15747,0
20100224,0.75,0.75,0.71,0.74,62109,0
20100225,0.74,0.74,0.71,0.74,6092,0
20100226,0.71,0.73,0.7,0.73,40342,0
20100301,0.74,0.74,0.71,0.71,3179,0
20100302,0.71,0.71,0.69,0.7,105379,0
20100303,0.72,0.72,0.72,0.72,2461,0
20100304,0.7,0.73,0.69,0.73,11283,0
20100305,0.72,0.72,0.7,0.7,18388,0
20100308,0.7,0.72,0.7,0.72,38467,0
20100309,0.7,0.72,0.7,0.71,19887,0
20100310,0.7,0.72,0.69,0.72,42964,0
20100311,0.71,0.73,0.69,0.73,66564,0
20100312,0.71,0.72,0.7,0.72,12164,0
20100315,0.71,0.76,0.68,0.74,191502,0
20100316,0.74,0.8,0.74,0.8,182046,0
20100317,0.8,0.81,0.78,0.78,77273,0
20100318,0.78,0.78,0.76,0.78,51605,0
20100319,0.76,0.78,0.75,0.78,38362,0
20100322,0.78,0.78,0.75,0.77,26162,0
20100323,0.78,0.78,0.75,0.77,8583,0
20100324,0.77,0.77,0.75,0.75,4102,0
20100325,0.75,0.75,0.75,0.75,4085,0
20100326,0.74,0.75,0.72,0.75,8195,0
20100329,0.72,0.75,0.7,0.75,35325,0
20100330,0.75,0.75,0.75,0.75,5128,0
20100331,0.72,0.74,0.71,0.74,12308,0
20100401,0.73,0.76,0.72,0.75,46502,0
20100406,0.73,0.73,0.71,0.73,34052,0
20100407,0.73,0.73,0.73,0.73,410,0
20100408,0.71,0.72,0.71,0.72,38155,0
20100409,0.73,0.74,0.73,0.74,8308,0
20100412,0.73,0.73,0.73,0.73,6256,0
20100413,0.75,0.78,0.74,0.78,43743,0
20100414,0.77,0.8,0.77,0.8,29601,0
20100415,0.78,0.8,0.75,0.77,11163,0
20100416,0.79,0.79,0.76,0.77,7282,0
20100419,0.78,0.78,0.78,0.78,4533,0
20100420,0.77,0.79,0.77,0.79,34287,0
20100421,0.78,0.8,0.77,0.8,11057,0
20100422,0.8,0.8,0.76,0.79,32819,0
20100423,0.76,0.79,0.76,0.79,5641,0
20100426,0.77,0.8,0.77,0.77,29261,0
20100427,0.77,0.77,0.76,0.76,10102,0
20100428,0.79,0.79,0.73,0.77,26649,0
20100429,0.76,0.77,0.75,0.77,6322,0
20100430,0.76,0.77,0.76,0.77,4565,0
20100504,0.76,0.78,0.73,0.76,68036,0
20100505,0.76,0.76,0.71,0.72,17510,0
20100506,0.72,0.72,0.72,0.72,102,0
20100507,0.72,0.75,0.7,0.75,10128,0
20100510,0.72,0.72,0.72,0.72,8463,0
20100511,0.72,0.75,0.71,0.75,3590,0
20100513,0.72,0.72,0.71,0.71,4938,0
20100517,0.73,0.76,0.72,0.72,57392,0
20100518,0.73,0.74,0.72,0.74,10000,0
20100519,0.72,0.76,0.71,0.76,2266,0
20100520,0.72,0.74,0.69,0.74,14983,0
20100521,0.73,0.74,0.69,0.72,25857,0
20100524,0.72,0.72,0.72,0.72,51,0
20100526,0.72,0.76,0.72,0.76,95384,0
20100527,0.76,0.77,0.76,0.77,7760,0
20100528,0.73,0.76,0.72,0.76,3620,0
20100602,0.72,0.72,0.72,0.72,2564,0
20100604,0.72,0.72,0.72,0.72,429,0
20100609,0.72,0.75,0.72,0.75,125352,0
20100611,0.72,0.76,0.72,0.76,42432,0
20100614,0.74,0.76,0.74,0.76,7120,0
20100615,0.74,0.75,0.73,0.75,3491,0
20100616,0.75,0.76,0.73,0.73,7692,0
20100617,0.74,0.74,0.73,0.73,12512,0
20100618,0.73,0.73,0.73,0.73,4615,0
20100621,0.73,0.77,0.73,0.76,33513,0
20100622,0.76,0.78,0.76,0.78,12457,0
20100623,0.78,0.78,0.76,0.78,12493,0
20100624,0.74,0.78,0.74,0.78,7705,0
20100702,0.78,0.78,0.78,0.78,200,0
20100706,0.77,0.77,0.77,0.77,600,0
20100707,0.78,0.78,0.77,0.77,3000,0
20100708,0.74,0.76,0.74,0.75,22000,0
20100709,0.77,0.77,0.77,0.77,4980,0
20100712,0.75,0.75,0.74,0.74,26333,0
20100713,0.76,0.76,0.76,0.76,1111,0
20100719,0.74,0.76,0.72,0.76,12077,0
20100721,0.76,0.77,0.76,0.77,12781,0
20100722,0.78,0.79,0.78,0.79,69018,0
20100723,0.78,0.78,0.77,0.78,3353,0
20100726,0.76,0.78,0.76,0.78,10307,0
20100727,0.76,0.78,0.74,0.78,20135,0
20100728,0.77,0.79,0.77,0.79,10002,0
20100729,0.79,0.84,0.79,0.83,40391,0
20100730,0.79,0.83,0.79,0.83,8110,0
20100803,0.82,0.82,0.82,0.82,1000,0
20100805,0.81,0.88,0.81,0.88,114699,0
20100806,0.87,0.89,0.87,0.88,30900,0
20100809,0.88,0.88,0.87,0.88,1500,0
20100810,0.84,0.87,0.82,0.87,16993,0
20100811,0.84,0.87,0.84,0.87,7038,0
20100816,0.86,0.86,0.86,0.86,1200,0
20100819,0.8,0.85,0.79,0.85,7385,0
20100823,0.79,0.84,0.78,0.84,3105,0
20100824,0.8,0.84,0.8,0.84,2002,0
20100825,0.8,0.83,0.78,0.83,32282,0
20100826,0.79,0.8,0.79,0.79,8542,0
20100827,0.81,0.83,0.81,0.83,719,0
20100901,0.78,0.81,0.77,0.81,8015,0
20100902,0.79,0.8,0.79,0.8,4500,0
20100903,0.79,0.82,0.79,0.82,6267,0
20100907,0.79,0.83,0.79,0.83,3369,0
20100908,0.79,0.83,0.79,0.83,1500,0
20100909,0.83,0.85,0.83,0.85,19238,0
20100910,0.85,0.85,0.84,0.85,2521,0
20100913,0.85,0.88,0.85,0.88,34268,0
20100915,0.83,0.88,0.82,0.88,2022,0
20100916,0.87,0.87,0.87,0.87,1000,0
20100917,0.84,0.88,0.84,0.88,1461,0
20100920,0.87,0.87,0.83,0.84,7166,0
20100921,0.87,0.87,0.87,0.87,325,0
20100922,0.85,0.87,0.84,0.87,5346,0
20100923,0.87,0.87,0.82,0.85,22401,0
20100924,0.82,0.84,0.8,0.84,34111,0
20100927,0.84,0.86,0.83,0.86,19264,0
20100928,0.86,0.89,0.84,0.89,61245,0
20100929,0.89,0.9,0.89,0.9,4000,0
20100930,0.9,0.9,0.9,0.9,722,0
20101001,0.85,0.88,0.83,0.88,55461,0
20101005,0.87,0.88,0.87,0.88,1000,0
20101006,0.85,0.88,0.85,0.88,20739,0
20101007,0.88,0.95,0.88,0.94,39591,0
20101008,0.9,0.93,0.87,0.93,4362,0
20101011,0.93,0.93,0.9,0.92,3605,0
20101012,0.91,0.94,0.91,0.94,3000,0
20101013,0.94,0.95,0.89,0.95,34881,0
20101014,0.92,0.97,0.92,0.97,21590,0
20101015,0.97,0.99,0.94,0.94,19029,0
20101018,0.94,0.95,0.94,0.95,3900,0
20101019,0.95,0.98,0.95,0.98,15000,0
20101020,0.98,0.98,0.89,0.94,11832,0
20101022,0.89,0.91,0.89,0.91,8010,0
20101025,0.88,0.93,0.88,0.93,4058,0
20101026,0.9,0.93,0.88,0.93,26831,0
20101027,0.91,0.93,0.9,0.93,10632,0
20101028,0.93,0.93,0.93,0.93,940,0
20101029,0.9,0.93,0.9,0.93,2301,0
20101102,0.91,0.91,0.9,0.9,6000,0
20101103,0.89,0.89,0.89,0.89,1000,0
20101104,0.88,0.89,0.88,0.88,42740,0
20101105,0.88,0.88,0.88,0.88,1500,0
20101109,0.88,0.88,0.88,0.88,200,0
20101110,0.88,0.89,0.88,0.89,15556,0
20101112,0.87,0.87,0.85,0.85,24616,0
20101115,0.85,0.85,0.85,0.85,1000,0
20101116,0.8,0.82,0.8,0.82,4650,0
20101117,0.84,0.84,0.8,0.8,2050,0
20101118,0.79,0.82,0.79,0.82,1100,0
20101119,0.8,0.83,0.8,0.83,7950,0
20101122,0.83,0.83,0.83,0.83,13,0
20101123,0.81,0.81,0.81,0.81,7475,0
20101124,0.81,0.81,0.81,0.81,1000,0
20101126,0.82,0.85,0.82,0.85,68124,0
20101203,0.85,0.89,0.85,0.89,21001,0
20101206,0.84,0.89,0.84,0.89,2,0
20101207,0.89,0.89,0.85,0.85,150399,0
20101208,0.86,0.9,0.86,0.9,8682,0
20101209,0.92,0.92,0.92,0.92,1,0
20101213,0.88,0.9,0.88,0.9,22250,0
20101214,0.89,0.9,0.87,0.9,6049,0
20101215,0.9,0.9,0.9,0.9,10,0
20101216,0.89,0.92,0.89,0.92,23241,0
20101220,0.89,0.9,0.87,0.9,14291,0
20101221,0.92,0.93,0.91,0.93,16502,0
20101223,0.93,0.94,0.93,0.94,1300,0
20101228,0.94,0.96,0.91,0.95,8024,0
20101229,0.9,0.93,0.9,0.92,7350,0
20101230,0.89,0.97,0.89,0.97,7763,0
20101231,0.97,0.97,0.93,0.97,18520,0
20110103,0.93,0.96,0.93,0.96,6080,0
20110104,0.96,0.96,0.96,0.96,200,0
20110105,0.96,0.96,0.91,0.96,9440,0
20110107,0.92,0.94,0.9,0.94,11133,0
20110110,0.9,0.94,0.9,0.94,1100,0
20110111,0.91,0.96,0.91,0.95,4200,0
20110112,0.92,0.96,0.91,0.96,5866,0
20110113,0.94,0.98,0.9,0.98,21297,0
20110114,0.98,1.03,0.94,1.03,17610,0
20110117,1.02,1.02,0.96,0.96,3151,0
20110118,0.97,1.01,0.97,1.01,3051,0
20110131,0.91,0.97,0.91,0.97,569,0
20110201,0.97,0.98,0.9,0.98,5010,0
20110203,0.93,0.93,0.93,0.93,700,0
20110204,0.93,0.93,0.93,0.93,1164,0
20110207,0.97,0.97,0.9,0.9,350,0
20110208,0.9,0.9,0.9,0.9,4038,0
20110217,0.96,0.96,0.9,0.9,5579,0
20110218,0.93,0.93,0.93,0.93,100,0
20110221,0.93,0.93,0.92,0.92,300,0
20110222,0.92,0.92,0.92,0.92,200,0
20110223,0.92,0.92,0.92,0.92,100,0
20110224,0.92,0.92,0.9,0.9,200,0
20110225,0.9,0.9,0.85,0.85,5300,0
20110228,0.85,0.85,0.85,0.85,200,0
20110301,0.85,0.85,0.85,0.85,130,0
20110303,0.85,0.85,0.83,0.85,166,0
20110304,0.85,0.85,0.85,0.85,100,0
20110307,0.85,0.85,0.82,0.85,3240,0
20110308,0.85,0.86,0.85,0.86,1600,0
20110309,0.85,0.88,0.85,0.88,4400,0
20110311,0.86,0.89,0.85,0.89,3831,0
20110315,0.88,0.88,0.85,0.85,632,0
20110316,0.85,0.85,0.85,0.85,392,0
20110318,0.85,0.87,0.85,0.87,2008,0
20110323,0.88,0.88,0.88,0.88,150,0
20110324,0.88,0.88,0.85,0.85,288,0
20110325,0.88,0.88,0.88,0.88,100,0
20110328,0.88,0.88,0.88,0.88,100,0
20110329,0.88,0.88,0.88,0.88,100,0
20110330,0.88,0.91,0.87,0.91,12315,0
20110331,0.9,0.9,0.9,0.9,292,0
20110401,0.9,0.9,0.9,0.9,2000,0
20110404,0.9,0.91,0.85,0.85,2554,0
20110405,0.85,0.85,0.85,0.85,100,0
20110406,0.85,0.85,0.85,0.85,200,0
20110407,0.85,0.85,0.85,0.85,150,0
20110408,0.85,0.85,0.85,0.85,788,0
20110411,0.88,0.9,0.88,0.9,800,0
20110412,0.9,0.9,0.85,0.9,3447,0
20110413,0.9,0.9,0.9,0.9,139,0
20110414,0.88,0.89,0.87,0.89,2682,0
20110415,0.88,0.88,0.88,0.88,65000,0
20110418,0.88,0.88,0.88,0.88,7291,0
20110419,0.88,0.88,0.86,0.86,2266,0
20110420,0.85,0.85,0.85,0.85,5114,0
20110421,0.85,0.86,0.84,0.84,6000,0
20110426,0.83,0.83,0.82,0.82,2000,0
20110427,0.82,0.82,0.8,0.8,4600,0
20110428,0.82,0.82,0.82,0.82,2200,0
20110429,0.8,0.8,0.78,0.78,5000,0
20110504,0.76,0.78,0.76,0.78,250,0
20110505,0.78,0.78,0.75,0.75,5510,0
20110506,0.74,0.74,0.74,0.74,1210,0
20110509,0.74,0.74,0.74,0.74,290,0
20110510,0.74,0.74,0.74,0.74,270,0
20110511,0.73,0.73,0.73,0.73,200,0
20110512,0.73,0.73,0.73,0.73,1227,0
20110517,0.71,0.71,0.71,0.71,3236,0
20110518,0.71,0.72,0.71,0.72,3151,0
20110519,0.7,0.7,0.7,0.7,89,0
20110523,0.7,0.71,0.68,0.71,900,0
20110524,0.72,0.73,0.72,0.73,1000,0
20110525,0.73,0.76,0.73,0.76,3600,0
20110526,0.76,0.77,0.61,0.63,69076,0
20110527,0.64,0.65,0.63,0.63,3200,0
20110530,0.63,0.63,0.62,0.62,4343,0
20110531,0.62,0.65,0.61,0.65,5614,0
20110601,0.65,0.65,0.61,0.61,6357,0
20110602,0.62,0.65,0.62,0.62,11015,0
20110603,0.62,0.63,0.6,0.63,7766,0
20110606,0.59,0.6,0.59,0.6,1215,0
20110607,0.6,0.6,0.6,0.6,2882,0
20110608,0.6,0.6,0.6,0.6,400,0
20110609,0.6,0.6,0.6,0.6,218,0
20110610,0.6,0.6,0.6,0.6,59,0
20110615,0.6,0.63,0.6,0.63,4500,0
20110616,0.61,0.61,0.61,0.61,70,0
20110621,0.61,0.69,0.61,0.69,18550,0
20110622,0.7,0.79,0.7,0.79,19136,0
20110624,0.77,0.79,0.72,0.79,7944,0
20110627,0.77,0.77,0.7,0.7,4300,0
20110628,0.77,0.77,0.77,0.77,1411,0
20110629,0.73,0.73,0.73,0.73,80,0
20110630,0.73,0.73,0.68,0.68,7320,0
20110701,0.68,0.69,0.66,0.69,7655,0
20110704,0.68,0.68,0.6,0.67,20056,0
20110706,0.66,0.66,0.66,0.66,160,0
20110707,0.64,0.64,0.63,0.63,8000,0
20110708,0.63,0.63,0.62,0.62,6000,0
20110711,0.62,0.62,0.62,0.62,3000,0
20110712,0.62,0.62,0.62,0.62,200,0
20110713,0.62,0.62,0.57,0.6,6280,0
20110715,0.6,0.61,0.53,0.55,33310,0
20110718,0.55,0.55,0.53,0.55,1400,0
20110719,0.56,0.56,0.56,0.56,1000,0
20110722,0.56,0.56,0.47,0.47,18664,0
20110725,0.48,0.52,0.48,0.5,9112,0
20110726,0.51,0.51,0.51,0.51,1000,0
20110727,0.51,0.51,0.5,0.5,3000,0
20110728,0.5,0.52,0.5,0.52,2200,0
20110801,0.52,0.52,0.52,0.52,265,0
20110802,0.51,0.51,0.51,0.51,4930,0
20110803,0.5,0.51,0.5,0.51,2100,0
20110804,0.48,0.51,0.47,0.51,10920,0
20110805,0.45,0.47,0.45,0.47,4922,0
20110808,0.43,0.43,0.35,0.35,10000,0
20110809,0.39,0.39,0.33,0.35,11067,0
20110810,0.35,0.35,0.35,0.35,299,0
20110811,0.36,0.38,0.36,0.38,7215,0
20110812,0.4,0.4,0.4,0.4,3100,0
20110816,0.4,0.4,0.37,0.37,1604,0
20110817,0.37,0.4,0.36,0.4,745,0
20110818,0.4,0.4,0.4,0.4,250,0
20110819,0.4,0.4,0.4,0.4,250,0
20110822,0.4,0.4,0.4,0.4,250,0
20110823,0.4,0.4,0.4,0.4,250,0
20110824,0.4,0.4,0.4,0.4,85,0
20110825,0.41,0.41,0.41,0.41,1010,0
20110826,0.41,0.44,0.41,0.44,252,0
20110829,0.43,0.43,0.43,0.43,250,0
20110830,0.43,0.43,0.43,0.43,250,0
20110831,0.42,0.42,0.42,0.42,1500,0
20110901,0.42,0.42,0.42,0.42,100,0
20110902,0.41,0.41,0.41,0.41,300,0
20110905,0.41,0.41,0.35,0.35,1815,0
20110906,0.36,0.39,0.36,0.39,273325,0
20110907,0.39,0.39,0.39,0.39,300,0
20110908,0.36,0.36,0.32,0.35,56415,0
20110909,0.34,0.35,0.29,0.35,3432,0
20110912,0.35,0.35,0.3,0.3,2285,0
20110913,0.24,0.24,0.24,0.24,550,0
20110914,0.28,0.28,0.24,0.24,1605,0
20110915,0.24,0.26,0.24,0.26,2058,0
20110919,0.26,0.26,0.26,0.26,603,0
20110920,0.25,0.27,0.25,0.27,12500,0
20110921,0.28,0.28,0.28,0.28,357,0
20110922,0.25,0.25,0.25,0.25,700,0
20110923,0.25,0.25,0.24,0.24,5438,0
20110926,0.24,0.24,0.24,0.24,500,0
20110927,0.24,0.28,0.24,0.28,2101,0
20110928,0.28,0.28,0.25,0.28,1200,0
20110929,0.28,0.28,0.28,0.28,400,0
20110930,0.28,0.28,0.28,0.28,400,0
20111003,0.28,0.28,0.28,0.28,400,0
20111004,0.28,0.28,0.25,0.25,350,0
20111005,0.25,0.25,0.25,0.25,400,0
20111006,0.25,0.25,0.25,0.25,400,0
20111007,0.25,0.25,0.25,0.25,400,0
20111010,0.26,0.26,0.26,0.26,500,0
20111011,0.25,0.25,0.25,0.25,100,0
20111012,0.25,0.27,0.25,0.27,7900,0
20111013,0.27,0.27,0.27,0.27,100,0
20111014,0.27,0.27,0.27,0.27,100,0
20111017,0.27,0.27,0.27,0.27,394,0
20111018,0.27,0.27,0.26,0.26,400,0
20111019,0.26,0.27,0.26,0.27,4700,0
20111020,0.27,0.27,0.27,0.27,515,0
20111021,0.27,0.27,0.25,0.27,5500,0
20111024,0.27,0.27,0.25,0.25,407,0
20111025,0.25,0.27,0.25,0.27,1100,0
20111026,0.27,0.27,0.27,0.27,100,0
20111027,0.27,0.27,0.25,0.25,400,0
20111028,0.25,0.27,0.25,0.27,1871,0
20111031,0.28,0.31,0.28,0.31,10010,0
20111102,0.33,0.37,0.32,0.36,23443,0
20111103,0.36,0.36,0.36,0.36,1500,0
20111104,0.36,0.36,0.36,0.36,350,0
20111107,0.36,0.36,0.36,0.36,100,0
20111108,0.36,0.36,0.36,0.36,300,0
20111109,0.36,0.36,0.31,0.33,9700,0
20111110,0.34,0.34,0.29,0.31,13200,0
20111114,0.3,0.3,0.26,0.29,7350,0
20111116,0.29,0.29,0.25,0.25,59600,0
20111117,0.25,0.25,0.2,0.24,52700,0
20111118,0.23,0.23,0.2,0.2,11000,0
20111121,0.2,0.2,0.2,0.2,10535,0
20111122,0.2,0.2,0.2,0.2,1965,0
20111123,0.19,0.2,0.19,0.2,9395,0
20111124,0.2,0.2,0.2,0.2,100,0
20111125,0.2,0.2,0.2,0.2,200,0
20111128,0.2,0.2,0.2,0.2,500,0
20111129,0.2,0.2,0.13,0.16,535486,0
20111130,0.17,0.17,0.15,0.15,17000,0
20111201,0.15,0.15,0.13,0.15,15999,0
20111202,0.15,0.15,0.15,0.15,2000,0
20111205,0.14,0.16,0.14,0.16,8000,0
20111206,0.16,0.16,0.13,0.14,35300,0
20111212,0.14,0.15,0.14,0.15,1201,0
20111213,0.15,0.15,0.14,0.14,4500,0
20111214,0.14,0.15,0.14,0.15,1300,0
20111215,0.15,0.15,0.13,0.13,19229,0
20111216,0.13,0.14,0.13,0.14,22000,0
20111219,0.14,0.16,0.13,0.16,14500,0
20111220,0.17,0.17,0.15,0.15,2643,0
20111221,0.15,0.15,0.13,0.13,800,0
20111222,0.13,0.13,0.13,0.13,2920,0
20111223,0.12,0.12,0.12,0.12,1000,0
20111227,0.11,0.12,0.1,0.1,79355,0
20111228,0.12,0.12,0.1,0.12,25550,0
20111229,0.12,0.12,0.09,0.09,67820,0
20111230,0.1,0.12,0.1,0.1,3649,0
20120102,0.1,0.12,0.1,0.12,20739,0
20120103,0.12,0.12,0.12,0.12,200,0
20120104,0.12,0.12,0.1,0.1,510,0
20120105,0.11,0.13,0.11,0.13,103313,0
20120109,0.13,0.18,0.13,0.18,249697,0
20120110,0.2,0.2,0.19,0.2,104476,0
20120111,0.19,0.22,0.18,0.22,354500,0
20120112,0.23,0.3,0.23,0.3,178640,0
20120113,0.29,0.29,0.24,0.28,20568,0
20120116,0.27,0.28,0.23,0.23,39142,0
20120117,0.23,0.26,0.21,0.24,396811,0
20120118,0.24,0.28,0.24,0.28,46600,0
20120119,0.28,0.3,0.28,0.29,29750,0
20120120,0.28,0.3,0.25,0.3,240482,0
20120123,0.3,0.3,0.23,0.23,148295,0
20120124,0.24,0.25,0.16,0.19,320277,0
20120125,0.17,0.17,0.13,0.15,391407,0
20120126,0.15,0.16,0.12,0.13,549273,0
20120127,0.12,0.13,0.12,0.13,19650,0
20120130,0.13,0.13,0.13,0.13,200,0
20120131,0.13,0.13,0.12,0.12,28885,0
20120201,0.12,0.13,0.12,0.13,47766,0
20120202,0.13,0.16,0.13,0.15,1964905,0
20120203,0.15,0.15,0.14,0.15,118682,0
20120206,0.15,0.15,0.14,0.15,9220,0
20120207,0.15,0.15,0.13,0.15,49332,0
20120208,0.15,0.15,0.13,0.15,47360,0
20120209,0.15,0.15,0.14,0.15,11357,0
20120210,0.15,0.15,0.14,0.15,5100,0
20120213,0.15,0.15,0.14,0.15,2700,0
20120214,0.15,0.15,0.13,0.14,8963,0
20120215,0.14,0.14,0.12,0.14,314166,0
20120216,0.13,0.13,0.12,0.13,37772,0
20120217,0.13,0.13,0.12,0.12,26000,0
20120220,0.12,0.13,0.12,0.13,100650,0
20120221,0.12,0.13,0.12,0.13,10272,0
20120222,0.12,0.12,0.12,0.12,20000,0
20120223,0.12,0.12,0.12,0.12,2900,0
20120224,0.12,0.12,0.12,0.12,14100,0
20120227,0.12,0.15,0.12,0.14,250452,0
20120228,0.14,0.14,0.14,0.14,68157,0
20120229,0.14,0.14,0.14,0.14,3005,0
20120301,0.14,0.15,0.14,0.15,12560,0
20120302,0.15,0.15,0.14,0.14,12600,0
20120305,0.14,0.14,0.14,0.14,16880,0
20120306,0.14,0.14,0.14,0.14,1000,0
20120307,0.14,0.14,0.13,0.13,2923,0
20120308,0.13,0.15,0.13,0.15,52820,0
20120309,0.14,0.15,0.14,0.15,17167,0
20120312,0.15,0.15,0.13,0.15,256952,0
20120313,0.15,0.16,0.15,0.16,7746,0
20120314,0.16,0.16,0.13,0.14,407248,0
20120315,0.14,0.14,0.13,0.14,44015,0
20120316,0.14,0.14,0.14,0.14,16000,0
20120319,0.15,0.15,0.13,0.13,140899,0
20120320,0.13,0.13,0.12,0.13,112770,0
20120321,0.13,0.13,0.13,0.13,1400,0
20120322,0.14,0.14,0.12,0.14,5810,0
20120323,0.13,0.13,0.12,0.12,122916,0
20120326,0.12,0.12,0.12,0.12,1104,0
20120327,0.12,0.12,0.12,0.12,1000,0
20120328,0.12,0.12,0.12,0.12,14500,0
20120329,0.12,0.12,0.12,0.12,1000,0
20120330,0.12,0.12,0.12,0.12,25546,0
20120402,0.12,0.12,0.12,0.12,1000,0
20120403,0.12,0.13,0.11,0.13,10992,0
20120404,0.13,0.13,0.12,0.12,13250,0
20120405,0.11,0.11,0.11,0.11,101348,0
20120410,0.11,0.11,0.11,0.11,43000,0
20120411,0.11,0.11,0.11,0.11,18269,0
20120412,0.11,0.11,0.11,0.11,1000,0
20120413,0.11,0.11,0.11,0.11,11000,0
20120416,0.11,0.12,0.11,0.12,16000,0
20120417,0.12,0.13,0.12,0.12,86500,0
20120418,0.12,0.12,0.11,0.11,6500,0
20120419,0.11,0.11,0.11,0.11,1000,0
20120420,0.11,0.11,0.11,0.11,10200,0
20120423,0.11,0.11,0.11,0.11,1000,0
20120424,0.11,0.11,0.11,0.11,1000,0
20120425,0.11,0.12,0.11,0.11,58800,0
20120427,0.11,0.11,0.1,0.1,84860,0
20120430,0.1,0.1,0.1,0.1,4000,0
20120502,0.1,0.1,0.1,0.1,1000,0
20120504,0.1,0.1,0.1,0.1,1000,0
20120507,0.1,0.1,0.1,0.1,1000,0
20120508,0.1,0.1,0.1,0.1,1000,0
20120509,0.1,0.1,0.1,0.1,9000,0
20120510,0.1,0.1,0.09,0.09,4000,0
20120511,0.09,0.09,0.08,0.09,177445,0
20120514,0.09,0.09,0.09,0.09,39666,0
20120515,0.09,0.09,0.09,0.09,1200,0
20120516,0.09,0.09,0.08,0.09,21158,0
20120517,0.09,0.09,0.08,0.09,16727,0
20120518,0.09,0.09,0.08,0.09,46023,0
20120521,0.09,0.09,0.09,0.09,1200,0
20120522,0.09,0.09,0.08,0.08,3150,0
20120523,0.07,0.08,0.07,0.07,17376,0
20120524,0.07,0.08,0.07,0.07,4156,0
20120525,0.07,0.07,0.07,0.07,29124,0
20120528,0.06,0.07,0.06,0.07,7766,0
20120529,0.07,0.08,0.07,0.08,404116,0
20120530,0.08,0.09,0.08,0.09,50354,0
20120531,0.1,0.12,0.09,0.12,202048,0
20120601,0.11,0.11,0.11,0.11,200,0
20120604,0.11,0.11,0.09,0.09,46763,0
20120605,0.08,0.08,0.08,0.08,32174,0
20120606,0.08,0.09,0.08,0.09,7000,0
20120608,0.09,0.09,0.09,0.09,1200,0
20120611,0.09,0.09,0.09,0.09,1200,0
20120612,0.09,0.09,0.09,0.09,12000,0
20120613,0.09,0.09,0.09,0.09,1150,0
20120614,0.09,0.09,0.09,0.09,1150,0
20120615,0.09,0.09,0.08,0.08,12650,0
20120618,0.08,0.08,0.07,0.07,317699,0
20120619,0.07,0.07,0.06,0.06,144299,0
20120620,0.06,0.08,0.06,0.08,128788,0
20120621,0.07,0.07,0.07,0.07,44307,0
20120622,0.07,0.07,0.07,0.07,5715,0
20120625,0.06,0.07,0.06,0.07,8780,0
20120626,0.07,0.08,0.07,0.07,39377,0
20120627,0.07,0.08,0.07,0.08,600,0
20120628,0.08,0.08,0.07,0.07,30959,0
20120629,0.08,0.08,0.08,0.08,200,0
20120702,0.07,0.07,0.07,0.07,150,0
20120703,0.07,0.07,0.07,0.07,100,0
20120704,0.07,0.07,0.07,0.07,100,0
20120705,0.07,0.07,0.07,0.07,300,0
20120706,0.07,0.07,0.07,0.07,200,0
20120709,0.07,0.07,0.07,0.07,1000,0
20120711,0.06,0.06,0.06,0.06,43305,0
20120712,0.07,0.07,0.07,0.07,100,0
20120716,0.07,0.07,0.07,0.07,1000,0
20120717,0.07,0.07,0.07,0.07,400,0
20120718,0.07,0.07,0.07,0.07,600,0
20120719,0.07,0.07,0.07,0.07,300,0
20120720,0.07,0.07,0.07,0.07,300,0
20120723,0.07,0.07,0.06,0.06,15141,0
20120724,0.06,0.07,0.06,0.07,46384,0
20120725,0.08,0.08,0.08,0.08,1100,0
20120726,0.08,0.08,0.08,0.08,200,0
20120727,0.08,0.08,0.08,0.08,400,0
20120730,0.08,0.08,0.08,0.08,200,0
20120731,0.07,0.07,0.07,0.07,3700,0
20120801,0.07,0.07,0.07,0.07,16000,0
20120802,0.07,0.07,0.07,0.07,50,0
20120803,0.07,0.07,0.07,0.07,3535,0
20120808,0.07,0.08,0.07,0.08,200,0
20120809,0.08,0.08,0.08,0.08,1370,0
20120813,0.07,0.08,0.07,0.08,101,0
20120821,0.06,0.06,0.06,0.06,780,0
20120822,0.06,0.06,0.06,0.06,3800,0
20120823,0.07,0.07,0.07,0.07,100,0
20120827,0.07,0.07,0.07,0.07,100,0
20120829,0.07,0.07,0.07,0.07,100,0
20120830,0.08,0.08,0.08,0.08,100,0
20120905,0.08,0.08,0.08,0.08,5000,0
20120906,0.07,0.07,0.07,0.07,2500,0
20120907,0.07,0.07,0.07,0.07,1,0
20120910,0.07,0.07,0.07,0.07,1,0
20120911,0.07,0.07,0.07,0.07,1,0
20120912,0.07,0.07,0.07,0.07,3597,0
20120913,0.07,0.07,0.07,0.07,1,0
20120914,0.07,0.07,0.07,0.07,3100,0
20120917,0.07,0.07,0.07,0.07,551,0
20120918,0.07,0.07,0.07,0.07,10,0
20120919,0.07,0.07,0.07,0.07,10,0
20120926,0.07,0.07,0.07,0.07,50,0
20120927,0.06,0.06,0.06,0.06,1456,0
20120928,0.06,0.06,0.06,0.06,586,0
20121001,0.06,0.06,0.06,0.06,1,0
20121002,0.06,0.07,0.06,0.07,10950,0
20121003,0.07,0.07,0.07,0.07,1001,0
20121004,0.07,0.07,0.07,0.07,1001,0
20121008,0.07,0.07,0.07,0.07,1001,0
20121009,0.07,0.07,0.07,0.07,1002,0
20121010,0.07,0.07,0.07,0.07,1001,0
20121011,0.07,0.07,0.07,0.07,1002,0
20121012,0.07,0.07,0.07,0.07,1,0
20121015,0.07,0.07,0.07,0.07,940,0
20121016,0.08,0.08,0.08,0.08,1002,0
20121017,0.07,0.08,0.07,0.08,1201,0
20121018,0.08,0.08,0.08,0.08,1001,0
20121019,0.08,0.08,0.07,0.07,2951,0
20121022,0.08,0.08,0.08,0.08,2,0
20121023,0.08,0.08,0.08,0.08,2,0
20121024,0.08,0.08,0.08,0.08,2,0
20121025,0.08,0.08,0.08,0.08,2,0
20121026,0.08,0.08,0.08,0.08,2,0
20121029,0.07,0.08,0.07,0.08,985,0
20121030,0.08,0.08,0.08,0.08,2,0
20121031,0.08,0.08,0.08,0.08,1,0
20121102,0.08,0.08,0.08,0.08,1,0
20121105,0.08,0.08,0.08,0.08,2,0
20121106,0.08,0.08,0.08,0.08,2,0
20121107,0.08,0.08,0.08,0.08,2,0
20121108,0.08,0.08,0.08,0.08,2,0
20121109,0.08,0.08,0.08,0.08,2001,0
20121112,0.08,0.08,0.08,0.08,2265,0
20121113,0.09,0.09,0.09,0.09,1002,0
20121114,0.09,0.09,0.09,0.09,2001,0
20121115,0.09,0.09,0.09,0.09,1001,0
20121116,0.07,0.07,0.07,0.07,50000,0
20121120,0.08,0.08,0.08,0.08,1000,0
20121121,0.07,0.07,0.07,0.07,41785,0
20121122,0.07,0.07,0.07,0.07,1000,0
20121123,0.07,0.07,0.07,0.07,13750,0
20121126,0.07,0.07,0.07,0.07,10000,0
20121127,0.08,0.08,0.08,0.08,1000,0
20121128,0.07,0.08,0.07,0.08,1100,0
20121129,0.08,0.08,0.08,0.08,500,0
20121130,0.08,0.08,0.07,0.07,32150,0
20121203,0.08,0.08,0.08,0.08,1100,0
20121204,0.08,0.08,0.08,0.08,100,0
20121205,0.08,0.08,0.08,0.08,100,0
20121206,0.08,0.08,0.08,0.08,1100,0
20121207,0.08,0.08,0.06,0.06,6320,0
20121211,0.06,0.06,0.06,0.06,47937,0
20121212,0.06,0.06,0.06,0.06,1000,0
20121213,0.05,0.05,0.05,0.05,165000,0
20121214,0.05,0.05,0.05,0.05,82628,0
20121217,0.04,0.04,0.04,0.04,3560,0
20121218,0.05,0.05,0.05,0.05,35831,0
20121219,0.04,0.04,0.04,0.04,5000,0
20121227,0.04,0.04,0.04,0.04,20,0
20121228,0.04,0.04,0.04,0.04,101,0
20130102,0.04,0.05,0.04,0.05,5001,0
20130103,0.05,0.05,0.05,0.05,648,0
20130104,0.06,0.06,0.06,0.06,101,0
20130107,0.06,0.06,0.06,0.06,1,0
20130108,0.06,0.06,0.05,0.05,22003,0
20130109,0.05,0.05,0.05,0.05,1,0
20130110,0.05,0.05,0.05,0.05,1,0
20130111,0.05,0.05,0.05,0.05,2,0
20130114,0.05,0.05,0.05,0.05,1,0
20130115,0.05,0.05,0.05,0.05,5996,0
20130116,0.05,0.05,0.05,0.05,8001,0
20130117,0.05,0.06,0.05,0.06,322880,0
20130118,0.06,0.06,0.06,0.06,380788,0
20130121,0.06,0.06,0.06,0.06,1,0
20130122,0.05,0.05,0.05,0.05,100000,0
20130123,0.05,0.05,0.05,0.05,15220,0
20130124,0.05,0.05,0.05,0.05,10001,0
20130125,0.05,0.05,0.05,0.05,1,0
20130128,0.05,0.05,0.05,0.05,1,0
20130129,0.06,0.06,0.06,0.06,500,0
20130201,0.06,0.07,0.06,0.07,290319,0
20130204,0.08,0.09,0.08,0.09,314954,0
20130205,0.1,0.1,0.1,0.1,205000,0
20130206,0.1,0.1,0.1,0.1,20000,0
20130207,0.1,0.1,0.1,0.1,1,0
20130208,0.1,0.1,0.1,0.1,1,0
20130211,0.1,0.1,0.1,0.1,1,0
20130212,0.1,0.1,0.09,0.09,65913,0
20130213,0.1,0.1,0.1,0.1,2,0
20130214,0.1,0.1,0.1,0.1,1,0
20130215,0.09,0.09,0.09,0.09,47405,0
20130218,0.1,0.1,0.1,0.1,1,0
20130219,0.1,0.1,0.1,0.1,1,0
20130220,0.1,0.1,0.1,0.1,1,0
20130221,0.1,0.1,0.1,0.1,1,0
20130222,0.09,0.09,0.09,0.09,6686,0
20130225,0.1,0.1,0.1,0.1,1,0
20130226,0.1,0.1,0.1,0.1,1,0
20130227,0.1,0.1,0.1,0.1,1,0
20130228,0.09,0.09,0.09,0.09,2501,0
20130301,0.09,0.09,0.08,0.08,30756,0
20130304,0.08,0.08,0.08,0.08,1,0
20130305,0.09,0.09,0.09,0.09,1,0
20130306,0.09,0.09,0.09,0.09,1,0
20130307,0.09,0.09,0.09,0.09,1,0
20130308,0.09,0.09,0.09,0.09,1,0
20130311,0.08,0.08,0.08,0.08,1,0
20130312,0.09,0.09,0.08,0.08,5456,0
20130313,0.08,0.08,0.08,0.08,20500,0
20130314,0.09,0.09,0.09,0.09,1,0
20130315,0.09,0.09,0.09,0.09,1,0
20130318,0.09,0.09,0.09,0.09,1,0
20130319,0.09,0.09,0.09,0.09,1,0
20130320,0.09,0.1,0.09,0.1,25002,0
20130321,0.1,0.11,0.1,0.11,127938,0
20130322,0.12,0.12,0.12,0.12,2064,0
20130325,0.11,0.12,0.11,0.12,220439,0
20130326,0.12,0.12,0.11,0.11,102439,0
20130327,0.11,0.11,0.11,0.11,146503,0
20130328,0.11,0.11,0.1,0.1,92963,0
20130402,0.11,0.11,0.11,0.11,1,0
20130403,0.11,0.11,0.11,0.11,1,0
20130409,0.09,0.09,0.09,0.09,320,0
20130411,0.1,0.1,0.1,0.1,1,0
20130412,0.1,0.1,0.1,0.1,2,0
20130415,0.1,0.1,0.1,0.1,1,0
20130417,0.09,0.09,0.09,0.09,1,0
20130419,0.1,0.1,0.1,0.1,1,0
20130422,0.1,0.1,0.09,0.09,2,0
20130423,0.09,0.09,0.09,0.09,3,0
20130425,0.1,0.1,0.1,0.1,1,0
20130426,0.1,0.1,0.1,0.1,1,0
20130502,0.09,0.09,0.09,0.09,1,0
20130506,0.09,0.09,0.09,0.09,1,0
20130507,0.09,0.09,0.09,0.09,1,0
20130508,0.08,0.08,0.08,0.08,2,0
20130509,0.09,0.09,0.09,0.09,1,0
20130510,0.09,0.09,0.09,0.09,1,0
20130522,0.09,0.09,0.09,0.09,1,0
20130527,0.09,0.09,0.09,0.09,1,0
20130531,0.09,0.09,0.09,0.09,1,0
20130604,0.09,0.09,0.09,0.09,1,0
20130605,0.09,0.09,0.09,0.09,1,0
20130607,0.09,0.09,0.09,0.09,1,0
20130611,0.09,0.09,0.09,0.09,1,0
20130613,0.09,0.09,0.09,0.09,1,0
20130614,0.09,0.09,0.09,0.09,1,0
20130617,0.09,0.09,0.07,0.07,5,0
20130618,0.08,0.08,0.08,0.08,1,0
20130620,0.07,0.07,0.07,0.07,3,0
20130621,0.07,0.07,0.07,0.07,1,0
20130624,0.07,0.07,0.07,0.07,1,0
20130625,0.07,0.07,0.07,0.07,1,0
20130627,0.07,0.07,0.07,0.07,1,0
20130628,0.06,0.06,0.06,0.06,2,0
20130701,0.06,0.06,0.06,0.06,1,0
20130702,0.06,0.06,0.06,0.06,1,0
20130717,0.06,0.06,0.06,0.06,4,0
20130718,0.07,0.07,0.07,0.07,1,0
20130722,0.07,0.07,0.07,0.07,1,0
20130723,0.07,0.07,0.07,0.07,1,0
20130724,0.07,0.07,0.06,0.06,2,0
20130725,0.07,0.07,0.07,0.07,1,0
20130726,0.07,0.07,0.07,0.07,1,0
20130729,0.07,0.07,0.07,0.07,1,0
20130730,0.07,0.07,0.07,0.07,1,0
20130731,0.07,0.07,0.07,0.07,1,0
20130802,0.07,0.07,0.07,0.07,2,0
20130805,0.08,0.08,0.08,0.08,1,0
20130806,0.08,0.08,0.08,0.08,1,0
20130808,0.08,0.08,0.08,0.08,3,0
20130812,0.08,0.08,0.08,0.08,1,0
20130813,0.08,0.08,0.08,0.08,1,0
20130814,0.08,0.08,0.08,0.08,1,0
20130820,0.08,0.08,0.08,0.08,1,0
20130821,0.08,0.08,0.08,0.08,1,0
20130823,0.07,0.07,0.07,0.07,2,0
20130826,0.07,0.07,0.07,0.07,1,0
20130902,0.08,0.08,0.08,0.08,1,0
20130903,0.08,0.08,0.08,0.08,1,0
20130909,0.07,0.07,0.07,0.07,1,0
20130910,0.06,0.06,0.06,0.06,6,0
20130912,0.06,0.06,0.06,0.06,1,0
20130917,0.05,0.06,0.05,0.06,3,0
20130918,0.06,0.06,0.06,0.06,1,0
20130924,0.06,0.06,0.06,0.06,2,0
20130925,0.06,0.06,0.06,0.06,1,0
20130926,0.06,0.06,0.06,0.06,1,0
20131001,0.07,0.07,0.07,0.07,1,0
20131003,0.06,0.06,0.06,0.06,2,0
20131007,0.06,0.06,0.06,0.06,2,0
20131010,0.05,0.05,0.05,0.05,4,0
20131011,0.05,0.05,0.05,0.05,1,0
20131014,0.05,0.05,0.05,0.05,1,0
20131015,0.05,0.05,0.05,0.05,1,0
20131016,0.05,0.05,0.05,0.05,1,0
20131017,0.05,0.05,0.05,0.05,1,0
20131018,0.05,0.05,0.05,0.05,11,0
20131021,0.05,0.05,0.05,0.05,8,0
20131023,0.05,0.05,0.05,0.05,11,0
20131024,0.05,0.05,0.05,0.05,10,0
20131025,0.05,0.05,0.05,0.05,10,0
20131028,0.05,0.06,0.05,0.06,15,0
20131029,0.07,0.07,0.07,0.07,17,0
20131030,0.08,0.09,0.08,0.09,13,0
20131031,0.09,0.09,0.09,0.09,2,0
20131104,0.09,0.09,0.09,0.09,5,0
20131105,0.09,0.09,0.09,0.09,3,0
20131106,0.09,0.09,0.08,0.08,11,0
20131107,0.07,0.07,0.07,0.07,1,0
20131108,0.07,0.07,0.07,0.07,2,0
20131112,0.08,0.09,0.08,0.09,4,0
20131113,0.09,0.09,0.09,0.09,3,0
20131114,0.09,0.09,0.08,0.08,6,0
20131115,0.09,0.09,0.09,0.09,1,0
20131119,0.09,0.09,0.07,0.07,8,0
20131120,0.07,0.07,0.06,0.06,3,0
20131121,0.07,0.08,0.07,0.08,4,0
20131122,0.08,0.08,0.06,0.06,4,0
20131125,0.07,0.08,0.07,0.08,3,0
20131126,0.08,0.08,0.08,0.08,2,0
20131127,0.08,0.08,0.08,0.08,1,0
20131128,0.07,0.07,0.07,0.07,1,0
20131129,0.07,0.07,0.07,0.07,1,0
20131202,0.07,0.07,0.07,0.07,1,0
20131203,0.07,0.07,0.07,0.07,1,0
20131204,0.06,0.06,0.06,0.06,1,0
20131205,0.07,0.07,0.06,0.06,2,0
20131209,0.06,0.06,0.06,0.06,1,0
20131210,0.06,0.06,0.06,0.06,1,0
20131211,0.05,0.05,0.05,0.05,7,0
20131212,0.05,0.05,0.05,0.05,3,0
20131213,0.06,0.06,0.06,0.06,1,0
20131216,0.06,0.06,0.06,0.06,1,0
20131217,0.06,0.06,0.06,0.06,1,0
20131218,0.06,0.06,0.04,0.04,3,0
20131227,0.04,0.04,0.04,0.04,6,0
20131230,0.04,0.04,0.04,0.04,6,0
20140102,0.04,0.05,0.04,0.05,135882,0
20140103,0.05,0.05,0.05,0.05,101,0
20140107,0.05,0.05,0.05,0.05,29,0
20140108,0.05,0.05,0.04,0.04,148537,0
20140109,0.04,0.05,0.04,0.05,74285,0
20140110,0.05,0.05,0.04,0.05,77226,0
20140113,0.05,0.05,0.04,0.05,71006,0
20140114,0.05,0.05,0.04,0.05,135143,0
20140116,0.05,0.05,0.05,0.05,1,0
20140117,0.05,0.05,0.04,0.05,96745,0
20140120,0.05,0.05,0.05,0.05,1,0
20140121,0.05,0.05,0.05,0.05,9780,0
20140122,0.05,0.05,0.04,0.05,109625,0
20140124,0.05,0.05,0.05,0.05,1,0
20140127,0.05,0.05,0.05,0.05,1,0
20140129,0.04,0.05,0.04,0.04,63001,0
20140130,0.04,0.05,0.04,0.05,266501,0
20140131,0.06,0.06,0.05,0.06,21890,0
20140203,0.06,0.06,0.06,0.06,2,0
20140204,0.06,0.06,0.06,0.06,1,0
20140205,0.06,0.06,0.06,0.06,1,0
20140207,0.06,0.06,0.06,0.06,1,0
20140210,0.06,0.06,0.06,0.06,2,0
20140211,0.06,0.06,0.06,0.06,808,0
20140212,0.06,0.06,0.06,0.06,2,0
20140214,0.06,0.06,0.06,0.06,1,0
20140217,0.06,0.06,0.05,0.05,4432,0
20140218,0.06,0.06,0.06,0.06,100,0
20140219,0.05,0.06,0.05,0.06,2002,0
20140220,0.06,0.06,0.06,0.06,2,0
20140221,0.06,0.06,0.06,0.06,33202,0
20140227,0.06,0.06,0.06,0.06,60756,0
20140228,0.07,0.07,0.06,0.06,130110,0
20140303,0.06,0.06,0.05,0.06,255,0
20140304,0.06,0.06,0.05,0.06,120211,0
20140305,0.07,0.07,0.07,0.07,10,0
20140314,0.06,0.06,0.05,0.06,40565,0
20140317,0.06,0.06,0.05,0.06,49894,0
20140327,0.05,0.05,0.05,0.05,70079,0
20140331,0.05,0.05,0.05,0.05,1,0
20140408,0.05,0.06,0.05,0.06,143673,0
20140409,0.06,0.07,0.06,0.07,15400,0
20140410,0.07,0.07,0.06,0.07,779,0
20140411,0.06,0.06,0.06,0.06,4436,0
20140414,0.07,0.07,0.06,0.07,30932,0
20140423,0.07,0.07,0.07,0.07,1,0
20140424,0.07,0.07,0.07,0.07,1,0
20140429,0.07,0.07,0.07,0.07,1,0
20140430,0.07,0.08,0.07,0.08,225688,0
20140502,0.08,0.08,0.08,0.08,2,0
20140505,0.08,0.08,0.08,0.08,1,0
20140506,0.08,0.08,0.08,0.08,2,0
20140507,0.08,0.08,0.06,0.07,528502,0
20140508,0.06,0.06,0.06,0.06,49400,0
20140509,0.06,0.06,0.05,0.06,168576,0
20140512,0.06,0.07,0.06,0.07,80369,0
20140513,0.06,0.07,0.06,0.07,24001,0
20140514,0.07,0.07,0.06,0.06,1394,0
20140515,0.06,0.06,0.06,0.06,8000,0
20140516,0.06,0.07,0.06,0.07,7207,0
20140519,0.07,0.07,0.07,0.07,1,0
20140520,0.07,0.07,0.05,0.07,15221,0
20140521,0.07,0.07,0.07,0.07,1,0
20140522,0.07,0.07,0.07,0.07,1,0
20140523,0.07,0.07,0.07,0.07,1,0
20140526,0.05,0.05,0.05,0.05,341758,0
20140527,0.05,0.05,0.05,0.05,1,0
20140528,0.05,0.05,0.05,0.05,11700,0
20140529,0.05,0.05,0.05,0.05,15034,0
20140530,0.05,0.05,0.05,0.05,1,0
20140602,0.05,0.05,0.05,0.05,1,0
20140603,0.06,0.06,0.06,0.06,1000,0
20140604,0.06,0.06,0.06,0.06,1,0
20140605,0.06,0.06,0.06,0.06,1,0
20140606,0.06,0.06,0.05,0.05,13001,0
20140609,0.05,0.05,0.05,0.05,1,0
20140610,0.05,0.05,0.05,0.05,1,0
20140611,0.05,0.05,0.05,0.05,841,0
20140612,0.05,0.05,0.05,0.05,2,0
20140613,0.05,0.06,0.05,0.06,20001,0
20140617,0.05,0.06,0.05,0.06,50010,0
20140618,0.06,0.06,0.05,0.05,19154,0
20140620,0.05,0.05,0.05,0.05,1,0
20140623,0.05,0.05,0.05,0.05,1,0
20140624,0.05,0.05,0.05,0.05,1,0
20140625,0.05,0.05,0.05,0.05,589,0
20140626,0.05,0.06,0.05,0.06,44063,0
20140627,0.06,0.06,0.06,0.06,1,0
20140630,0.06,0.06,0.05,0.05,19502,0
20140701,0.05,0.06,0.04,0.06,24472,0
20140702,0.05,0.05,0.04,0.05,9221,0
20140703,0.05,0.05,0.05,0.05,1,0
20140704,0.05,0.05,0.05,0.05,1278,0
20140708,0.05,0.05,0.05,0.05,1,0
20140709,0.05,0.05,0.05,0.05,2,0
20140710,0.05,0.05,0.05,0.05,2,0
20140711,0.05,0.05,0.05,0.05,2,0
20140714,0.04,0.04,0.04,0.04,2000,0
20140716,0.04,0.05,0.04,0.05,7591,0
20140722,0.04,0.04,0.04,0.04,8253,0
20140723,0.04,0.04,0.04,0.04,1,0
20140724,0.04,0.04,0.04,0.04,1,0
20140725,0.04,0.04,0.04,0.04,1,0
20140728,0.04,0.04,0.04,0.04,1,0
20140729,0.04,0.05,0.04,0.05,1501,0
20140730,0.05,0.05,0.05,0.05,1,0
20140731,0.05,0.05,0.05,0.05,1,0
20140801,0.05,0.05,0.05,0.05,1,0
20140806,0.06,0.06,0.06,0.06,10,0
20140813,0.05,0.05,0.05,0.05,1,0
20140814,0.05,0.05,0.05,0.05,1,0
20140818,0.05,0.05,0.05,0.05,2,0
20140819,0.05,0.05,0.05,0.05,1,0
20140910,0.05,0.05,0.04,0.04,3000,0
20140911,0.04,0.04,0.04,0.04,1,0
20140912,0.04,0.04,0.04,0.04,1,0
20140915,0.04,0.04,0.04,0.04,1,0
20140916,0.04,0.04,0.04,0.04,1,0
20140917,0.04,0.04,0.04,0.04,1,0
20140918,0.04,0.06,0.04,0.06,30001,0
20140919,0.06,0.06,0.06,0.06,1,0
20140922,0.06,0.06,0.06,0.06,2,0
20140923,0.06,0.06,0.06,0.06,2,0
20140924,0.06,0.06,0.05,0.05,39951,0
20140925,0.05,0.05,0.05,0.05,110,0
20140926,0.05,0.05,0.05,0.05,3,0
20140929,0.05,0.05,0.05,0.05,30,0
20140930,0.05,0.05,0.05,0.05,11,0
20141001,0.05,0.05,0.05,0.05,11,0
20141002,0.05,0.05,0.05,0.05,11,0
20141003,0.05,0.05,0.05,0.05,12,0
20141007,0.05,0.05,0.05,0.05,1,0
20141008,0.05,0.05,0.05,0.05,50001,0
20141009,0.05,0.05,0.05,0.05,1,0
20141010,0.05,0.05,0.05,0.05,1100,0
20141013,0.05,0.05,0.05,0.05,1,0
20141014,0.05,0.05,0.05,0.05,1,0
20141015,0.05,0.05,0.05,0.05,1,0
20141016,0.05,0.05,0.05,0.05,1,0
20141017,0.05,0.05,0.05,0.05,1,0
20141021,0.05,0.05,0.05,0.05,20000,0
20141022,0.05,0.05,0.05,0.05,1,0
20141023,0.05,0.05,0.05,0.05,1,0
20141024,0.05,0.05,0.05,0.05,1,0
20141027,0.05,0.05,0.05,0.05,1,0
20141028,0.05,0.05,0.05,0.05,1,0
20141029,0.05,0.05,0.05,0.05,1,0
20141030,0.05,0.05,0.05,0.05,1,0
20141031,0.05,0.05,0.05,0.05,1,0
20141103,0.05,0.05,0.05,0.05,1,0
20141104,0.05,0.05,0.05,0.05,1,0
20141105,0.05,0.05,0.05,0.05,1,0
20141106,0.05,0.05,0.05,0.05,1,0
20141107,0.05,0.05,0.05,0.05,1,0
20141110,0.05,0.05,0.05,0.05,1,0
20141112,0.05,0.05,0.05,0.05,1,0
20141113,0.05,0.05,0.05,0.05,1,0
20141114,0.05,0.05,0.05,0.05,1,0
20141117,0.05,0.05,0.04,0.05,27035,0
20141118,0.05,0.05,0.05,0.05,1,0
20141119,0.05,0.05,0.05,0.05,1,0
20141120,0.05,0.05,0.04,0.04,1101,0
20141121,0.04,0.05,0.04,0.05,2006,0
20141124,0.05,0.05,0.05,0.05,1,0
20141125,0.05,0.05,0.05,0.05,1,0
20141126,0.04,0.04,0.03,0.04,251123,0
20141127,0.04,0.04,0.04,0.04,2,0
20141128,0.04,0.04,0.04,0.04,2,0
20141201,0.04,0.04,0.04,0.04,39998,0
20141203,0.04,0.04,0.04,0.04,55176,0
20141215,0.04,0.04,0.04,0.04,1,0
20141216,0.03,0.03,0.03,0.03,180040,0
20141217,0.03,0.04,0.03,0.04,178500,0
20141218,0.04,0.04,0.04,0.04,5000,0
20141222,0.04,0.04,0.04,0.04,1,0
20141223,0.04,0.04,0.04,0.04,1,0
20141229,0.04,0.04,0.04,0.04,24998,0
