Date,Open,High,Low,Close,Volume,OpenInt
20100730,5.8,5.8,4.64,5,72812,0
20100802,4.9,4.9,4.19,4.48,33809,0
20100803,4.75,4.75,4.12,4.26,6979,0
20100804,4.36,4.36,3.99,4,17072,0
20100805,4,4,3.99,4,6470,0
20100806,4,4,3.71,4,2049,0
20100809,4.1,4.48,3.75,4.11,3684,0
20100810,3.99,4,3.61,4,1983,0
20100811,4.09,4.15,3.5,3.5,9459,0
20100812,4,4,3.53,3.9,2738,0
20100813,3.61,3.9,3.61,3.9,699,0
20100816,3.65,3.65,3.65,3.65,50,0
20100817,3.65,3.65,3.65,3.65,192,0
20100818,3.65,3.86,3.35,3.49,2562,0
20100819,3.5,3.73,3.5,3.73,3095,0
20100820,3.73,3.76,3.68,3.73,580,0
20100823,3.65,3.87,3.58,3.76,5410,0
20100825,3.68,3.7,3.68,3.7,775,0
20100826,3.8,4,3.63,4,1140,0
20100827,4.11,4.11,3.98,3.98,2214,0
20100831,3.69,4.08,3.69,3.69,1070,0
20100902,3.9,3.9,3.56,3.79,3872,0
20100903,3.7,3.7,3.49,3.49,1081,0
20100906,3.38,3.49,3.2,3.49,940,0
20100907,3.38,3.79,3.01,3.79,10610,0
20100908,4.4,4.55,3.62,3.7,810,0
20100909,3.68,3.78,3.6,3.78,1270,0
20100910,3.6,4.4,3.6,4.4,2030,0
20100913,3.55,3.8,3.55,3.69,20330,0
20100914,3.75,3.75,3.74,3.74,1800,0
20100915,3.6,3.73,3.55,3.73,1520,0
20100916,3.7,3.7,3.7,3.7,1,0
20100917,3.53,3.59,3.1,3.1,10840,0
20100920,3.12,3.12,2.62,2.7,97545,0
20100921,2.7,2.7,2.7,2.7,1800,0
20100922,2.7,2.85,2.7,2.85,1520,0
20100923,2.85,3.05,2.85,3.05,1700,0
20100924,2.99,3.05,2.99,3.05,4786,0
20100927,2.87,3.05,2.87,3.05,121,0
20100928,2.91,2.94,2.75,2.94,2379,0
20100929,2.87,2.95,2.87,2.95,683,0
20100930,2.87,2.88,2.87,2.88,838,0
20101001,2.98,3.05,2.88,2.98,4578,0
20101004,3.04,3.04,2.95,3,852,0
20101005,3,3,2.8,2.96,4932,0
20101006,2.96,2.96,2.7,2.8,9927,0
20101007,2.66,2.75,2.66,2.71,2170,0
20101008,2.94,2.94,2.52,2.94,10840,0
20101011,2.93,2.93,2.53,2.89,11462,0
20101012,2.86,2.86,2.61,2.76,372,0
20101013,2.76,2.86,2.76,2.86,160,0
20101014,3,4.01,2.81,4.01,125461,0
20101015,4.5,4.82,4,4.09,25527,0
20101018,4.3,4.4,3.71,3.91,12152,0
20101019,3.99,3.99,3.55,3.8,2402,0
20101020,3.8,4.1,3.5,4.09,3597,0
20101021,4.1,4.3,3.8,4.3,1128,0
20101022,4.2,4.2,3.5,3.6,9048,0
20101025,3.84,3.84,3.35,3.84,9997,0
20101026,3.35,3.82,3.35,3.79,1952,0
20101027,3.38,3.5,3.2,3.2,2712,0
20101028,3.31,3.64,3.25,3.35,4101,0
20101029,3.35,3.59,3.18,3.55,2831,0
20101102,3.25,3.58,3.16,3.57,4281,0
20101103,3.35,3.5,3.35,3.5,650,0
20101104,3.45,3.68,3.45,3.68,1102,0
20101105,3.45,3.55,3.45,3.55,870,0
20101108,3.55,3.55,3.54,3.54,2,0
20101109,3.62,3.62,3.42,3.55,1373,0
20101110,3.55,3.88,3.4,3.77,9285,0
20101112,3.55,3.89,3.55,3.68,7090,0
20101115,3.78,3.78,3.57,3.57,1737,0
20101116,3.83,3.83,3.36,3.69,1206,0
20101117,3.83,3.83,3.6,3.74,731,0
20101118,3.44,3.75,3.44,3.66,1588,0
20101119,3.66,3.75,3.5,3.74,1446,0
20101122,3.9,3.9,3.37,3.8,3610,0
20101123,3.6,4.19,3.6,3.77,15833,0
20101124,4.03,4.03,3.9,4.03,811,0
20101125,4.03,4.1,3.96,4.1,1090,0
20101126,4.17,4.17,4.05,4.15,2714,0
20101129,4.17,4.3,4.17,4.3,7687,0
20101130,4.3,4.45,3.6,4.39,13814,0
20101201,4.45,4.45,3.89,4.25,2664,0
20101202,4.2,4.2,4,4,652,0
20101203,4.05,4.05,3.8,3.8,1756,0
20101206,3.8,3.8,3.5,3.8,3060,0
20101207,3.8,3.8,3.45,3.8,7639,0
20101208,3.8,4.45,3.37,4.45,20417,0
20101209,4.4,4.4,3.52,3.65,29065,0
20101210,3.65,3.65,3.46,3.6,7015,0
20101213,3.59,3.61,3.47,3.59,5155,0
20101214,3.6,3.61,3.46,3.56,297,0
20101215,3.57,3.58,3.34,3.58,3684,0
20101216,3.47,3.47,3.21,3.33,21999,0
20101217,3.27,3.44,3.02,3.39,7559,0
20101220,3.38,3.38,3.03,3.31,8854,0
20101221,3.3,3.36,3.16,3.34,832,0
20101222,3.33,3.37,3.1,3.31,6489,0
20101223,3.29,3.29,3.03,3.15,8575,0
20101227,3.03,3.5,3.03,3.25,11401,0
20101228,3.25,3.3,2.96,3.27,21177,0
20101229,3.27,3.39,3.03,3.39,3343,0
20101230,3.31,3.4,3.06,3.4,1630,0
20101231,3.35,3.4,3.33,3.39,413,0
20110103,3.39,3.46,3.2,3.36,1509,0
20110104,3.36,3.68,3.11,3.6,30516,0
20110105,3.6,3.6,3.29,3.56,3465,0
20110107,3.6,3.6,3.23,3.6,3364,0
20110110,3.59,3.6,3.26,3.58,3492,0
20110111,3.59,3.68,3.27,3.64,11601,0
20110112,3.55,3.55,3.33,3.55,2260,0
20110113,3.67,3.67,3.02,3.48,6971,0
20110114,3.48,3.48,3.31,3.4,1471,0
20110117,3.4,3.66,3.31,3.64,6114,0
20110118,3.53,3.6,3.22,3.5,4741,0
20110119,3.32,3.65,3.22,3.54,4771,0
20110120,3.54,3.54,3,3.25,5326,0
20110121,3.28,3.47,3.12,3.47,6558,0
20110124,3.47,3.47,3.06,3.39,4563,0
20110125,3.25,3.43,3.13,3.43,4163,0
20110126,3.41,3.68,3.2,3.48,8514,0
20110127,3.46,3.46,2.83,3.1,19923,0
20110128,3.19,3.2,3,3.2,13015,0
20110131,3.1,3.17,2.8,3.07,31154,0
20110201,3.01,3.02,2.9,3.02,5583,0
20110202,2.94,3.05,2.93,3.05,3112,0
20110203,3.01,3.13,2.93,3.1,4979,0
20110204,3.02,3.1,3.02,3.1,1356,0
20110208,2.94,3.09,2.9,3.09,550,0
20110209,2.82,2.82,2.5,2.51,69238,0
20110210,2.55,2.59,2.28,2.46,12590,0
20110211,2.31,2.55,2.31,2.55,1393,0
20110214,2.6,2.6,2.15,2.26,28468,0
20110215,2.21,2.49,2.03,2.49,31853,0
20110216,2.54,2.54,2.32,2.54,7396,0
20110217,2.54,2.54,2.21,2.41,12653,0
20110218,2.44,2.44,2.2,2.36,1102,0
20110221,2.36,2.4,2.23,2.4,4783,0
20110222,2.3,2.4,2.26,2.4,6701,0
20110223,2.4,2.4,2.4,2.4,2,0
20110224,2.4,2.45,2.27,2.45,11026,0
20110225,2.44,2.5,2.3,2.45,5419,0
20110228,2.4,2.4,2.13,2.38,12481,0
20110301,2.31,2.41,2.21,2.41,15993,0
20110302,2.3,2.39,2.3,2.39,2801,0
20110303,2.2,2.38,2.2,2.38,3275,0
20110304,2.3,2.3,2.15,2.3,4978,0
20110307,2.21,2.23,2.15,2.23,4839,0
20110308,2.23,2.3,2.1,2.3,5024,0
20110309,2.22,2.22,1.99,2.09,29641,0
20110310,2.09,2.09,2.04,2.04,5887,0
20110311,2,2.1,1.99,2.1,1342,0
20110314,2.05,2.16,1.98,2.16,1429,0
20110315,2.15,2.15,1.97,2.15,3648,0
20110316,1.97,2.3,1.96,2.25,120684,0
20110317,2.26,2.49,2.1,2.27,56776,0
20110318,2.18,2.26,2.17,2.24,3206,0
20110321,2.17,2.24,2,2.18,11782,0
20110322,2.12,2.17,1.94,2.17,7813,0
20110323,2.15,2.2,2.07,2.15,10303,0
20110324,2.01,2.05,2,2.05,4068,0
20110325,2.04,2.18,2,2.1,13690,0
20110328,2,2.1,2,2.08,17201,0
20110329,2.02,2.12,2,2.07,12575,0
20110330,2.08,2.08,2.07,2.07,3,0
20110331,2.06,2.06,1.98,1.99,2202,0
20110401,1.98,2.1,1.98,2,12451,0
20110404,2,2.06,2,2.06,301,0
20110405,2.01,2.11,2.01,2.1,7170,0
20110406,2.03,2.06,2.03,2.03,3301,0
20110407,2.04,2.27,2.03,2.18,28900,0
20110408,2.13,2.36,2.13,2.3,10919,0
20110411,2.18,2.34,2.17,2.34,10839,0
20110412,2.27,2.55,2.27,2.55,20081,0
20110413,2.41,2.87,2.38,2.81,25843,0
20110414,2.75,3.1,2.7,2.95,17318,0
20110415,2.88,2.97,2.77,2.9,16497,0
20110418,2.9,2.98,2.33,2.5,12889,0
20110419,2.61,2.87,2.44,2.55,9072,0
20110420,2.31,2.74,2.31,2.52,8544,0
20110421,2.63,2.71,2.52,2.55,13225,0
20110426,2.63,3,2.53,2.87,63120,0
20110427,2.89,2.89,2.82,2.88,3151,0
20110428,2.95,3.29,2.83,3.12,40239,0
20110429,3.2,3.79,3.15,3.4,74147,0
20110502,3.3,3.32,3.21,3.32,8307,0
20110504,3.24,3.38,3.13,3.36,8808,0
20110505,3.15,3.15,2.85,2.95,13249,0
20110506,2.88,2.9,2.8,2.9,4226,0
20110509,2.81,2.86,2.7,2.86,5313,0
20110510,2.86,3.28,2.7,3.15,7248,0
20110511,3.09,3.09,2.8,2.97,5707,0
20110512,2.95,2.95,2.7,2.87,4964,0
20110513,2.71,2.81,2.63,2.78,2185,0
20110516,2.72,2.74,2.53,2.56,9786,0
20110517,2.75,2.75,2.5,2.67,4735,0
20110518,2.5,2.7,2.5,2.7,9529,0
20110519,2.48,2.67,2.46,2.63,4506,0
20110520,2.55,2.55,2.45,2.53,7116,0
20110523,2.53,2.53,2.42,2.48,4884,0
20110524,2.35,2.64,2.3,2.6,36379,0
20110525,2.49,2.57,2.49,2.57,1547,0
20110526,2.42,2.48,2.33,2.48,6258,0
20110527,2.52,2.52,2.34,2.45,2540,0
20110530,2.46,2.48,2.32,2.44,4612,0
20110531,2.45,2.78,2.45,2.68,17035,0
20110601,2.58,2.58,2.35,2.44,38671,0
20110602,2.35,2.54,2.07,2.2,17309,0
20110603,2.19,2.19,2.02,2.1,55878,0
20110606,2.15,2.33,2.1,2.2,33732,0
20110607,2.23,2.23,2.16,2.21,1506,0
20110608,2.14,2.14,2.04,2.11,12338,0
20110609,2.03,2.1,2,2.06,16606,0
20110610,2.05,2.05,2,2.05,9867,0
20110613,2,2.03,1.96,2.01,13680,0
20110614,2.01,2.01,1.9,2,5539,0
20110615,2.02,2.02,1.96,2,6801,0
20110616,2.02,2.09,1.86,2.09,8553,0
20110617,1.92,2.09,1.92,2,17335,0
20110620,2.06,2.15,1.89,2,22088,0
20110621,1.95,2.3,1.95,2.22,27107,0
20110622,2.25,2.25,2.09,2.16,9338,0
20110624,2.21,2.47,2.13,2.4,23292,0
20110627,2.49,3.15,2.43,3.09,144352,0
20110628,2.71,2.97,2.48,2.51,86807,0
20110629,2.51,2.79,2.2,2.67,73816,0
20110630,2.69,2.69,2.5,2.5,13830,0
20110701,2.5,2.52,2.4,2.5,6274,0
20110704,2.45,2.51,2.2,2.5,7877,0
20110705,2.45,2.63,2.43,2.54,9571,0
20110706,2.57,2.57,2.36,2.5,3548,0
20110707,2.4,2.6,2.4,2.55,13495,0
20110708,2.57,2.63,2.42,2.6,17251,0
20110711,2.6,2.81,2.5,2.71,22812,0
20110712,2.7,2.74,2.51,2.7,12555,0
20110713,2.69,2.85,2.57,2.84,18804,0
20110714,2.7,2.75,2.52,2.7,7254,0
20110715,2.58,2.6,2.31,2.56,41375,0
20110718,2.48,2.49,2.29,2.29,10429,0
20110719,2.29,2.41,2.07,2.23,31838,0
20110720,2.16,2.34,2.11,2.2,34859,0
20110721,2.33,2.33,2.15,2.24,7728,0
20110722,2.25,2.27,2.05,2.16,17852,0
20110725,2.2,2.2,2.1,2.19,5524,0
20110726,2.12,2.19,2.05,2.18,18454,0
20110727,2.16,2.16,2.06,2.12,5375,0
20110728,2.13,2.13,1.95,2.08,9532,0
20110729,2.12,2.12,2.07,2.1,3515,0
20110801,2.13,2.13,1.93,2,21230,0
20110802,1.99,1.99,1.94,1.99,6018,0
20110803,1.9,1.99,1.87,1.99,6818,0
20110804,1.98,1.98,1.86,1.95,6005,0
20110805,1.81,1.89,1.81,1.89,9315,0
20110808,1.82,1.82,1.64,1.71,13970,0
20110809,1.65,1.79,1.41,1.79,28875,0
20110810,1.71,1.75,1.56,1.67,14002,0
20110811,1.6,1.75,1.6,1.7,4377,0
20110812,1.69,1.89,1.55,1.89,16450,0
20110816,1.88,1.88,1.6,1.67,24766,0
20110817,1.61,1.68,1.56,1.61,10562,0
20110818,1.58,1.58,1.4,1.48,21308,0
20110819,1.35,1.6,1.33,1.6,11361,0
20110822,1.56,1.57,1.47,1.57,4841,0
20110823,1.53,1.53,1.44,1.5,5361,0
20110824,1.5,1.5,1.5,1.5,12,0
20110825,1.45,1.56,1.38,1.38,7779,0
20110826,1.38,1.4,1.34,1.34,4352,0
20110829,1.39,1.45,1.39,1.45,5278,0
20110830,1.46,1.54,1.46,1.53,5756,0
20110831,1.41,1.49,1.4,1.4,7482,0
20110901,1.45,1.45,1.45,1.45,198,0
20110902,1.45,1.5,1.4,1.45,1957,0
20110905,1.33,1.39,1.32,1.39,1154,0
20110906,1.32,1.53,1.3,1.5,29141,0
20110907,1.5,1.56,1.46,1.46,9801,0
20110908,1.48,1.48,1.33,1.39,7880,0
20110909,1.39,1.45,1.3,1.38,9813,0
20110912,1.31,1.32,1.14,1.27,5246,0
20110913,1.3,1.33,1.2,1.22,17134,0
20110914,1.23,1.38,1.23,1.37,8754,0
20110915,1.37,1.44,1.29,1.4,5644,0
20110916,1.32,1.46,1.32,1.4,6438,0
20110919,1.31,1.32,1.2,1.23,10343,0
20110920,1.28,1.28,1.18,1.18,4465,0
20110921,1.18,1.29,1.1,1.16,5869,0
20110922,1.13,1.26,1.13,1.26,51,0
20110923,1.27,1.34,1.15,1.34,13416,0
20110926,1.36,1.36,1.31,1.31,1906,0
20110927,1.3,1.35,1.22,1.35,2621,0
20110928,1.37,1.37,1.21,1.3,185,0
20110929,1.21,1.22,1.21,1.22,10,0
20110930,1.21,1.36,1.21,1.36,2801,0
20111003,1.37,1.37,1.37,1.37,2,0
20111004,1.3,1.3,1.28,1.28,2,0
20111005,1.31,1.35,1.21,1.35,7141,0
20111006,1.35,1.35,1.22,1.27,12269,0
20111007,1.23,1.32,1.23,1.32,70,0
20111010,1.25,1.3,1.25,1.25,2984,0
20111011,1.3,1.44,1.3,1.44,8868,0
20111012,1.44,1.46,1.27,1.46,9226,0
20111013,1.49,1.49,1.4,1.4,3702,0
20111014,1.4,1.68,1.39,1.56,31987,0
20111017,1.47,1.65,1.47,1.62,5376,0
20111018,1.62,1.62,1.56,1.57,2097,0
20111019,1.62,1.62,1.51,1.55,671,0
20111020,1.54,1.54,1.4,1.45,4841,0
20111021,1.4,1.43,1.12,1.2,10070,0
20111024,1.36,1.42,1.26,1.33,6089,0
20111025,1.35,1.42,1.34,1.42,2700,0
20111026,1.42,1.42,1.39,1.42,922,0
20111027,1.42,1.44,1.42,1.44,1001,0
20111031,1.47,1.5,1.35,1.5,8073,0
20111102,1.42,1.63,1.4,1.52,25534,0
20111103,1.52,1.53,1.52,1.53,1374,0
20111104,1.53,1.53,1.44,1.44,5872,0
20111107,1.42,1.48,1.42,1.48,2657,0
20111108,1.52,1.52,1.5,1.5,2,0
20111109,1.49,1.49,1.46,1.46,2,0
20111110,1.46,1.46,1.46,1.46,1,0
20111114,1.45,1.45,1.34,1.34,2361,0
20111115,1.34,1.45,1.27,1.27,4521,0
20111116,1.27,1.37,1.27,1.37,706,0
20111117,1.37,1.4,1.34,1.4,702,0
20111118,1.3,1.4,1.28,1.28,430,0
20111121,1.28,1.28,1.28,1.28,2,0
20111122,1.28,1.31,1.21,1.21,2351,0
20111123,1.3,1.3,1.3,1.3,200,0
20111124,1.2,1.25,1.2,1.25,3002,0
20111125,1.29,1.45,1.21,1.45,7482,0
20111128,1.45,1.45,1.23,1.33,2900,0
20111130,1.37,1.37,1.24,1.33,2293,0
20111201,1.37,1.37,1.37,1.37,1,0
20111202,1.37,1.37,1.22,1.29,3173,0
20111205,1.29,1.35,1.29,1.31,6439,0
20111206,1.33,1.4,1.3,1.3,2994,0
20111207,1.31,1.33,1.31,1.31,110,0
20111208,1.33,1.35,1.32,1.34,112,0
20111209,1.34,1.35,1.33,1.35,438,0
20111212,1.34,1.39,1.34,1.38,1992,0
20111213,1.39,1.39,1.33,1.33,2403,0
20111214,1.33,1.33,1.23,1.33,213,0
20111215,1.31,1.31,1.24,1.31,9920,0
20111216,1.31,1.31,1.24,1.31,2618,0
20111219,1.31,1.31,1.31,1.31,2,0
20111220,1.31,1.31,1.31,1.31,2,0
20111221,1.31,1.31,1.24,1.3,1102,0
20111222,1.3,1.3,1.3,1.3,2,0
20111223,1.3,1.3,1.2,1.22,4975,0
20111227,1.29,1.29,1.17,1.29,9835,0
20111228,1.29,1.29,1.17,1.17,521,0
20111229,1.17,1.17,1.17,1.17,120,0
20111230,1.2,1.37,1.2,1.37,5603,0
20120102,1.33,1.37,1.28,1.37,1526,0
20120103,1.37,1.45,1.25,1.32,8721,0
20120104,1.4,1.4,1.3,1.35,632,0
20120105,1.39,1.39,1.39,1.39,1,0
20120109,1.33,1.33,1.33,1.33,710,0
20120110,1.32,1.35,1.32,1.32,260,0
20120111,1.34,1.44,1.31,1.32,580,0
20120112,1.28,1.3,1.28,1.3,1120,0
20120116,1.3,1.3,1.3,1.3,2,0
20120117,1.3,1.3,1.26,1.26,1002,0
20120118,1.26,1.44,1.26,1.33,5414,0
20120119,1.35,1.41,1.35,1.41,2961,0
20120120,1.4,1.4,1.33,1.4,1623,0
20120123,1.42,1.42,1.3,1.3,10071,0
20120124,1.3,1.34,1.29,1.34,2501,0
20120125,1.28,1.58,1.28,1.5,17690,0
20120126,1.47,1.74,1.37,1.5,14610,0
20120127,1.5,1.66,1.42,1.6,5309,0
20120130,1.58,1.58,1.44,1.44,3413,0
20120131,1.43,1.53,1.43,1.43,2716,0
20120201,1.45,1.45,1.37,1.4,2503,0
20120202,1.4,1.44,1.39,1.39,2201,0
20120203,1.4,1.46,1.38,1.38,4409,0
20120206,1.4,1.47,1.38,1.41,6664,0
20120207,1.42,1.55,1.4,1.54,15925,0
20120208,1.56,1.62,1.56,1.62,3622,0
20120209,1.62,1.62,1.41,1.5,5437,0
20120210,1.51,1.68,1.5,1.65,9340,0
20120213,1.57,1.81,1.55,1.81,10304,0
20120214,1.81,2.1,1.8,1.8,22068,0
20120215,1.76,1.87,1.61,1.87,20009,0
20120216,1.65,1.76,1.58,1.7,12971,0
20120217,1.65,1.8,1.65,1.8,3180,0
20120220,1.75,1.75,1.6,1.73,8705,0
20120221,1.73,1.73,1.64,1.7,2504,0
20120222,1.74,1.74,1.52,1.52,4928,0
20120223,1.52,1.74,1.52,1.55,3835,0
20120224,1.59,1.66,1.59,1.62,8651,0
20120227,1.62,1.7,1.55,1.7,12057,0
20120228,1.65,1.83,1.65,1.65,3750,0
20120229,1.7,1.7,1.58,1.62,3334,0
20120301,1.66,1.66,1.66,1.66,1,0
20120302,1.62,1.91,1.62,1.85,35215,0
20120305,1.93,1.98,1.89,1.96,16283,0
20120306,1.95,1.95,1.85,1.89,25465,0
20120307,1.82,1.85,1.82,1.85,3001,0
20120308,1.82,1.9,1.82,1.83,7811,0
20120309,1.83,1.9,1.79,1.88,13437,0
20120312,1.88,1.88,1.77,1.84,3871,0
20120313,1.84,1.89,1.77,1.85,5028,0
20120314,1.9,1.9,1.77,1.77,3024,0
20120315,1.8,1.8,1.8,1.8,25,0
20120316,1.75,1.75,1.75,1.75,530,0
20120319,1.75,1.8,1.75,1.8,3,0
20120320,1.8,1.88,1.8,1.88,1440,0
20120321,1.87,1.87,1.78,1.78,1411,0
20120322,1.78,1.78,1.78,1.78,400,0
20120323,1.8,1.85,1.75,1.8,656,0
20120326,1.8,1.84,1.8,1.83,1981,0
20120327,1.84,1.89,1.56,1.77,5015,0
20120328,1.76,1.86,1.68,1.86,3990,0
20120329,1.87,1.87,1.69,1.78,2937,0
20120330,1.78,1.8,1.7,1.7,1091,0
20120402,1.7,1.7,1.7,1.7,900,0
20120403,1.73,1.73,1.73,1.73,1,0
20120404,1.72,1.84,1.63,1.84,2406,0
20120411,1.67,1.67,1.67,1.67,501,0
20120412,1.67,1.76,1.67,1.75,602,0
20120413,1.7,1.7,1.7,1.7,601,0
20120416,1.71,1.75,1.71,1.75,2,0
20120417,1.7,1.76,1.7,1.76,601,0
20120418,1.72,1.72,1.72,1.72,601,0
20120419,1.72,1.72,1.6,1.61,6593,0
20120420,1.61,1.69,1.61,1.69,7,0
20120423,1.69,1.69,1.62,1.62,727,0
20120424,1.62,1.62,1.62,1.62,501,0
20120425,1.7,1.7,1.62,1.62,511,0
20120426,1.6,1.6,1.6,1.6,500,0
20120427,1.58,1.66,1.58,1.66,552,0
20120430,1.66,1.66,1.57,1.66,4572,0
20120502,1.62,1.75,1.6,1.62,6599,0
20120504,1.53,1.61,1.53,1.61,402,0
20120507,1.62,1.62,1.62,1.62,1001,0
20120509,1.62,1.62,1.62,1.62,130,0
20120511,1.62,1.65,1.6,1.65,1301,0
20120514,1.6,1.6,1.6,1.6,801,0
20120516,1.55,1.55,1.5,1.5,3129,0
20120517,1.5,1.57,1.5,1.57,591,0
20120521,1.57,1.57,1.57,1.57,1,0
20120522,1.49,1.49,1.49,1.49,171,0
20120523,1.57,1.57,1.47,1.47,544,0
20120525,1.55,1.55,1.3,1.3,9051,0
20120528,1.33,1.5,1.33,1.5,7215,0
20120529,1.5,1.5,1.42,1.42,3526,0
20120530,1.4,1.4,1.4,1.4,346,0
20120531,1.4,1.56,1.4,1.56,3621,0
20120601,1.57,1.58,1.51,1.58,1102,0
20120604,1.58,1.6,1.57,1.57,2596,0
20120605,1.46,1.46,1.44,1.45,2306,0
20120606,1.45,1.46,1.45,1.46,1679,0
20120608,1.4,1.57,1.4,1.57,10376,0
20120611,1.54,1.57,1.54,1.57,1002,0
20120612,1.57,1.57,1.48,1.48,2501,0
20120614,1.53,1.53,1.53,1.53,1,0
20120618,1.56,1.56,1.56,1.56,1,0
20120620,1.44,1.44,1.44,1.44,251,0
20120621,1.43,1.56,1.39,1.56,5758,0
20120625,1.56,1.56,1.56,1.56,1,0
20120626,1.55,1.55,1.55,1.55,2,0
20120627,1.55,1.55,1.55,1.55,501,0
20120628,1.55,1.55,1.55,1.55,2,0
20120629,1.55,1.55,1.55,1.55,2,0
20120702,1.55,1.55,1.55,1.55,2,0
20120703,1.55,1.55,1.55,1.55,2,0
20120704,1.55,1.55,1.55,1.55,2,0
20120705,1.55,1.56,1.55,1.56,779,0
20120706,1.42,1.5,1.42,1.5,301,0
20120709,1.5,1.5,1.5,1.5,100,0
20120711,1.39,1.45,1.39,1.45,2889,0
20120712,1.45,1.45,1.45,1.45,2,0
20120713,1.45,1.5,1.45,1.5,110,0
20120716,1.5,1.5,1.5,1.5,1,0
20120718,1.5,1.5,1.5,1.5,1,0
20120720,1.49,1.49,1.49,1.49,2,0
20120723,1.49,1.49,1.49,1.49,2,0
20120724,1.49,1.49,1.49,1.49,1,0
20120725,1.49,1.49,1.34,1.36,7109,0
20120726,1.41,1.41,1.41,1.41,1,0
20120727,1.4,1.69,1.39,1.69,22927,0
20120730,1.52,1.75,1.48,1.75,3491,0
20120731,1.5,1.63,1.5,1.5,2521,0
20120801,1.55,1.8,1.55,1.8,4843,0
20120802,1.78,1.85,1.78,1.84,1497,0
20120803,1.86,1.86,1.86,1.86,1,0
20120806,1.64,1.64,1.63,1.63,5140,0
20120807,1.75,1.75,1.75,1.75,1,0
20120808,1.74,1.74,1.55,1.6,1604,0
20120809,1.6,1.6,1.6,1.6,500,0
20120810,1.59,1.6,1.5,1.6,1001,0
20120813,1.62,1.62,1.62,1.62,500,0
20120814,1.63,1.63,1.63,1.63,2,0
20120816,1.64,1.64,1.55,1.64,1212,0
20120817,1.64,1.64,1.64,1.64,1,0
20120820,1.55,1.55,1.55,1.55,451,0
20120821,1.55,1.55,1.55,1.55,2,0
20120822,1.55,1.6,1.55,1.6,3,0
20120823,1.6,1.62,1.6,1.62,1063,0
20120824,1.63,1.63,1.63,1.63,2,0
20120827,1.64,1.64,1.62,1.62,1392,0
20120828,1.63,1.64,1.5,1.62,4232,0
20120829,1.62,1.63,1.62,1.63,353,0
20120830,1.63,1.63,1.54,1.61,502,0
20120831,1.61,1.61,1.48,1.48,10369,0
20120903,1.48,1.48,1.48,1.48,704,0
20120904,1.48,1.49,1.43,1.49,3797,0
20120905,1.49,1.6,1.45,1.45,5661,0
20120906,1.55,1.55,1.4,1.53,8428,0
20120910,1.53,1.55,1.53,1.55,7,0
20120911,1.6,1.61,1.46,1.52,10500,0
20120912,1.52,1.52,1.52,1.52,1,0
20120913,1.52,1.52,1.52,1.52,534,0
20120914,1.53,1.56,1.53,1.55,551,0
20120917,1.57,1.57,1.57,1.57,1,0
20120918,1.61,1.61,1.42,1.53,1932,0
20120919,1.53,1.53,1.53,1.53,569,0
20120920,1.54,1.57,1.4,1.53,5123,0
20120921,1.53,1.53,1.42,1.48,1506,0
20120924,1.48,1.48,1.38,1.45,1324,0
20120925,1.45,1.52,1.45,1.52,723,0
20120926,1.53,1.53,1.53,1.53,1,0
20120927,1.52,1.53,1.48,1.53,1777,0
20120928,1.53,1.55,1.53,1.55,582,0
20121001,1.55,1.55,1.4,1.49,1500,0
20121002,1.49,1.49,1.49,1.49,299,0
20121003,1.49,1.52,1.49,1.52,65,0
20121004,1.52,1.52,1.4,1.49,403,0
20121005,1.49,1.52,1.49,1.52,1500,0
20121008,1.52,1.55,1.52,1.55,17,0
20121009,1.55,1.55,1.55,1.55,9,0
20121012,1.42,1.55,1.42,1.55,211,0
20121016,1.51,1.86,1.51,1.85,15889,0
20121017,1.68,1.84,1.68,1.8,9178,0
20121018,1.8,1.86,1.7,1.86,18883,0
20121019,1.81,1.81,1.68,1.8,6506,0
20121022,1.8,2.1,1.8,1.9,59107,0
20121023,1.84,1.94,1.56,1.61,13349,0
20121024,1.62,1.98,1.62,1.98,15315,0
20121025,1.97,1.97,1.85,1.95,3194,0
20121026,1.7,2.34,1.7,2.34,15587,0
20121029,2.1,2.51,2.1,2.4,23435,0
20121030,2.4,2.59,2.2,2.4,11964,0
20121031,2.48,2.64,2.25,2.57,13061,0
20121102,2.58,2.75,2.31,2.67,7635,0
20121105,2.6,2.6,2.31,2.49,10129,0
20121106,2.5,2.5,2.47,2.49,102,0
20121107,2.49,2.49,2.06,2.3,10472,0
20121109,2.06,2.22,2.01,2.22,3439,0
20121112,2.2,2.78,2.2,2.78,14282,0
20121113,2.68,2.69,2.5,2.6,2842,0
20121114,2.6,2.6,2.55,2.59,649,0
20121115,2.21,2.5,2.2,2.5,1605,0
20121116,2.58,2.58,2.58,2.58,2,0
20121119,2.3,2.3,2.3,2.3,2750,0
20121120,2.43,2.43,2.37,2.43,4054,0
20121121,2.45,2.45,2.18,2.45,1138,0
20121123,2.19,2.35,2.19,2.31,1824,0
20121126,2.18,2.43,1.88,2.41,32208,0
20121127,2.12,2.37,1.93,1.93,13334,0
20121128,1.93,2.17,1.9,2.02,4576,0
20121129,1.8,2.11,1.7,2.07,16646,0
20121130,2.07,2.07,2,2,551,0
20121203,2.07,2.36,2.02,2.22,4323,0
20121204,2.28,2.49,2.18,2.49,8116,0
20121205,2.56,2.59,2.32,2.56,6393,0
20121206,2.43,2.43,2.12,2.4,6596,0
20121207,2.4,2.41,2.1,2.41,962,0
20121210,2.41,2.41,2.41,2.41,1,0
20121211,2.4,2.53,2.4,2.51,20593,0
20121212,2.51,2.51,2.01,2.01,17749,0
20121213,2.02,2.19,2.02,2.19,156,0
20121217,2.19,2.19,1.93,2.18,3474,0
20121218,1.92,2.1,1.92,2.1,212,0
20121219,2,2.18,1.92,2.18,1630,0
20121221,2.14,2.18,2.13,2.18,5612,0
20121227,2.18,2.38,2.1,2.35,4067,0
20121228,2.16,2.35,2,2.27,8537,0
20130102,2.3,2.3,2.05,2.16,452,0
20130103,2.16,2.16,2.16,2.16,9,0
20130104,2.05,2.29,2.05,2.29,566,0
20130107,2.29,2.29,2.29,2.29,1,0
20130108,1.97,2.47,1.96,2.42,10938,0
20130109,2.12,2.42,2.05,2.38,13039,0
20130110,2.33,2.4,2.33,2.4,723,0
20130114,2.4,2.4,2.3,2.4,202,0
20130115,2.3,2.4,2.3,2.4,351,0
20130116,2.16,2.39,2.16,2.39,2597,0
20130121,2.39,2.39,2.3,2.39,227,0
20130122,2.18,2.37,2.1,2.21,4771,0
20130123,2.26,2.26,2.15,2.22,1074,0
20130124,2.27,2.27,1.85,1.89,8869,0
20130125,1.91,2.06,1.86,1.87,3828,0
20130128,1.87,1.96,1.77,1.77,4313,0
20130129,1.94,2.17,1.77,2.17,5859,0
20130130,2.17,2.22,2,2.22,1608,0
20130131,2.1,2.26,2.1,2.26,1178,0
20130201,2.08,2.26,1.98,2.21,3296,0
20130204,2.05,2.19,1.98,2.02,5515,0
20130205,2.01,2.39,2.01,2.35,38997,0
20130206,2.32,2.33,2.08,2.25,4664,0
20130207,2.23,2.3,1.93,1.96,24046,0
20130208,2.1,2.12,2.04,2.07,2619,0
20130211,2.16,2.16,2.16,2.16,112,0
20130212,2.03,2.11,1.92,2,5699,0
20130213,1.94,2.12,1.94,2.03,2028,0
20130214,2.05,2.26,1.77,1.77,10161,0
20130215,1.94,2.05,1.78,1.93,7797,0
20130218,1.93,2,1.93,2,2,0
20130219,1.92,1.92,1.82,1.82,2541,0
20130220,1.93,2.17,1.88,1.9,18783,0
20130221,1.95,1.95,1.89,1.89,1201,0
20130222,1.9,1.93,1.9,1.93,758,0
20130225,1.96,2.12,1.96,1.99,6696,0
20130226,1.99,2.11,1.93,2.08,8030,0
20130227,1.95,1.95,1.95,1.95,465,0
20130228,1.93,2.02,1.78,1.89,5862,0
20130301,1.89,1.94,1.89,1.94,2,0
20130304,1.95,1.99,1.95,1.99,481,0
20130305,2.01,2.34,1.98,2.34,51104,0
20130306,2.39,2.4,2.21,2.4,7184,0
20130307,2.4,2.44,2.29,2.38,7501,0
20130308,2.23,2.43,2.23,2.43,3121,0
20130311,2.42,2.42,2.21,2.42,6967,0
20130312,2.38,2.55,2.34,2.5,35778,0
20130313,2.5,2.54,2.23,2.39,3963,0
20130314,2.41,2.55,2.24,2.55,13284,0
20130315,2.53,2.54,2.5,2.5,2485,0
20130318,2.45,2.5,2.29,2.5,6390,0
20130319,2.5,2.5,2.26,2.43,1523,0
20130320,2.25,2.42,2.23,2.35,959,0
20130321,2.38,2.49,2.23,2.24,16022,0
20130322,2.23,2.49,2.19,2.3,913,0
20130325,2.3,2.49,2.12,2.27,5471,0
20130326,2.25,2.27,2.13,2.27,285,0
20130327,2.27,2.36,2.12,2.36,2365,0
20130328,2.23,2.45,2.04,2.45,10736,0
20130402,2.2,2.45,2.2,2.45,2007,0
20130403,2.3,2.3,2.2,2.3,3005,0
20130404,2.3,2.3,2.2,2.2,501,0
20130405,2.2,2.34,2.2,2.32,5955,0
20130408,2.36,2.45,2.13,2.45,6709,0
20130409,2.24,2.24,2.13,2.24,30,0
20130410,2.24,2.24,2.13,2.24,9,0
20130411,2.24,2.31,2.13,2.31,889,0
20130412,2.31,2.34,2.05,2.08,5581,0
20130415,2.28,2.5,2.17,2.34,3728,0
20130417,2.32,2.45,2.11,2.45,4159,0
20130418,2.4,2.4,2.15,2.3,1359,0
20130419,2.3,2.36,2.17,2.36,1648,0
20130422,2.37,2.5,2.18,2.49,19712,0
20130423,2.49,2.5,2.25,2.4,5759,0
20130424,2.4,2.45,2.32,2.45,224,0
20130425,2.45,2.45,2.32,2.43,97,0
20130426,2.45,2.45,2.26,2.4,2646,0
20130429,2.42,2.45,2.15,2.39,27001,0
20130430,2.41,2.41,2.2,2.27,8873,0
20130502,2.3,2.37,2.21,2.21,2651,0
20130506,2.21,2.3,2.2,2.2,1185,0
20130507,2.16,2.3,2.16,2.24,192,0
20130508,2.16,2.25,2.1,2.13,3663,0
20130509,2.05,2.2,2.05,2.05,2017,0
20130510,2.06,2.37,2.03,2.08,11007,0
20130513,2.09,2.23,2.09,2.21,1322,0
20130514,2.21,2.26,2.12,2.26,209,0
20130515,2.26,2.37,2.15,2.15,5707,0
20130516,2.15,2.25,2.05,2.08,5390,0
20130517,2.1,2.15,1.96,1.97,2881,0
20130520,2.08,2.17,2.01,2.03,7741,0
20130521,2.04,2.13,2.03,2.03,3261,0
20130522,2.05,2.13,2.03,2.03,1332,0
20130523,2.03,2.13,2,2.04,3858,0
20130524,2.01,2.03,2,2.03,2271,0
20130527,2.06,2.11,2.03,2.03,101,0
20130528,2.06,2.11,2,2.06,4723,0
20130529,2.01,2.09,1.97,1.97,3162,0
20130531,1.97,2.05,1.97,2,1326,0
20130603,2,2.16,2,2.02,3769,0
20130604,2.05,2.15,2.02,2.02,4003,0
20130605,2.02,2.02,2,2,4155,0
20130606,2,2.04,2,2.04,202,0
20130607,2.12,2.12,2,2,772,0
20130610,2.02,2.1,2.01,2.02,134,0
20130611,2.05,2.05,1.94,1.96,5232,0
20130612,1.93,2.03,1.82,1.89,7517,0
20130613,1.94,1.95,1.86,1.89,3314,0
20130614,1.9,1.99,1.9,1.97,126,0
20130617,1.97,2,1.93,2,2282,0
20130618,2,2,2,2,2,0
20130619,1.94,2,1.93,1.93,454,0
20130620,1.93,1.93,1.9,1.9,1256,0
20130621,1.9,1.9,1.9,1.9,485,0
20130624,1.9,1.9,1.9,1.9,181,0
20130625,1.9,1.94,1.9,1.94,300,0
20130626,1.94,1.94,1.94,1.94,3,0
20130627,1.9,1.94,1.8,1.94,2376,0
20130628,1.83,1.83,1.8,1.8,2826,0
20130701,1.94,1.94,1.94,1.94,7,0
20130702,1.83,1.9,1.83,1.9,1004,0
20130703,1.9,2.02,1.9,2.02,4688,0
20130704,2.01,2.25,2.01,2.15,26236,0
20130705,2.19,2.29,2.09,2.18,10479,0
20130708,2.15,2.32,2.03,2.32,18752,0
20130709,2.3,2.3,2.11,2.2,2065,0
20130710,2.2,2.34,2.2,2.33,21876,0
20130711,2.32,2.33,2.19,2.33,1691,0
20130712,2.14,2.22,2.11,2.21,633,0
20130715,2.18,2.18,2.11,2.11,11,0
20130716,2.11,2.21,1.77,1.83,11810,0
20130717,1.85,1.94,1.85,1.86,3528,0
20130718,1.86,1.99,1.86,1.86,2661,0
20130719,1.91,1.99,1.87,1.94,3429,0
20130722,1.87,1.94,1.87,1.87,258,0
20130723,1.87,1.95,1.87,1.89,2503,0
20130724,1.9,1.9,1.9,1.9,1001,0
20130725,1.95,1.95,1.95,1.95,201,0
20130726,1.9,1.9,1.9,1.9,15,0
20130729,1.94,1.94,1.9,1.9,987,0
20130730,1.86,1.9,1.86,1.9,532,0
20130731,1.9,1.9,1.77,1.83,1500,0
20130801,1.83,1.87,1.77,1.83,1479,0
20130802,1.83,1.88,1.76,1.85,4189,0
20130805,1.85,1.87,1.78,1.87,85,0
20130806,1.87,1.87,1.87,1.87,11,0
20130807,1.85,2.09,1.78,2.05,4605,0
20130808,2,2,1.91,1.91,2315,0
20130809,1.92,2.01,1.92,1.94,677,0
20130812,1.94,2.05,1.91,2.02,5772,0
20130813,2.03,2.03,1.96,1.96,751,0
20130814,1.96,1.96,1.85,1.85,2902,0
20130816,1.84,1.93,1.7,1.86,8650,0
20130819,1.88,1.95,1.83,1.95,194,0
20130820,1.9,1.95,1.83,1.85,1358,0
20130821,1.95,1.95,1.75,1.85,3811,0
20130822,1.85,1.85,1.85,1.85,218,0
20130823,1.85,1.85,1.71,1.85,1560,0
20130826,1.81,1.88,1.8,1.86,4077,0
20130827,1.8,1.82,1.71,1.71,7018,0
20130828,1.7,2.44,1.7,2.39,50805,0
20130829,2.45,2.5,2.26,2.5,29116,0
20130830,2.39,2.44,2.1,2.34,1612,0
20130902,2.34,2.43,2.26,2.26,204,0
20130903,2.21,2.3,2.06,2.23,7873,0
20130904,2.26,2.26,2.06,2.1,2342,0
20130905,2.1,2.2,2.09,2.1,2140,0
20130906,2.1,2.25,2.1,2.25,2963,0
20130909,2.24,2.45,2.24,2.32,2867,0
20130910,2.35,2.35,2.27,2.35,4171,0
20130911,2.27,2.3,2.17,2.17,706,0
20130912,2.11,2.73,2.06,2.57,21884,0
20130913,2.66,2.75,2.66,2.74,6321,0
20130916,2.74,2.74,2.55,2.61,2916,0
20130917,2.6,2.61,2.6,2.61,301,0
20130918,2.61,2.71,2.48,2.57,8168,0
20130919,2.54,2.7,2.49,2.49,3131,0
20130920,2.5,2.6,2.42,2.42,1894,0
20130923,2.43,2.52,2.42,2.42,200,0
20130924,2.45,2.45,2.05,2.27,6392,0
20130925,2.32,2.32,2.14,2.19,1557,0
20130926,2.19,2.35,2.19,2.2,20882,0
20130927,2.25,2.67,2.25,2.54,3886,0
20130930,2.66,2.66,2.48,2.59,1765,0
20131001,2.43,2.54,2.37,2.38,898,0
20131002,2.4,2.9,2.4,2.9,15896,0
20131003,2.9,3.15,2.76,2.96,20976,0
20131004,2.87,3.2,2.8,3.11,4833,0
20131007,3.04,3.04,2.65,2.84,10375,0
20131008,2.86,2.86,2.69,2.69,2870,0
20131009,2.8,2.8,2.66,2.69,785,0
20131010,2.68,3.09,2.63,2.99,8639,0
20131011,2.81,2.86,2.77,2.8,4727,0
20131014,2.8,2.88,2.8,2.88,421,0
20131015,2.9,2.92,2.79,2.79,7871,0
20131016,2.85,2.85,2.66,2.83,6265,0
20131017,2.84,3.09,2.7,3.08,19119,0
20131018,3.08,3.3,3,3.3,16974,0
20131021,3.34,3.72,3.16,3.39,14037,0
20131022,3.5,3.6,3.2,3.59,5303,0
20131023,3.45,3.45,3.16,3.39,1579,0
20131024,3.4,3.49,3.28,3.49,158,0
20131025,3.48,3.48,3.19,3.26,4268,0
20131028,3.3,3.31,3.08,3.3,1284,0
20131029,3.3,3.58,3.09,3.58,675,0
20131030,3.25,3.31,3.13,3.13,422,0
20131031,3.31,3.31,3.1,3.2,1154,0
20131104,3.2,3.49,3.2,3.49,1488,0
20131105,3.44,3.44,3.13,3.4,2793,0
20131106,3.36,3.36,3.1,3.2,5496,0
20131107,3.1,3.2,3.1,3.2,102,0
20131108,3.12,3.12,3.12,3.12,150,0
20131112,3.12,3.23,3.12,3.23,2,0
20131114,3.23,3.47,3.23,3.47,5019,0
20131115,3.47,4,3.31,3.7,21805,0
20131118,3.69,3.69,3.44,3.44,2990,0
20131119,3.36,3.37,2.9,3.11,10913,0
20131120,3.03,3.22,3.03,3.22,253,0
20131121,3.22,3.22,3.05,3.05,113,0
20131122,3.06,3.06,3.06,3.06,702,0
20131125,3.19,3.2,3,3,1151,0
20131126,2.99,3.19,2.97,3,1502,0
20131127,3.05,3.19,3.05,3.19,122,0
20131128,3.19,3.26,2.97,3.1,3650,0
20131129,3.24,3.48,3.2,3.22,3538,0
20131202,3.3,3.5,3.11,3.18,10312,0
20131203,3.18,3.29,3.18,3.29,1605,0
20131204,3.29,3.68,3.18,3.68,2786,0
20131205,3.68,3.68,3.48,3.48,932,0
20131206,3.48,3.48,3.48,3.48,20,0
20131209,3.48,3.71,3.46,3.46,866,0
20131210,3.46,3.46,3.26,3.46,223,0
20131211,3.46,3.46,3.46,3.46,2,0
20131212,3.46,3.46,3.23,3.42,2875,0
20131213,3.42,3.6,3.2,3.5,1889,0
20131216,3.48,3.48,3.25,3.4,1979,0
20131218,3.35,3.35,3.16,3.16,466,0
20131219,3.16,3.37,3.14,3.37,135,0
20131220,3.16,3.27,2.97,3.22,2316,0
20131223,3.23,3.31,3.16,3.25,8415,0
20131227,3.25,3.25,3.25,3.25,201,0
20131230,3.06,3.28,3.06,3.28,1192,0
20140102,3.34,3.34,3.15,3.28,1053,0
20140103,3.3,3.3,3.3,3.3,5,0
20140107,3.3,3.3,3.3,3.3,545,0
20140108,3.27,3.27,3.2,3.2,1011,0
20140109,3.2,3.2,3.2,3.2,289,0
20140110,3.27,3.27,3.27,3.27,1,0
20140113,3.24,3.24,3.24,3.24,900,0
20140114,3.25,3.25,3.25,3.25,8,0
20140115,3.25,3.34,3.25,3.34,2152,0
20140116,3.27,3.4,3.27,3.4,2960,0
20140117,3.4,3.67,3.4,3.65,1392,0
20140120,3.61,3.61,3.61,3.61,5,0
20140121,3.61,3.61,3.61,3.61,2,0
20140122,3.61,3.61,3.41,3.59,213,0
20140123,3.6,3.6,3.42,3.6,1537,0
20140124,3.59,3.59,3.39,3.54,887,0
20140128,3.45,3.49,3.45,3.49,3501,0
20140129,3.4,3.4,3.4,3.4,1001,0
20140130,3.4,3.4,3.4,3.4,632,0
20140203,3.41,3.51,3.41,3.51,33,0
20140205,3.5,3.67,3.48,3.67,2957,0
20140206,3.49,3.49,3.47,3.47,808,0
20140207,3.52,3.88,3.52,3.88,2700,0
20140210,3.86,3.86,3.86,3.86,77,0
20140211,3.85,4.09,3.73,3.84,8607,0
20140212,4.04,4.05,3.56,3.8,5140,0
20140213,3.82,3.82,3.56,3.57,806,0
20140214,3.59,4.08,3.59,4.08,5306,0
20140217,4.08,4.26,4.08,4.26,4804,0
20140218,4.27,4.39,4.27,4.33,2637,0
20140219,4.33,4.37,4.33,4.37,186,0
20140220,4.37,4.37,4.05,4.34,779,0
20140221,4.36,4.36,4.01,4.01,4390,0
20140224,4.02,4.26,4.02,4.26,960,0
20140225,4.2,4.33,4.01,4.32,822,0
20140226,4.32,4.32,4.03,4.06,1282,0
20140227,4.08,4.08,4.08,4.08,370,0
20140228,4.13,4.13,4.1,4.1,2112,0
20140303,4.15,4.15,4.15,4.15,1090,0
20140304,4.1,4.1,3.97,4,1198,0
20140305,4,4,4,4,1,0
20140306,4,4.1,4,4.1,201,0
20140310,4.25,4.25,4.1,4.1,2968,0
20140311,4.1,4.1,4.1,4.1,1,0
20140312,4.1,4.1,3.87,4.09,1007,0
20140313,4,4,3.96,3.96,1443,0
20140314,3.96,3.96,3.17,3.7,6190,0
20140317,3.75,3.94,3.75,3.94,717,0
20140318,3.94,4.07,3.94,4.07,1202,0
20140319,4.09,4.09,4.09,4.09,1,0
20140324,4.09,4.09,3.91,4.09,559,0
20140325,4.09,4.5,4.09,4.48,11572,0
20140326,4.48,4.48,4.23,4.23,427,0
20140327,4.48,4.48,4.48,4.48,2,0
20140328,4.22,4.22,4,4.22,3736,0
20140331,4.22,4.22,3.92,4.22,782,0
20140402,4.02,4.02,4.02,4.02,7,0
20140403,4.19,4.22,3.91,4.22,931,0
20140407,4.18,4.22,3.84,4.22,3191,0
20140410,4,4.22,3.93,4.15,912,0
20140411,4.2,4.2,3.93,3.93,383,0
20140414,4.2,4.22,3.83,4.05,2512,0
20140415,4.18,4.18,4.18,4.18,1,0
20140422,4.09,4.17,4.09,4.17,484,0
20140423,4.1,4.17,4.1,4.17,501,0
20140424,4.17,4.17,4.17,4.17,4,0
20140425,4.17,4.17,3.89,4.12,1593,0
20140428,4.12,4.12,4.12,4.12,1,0
20140429,3.95,4.12,3.95,4.12,324,0
20140430,4.12,4.12,4.12,4.12,1,0
20140502,4.11,4.11,4.11,4.11,2,0
20140505,4.11,4.12,3.95,4.12,2422,0
20140506,4.12,4.41,4.12,4.41,1194,0
20140507,4.39,4.4,4.16,4.4,209,0
20140508,4.4,4.4,4.05,4.05,588,0
20140509,4.2,4.2,4.2,4.2,1,0
20140512,4,4.19,4,4.19,231,0
20140513,4.19,4.2,4.19,4.2,250,0
20140514,4,4.14,3.91,4.14,1109,0
20140515,4.14,4.14,3.5,3.79,8225,0
20140516,3.47,3.96,3.47,3.87,5467,0
20140520,3.84,3.84,3.8,3.8,1021,0
20140521,3.8,3.8,3.8,3.8,102,0
20140522,3.81,3.81,3.81,3.81,10,0
20140526,3.56,3.82,3.13,3.27,7374,0
20140527,3.33,3.51,3.17,3.45,1349,0
20140528,3.47,3.63,3.33,3.63,1501,0
20140529,3.62,3.62,3.5,3.61,2014,0
20140530,3.61,3.63,3.5,3.58,4283,0
20140602,3.57,3.72,3.5,3.72,4153,0
20140603,3.72,3.76,3.7,3.7,1288,0
20140604,3.51,3.55,3.41,3.55,924,0
20140605,3.54,3.54,3.54,3.54,17,0
20140606,3.31,3.55,3.31,3.55,456,0
20140609,3.54,3.54,3.31,3.49,913,0
20140610,3.49,3.52,3.3,3.52,3664,0
20140611,3.52,3.52,3.3,3.5,1819,0
20140612,3.5,4.14,3.27,4.03,25461,0
20140613,4.05,4.12,3.68,3.92,17605,0
20140616,3.7,3.87,3.64,3.7,3202,0
20140617,3.8,3.8,3.55,3.7,2019,0
20140618,3.7,3.93,3.5,3.93,4828,0
20140620,3.82,4.16,3.82,4.16,14298,0
20140623,4.1,4.8,4.03,4.78,21120,0
20140624,4.75,5.39,4.35,5.39,19965,0
20140625,5.37,5.37,5.12,5.14,798,0
20140626,5.14,5.38,4.74,4.8,3649,0
20140627,4.6,5.37,4.5,5.28,4584,0
20140630,5.28,5.35,4.55,5.25,5315,0
20140701,4.84,5.2,4.84,5.01,2401,0
20140702,5.01,5.01,4.5,4.5,7990,0
20140703,4.52,4.92,4.47,4.92,5847,0
20140704,4.7,5.36,4.7,5.36,5951,0
20140707,5.15,5.3,4.84,5.19,1202,0
20140708,5.19,5.2,4.8,4.93,2048,0
20140709,4.92,4.92,4.92,4.92,5,0
20140710,4.6,4.86,4.6,4.86,323,0
20140711,4.86,4.86,4.59,4.86,2126,0
20140714,4.86,4.86,4.86,4.86,2,0
20140715,4.86,4.91,4.56,4.91,1044,0
20140716,4.91,4.91,4.91,4.91,3,0
20140717,4.9,5.19,4.87,4.87,8448,0
20140718,5.05,5.08,5.05,5.08,1041,0
20140721,5.16,5.16,5.16,5.16,6,0
20140722,5.16,5.16,4.61,4.91,4376,0
20140723,4.91,4.95,4.58,4.95,1180,0
20140724,4.91,5.14,4.7,5.05,3854,0
20140725,4.9,5.17,4.9,5.17,515,0
20140728,5.13,5.13,4.82,5.11,8586,0
20140729,5.09,5.09,5.09,5.09,29,0
20140730,5.09,5.39,4.81,5.26,3590,0
20140731,5.26,5.52,4.93,4.93,4806,0
20140801,5.13,5.4,4.9,5.1,3216,0
20140804,5.13,5.45,4.94,5.05,1074,0
20140805,5.08,5.42,4.8,4.9,4753,0
20140806,4.9,5.33,4.9,5.33,4051,0
20140807,5.32,5.32,4.96,5.16,1533,0
20140808,5.16,5.16,4.61,4.9,4903,0
20140811,4.93,4.93,4.7,4.93,114,0
20140812,4.92,5.3,4.92,5.1,3781,0
20140813,4.94,5.1,4.94,5.1,401,0
20140814,4.8,5.4,4.8,5.4,7171,0
20140818,5.35,6.35,5.35,5.97,13111,0
20140819,5.99,6.55,5.66,6.42,7503,0
20140820,6.42,7,6.41,6.84,9828,0
20140821,6.87,8.23,6.85,7.69,13267,0
20140822,7.5,7.75,7.2,7.5,5561,0
20140825,7.3,7.48,6.9,7.48,1625,0
20140826,7.45,7.45,6.96,7.4,3057,0
20140827,6.95,7.43,6.6,6.7,5409,0
20140828,6.85,6.85,6.11,6.79,3872,0
20140829,6.79,6.82,6.79,6.82,124,0
20140901,6.55,7.15,6.55,7,2400,0
20140902,7.08,7.08,6.65,7,1312,0
20140903,7.08,7.08,6.36,6.7,1111,0
20140904,7,7,6.97,6.97,751,0
20140905,6.99,7,6.7,7,1482,0
20140908,6.66,7.04,6.41,7,1666,0
20140909,7,7,6.99,6.99,105,0
20140910,6.95,6.95,6.67,6.75,1082,0
20140911,6.75,6.75,6.58,6.58,1500,0
20140912,6.62,6.99,6.5,6.93,1767,0
20140915,6.99,7.7,6.97,7.2,2652,0
20140916,7.2,7.7,7.2,7.7,211,0
20140917,7.03,7.5,7.03,7.5,645,0
20140918,7.5,7.5,6.99,7.49,872,0
20140919,7,7.5,7,7.5,1408,0
20140922,7.4,7.7,6.71,7.25,1426,0
20140923,7.24,7.69,7.24,7.69,2642,0
20140924,7.23,7.5,7.23,7.5,538,0
20140925,7.5,7.5,7.2,7.48,363,0
20140926,7.45,7.45,7.45,7.45,4,0
20140929,7.44,8.2,6.95,7.8,3246,0
20140930,7.8,7.8,7.7,7.78,708,0
20141001,7.78,7.78,6.98,7.28,7978,0
20141002,7.28,7.28,7,7.2,23,0
20141003,7.28,7.46,7,7.45,1575,0
20141006,7.48,7.48,7.48,7.48,1,0
20141007,7.48,7.48,7.1,7.48,585,0
20141008,7.47,7.47,7,7.35,1124,0
20141009,7.35,7.35,7.05,7.05,765,0
20141010,7.07,7.07,6.02,6.53,3454,0
20141013,6.53,7.24,6.53,7.24,1214,0
20141014,7.24,7.24,6.95,7.2,618,0
20141015,7.2,7.34,7.1,7.2,1972,0
20141016,7.2,7.29,7.2,7.29,23,0
20141017,7,7.25,7,7.25,813,0
20141020,7.25,7.25,7.25,7.25,199,0
20141021,7.25,7.25,7.25,7.25,199,0
20141022,7.28,7.28,6.95,7.27,1368,0
20141023,7.28,7.28,6.8,7.24,2896,0
20141024,7.23,7.23,6.85,6.85,2464,0
20141027,6.85,7.4,6.8,7.4,2524,0
20141028,7.3,7.47,7.01,7.3,1162,0
20141029,7.3,7.98,7.1,7.95,3770,0
20141030,7.99,8.5,7.99,8.3,3192,0
20141031,8.3,8.3,8.05,8.1,754,0
20141103,8.1,8.29,8.1,8.29,272,0
20141104,8.5,8.5,8.5,8.5,107,0
20141105,8.45,8.88,8.45,8.88,1404,0
20141106,8.89,8.89,8.89,8.89,1,0
20141107,8.8,8.8,8.8,8.8,2,0
20141110,8.8,8.97,8.7,8.71,2308,0
20141112,8.71,8.71,8.4,8.4,386,0
20141113,8.63,8.7,8.63,8.7,992,0
20141114,8.7,8.7,6.97,7.12,8457,0
20141117,7.12,7.65,7.12,7.65,141,0
20141118,7.65,7.65,7.41,7.41,658,0
20141119,7.4,7.67,7.4,7.67,100,0
20141120,7.62,7.62,7.16,7.52,940,0
20141121,7.4,7.4,6.71,7.1,1438,0
20141124,7.1,7.11,7.07,7.07,849,0
20141125,6.8,7.1,6.8,7.1,2401,0
20141126,7.1,7.11,6.9,6.97,1461,0
20141127,6.97,6.97,6.52,6.8,7436,0
20141128,6.77,6.93,6.7,6.7,475,0
20141203,6.8,6.8,6.8,6.8,100,0
20141204,6.65,6.66,6.01,6.37,6100,0
20141205,6.39,6.39,6.1,6.39,1138,0
20141208,6.38,6.93,5.54,6.72,8797,0
20141209,6.65,6.81,6.42,6.6,1184,0
20141210,6.8,6.89,6.5,6.84,2302,0
20141211,6.84,7.4,6.42,6.97,1192,0
20141212,6.99,7.27,6.53,7.27,3102,0
20141215,7.42,7.42,7.42,7.42,250,0
20141216,7.43,7.43,6.96,7.41,993,0
20141217,7.4,7.4,7.4,7.4,3,0
20141218,7.4,7.4,6.9,7,2801,0
20141219,7,7.1,6.9,7,1334,0
20141222,7.01,7.01,6.7,7,645,0
20141223,7.01,7.4,7.01,7.4,397,0
20141230,7.4,7.4,6.89,7.08,1554,0
