Date,Open,High,Low,Close,Volume,OpenInt
20080825,27.275,27.275,24.543,25,1355,0
20080826,25.109,25.109,25.109,25.109,109,0
20080827,24.68,24.68,24.68,24.68,109,0
20080828,25.091,25.091,25.091,25.091,5,0
20080902,25.183,25.183,24.241,25.009,245,0
20080904,24.543,24.543,24.543,24.543,98,0
20080905,25.183,25.183,25.183,25.183,109,0
20080911,24.726,24.726,24.68,24.68,115,0
20080915,24.771,24.771,24.771,24.771,11,0
20080916,24.863,24.863,24.863,24.863,5,0
20080929,24.881,24.881,24.881,24.881,5,0
20081001,24.881,24.954,24.881,24.954,43,0
20081003,24.917,25,24.917,25,39,0
20081006,24.552,24.817,23.912,23.912,265,0
20081007,23.912,23.912,23.208,23.208,218,0
20081008,23.364,23.364,23.364,23.364,64,0
20081010,22.816,22.816,22.816,22.816,109,0
20081013,22.999,22.999,22.999,22.999,109,0
20081014,22.999,22.999,22.999,22.999,109,0
20081024,22.076,22.076,22.057,22.057,115,0
20081029,22.094,22.14,22.094,22.14,55,0
20081030,22.148,22.167,22.148,22.167,344,0
20081031,22.185,22.185,22.185,22.185,16,0
20081103,22.268,22.405,22.268,22.405,367,0
20081106,22.551,22.907,22.002,22.907,395,0
20081107,22.907,22.907,22.907,22.907,98,0
20081110,22.953,22.989,22.953,22.989,3,0
20081112,23.182,23.227,22.131,22.633,838,0
20081113,21.911,22.797,21.911,22.797,111,0
20081114,22.797,22.797,22.797,22.797,1,0
20081117,21.82,22.907,21.82,22.907,202,0
20081118,22.176,22.934,21.847,22.934,233,0
20081119,22.45,22.45,22.423,22.423,11111,0
20081120,22.852,22.852,22.094,22.843,570,0
20081124,22.852,22.852,22.185,22.852,121,0
20081125,22.816,22.816,22.816,22.816,1,0
20081126,22.816,22.816,22.816,22.816,1,0
20081127,22.816,22.816,22.816,22.816,1,0
20081201,22.268,22.816,21.82,22.816,111,0
20081202,21.82,22.542,21.774,22.542,1100,0
20081209,21.299,21.957,21.299,21.957,111,0
20081210,21.957,22.194,21.957,22.194,110,0
20081211,22.194,22.194,22.194,22.194,1,0
20081215,22.203,22.203,22.203,22.203,1,0
20081216,21.82,22.094,21.82,22.094,221,0
20081217,22.094,22.094,22.094,22.094,1,0
20081218,22.094,22.094,22.094,22.094,1,0
20081219,22.094,22.094,22.094,22.094,1,0
20081222,22.094,22.094,22.094,22.094,1,0
20081229,22.094,22.094,22.094,22.094,1,0
20081230,22.094,22.094,22.094,22.094,1,0
20081231,22.094,22.094,22.094,22.094,1,0
20090105,22.094,22.094,21.144,21.691,159,0
20090107,21.637,21.637,20.659,21.116,226,0
20090109,20.997,20.997,20.121,20.476,133,0
20090112,20.459,20.459,20.459,20.459,280,0
20090113,19.508,19.508,19.508,19.508,131,0
20090114,19.773,20.367,19.691,20.357,294,0
20090116,19.179,19.727,19.179,19.727,131,0
20090120,19.727,22.094,19.727,20.33,5923,0
20090123,20.33,20.339,20.33,20.339,180,0
20090126,20.988,20.988,20.988,20.988,17,0
20090127,20.906,22.094,20.906,22.094,1782,0
20090203,20.631,21.454,20.631,21.454,66,0
20090204,21.491,21.5,21.491,21.5,2,0
20090205,21.637,21.665,20.631,21.363,253,0
20090209,21.18,21.82,20.175,21.802,2316,0
20090210,20.45,21.454,20.45,21.454,127,0
20090211,21.162,21.162,21.162,21.162,2,0
20090212,20.276,21.153,20.276,21.153,9134,0
20090213,20.276,21.144,19.819,20.76,7572,0
20090216,19.81,20.002,19.81,20.002,238,0
20090219,20.002,20.002,20.002,20.002,823,0
20090220,19.124,19.124,19.088,19.088,351,0
20090223,19.664,19.664,19.664,19.664,5,0
20090224,19.088,19.088,19.088,19.088,109,0
20090225,19.664,19.664,19.664,19.664,2,0
20090303,18.722,19.645,18.722,19.645,66,0
20090306,19.554,19.554,19.554,19.554,55,0
20090310,18.722,19.088,18.722,19.088,132,0
20090311,19.088,19.088,19.088,19.088,109,0
20090313,18.905,18.905,18.905,18.905,55,0
20090316,19.088,19.088,19.088,19.088,49,0
20090317,19.536,19.536,19.536,19.536,55,0
20090323,19.554,19.554,19.554,19.554,149,0
20090324,18.641,19.545,18.641,19.545,138,0
20090327,18.458,18.458,18.458,18.458,180,0
20090330,19.353,19.353,19.17,19.17,210,0
20090331,18.184,18.184,18.184,18.184,137,0
20090401,18.641,19.088,17.727,18.366,1916,0
20090402,18.092,18.184,18.092,18.184,549,0
20090403,18.366,18.366,17.909,17.909,131,0
20090406,17.224,18.184,17.224,18.184,97,0
20090407,18.366,18.366,18.366,18.366,1,0
20090408,18.356,18.356,18.356,18.356,1902,0
20090414,17.224,18.347,17.224,18.347,117,0
20090415,18.33,18.347,17.498,18.184,4022,0
20090416,18.265,18.265,17.251,18.082,1333,0
20090417,17.991,18.001,17.991,18.001,659,0
20090421,18.11,18.128,18.11,18.128,1100,0
20090423,18.219,18.238,18.219,18.238,6,0
20090424,18.229,18.229,18.229,18.229,3300,0
20090427,17.361,17.361,17.27,17.27,1304,0
20090429,17.178,17.708,17.178,17.708,164,0
20090430,17.708,17.727,17.708,17.727,11,0
20090504,17.727,18.549,17.27,18.156,1366,0
20090505,17.727,17.727,17.27,17.718,280,0
20090508,17.251,17.443,17.251,17.443,150,0
20090512,17.004,17.452,16.995,17.452,62,0
20090520,17.452,17.452,17.452,17.452,88,0
20090521,17.452,17.452,17.452,17.452,296,0
20090525,17.516,17.516,17.516,17.516,269,0
20090526,17.489,17.489,16.63,17.452,1045,0
20090528,16.63,16.821,16.547,16.821,7920,0
20090602,17.178,17.178,17.178,17.178,1,0
20090608,17.178,17.178,16.374,17.178,2700,0
20090615,17.178,17.27,17.178,17.27,5500,0
20090625,17.261,17.261,17.261,17.261,575,0
20090626,17.261,17.261,17.261,17.261,109,0
20090701,17.233,17.233,17.233,17.233,137,0
20090702,17.233,17.315,17.233,17.315,778,0
20090703,17.572,17.598,17.572,17.598,2,0
20090706,17.507,17.507,17.507,17.507,1137,0
20090707,17.498,17.598,17.233,17.598,875,0
20090708,17.598,18.238,17.598,18.238,358,0
20090709,18.238,18.512,18.238,18.512,466,0
20090713,18.512,19.425,18.512,19.425,295,0
20090714,19.152,19.518,19.152,19.518,137,0
20090715,19.518,20.065,18.804,20.065,455,0
20090716,20.33,20.97,19.627,20.522,1690,0
20090717,20.614,20.614,20.614,20.614,329,0
20090720,20.888,20.888,20.888,20.888,218,0
20090722,21.153,21.336,20.705,21.153,8002,0
20090723,20.97,21.062,20.97,21.062,11512,0
20090724,21.519,22.249,21.519,22.249,633,0
20090727,22.697,23.346,22.34,23.346,4323,0
20090728,23.455,25.758,23.455,25.758,2641,0
20090729,25.986,26.443,25.986,26.443,943,0
20090730,26.809,26.809,26.809,26.809,153,0
20090731,25.786,25.895,24.625,25.392,12260,0
20090803,25.265,26.078,25.265,26.078,4236,0
20090804,26.809,27.357,26.809,27.357,4150,0
20090805,27.723,27.723,27.723,27.723,10965,0
20090806,27.769,27.769,27.769,27.769,3,0
20090810,26.992,27.769,26.992,27.769,131,0
20090812,26.443,27.723,26.443,27.723,2233,0
20090813,27.769,27.769,27.769,27.769,17,0
20090814,27.677,27.677,27.677,27.677,32,0
20090820,27.357,29.276,27.357,29.276,877,0
20090821,29.184,29.184,29.184,29.184,109,0
20090824,29.184,29.184,28.27,29.001,438,0
20090827,27.449,28.819,27.357,28.819,920,0
20090828,27.449,27.449,27.449,27.449,92,0
20090904,27.357,27.54,27.357,27.54,548,0
20090909,27.449,27.449,27.449,27.449,382,0
20090916,27.357,28.27,27.357,28.18,5482,0
20090918,28.18,28.27,28.18,28.27,10965,0
20090921,28.27,28.27,28.27,28.27,55,0
20090922,27.357,27.906,27.357,27.906,1556,0
20090923,28.087,28.087,28.087,28.087,48,0
20090924,27.814,28.133,27.449,28.133,4123,0
20090928,28.316,28.316,28.316,28.316,11,0
20090929,28.344,28.344,28.344,28.344,5,0
20090930,29.184,29.184,29.184,29.184,547,0
20091001,29.184,29.184,29.184,29.184,55,0
20091005,29.276,29.276,29.276,29.276,1,0
20091006,29.321,29.321,29.321,29.321,1,0
20091008,29.184,29.184,29.093,29.093,109,0
20091009,29.23,29.23,29.23,29.23,5,0
20091012,29.139,29.139,29.139,29.139,86,0
20091013,29.184,29.184,29.184,29.184,5,0
20091014,29.184,29.184,29.184,29.184,1,0
20091015,29.276,29.276,27.997,27.997,16,0
20091016,28.407,28.407,27.969,28.225,141,0
20091019,28.362,28.362,27.814,28.087,202,0
20091020,27.174,28.043,27.174,28.043,4,0
20091021,27.083,28.087,27.083,28.087,56,0
20091022,26.837,28.087,22.98,28.087,976,0
20091027,26.443,27.357,26.443,27.357,110,0
20091028,27.357,27.357,27.357,27.357,1,0
20091030,27.357,27.357,27.357,27.357,1,0
20091103,26.224,27.357,26.224,27.357,2,0
20091105,27.357,27.357,27.357,27.357,1,0
20091109,27.357,27.357,27.357,27.357,1,0
20091112,26.992,26.992,26.992,26.992,111,0
20091113,26.26,26.26,24.26,24.26,1164,0
20091116,24.232,24.26,21.701,24.26,868,0
20091117,23.803,24.625,22.67,23.711,2774,0
20091118,24.241,24.241,23.099,23.346,498,0
20091119,23.071,23.071,23.071,23.071,604,0
20091120,23.419,23.419,23.346,23.346,4,0
20091123,23.428,23.428,22.797,23.428,822,0
20091124,22.797,23.437,22.797,23.437,23,0
20091125,23.437,23.437,23.437,23.437,2,0
20091126,23.437,25.402,23.437,23.711,11171,0
20091127,24.131,24.131,22.98,24.068,801,0
20091130,23.437,23.437,23.346,23.346,436,0
20091201,23.711,23.711,23.711,23.711,107,0
20091202,23.346,23.346,23.346,23.346,83,0
20091204,23.163,23.711,23.163,23.711,2,0
20091207,24.351,24.351,24.351,24.351,1,0
20091208,23.62,24.351,23.163,24.351,477,0
20091209,23.94,23.94,22.797,23.163,538,0
20091211,23.556,23.556,22.797,23.3,1048,0
20091215,23.556,26.324,23.556,25.539,227,0
20091216,24.515,24.515,23.346,23.419,1779,0
20091217,22.797,22.797,22.797,22.797,109,0
20091218,23.501,23.711,23.501,23.711,2,0
20091221,23.711,24.442,23.711,24.442,213,0
20091222,24.616,24.625,24.616,24.625,651,0
20091223,24.808,24.808,24.808,24.808,5,0
20091228,24.625,25.036,24.625,25.036,3421,0
20091229,25.082,25.082,24.625,24.625,4725,0
20091230,25.082,25.082,25.082,25.082,1,0
20091231,25.082,25.082,25.082,25.082,731,0
20100104,25.073,25.073,23.985,23.985,494,0
20100106,24.26,24.26,24.26,24.26,5,0
20100107,23.711,23.711,23.099,23.254,222,0
20100108,24.159,24.159,23.099,23.711,329,0
20100111,24.031,24.031,22.797,22.797,890,0
20100112,23.254,23.254,23.254,23.254,11,0
20100113,23.337,23.346,23.337,23.346,101,0
20100114,23.346,23.346,23.346,23.346,5,0
20100115,23.346,23.711,23.071,23.254,3400,0
20100118,23.071,23.071,23.071,23.071,5,0
20100119,23.071,23.337,23.071,23.337,465,0
20100120,23.346,23.346,23.346,23.346,11,0
20100121,23.346,23.346,23.346,23.346,5,0
20100122,22.66,23.3,22.614,23.3,73,0
20100125,23.3,23.3,23.3,23.3,11,0
20100126,23.346,23.346,22.157,22.432,869,0
20100127,22.34,22.432,21.902,22.432,657,0
20100128,22.432,22.432,22.432,22.432,11,0
20100129,22.614,22.614,22.614,22.614,5,0
20100201,22.614,22.614,22.614,22.614,2,0
20100202,22.614,22.614,22.614,22.614,624,0
20100203,22.797,24.945,22.797,24.945,604,0
20100204,24.935,24.935,22.98,23.391,410,0
20100205,23.419,23.419,23.254,23.254,2,0
20100208,23.419,23.419,23.419,23.419,164,0
20100209,23.657,23.657,23.528,23.528,279,0
20100210,23.657,25.539,23.026,24.068,3928,0
20100211,23.711,23.885,23.071,23.254,3053,0
20100212,23.017,23.62,23.017,23.254,9085,0
20100215,23.711,23.711,23.711,23.711,1,0
20100216,23.071,23.254,23.071,23.254,1143,0
20100217,22.953,23.711,22.797,23.711,3626,0
20100218,23.839,26.443,23.839,24.616,10795,0
20100219,23.894,24.899,22.751,24.899,2971,0
20100222,24.762,24.762,24.762,24.762,369,0
20100223,23.729,23.729,23.729,23.729,43,0
20100224,23.711,24.397,23.711,24.397,46,0
20100225,24.899,24.899,24.899,24.899,35,0
20100226,25.036,25.036,24.26,24.899,218,0
20100301,25.036,25.036,25.036,25.036,5,0
20100302,25.036,25.036,24.351,24.534,311,0
20100303,24.168,25.986,24.168,25.986,222,0
20100304,26.178,26.178,26.123,26.123,225,0
20100305,26.123,26.123,26.123,26.123,5,0
20100308,25.986,25.986,25.986,25.986,2,0
20100309,25.986,25.986,25.986,25.986,1,0
20100310,25.941,25.941,25.539,25.895,2682,0
20100311,25.941,25.941,25.941,25.941,6,0
20100312,25.941,25.941,25.941,25.941,2,0
20100315,25.941,25.941,25.174,25.174,20,0
20100316,25.018,25.018,25.018,25.018,11,0
20100318,25.082,25.447,25.082,25.356,7359,0
20100319,25.447,25.631,25.447,25.631,7229,0
20100322,26.078,26.078,25.539,25.539,2198,0
20100323,25.539,25.539,25.539,25.539,713,0
20100324,25.803,25.803,25.539,25.539,2086,0
20100326,25.712,25.712,25.712,25.712,5,0
20100329,26.078,26.078,25.447,26.078,42,0
20100330,26.032,26.078,26.032,26.078,2,0
20100331,25.539,26.123,25.539,26.123,643,0
20100401,26.626,26.626,25.986,26.626,410,0
20100406,26.443,26.443,26.443,26.443,1,0
20100407,26.809,26.809,25.539,25.539,428,0
20100408,25.447,25.447,25.447,25.447,5,0
20100409,25.447,25.712,24.899,25.712,49,0
20100412,25.265,27.357,25.265,27.357,14299,0
20100413,27.384,27.384,26.361,27.357,227,0
20100414,26.535,27.357,26.443,27.357,201,0
20100415,26.535,27.357,26.535,27.357,196,0
20100416,27.403,27.403,27.403,27.403,1,0
20100419,26.443,27.174,26.352,27.174,203,0
20100421,27.357,27.357,27.357,27.357,1,0
20100422,27.403,27.403,27.357,27.357,60,0
20100423,26.626,27.357,26.626,27.357,165,0
20100426,27.403,27.403,27.403,27.403,1,0
20100427,26.9,27.723,26.215,27.174,1107,0
20100428,26.169,26.443,26.169,26.443,69,0
20100429,27.338,27.338,26.535,26.535,41,0
20100504,27.266,27.266,26.032,26.032,97,0
20100506,25.986,25.986,25.986,25.986,64,0
20100507,25.356,26.352,25.356,26.352,71,0
20100510,25.539,26.26,25.539,26.26,61,0
20100517,25.712,26.215,25.191,26.215,219,0
20100518,26.443,26.443,26.443,26.443,1,0
20100519,26.215,26.215,26.215,26.215,1,0
20100601,26.9,26.9,26.352,26.352,2,0
20100602,26.26,26.443,26.26,26.26,2219,0
20100604,25.539,25.986,24.534,25.986,11905,0
20100607,25.283,25.283,24.077,24.991,648,0
20100608,24.899,24.899,24.899,24.899,371,0
20100609,25.082,26.443,25.082,26.443,651,0
20100611,26.909,27.577,26.626,27.577,367,0
20100614,27.723,27.814,27.723,27.814,2192,0
20100615,27.814,27.814,27.814,27.814,2412,0
20100616,27.54,28.261,27.54,27.814,2348,0
20100617,28.261,28.261,28.261,28.261,1,0
20100618,28.261,28.261,28.261,28.261,1,0
20100623,27.631,27.814,26.9,27.814,399,0
20100624,27.997,27.997,27.997,27.997,5,0
20100625,27.997,27.997,27.997,27.997,1,0
20100628,27.997,27.997,27.997,27.997,1,0
20100629,27.997,27.997,27.997,27.997,1,0
20100630,27.998,27.998,27.998,27.998,1,0
20100706,28.097,28.097,28.097,28.097,2,0
20100707,28.087,28.087,28.087,28.087,1,0
20100708,28.097,28.097,28.097,28.097,1,0
20100709,28.097,28.097,28.087,28.087,110,0
20100712,28.087,28.087,28.087,28.087,1,0
20100713,28.087,28.087,28.087,28.087,1,0
20100714,28.097,28.097,28.097,28.097,1,0
20100715,28.097,28.344,28.097,28.344,4,0
20100716,27.54,28.18,27.357,28.18,314,0
20100719,27.449,27.814,27.357,27.357,216,0
20100720,28.18,28.18,28.18,28.18,74,0
20100721,28.27,28.27,28.27,28.27,1,0
20100722,28.381,28.682,27.54,28.682,401,0
20100723,27.906,27.906,27.906,27.906,93,0
20100728,28.91,28.91,27.357,27.357,367,0
20100730,27.997,27.997,27.997,27.997,1,0
20100802,28.417,28.417,28.417,28.417,1,0
20100803,28.691,28.691,28.691,28.691,1,0
20100804,28.599,28.599,27.777,28.599,95,0
20100805,28.599,28.599,28.599,28.599,1,0
20100806,28.599,28.599,28.599,28.599,1,0
20100809,28.599,28.599,28.599,28.599,1,0
20100810,28.599,28.599,28.599,28.599,1,0
20100811,28.599,28.599,27.869,28.509,149,0
20100812,28.599,28.599,28.599,28.599,1,0
20100813,28.599,28.599,28.599,28.599,4,0
20100816,28.599,28.599,27.686,27.686,186,0
20100817,28.599,28.599,28.599,28.599,1,0
20100818,28.599,29.239,28.599,29.147,12843,0
20100819,28.326,28.499,28.106,28.499,1519,0
20100820,28.509,28.646,28.509,28.646,152,0
20100823,28.189,28.599,27.412,28.599,1533,0
20100824,27.32,27.503,27.32,27.503,2135,0
20100825,22.843,27.138,22.843,27.138,1503,0
20100826,26.406,26.663,25.118,26.663,789,0
20100827,26.663,27.412,26.663,27.412,121,0
20100830,26.498,26.498,26.041,26.498,3869,0
20100831,25.675,26.498,24.671,26.498,8096,0
20100901,26.498,26.498,25.949,26.489,1321,0
20100902,26.498,26.498,26.498,26.498,1,0
20100903,26.498,26.498,26.498,26.498,65,0
20100907,25.584,25.584,25.584,25.584,120,0
20100908,25.31,25.858,22.843,25.858,568,0
20100909,25.492,25.492,24.671,25.128,3382,0
20100910,25.31,27.412,24.579,25.128,22353,0
20100913,25.52,25.52,25.128,25.128,219,0
20100914,24.305,25.128,23.391,24.671,3496,0
20100915,24.671,25.475,24.671,25.475,548,0
20100916,25.128,25.128,25.128,25.128,56,0
20100917,25.712,25.712,24.488,25.52,16022,0
20100920,25.137,25.137,25.137,25.137,55,0
20100923,25.492,25.492,25.492,25.492,1,0
20100924,24.762,24.762,24.534,24.534,120,0
20100927,24.305,25.52,24.305,24.717,181,0
20100928,24.726,24.734,24.717,24.717,1313,0
20100929,25.082,25.082,24.752,24.752,1014,0
20100930,24.762,24.762,24.762,24.762,1646,0
20101001,24.854,24.854,24.854,24.854,2,0
20101004,25.128,25.128,24.854,24.854,560,0
20101005,24.323,25.209,24.323,25.209,6,0
20101006,24.762,24.762,24.762,24.762,104246,0
20101007,24.323,25.219,24.323,24.671,51539,0
20101008,24.342,24.342,24.342,24.342,3,0
20101011,24.342,25.52,24.342,25.52,102,0
20101012,26.224,26.224,25.492,25.502,102,0
20101013,25.502,25.502,25.502,25.502,2,0
20101014,25.492,25.492,25.402,25.402,3,0
20101015,25.402,25.447,25.128,25.447,3301,0
20101018,25.466,25.584,25.466,25.584,5551,0
20101019,26.023,26.023,24.799,25.31,808,0
20101020,25.356,25.356,25.356,25.356,2,0
20101021,25.292,25.292,25.292,25.292,8,0
20101022,25.31,25.31,25.31,25.31,4,0
20101025,25.42,25.438,25.42,25.438,76,0
20101026,25.429,25.429,25.429,25.429,1,0
20101027,25.429,25.429,25.429,25.429,2,0
20101028,25.429,25.429,25.429,25.429,2,0
20101029,25.43,25.43,25.43,25.43,1,0
20101102,25.429,25.429,25.429,25.429,2,0
20101103,25.402,25.402,25.128,25.128,6,0
20101104,25.374,25.374,25.274,25.274,1098,0
20101105,25.438,25.447,25.438,25.447,195,0
20101108,25.492,25.492,25.492,25.492,2,0
20101109,25.803,26.041,25.803,26.041,133,0
20101115,26.863,26.863,26.863,26.863,18,0
20101116,26.955,26.955,26.955,26.955,1,0
20101119,26.224,26.224,26.132,26.132,1148,0
20101122,26.498,26.863,26.498,26.863,4,0
20101123,26.06,26.498,26.06,26.498,122,0
20101124,26.818,26.818,26.772,26.772,2,0
20101125,25.949,25.949,25.949,25.949,98,0
20101126,25.329,25.329,24.579,25.329,1198,0
20101129,24.689,25.492,24.689,25.492,604,0
20101130,25.631,25.631,25.631,25.631,1,0
20101201,25.767,25.767,25.767,25.767,480,0
20101202,25.786,25.786,25.786,25.786,1,0
20101203,26.279,26.279,26.279,26.279,1,0
20101207,25.036,25.584,24.571,25.584,1885,0
20101208,24.863,24.863,24.561,24.561,392,0
20101210,25,25,25,25,1,0
20101214,23.848,24.89,23.848,24.89,34,0
20101217,24.881,24.881,23.848,23.848,115,0
20101220,24.752,24.752,24.752,24.752,33,0
20101221,24.752,24.752,24.752,24.752,2,0
20101228,24.04,24.04,23.583,23.583,337,0
20101229,23.565,23.574,23.565,23.574,98,0
20101230,23.674,24.579,23.026,23.757,1781,0
20101231,24.671,24.671,23.208,23.757,7023,0
20110103,23.574,23.574,23.071,23.071,2,0
20110104,23.08,23.08,22.578,22.578,345,0
20110105,22.477,22.477,22.477,22.477,43,0
20110107,22.167,22.56,22.167,22.56,116,0
20110110,22.56,22.56,22.157,22.157,236,0
20110111,21.93,22.605,21.93,22.605,521,0
20110113,22.605,22.605,22.605,22.605,1,0
20110117,22.02,22.02,22.02,22.02,73,0
20110118,21.948,21.948,21.747,21.747,128,0
20110119,22.468,22.468,21.838,21.838,122,0
20110120,21.939,21.939,21.93,21.93,1277,0
20110121,21.93,21.93,21.573,21.573,3984,0
20110126,22.468,22.468,21.382,21.382,209,0
20110127,21.382,21.382,21.382,21.382,93,0
20110128,21.382,21.382,21.382,21.382,80,0
20110131,21.472,22.458,21.289,22.458,895,0
20110201,22.02,22.02,22.02,22.02,3283,0
20110203,23.757,23.757,22.751,22.751,64,0
20110204,23.254,23.254,22.934,22.934,185,0
20110208,23.574,23.574,21.656,21.656,2429,0
20110209,21.656,21.656,21.29,21.29,1642,0
20110210,21.29,21.656,21.29,21.656,5,0
20110211,21.107,21.656,21.107,21.656,1095,0
20110214,21.93,21.93,21.93,21.93,1,0
20110215,21.92,21.93,21.92,21.92,331,0
20110216,17.544,21.053,17.544,21.016,1381,0
20110217,21.554,21.554,19.645,20.559,306,0
20110218,21.097,21.097,21.097,21.097,3,0
20110221,21.554,21.554,20.568,21.528,2191,0
20110223,19.279,21.473,19.279,21.473,493,0
20110225,22.779,25.767,22.779,25.584,3013,0
20110228,24.899,25.585,24.122,24.671,4751,0
20110301,24.671,24.671,24.671,24.671,2189,0
20110302,24.442,24.488,24.442,24.488,13698,0
20110303,24.442,24.442,24.442,24.442,1094,0
20110307,23.857,29.147,23.857,29.147,2,0
20110308,29.147,29.147,27.595,27.869,745,0
20110314,26.498,26.498,26.498,26.498,1,0
20110315,24.68,26.498,24.68,26.498,211,0
20110316,26.041,26.041,26.041,26.041,1,0
20110317,26.042,27.87,25.594,27.87,245,0
20110318,26.955,26.955,26.955,26.955,218,0
20110321,26.589,26.681,26.498,26.498,1696,0
20110322,26.498,26.498,26.224,26.224,1148,0
20110323,24.488,25.584,24.488,25.584,656,0
20110324,25.128,25.858,25.128,25.858,563,0
20110325,24.305,25.812,24.305,25.812,158,0
20110328,25.584,26.178,25.584,26.178,8,0
20110329,26.772,26.772,26.498,26.498,148,0
20110330,29.422,29.422,26.498,26.498,196,0
20110331,25.676,25.676,25.676,25.676,218,0
20110401,25.675,25.675,25.675,25.675,547,0
20110404,25.036,25.036,24.945,25.036,470,0
20110411,25.219,25.219,25.219,25.219,21,0
20110413,24.945,24.945,24.945,24.945,88,0
20110418,24.945,24.945,24.945,24.945,1,0
20110421,24.671,25.492,24.671,24.762,6,0
20110426,25.402,25.402,24.031,24.854,9524,0
20110427,25.402,25.402,24.854,24.854,623,0
20110428,25.402,25.402,25.402,25.402,2,0
20110429,25.402,25.402,25.402,25.402,2,0
20110502,25.402,25.402,25.402,25.402,2,0
20110504,25.584,25.584,25.584,25.584,2,0
20110510,25.128,25.128,25.128,25.128,5472,0
20110517,25.128,25.128,25.128,25.128,2,0
20110520,24.214,25.109,24.214,25.109,27,0
20110524,25.109,25.109,25.109,25.109,1,0
20110526,25.1,25.1,25.1,25.1,5,0
20110527,25.1,25.1,25.1,25.1,2,0
20110530,25.1,25.1,25.1,25.1,1,0
20110531,25.1,25.1,25.1,25.1,1,0
20110601,25.1,25.1,25.1,25.1,1,0
20110602,25.1,25.1,25.1,25.1,1,0
20110606,25.1,25.1,25.1,25.1,1,0
20110607,25.1,25.1,25.1,25.1,1,0
20110610,25.1,25.1,25.1,25.1,2,0
20110613,25.1,25.1,25.1,25.1,1,0
20110620,24.305,24.305,24.305,24.305,55,0
20110627,24.771,25.109,24.771,25.109,5,0
20110718,24.223,25.228,24.223,25.228,213,0
20110719,25.137,25.594,25.137,25.594,236,0
20110720,26.051,26.508,26.051,26.508,210,0
20110722,26.599,26.828,26.599,26.828,110,0
20110804,25.137,25.137,24.68,24.68,218,0
20110808,24.04,24.04,24.04,24.04,109,0
20110809,24.588,24.588,24.588,24.588,2,0
20110811,24.588,24.588,24.588,24.588,1,0
20110816,25.137,25.137,25.137,25.137,2,0
20110817,24.04,24.04,24.04,24.04,107,0
20110902,23.217,23.949,23.217,23.949,831,0
20110905,22.514,24.223,22.395,24.223,382,0
20110906,24.223,24.588,24.223,24.588,109,0
20110907,24.68,25.64,24.588,25.64,984,0
20110909,24.588,25.502,24.04,25.502,601,0
20110912,26.051,26.051,26.051,26.051,10,0
20110928,25.502,25.502,25.502,25.502,1,0
20110930,25.502,25.502,25.502,25.502,2,0
20111007,25.045,25.045,25.045,25.045,5,0
20111011,24.908,24.908,24.908,24.908,29538,0
20111012,24.908,24.908,24.908,24.908,29538,0
20111014,24.68,24.68,24.68,24.68,11,0
20111017,24.908,24.908,24.908,24.908,2,0
20111027,24.954,25.228,24.954,25.228,109,0
20111031,25.228,25.228,24.04,25.137,131,0
20111104,24.954,24.954,24.954,24.954,1,0
20111109,25.137,25.137,25.137,25.137,1,0
20111114,25.137,25.137,25.137,25.137,1,0
20111115,25.137,25.137,25.137,25.137,1,0
20111121,25.137,25.137,25.137,25.137,1,0
20111122,25.228,25.228,25.228,25.228,11,0
20111130,25.499,25.499,25.499,25.499,1,0
20111213,23.949,23.949,23.949,23.949,11,0
20111215,24.406,24.588,24.406,24.588,13,0
20111216,24.954,24.954,24.954,24.954,1,0
20111230,24.223,24.223,24.223,24.223,16,0
20120102,24.223,24.223,24.223,24.223,1,0
20120103,24.68,24.68,24.68,24.68,5,0
20120104,24.588,24.588,23.857,23.857,110,0
20120105,23.766,24.04,23.4,23.4,211,0
20120113,23.217,23.217,23.217,23.217,1,0
20120124,22.303,22.303,22.303,22.303,64,0
20120125,22.303,22.303,21.389,22.212,150,0
20120130,22.212,22.303,22.212,22.303,283,0
20120131,21.659,21.659,21.659,21.659,120,0
20120203,22.212,22.212,22.212,22.212,333,0
20120207,21.572,21.572,21.024,21.298,270,0
20120208,21.298,22.303,21.298,22.303,473,0
20120210,21.938,21.938,21.938,21.938,21,0
20120213,21.298,21.298,21.298,21.298,120,0
20120215,21.298,21.298,21.298,21.298,62,0
20120216,21.298,21.298,21.298,21.298,1,0
20120217,21.298,21.298,21.298,21.298,1,0
20120220,21.298,21.298,21.298,21.298,1,0
20120221,21.298,21.572,21.024,21.572,121,0
20120222,20.932,20.932,20.932,20.932,120,0
20120223,21.207,21.207,21.207,21.207,1,0
20120228,20.567,20.567,20.567,20.567,185,0
20120229,20.11,20.11,20.11,20.11,55,0
20120301,21.207,21.207,19.653,19.653,385,0
20120302,19.653,19.653,19.653,19.653,55,0
20120306,19.653,19.653,19.653,19.653,109,0
20120308,19.196,19.287,19.196,19.287,79,0
20120309,19.653,19.653,19.653,19.653,2,0
20120312,19.196,19.196,19.196,19.196,137,0
20120314,19.15,19.15,19.15,19.15,21,0
20120316,19.196,19.196,18.647,19.196,2942,0
20120320,18.282,19.104,17.367,18.373,715,0
20120322,18.052,18.052,18.052,18.052,109,0
20120328,17.824,17.824,17.367,17.732,116,0
20120329,17.732,17.732,17.367,17.732,219,0
20120330,17.729,17.729,17.18,17.18,82,0
20120402,17.367,17.367,17.367,17.367,61,0
20120403,17.184,17.184,17.184,17.184,109,0
20120404,17.321,17.321,17.001,17.312,109,0
20120410,16.773,17.321,16.773,17.321,27,0
20120411,16.773,16.855,16.544,16.855,147,0
20120412,16.818,16.818,16.773,16.773,181,0
20120413,16.773,16.773,16.453,16.453,185,0
20120416,16.453,16.453,16.453,16.453,109,0
20120419,15.996,16.407,15.996,16.407,191,0
20120420,16.407,16.407,16.407,16.407,109,0
20120425,15.904,15.904,15.904,15.904,603,0
20120427,16.361,16.361,16.361,16.361,5,0
20120430,16.404,16.404,16.404,16.404,5,0
20120502,16.407,16.407,16.407,16.407,109,0
20120515,15.996,16.407,15.996,16.407,86,0
20120516,15.996,16.407,15.996,16.407,32,0
20120524,15.996,15.996,15.996,15.996,109,0
20120525,16.406,16.406,15.903,15.967,1006,0
20120529,15.969,15.969,15.969,15.969,55,0
20120530,15.969,15.969,15.969,15.969,21,0
20120606,15.967,16.453,15.536,15.894,1703,0
20120608,15.903,16.306,15.903,16.306,104,0
20120611,16.727,16.727,16.727,16.727,5,0
20120625,16.499,16.499,16.499,16.499,1,0
20120626,16.453,16.453,15.948,16.206,257,0
20120628,15.765,16.453,15.765,16.453,17031,0
20120629,16.453,16.541,15.765,15.942,453,0
20120706,15.948,15.948,15.948,15.948,1,0
20120710,15.582,15.582,15.306,15.306,120,0
20120716,14.619,14.619,14.573,14.573,197,0
20120717,14.586,14.94,14.586,14.94,27,0
20120727,14.931,14.94,14.931,14.94,76,0
20120820,14.482,14.757,14.482,14.757,8734,0
20120823,14.573,14.573,14.573,14.573,2,0
20120824,14.577,14.577,14.577,14.577,17,0
20120827,14.577,14.577,14.577,14.577,21953,0
20120830,14.586,14.586,14.586,14.586,1,0
20120831,14.586,14.753,14.586,14.753,10,0
20120903,14.94,14.94,14.94,14.94,29,0
20120904,15.637,15.647,14.734,15.225,252,0
20120906,14.833,15.225,14.833,15.225,166,0
20120910,13.752,13.752,12.769,12.769,268,0
20120911,12.769,12.769,10.363,11.788,739,0
20120912,10.265,10.265,9.822,9.822,672,0
20120913,9.822,9.822,9.4297,9.4297,307,0
20120914,9.4297,9.4297,8.9876,8.9876,527,0
20120917,8.8403,8.8403,8.7422,8.7422,163,0
20120920,8.8403,8.8403,8.8403,8.8403,10,0
20121001,8.1527,8.1527,8.1037,8.1037,61,0
20121002,8.0546,8.4474,8.0546,8.0546,351,0
20121003,8.0546,8.1921,7.8581,8.1921,22,0
20121004,7.9563,7.9563,7.5634,7.5634,467,0
20121005,7.8581,7.8581,7.8581,7.8581,11,0
20121009,7.8581,8.0447,7.8581,8.0447,628,0
20121015,8.0546,8.251,8.0546,8.251,5,0
20121023,8.5456,8.5456,8.5456,8.5456,20,0
20121115,8.5456,8.5456,8.5456,8.5456,17,0
20121119,8.1429,8.1429,8.1429,8.1429,193,0
20121120,8.2411,8.2411,8.2411,8.2411,305,0
20121121,8.0546,8.0546,7.8482,7.8482,397,0
20121123,7.7598,8.0447,7.7598,8.0447,213,0
20121126,7.7598,7.9563,7.7598,7.9563,661,0
20121205,7.5831,7.5831,7.5831,7.5831,57,0
20121206,7.8581,7.8581,7.4848,7.4848,213,0
20121207,7.5634,7.5634,7.5634,7.5634,53,0
20121213,7.3866,7.5634,7.3866,7.5634,702,0
20121217,6.8758,7.1606,6.0212,6.8267,4429,0
20121218,6.4829,6.4829,6.2275,6.2373,710,0
20121219,6.4731,6.4731,6.2373,6.2373,2513,0
20121220,6.2373,6.3356,6.2373,6.2373,5340,0
20121221,6.2865,6.5418,5.982,6.5418,2416,0
20121227,6.0998,6.1392,6.09,6.09,6273,0
20121228,6.3257,6.3257,6.0409,6.0507,17016,0
20130102,6.1784,6.1784,6.1784,6.1784,2,0
20130103,6.1784,6.6696,6.1392,6.1392,4959,0
20130104,5.9427,6.09,5.9427,6.0409,122,0
20130107,5.9525,6.2373,5.9525,6.2373,149,0
20130108,6.1882,6.424,6.0409,6.3257,823,0
20130109,6.1392,6.8758,6.1392,6.7776,31417,0
20130110,6.4927,6.5812,6.2865,6.5812,24189,0
20130111,6.5812,6.866,6.5812,6.7776,28959,0
20130114,6.5812,6.8758,6.5812,6.8758,27284,0
20130115,6.8857,7.0428,6.8758,7.0428,19038,0
20130117,7.0428,7.0527,6.3749,6.5124,34754,0
20130118,6.532,6.9151,6.532,6.9151,22051,0
20130121,6.9151,6.9151,6.6302,6.6302,21288,0
20130122,6.6204,6.6302,6.5124,6.5812,4916,0
20130123,6.5222,6.6794,6.5124,6.6794,831,0
20130124,6.6696,6.6794,6.5812,6.5812,24771,0
20130125,6.5713,6.5812,6.5615,6.5812,37967,0
20130128,6.5713,6.5713,6.5615,6.5615,64906,0
20130129,6.532,6.8758,6.532,6.8758,11,0
20130130,6.866,7.3473,6.5713,7.3473,94120,0
20130131,7.3375,7.3375,7.3375,7.3375,1,0
20130201,7.3178,7.3178,6.866,6.8758,26155,0
20130204,7.1214,7.1214,7.1214,7.1214,4,0
20130205,7.308,7.308,7.308,7.308,509,0
20130206,7.308,7.308,7.308,7.308,1,0
20130207,7.308,7.308,6.9642,7.0428,505,0
20130208,7.0428,7.0428,6.8561,6.8561,323,0
20130212,7.1116,7.1214,6.9347,6.9347,927,0
20130213,7.1116,7.5732,7.1116,7.2687,27060,0
20130214,7.2687,7.2687,7.2687,7.2687,300,0
20130215,7.0133,7.3276,6.9642,7.3276,1334,0
20130218,7.3178,7.3178,7.308,7.3178,354,0
20130221,7.5634,10.313,7.5634,9.911,11191,0
20130222,10.795,12.642,8.8403,11.099,6002,0
20130225,11.296,11.788,11.296,11.541,6735,0
20130226,11.561,11.905,11.394,11.905,967,0
20130227,12.072,12.769,9.528,11.286,5807,0
20130228,11.286,11.286,9.4787,10.313,4849,0
20130301,9.872,9.969,9.793,9.803,965,0
20130304,10.255,10.255,9.921,10.166,470,0
20130305,10.805,10.805,9.872,9.872,626,0
20130306,9.872,9.872,9.4588,9.822,1080,0
20130307,10.206,10.206,8.8403,9.822,2632,0
20130308,9.813,10.108,9.714,10.108,611,0
20130311,9.704,10.019,8.6439,8.9386,5453,0
20130312,8.9386,10.019,8.9386,9.577,5742,0
20130313,9.557,9.557,8.9386,9.0564,665,0
20130314,9.0859,9.4199,9.0859,9.4199,16,0
20130315,9.4101,9.4199,9.135,9.4199,294,0
20130318,9.4199,9.4199,9.4199,9.4199,2,0
20130319,9.4101,9.4101,9.4101,9.4101,1,0
20130320,9.4101,10.009,9.4101,9.989,2536,0
20130321,10.068,10.068,9.822,9.822,567,0
20130322,9.626,10.009,9.626,10.009,117,0
20130325,9.832,9.832,9.832,9.832,168,0
20130326,10.108,10.118,9.4199,9.4199,202,0
20130327,9.617,10.058,9.617,10.058,265,0
20130328,10.313,10.313,9.822,10.304,577,0
20130402,10.118,10.608,10.088,10.608,997,0
20130403,10.598,10.952,10.216,10.697,1912,0
20130404,10.952,12.829,10.805,12.18,9205,0
20130405,12.867,12.867,10.313,10.854,3779,0
20130408,11.139,11.434,11.139,11.197,1509,0
20130409,11.09,11.09,11.09,11.09,4,0
20130410,11.04,11.04,10.313,10.5,618,0
20130411,10.216,10.451,8.8403,9.969,1335,0
20130412,9.911,9.911,9.3315,9.3315,734,0
20130415,9.617,9.617,8.8501,8.8501,86,0
20130417,9.0467,9.2037,7.367,9.2037,1738,0
20130418,9.0368,9.0368,7.7501,8.8403,1527,0
20130419,8.8305,9.2823,8.0938,8.9386,5305,0
20130422,9.1154,9.1154,8.8305,8.8305,387,0
20130423,8.8403,8.9386,8.8305,8.9386,307,0
20130424,8.9287,8.9287,8.9287,8.9287,1,0
20130425,8.9287,9.4199,8.3001,9.4199,2188,0
20130426,8.7323,9.518,8.2707,9.0368,1576,0
20130430,9.0406,9.0406,9.0406,9.0406,1,0
20130506,9.2529,9.2529,8.9975,8.9975,150,0
20130507,8.9386,9.2332,8.9386,9.2332,102,0
20130508,9.2332,10.313,9.2332,10.156,1960,0
20130509,9.921,10.805,9.921,10.216,1357,0
20130510,9.969,9.969,8.8403,9.822,824,0
20130513,10.039,10.118,9.872,10.019,428,0
20130514,10.058,10.058,9.822,9.969,819,0
20130515,10.058,10.068,10.009,10.068,361,0
20130516,10.068,10.068,9.774,9.774,1016,0
20130517,9.822,9.822,9.822,9.822,203,0
20130520,10.029,10.029,8.8403,9.774,2810,0
20130521,9.911,9.911,9.813,9.813,20,0
20130522,9.813,9.813,9.813,9.813,4,0
20130523,9.567,9.567,8.6439,8.7912,2012,0
20130524,8.7126,8.9876,8.6439,8.9876,1550,0
20130527,8.7716,8.7716,8.7323,8.7422,319,0
20130528,8.8305,8.8305,8.8305,8.8305,509,0
20130529,8.2608,8.2608,7.7304,7.9366,1349,0
20130531,7.9378,8.822,7.9378,8.822,3098,0
20130603,8.7912,8.8403,8.7323,8.8403,2780,0
20130604,8.6537,8.7617,8.6439,8.7422,1615,0
20130605,8.7422,8.7422,7.5143,7.5143,12703,0
20130606,7.5732,8.3492,7.5732,8.251,908,0
20130607,8.251,8.251,7.9857,7.9857,321,0
20130610,7.8581,8.0054,7.8581,8.0054,208,0
20130611,8.0054,8.0054,7.7795,8.0054,1172,0
20130612,8.0546,8.0546,7.7107,7.7107,509,0
20130613,8.0054,8.8305,8.0054,8.5456,1703,0
20130614,8.5456,8.5456,8.1527,8.1527,1129,0
20130617,8.3688,8.4081,8.0054,8.2116,1151,0
20130618,8.3001,8.3001,8.0447,8.2019,458,0
20130619,8.418,8.418,8.1527,8.418,649,0
20130620,8.4474,8.4474,8.2411,8.2411,127,0
20130621,8.2019,8.2019,8.2019,8.2019,208,0
20130624,8.2019,9.0368,8.2019,8.8403,4590,0
20130625,8.5947,8.5947,8.4966,8.4966,487,0
20130626,8.3591,8.7617,8.3492,8.7617,2596,0
20130627,8.6144,8.6144,7.9662,8.3688,1314,0
20130628,8.3786,8.8895,8.3786,8.8895,347,0
20130701,8.9386,9.1842,8.8895,8.8895,2145,0
20130702,9.135,9.135,8.8403,8.9287,2046,0
20130703,8.9313,8.9313,8.9313,8.9313,8225,0
20130704,9.135,9.1842,9.135,9.1842,3054,0
20130705,9.1842,9.3315,9.0859,9.3315,5228,0
20130708,9.4199,9.597,9.4199,9.4787,713,0
20130709,9.597,9.822,9.577,9.577,701,0
20130710,9.577,10.56,9.4886,10.56,892,0
20130711,10.56,10.56,9.822,9.822,1524,0
20130712,9.626,9.626,9.577,9.577,408,0
20130715,9.577,9.577,9.3904,9.3904,356,0
20130716,9.3806,9.3806,9.3806,9.3806,3824,0
20130717,9.527,9.527,9.527,9.527,1,0
20130718,9.2823,9.3806,9.2332,9.2332,1833,0
20130719,9.0467,9.2823,9.0467,9.2823,92,0
20130722,9.3806,9.528,9.3806,9.528,1150,0
20130723,9.2332,9.2332,9.2332,9.2332,1908,0
20130724,9.0368,9.0368,9.0368,9.0368,255,0
20130725,9.2823,9.3315,9.2823,9.3315,1018,0
20130726,9.1448,9.2234,8.8501,8.8501,3064,0
20130729,9.0368,9.0368,8.6439,8.6439,3278,0
20130730,8.5439,8.8419,8.5439,8.8419,713,0
20130731,8.6439,8.8895,8.5752,8.8895,318,0
20130802,9.1056,9.3315,9.1056,9.3315,488,0
20130805,9.3315,9.3315,9.3315,9.3315,102,0
20130806,9.3287,9.3287,9.3287,9.3287,759,0
20130807,9.0368,9.0368,8.3591,8.7912,3340,0
20130808,8.5555,8.5555,8.5456,8.5456,1745,0
20130809,8.8916,8.9412,8.8916,8.9412,794,0
20130813,8.6929,9.0803,8.6531,9.0803,2429,0
20130814,8.9876,8.9876,8.5752,8.5752,509,0
20130816,8.8022,9.3088,8.4644,8.7525,1456,0
20130819,8.7525,8.9711,8.4644,8.8419,2291,0
20130820,8.832,8.8419,8.4644,8.7426,1192,0
20130821,8.7426,9.0307,8.7426,8.8419,518,0
20130822,8.7922,8.7922,8.7922,8.7922,5,0
20130823,8.7922,8.8419,8.7922,8.8419,163,0
20130826,9.0605,9.0704,8.8419,8.8419,16799,0
20130827,8.8419,9.0605,8.6531,8.7028,17986,0
20130828,8.7028,8.9313,8.7028,8.9313,393,0
20130829,8.9313,9.0108,8.9313,9.0108,103,0
20130830,9.0009,9.0009,8.9909,9.0009,12633,0
20130902,8.832,8.8419,8.832,8.8419,106,0
20130903,8.4942,9.2691,8.4942,9.2691,13119,0
20130904,9.0605,9.0605,8.7525,9.0406,1580,0
20130905,9.13,9.1399,8.6432,8.6432,2006,0
20130906,8.6432,9.1399,8.6432,9.1399,588,0
20130909,9.13,9.2194,8.9512,9.1697,568,0
20130910,9.2095,9.438,9.2095,9.3684,1419,0
20130911,9.4082,9.4082,9.3784,9.3784,1591,0
20130912,9.428,9.438,9.4181,9.428,519,0
20130913,9.537,9.537,9.508,9.517,513,0
20130916,9.517,9.517,9.1896,9.2393,611,0
20130917,9.279,9.279,8.9412,9.0207,1411,0
20130918,9.1399,9.1399,8.832,8.832,649,0
20130919,8.8419,9.3883,8.6333,9.3883,2484,0
20130920,9.3585,9.3585,9.0903,9.0903,347,0
20130924,8.9512,8.9512,8.6035,8.6134,721,0
20130925,8.6134,8.9214,8.6134,8.7624,1910,0
20130926,8.7624,9.2194,8.7624,9.2194,1055,0
20130927,9.13,9.1399,8.9313,8.9512,932,0
20130930,8.9611,8.9711,8.9611,8.9711,152,0
20131001,8.9611,8.9711,8.8121,8.9711,524,0
20131002,8.9611,9.0803,8.9611,9.0803,310,0
20131003,9.3188,10.928,9.3088,10.084,4350,0
20131004,10.074,10.074,9.806,9.925,595,0
20131007,9.935,9.935,9.637,9.925,1930,0
20131008,9.925,9.925,9.627,9.915,3070,0
20131009,9.905,9.935,9.637,9.915,1610,0
20131010,9.925,9.925,9.925,9.925,2,0
20131011,9.925,10.511,9.925,10.511,2768,0
20131014,10.551,10.551,9.925,10.402,2015,0
20131015,10.471,10.571,10.332,10.571,273,0
20131016,10.6,10.928,10.431,10.431,1038,0
20131017,10.431,10.431,10.431,10.431,317,0
20131018,10.441,11.922,10.441,11.455,2967,0
20131021,11.455,11.455,11.077,11.077,436,0
20131022,11.087,11.097,10.729,10.729,2018,0
20131023,10.729,10.829,10.382,10.829,571,0
20131024,11.087,11.087,10.65,10.819,992,0
20131025,10.819,10.819,10.332,10.412,1143,0
20131028,10.332,10.521,10.133,10.521,389,0
20131029,10.59,10.908,10.59,10.908,296,0
20131030,10.64,10.64,10.63,10.63,286,0
20131031,10.64,10.898,10.64,10.898,515,0
20131104,10.898,10.898,10.451,10.451,223,0
20131105,10.451,11.326,10.332,10.928,1593,0
20131106,10.928,10.928,10.918,10.918,2039,0
20131107,10.918,10.918,10.481,10.481,596,0
20131108,10.72,10.72,10.481,10.481,886,0
20131112,10.769,10.879,10.729,10.869,2115,0
20131113,10.968,10.968,10.888,10.888,807,0
20131114,10.849,10.849,10.849,10.849,91,0
20131115,10.849,11.912,10.849,11.624,2116,0
20131118,11.922,12.468,11.922,12.22,3928,0
20131119,12.319,12.607,12.22,12.22,748,0
20131120,12.289,12.408,12.12,12.408,2450,0
20131121,12.319,12.319,12.319,12.319,5,0
20131122,12.319,12.567,12.071,12.269,46918,0
20131125,12.408,12.408,12.408,12.408,4,0
20131126,12.22,12.617,12.22,12.617,201,0
20131127,12.716,12.756,12.269,12.756,4694,0
20131128,12.756,12.895,12.756,12.885,2095,0
20131129,12.915,14.813,12.915,14.803,30201,0
20131202,15.2,15.2,14.902,14.902,1164,0
20131203,14.554,16.591,14.515,16.591,3603,0
20131204,16.69,17.733,16.69,17.733,967,0
20131205,17.237,17.882,16.79,17.336,6280,0
20131206,17.416,17.416,15.25,16.343,3098,0
20131209,16.094,16.442,16.094,16.333,2114,0
20131210,16.333,17.435,16.333,17.137,1519,0
20131211,17.376,17.376,16.591,16.591,434,0
20131212,16.631,16.631,16.204,16.204,2522,0
20131213,16.223,16.591,16.223,16.591,200,0
20131216,16.303,16.839,16.303,16.839,64,0
20131217,16.492,18.777,16.492,17.882,3487,0
20131218,18.379,19.373,18.379,19.263,1926,0
20131219,19.224,19.224,18.081,18.081,902,0
20131220,17.982,18.826,17.286,17.286,1268,0
20131223,17.336,17.386,17.088,17.386,352,0
20131230,17.386,17.684,17.386,17.684,352,0
20140102,17.386,17.982,17.386,17.684,103,0
20140103,17.684,17.882,17.684,17.882,413,0
20140107,18.876,18.876,17.684,17.684,410,0
20140108,17.882,17.882,16.899,16.899,337,0
20140109,17.068,17.068,17.068,17.068,45,0
20140110,16.978,17.038,16.601,17.038,541,0
20140113,17.038,17.038,16.561,17.028,407,0
20140114,17.028,17.177,16.601,16.601,3608,0
20140115,16.641,17.356,16.641,16.839,584,0
20140116,16.939,16.939,16.939,16.939,5,0
20140117,16.591,16.889,16.502,16.889,14067,0
20140120,16.889,16.889,16.243,16.243,3195,0
20140121,16.283,16.283,15.796,15.796,337,0
20140122,15.796,15.796,15.796,15.796,942,0
20140123,16.144,16.144,16.144,16.144,50,0
20140124,16.144,16.283,15.707,16.243,12945,0
20140127,16.243,16.69,15.756,16.69,303,0
20140128,16.8,16.8,15.896,16.392,226,0
20140129,17.396,19.869,17.088,19.164,18727,0
20140130,19.77,19.969,18.379,18.429,20413,0
20140131,18.528,18.528,17.634,17.783,1607,0
20140203,18.28,18.856,17.445,18.022,6797,0
20140204,18.23,18.23,17.396,17.634,908,0
20140205,17.386,17.863,17.098,17.783,6794,0
20140206,18.161,18.161,17.286,17.833,5968,0
20140207,17.962,17.962,17.505,17.505,708,0
20140210,17.863,17.863,17.495,17.535,2334,0
20140211,17.485,17.733,17.396,17.406,2563,0
20140212,17.634,17.873,17.396,17.684,11552,0
20140213,17.485,17.813,17.485,17.793,1367,0
20140214,17.882,17.982,17.882,17.882,1713,0
20140217,17.882,18.181,17.882,18.181,3869,0
20140218,18.181,19.174,18.181,18.479,2548,0
20140219,18.866,19.174,18.389,19.174,2668,0
20140220,19.174,19.174,19.114,19.164,737,0
20140221,19.164,21.36,19.164,21.36,1990,0
20140224,21.34,22.532,21.34,21.856,1446,0
20140225,21.866,22.154,21.866,22.154,374,0
20140226,22.552,22.552,21.658,21.658,2573,0
20140227,21.37,21.648,19.969,20.267,1187,0
20140228,20.466,20.565,20.366,20.466,362,0
20140303,19.869,19.869,18.876,19.373,2253,0
20140304,19.472,20.565,19.472,20.565,295,0
20140305,20.565,21.211,20.466,20.466,1089,0
20140306,20.764,21.25,20.764,20.813,1711,0
20140307,21.26,21.26,20.863,20.863,528,0
20140310,21.26,21.26,19.075,19.969,1433,0
20140311,20.267,20.267,20.267,20.267,4,0
20140312,20.267,20.267,18.886,19.472,1917,0
20140313,19.472,19.472,18.876,19.373,1283,0
20140314,18.677,18.677,17.386,17.882,1258,0
20140317,19.075,19.075,18.479,18.528,1651,0
20140318,18.28,18.876,18.28,18.876,10,0
20140319,18.876,19.065,18.588,19.055,2917,0
20140320,19.065,19.075,18.528,19.075,6181,0
20140321,19.075,20.267,19.075,20.267,2711,0
20140324,20.863,22.532,20.366,20.366,2053,0
20140325,20.744,20.744,19.969,20.346,374,0
20140326,20.346,20.346,19.969,19.969,95,0
20140327,20.346,20.346,18.975,19.363,378,0
20140328,19.363,19.363,17.187,18.379,2314,0
20140331,18.379,18.866,18.379,18.866,1205,0
20140401,17.982,18.876,17.982,18.866,3409,0
20140402,19.323,19.323,18.28,18.28,409,0
20140403,18.379,18.995,18.379,18.995,715,0
20140404,18.707,19.164,18.389,19.164,587,0
20140407,19.095,19.095,19.075,19.075,103,0
20140408,18.876,18.876,18.101,18.677,679,0
20140409,18.866,18.866,18.33,18.33,202,0
20140410,18.33,18.33,18.28,18.28,275,0
20140411,18.21,18.21,17.286,17.584,499,0
20140414,18.071,18.081,18.071,18.081,195,0
20140415,17.882,17.882,17.336,17.873,374,0
20140416,17.634,17.634,17.634,17.634,131,0
20140417,17.783,17.783,17.137,17.137,666,0
20140422,17.137,17.515,16.7,17.386,1035,0
20140423,16.601,16.601,16.104,16.353,1772,0
20140424,16.392,16.591,16.372,16.372,2277,0
20140425,16.372,16.372,15.935,16.362,523,0
20140428,15.945,16.094,15.896,16.094,403,0
20140429,16.094,16.094,15.051,15.796,1063,0
20140430,15.896,15.896,14.435,15.101,6770,0
20140502,15.111,15.896,15.111,15.896,193,0
20140505,16.035,16.035,15.886,15.896,228,0
20140506,15.945,15.985,15.935,15.985,437,0
20140507,15.985,15.985,15.309,15.846,499,0
20140508,15.846,16.084,15.309,16.084,308,0
20140509,16.084,16.084,15.747,15.747,247,0
20140512,15.747,15.747,14.902,14.902,511,0
20140513,14.902,15.399,14.902,15.399,107,0
20140514,14.952,15.399,14.952,15.399,303,0
20140515,15.399,16.074,15.399,16.074,449,0
20140516,16.084,16.094,15.598,16.094,4,0
20140519,16.094,16.094,16.094,16.094,2,0
20140520,16.094,16.68,16.094,16.194,900,0
20140521,16.819,16.819,16.293,16.293,257,0
20140522,15.905,15.905,15.647,15.647,403,0
20140523,15.598,15.607,15.598,15.607,103,0
20140526,15.598,16.144,15.598,16.144,306,0
20140527,15.598,15.896,15.101,15.399,1603,0
20140528,15.15,15.886,15.15,15.886,5471,0
20140529,15.846,15.846,15.846,15.846,3,0
20140530,15.846,15.846,15.399,15.399,155,0
20140602,15.697,15.697,15.697,15.697,8,0
20140603,15.846,15.846,15.598,15.598,9164,0
20140604,15.846,15.846,15.647,15.647,203,0
20140605,16.889,16.988,16.392,16.392,4334,0
20140606,16.392,16.939,16.392,16.939,14,0
20140609,16.988,16.988,16.988,16.988,91,0
20140610,16.988,16.988,16.988,16.988,5,0
20140611,16.988,17.286,16.988,17.286,187,0
20140612,17.286,17.286,17.286,17.286,4,0
20140613,16.482,17.286,15.011,17.286,1938,0
20140616,17.286,17.286,16.889,16.889,251,0
20140617,16.889,17.286,16.492,17.286,289,0
20140618,17.286,17.535,17.286,17.535,696,0
20140620,17.525,17.525,16.392,16.392,935,0
20140623,16.78,16.79,16.78,16.79,10,0
20140624,16.293,16.293,16.293,16.293,10,0
20140625,16.74,16.74,16.74,16.74,136,0
20140627,16.8,16.8,15.51,15.9,162,0
20140630,16,16,14.98,14.98,261,0
20140701,15,15.69,15,15.69,136,0
20140702,15.35,16.1,15.35,16.1,151,0
20140703,16.2,16.4,15.72,16.4,826,0
20140707,16.3,16.3,16,16,180,0
20140708,15.4,15.99,15.25,15.99,196,0
20140709,15.16,15.95,15.16,15.95,101,0
20140710,15.15,15.95,14.9,15.95,251,0
20140714,15.75,15.75,15.75,15.75,20,0
20140715,15,16.2,15,16.2,300,0
20140716,16,16,16,16,1,0
20140718,15.25,15.25,14.54,15.25,732,0
20140721,15.24,15.24,15.24,15.24,2,0
20140722,15.24,15.24,15.24,15.24,1,0
20140723,15.24,15.24,15.24,15.24,2,0
20140724,15.24,15.24,15.24,15.24,1,0
20140725,15.24,15.25,15.05,15.05,539,0
20140728,15,15,14.9,14.9,350,0
20140729,15.1,15.1,15.1,15.1,1,0
20140730,15.1,15.1,14.2,14.2,539,0
20140731,14.95,14.95,14.95,14.95,1,0
20140801,14.95,14.95,14.95,14.95,130,0
20140805,14.95,14.95,14.95,14.95,119,0
20140807,14.5,14.5,14.5,14.5,66,0
20140812,14.5,14.5,14.5,14.5,55,0
20140813,14.15,14.15,14.15,14.15,200,0
20140814,13.9,13.9,13.9,13.9,70,0
20140819,14,14,14,14,1,0
20140820,14,14,14,14,2,0
20140821,14,15,14,15,531,0
20140822,15,15,14.75,14.99,3566,0
20140825,15,15,15,15,59,0
20140826,15,15.95,15,15.95,303,0
20140827,15.99,16.3,15.99,16,364,0
20140828,16,16,16,16,1,0
20140829,15.99,15.99,15.25,15.25,166,0
20140901,15.6,15.6,15.6,15.6,4,0
20140902,15.15,15.15,15,15,350,0
20140903,14.75,14.75,14,14,1939,0
20140904,13.76,14,13.76,14,50,0
20140905,14.25,14.27,14.25,14.27,10,0
20140908,14.27,14.27,14.27,14.27,2,0
20140910,13.76,13.85,13.75,13.8,672,0
20140915,13.8,13.8,13.8,13.8,4,0
20140918,14.26,14.26,14.26,14.26,8,0
20140919,14.15,14.15,14.15,14.15,223,0
20140922,14.26,14.26,13.7,13.7,127,0
20140923,14.26,14.61,14.26,14.61,217,0
20140924,14.39,14.39,14.39,14.39,1,0
20140925,14.39,14.39,13.7,13.7,188,0
20140926,13.5,13.5,13.5,13.5,2,0
20140929,13.5,14.39,13.4,14.39,301,0
20140930,14.38,14.38,14.38,14.38,4,0
20141001,14.38,14.61,14.38,14.61,291,0
20141002,14.61,14.61,14.61,14.61,20,0
20141003,14.2,14.2,13.2,13.2,1220,0
20141006,13.2,13.2,13.2,13.2,53,0
20141007,13.04,13.49,13.04,13.49,155,0
20141008,13.81,14,13.2,13.5,1983,0
20141009,13.76,13.76,13,13,1335,0
20141010,12.99,12.99,12.99,12.99,50,0
20141013,12.65,12.65,12.6,12.6,304,0
20141014,12.18,12.18,10.6,11.1,2195,0
20141015,10.7,10.97,10,10.9,1385,0
20141016,10.4,11.6,9.98,10,12311,0
20141017,10,10.01,9.95,10,3495,0
20141020,10,10,10,10,1056,0
20141021,10,10.49,10,10.2,6220,0
20141022,10.2,10.42,10,10.42,11959,0
20141023,10.4,10.42,10.4,10.42,441,0
20141024,10.42,11,10.42,11,938,0
20141027,11,11,9.05,9.99,3817,0
20141028,9.65,10,9.65,10,6150,0
20141029,9.9,10.79,9.9,10.55,957,0
20141030,11,11.55,10.5,10.5,2330,0
20141031,10.5,11.25,10.5,11,17548,0
20141103,11.2,11.3,10.09,10.6,3463,0
20141104,10.79,10.79,10,10.01,2607,0
20141105,9.95,10,9.91,9.96,1001,0
20141106,9.96,9.96,9.96,9.96,1,0
20141107,9.95,9.95,9.95,9.95,50,0
20141110,9.91,10.25,9.91,9.91,345,0
20141112,9.91,9.91,9.74,9.74,444,0
20141113,10,10.5,9.91,9.91,3982,0
20141114,10.19,10.19,10,10,154,0
20141117,10.01,10.1,10,10,1845,0
20141118,10.2,10.2,9.66,9.66,3036,0
20141119,9.6,9.6,9.11,9.11,1027,0
20141120,9.1,9.1,8.8,8.8,516,0
20141121,8.9,8.9,7.14,8.6,2634,0
20141124,9.43,9.43,9,9,1100,0
20141125,9,9.05,8.7,8.7,1390,0
20141126,8.85,9,8.55,9,198,0
20141127,9,9.2,9,9.2,50,0
20141128,9,9,9,9,10,0
20141201,9.3,9.31,9.3,9.31,210,0
20141202,9.1,9.1,9,9,583,0
20141203,9,9,8.7,8.7,2254,0
20141205,8.71,8.91,8.71,8.91,250,0
20141208,8.7,8.71,8.7,8.71,2498,0
20141209,8.8,9,8.8,9,287,0
20141210,9.1,9.15,9,9,180,0
20141211,9.1,9.1,8.71,8.9,2714,0
20141212,8.98,8.98,8.5,8.98,12926,0
20141215,8.98,8.98,8.65,8.65,687,0
20141216,8.6,8.6,8.5,8.51,1013,0
20141217,8.51,8.72,8.5,8.5,1105,0
20141218,8.55,9,8.55,9,2600,0
20141219,9.25,9.95,9.25,9.95,2250,0
20141222,9.95,9.95,9.56,9.79,661,0
20141223,10,11.3,10,11.3,9100,0
20141229,11.3,11.3,10.5,10.5,1340,0
20141230,10.4,10.4,10,10.19,1537,0
