Date,Open,High,Low,Close,Volume,OpenInt
20081204,2.3,2.49,1.81,1.84,73557,0
20081205,2,2,1.5,1.55,17816,0
20081208,1.7,1.89,1.55,1.56,24576,0
20081209,1.6,1.73,1.36,1.51,23807,0
20081210,1.51,1.51,1.36,1.43,4643,0
20081211,1.54,1.54,1.38,1.43,2355,0
20081212,1.43,1.43,1.27,1.34,2153,0
20081215,1.34,1.37,1.33,1.37,629,0
20081216,1.39,1.49,1.39,1.49,400,0
20081217,1.53,1.53,1.49,1.49,2380,0
20081218,1.36,1.48,1.28,1.45,6705,0
20081219,1.45,1.45,1.36,1.36,786,0
20081222,1.39,1.39,1.14,1.2,8043,0
20081223,1.24,1.24,1.2,1.23,384,0
20081229,1.25,1.25,1.24,1.24,989,0
20081230,1.25,1.25,1.17,1.2,3366,0
20081231,1.25,1.25,1.15,1.15,860,0
20090105,1.15,1.15,1.15,1.15,10,0
20090106,1.15,1.24,1.13,1.2,2293,0
20090107,1.18,1.18,1.18,1.18,700,0
20090108,1.19,1.19,1.18,1.18,23,0
20090109,1.18,1.2,1.1,1.2,1408,0
20090112,1.2,1.2,1.2,1.2,10,0
20090113,1.2,1.2,1.2,1.2,10,0
20090114,1.2,1.2,1.02,1.14,4256,0
20090115,1.14,1.15,1.1,1.15,1580,0
20090116,1.13,1.15,1.13,1.15,366,0
20090119,1.15,1.15,1.07,1.07,505,0
20090120,1.14,1.14,0.88,0.88,6250,0
20090121,0.9,0.95,0.85,0.88,1010,0
20090122,0.95,0.98,0.88,0.88,512,0
20090123,0.89,0.9,0.85,0.89,8,0
20090126,0.97,0.97,0.89,0.89,1226,0
20090127,0.89,0.89,0.89,0.89,10,0
20090128,0.9,0.9,0.9,0.9,343,0
20090130,0.92,0.92,0.92,0.92,100,0
20090202,0.92,0.92,0.85,0.85,200,0
20090203,0.87,0.95,0.87,0.87,550,0
20090204,0.93,0.93,0.8,0.8,3909,0
20090205,0.8,0.8,0.8,0.8,10,0
20090206,0.8,0.8,0.8,0.8,10,0
20090209,0.8,0.86,0.8,0.86,110,0
20090210,0.85,0.85,0.7,0.7,595,0
20090211,0.8,0.82,0.68,0.7,13463,0
20090213,0.7,0.7,0.7,0.7,205,0
20090217,0.7,0.7,0.7,0.7,10,0
20090218,0.7,0.7,0.7,0.7,10,0
20090219,0.7,0.72,0.7,0.72,110,0
20090220,0.72,0.72,0.7,0.72,1198,0
20090223,0.72,0.72,0.7,0.7,832,0
20090224,0.72,0.72,0.63,0.68,813,0
20090225,0.7,0.7,0.7,0.7,1170,0
20090226,0.73,0.73,0.6,0.6,403,0
20090302,0.6,0.6,0.6,0.6,20,0
20090303,0.55,0.6,0.55,0.6,16,0
20090304,0.6,0.6,0.6,0.6,20,0
20090305,0.6,0.69,0.6,0.69,13,0
20090306,0.7,0.7,0.7,0.7,10,0
20090309,0.68,0.68,0.68,0.68,20,0
20090310,0.7,0.7,0.7,0.7,3,0
20090311,0.7,0.75,0.7,0.75,480,0
20090313,0.6,0.68,0.59,0.68,4596,0
20090316,0.67,0.67,0.67,0.67,6,0
20090317,0.56,0.58,0.55,0.58,6707,0
20090318,0.51,0.62,0.51,0.62,1410,0
20090319,0.62,0.62,0.5,0.6,1980,0
20090320,0.6,0.6,0.6,0.6,10,0
20090323,0.6,0.61,0.6,0.61,689,0
20090324,0.61,0.72,0.61,0.72,4809,0
20090325,0.73,0.73,0.73,0.73,20,0
20090326,0.72,0.72,0.63,0.63,95,0
20090327,0.62,0.72,0.6,0.62,4251,0
20090330,0.62,0.62,0.62,0.62,20,0
20090331,0.63,0.71,0.63,0.71,75,0
20090401,0.69,0.69,0.69,0.69,20,0
20090402,0.69,0.69,0.69,0.69,20,0
20090403,0.69,0.71,0.64,0.65,1384,0
20090406,0.7,0.71,0.69,0.71,119,0
20090407,0.69,0.74,0.69,0.74,2050,0
20090408,0.74,0.74,0.67,0.7,1260,0
20090409,0.7,0.7,0.7,0.7,10,0
20090414,0.7,0.7,0.67,0.67,114,0
20090415,0.69,0.7,0.69,0.7,220,0
20090416,0.7,0.73,0.69,0.69,2198,0
20090420,0.7,0.7,0.7,0.7,200,0
20090424,0.7,0.8,0.7,0.8,6617,0
20090427,0.8,0.8,0.68,0.79,1659,0
20090429,0.76,0.76,0.75,0.75,20,0
20090430,0.77,0.78,0.77,0.78,101,0
20090504,0.68,0.76,0.68,0.76,505,0
20090505,0.68,0.75,0.68,0.7,1320,0
20090506,0.75,0.76,0.75,0.76,92,0
20090507,0.75,0.75,0.75,0.75,10,0
20090508,0.75,0.75,0.75,0.75,10,0
20090511,0.75,0.75,0.68,0.7,238,0
20090512,0.7,0.75,0.7,0.75,1175,0
20090515,0.74,0.74,0.74,0.74,10,0
20090518,0.72,0.74,0.72,0.73,1972,0
20090519,0.74,0.8,0.74,0.8,1764,0
20090520,0.85,0.85,0.7,0.77,2275,0
20090522,0.76,0.77,0.71,0.77,1110,0
20090526,0.77,0.9,0.77,0.8,1111,0
20090528,0.8,0.93,0.8,0.88,4185,0
20090529,0.88,0.88,0.88,0.88,2321,0
20090601,0.91,0.91,0.85,0.85,110,0
20090602,0.9,0.9,0.9,0.9,10,0
20090604,0.9,0.93,0.9,0.92,1964,0
20090605,0.95,0.96,0.95,0.96,301,0
20090608,0.96,1,0.96,1,1000,0
20090609,1,1.18,0.91,0.95,16211,0
20090610,0.97,1.1,0.96,1.05,10664,0
20090612,1.08,1.08,0.99,0.99,1330,0
20090615,1.08,1.08,0.95,1.08,6401,0
20090616,1.02,1.07,0.96,1.07,7021,0
20090617,1.07,1.07,1.07,1.07,10,0
20090618,1.08,1.08,0.99,1.07,2253,0
20090619,1.07,1.07,1.07,1.07,10,0
20090622,0.98,1.06,0.97,1.06,485,0
20090623,1.06,1.06,0.96,0.96,548,0
20090624,1,1,1,1,500,0
20090625,0.96,0.96,0.96,0.96,90,0
20090626,0.94,1.06,0.9,1.06,8900,0
20090629,0.94,0.94,0.94,0.94,100,0
20090630,1,1,1,1,1999,0
20090701,1,1,1,1,15,0
20090703,1.01,1.01,1.01,1.01,10,0
20090706,0.99,1,0.99,1,225,0
20090707,1,1,1,1,10,0
20090708,1,1,1,1,10,0
20090709,1,1,1,1,10,0
20090710,0.99,0.99,0.93,0.93,410,0
20090713,0.93,0.93,0.93,0.93,10,0
20090714,0.93,0.93,0.93,0.93,10,0
20090715,0.94,1,0.94,1,2510,0
20090716,1,1,1,1,10,0
20090717,1,1,1,1,450,0
20090720,1.04,1.05,1,1.05,1020,0
20090721,0.93,1.01,0.93,1.01,510,0
20090722,0.99,0.99,0.99,0.99,10,0
20090723,1,1,1,1,675,0
20090724,1,1,1,1,610,0
20090728,1,1,1,1,100,0
20090729,1.05,1.05,1.05,1.05,600,0
20090730,1.04,1.06,1.01,1.06,1877,0
20090731,1.07,1.41,0.96,1.3,20039,0
20090803,1.2,1.44,1.05,1.35,15418,0
20090804,1.43,1.43,1.43,1.43,700,0
20090805,1.43,1.5,1.34,1.5,4426,0
20090806,1.5,1.5,1.5,1.5,991,0
20090807,1.5,1.53,1.5,1.53,5168,0
20090810,1.48,1.52,1.11,1.52,19645,0
20090811,1.52,1.52,1.52,1.52,10,0
20090812,1.52,1.53,1.52,1.52,1041,0
20090813,1.52,1.52,1.5,1.5,105,0
20090814,1.5,1.5,1.49,1.49,11,0
20090817,1.49,1.49,1.2,1.4,3767,0
20090819,1.39,1.39,1.15,1.15,210,0
20090820,1.16,1.37,1,1.37,13722,0
20090821,1.3,1.43,1.17,1.37,1310,0
20090824,1.3,1.37,1.3,1.37,200,0
20090825,1.3,1.37,1.3,1.35,444,0
20090826,1.35,1.37,1.35,1.37,50,0
20090827,1.35,1.35,1.35,1.35,250,0
20090828,1.38,1.38,1.38,1.38,161,0
20090831,1.4,1.42,1.4,1.42,120,0
20090901,1.42,1.52,1.42,1.52,789,0
20090902,1.53,1.53,1.53,1.53,120,0
20090903,1.5,1.5,1.31,1.5,1280,0
20090904,1.49,1.52,1.49,1.52,2447,0
20090907,1.53,1.53,1.31,1.31,363,0
20090908,1.31,1.31,1.31,1.31,10,0
20090909,1.32,1.33,1.32,1.33,710,0
20090910,1.33,1.33,1.33,1.33,740,0
20090911,1.48,1.48,1.48,1.48,10,0
20090914,1.48,1.48,1.48,1.48,10,0
20090915,1.48,1.52,1.31,1.52,12754,0
20090916,1.52,1.52,1.52,1.52,160,0
20090917,1.52,1.52,1.5,1.5,363,0
20090918,1.52,1.52,1.52,1.52,10,0
20090921,1.51,1.51,1.45,1.45,530,0
20090922,1.45,1.51,1.3,1.51,5131,0
20090923,1.45,1.45,1.45,1.45,300,0
20090924,1.37,1.37,1.36,1.36,334,0
20090925,1.35,1.35,1.35,1.35,10,0
20090928,1.35,1.35,1.35,1.35,576,0
20090929,1.35,1.35,1.35,1.35,50,0
20090930,1.35,1.43,1.35,1.43,110,0
20091001,1.4,1.4,1.4,1.4,360,0
20091002,1.4,1.4,1.4,1.4,10,0
20091005,1.44,1.44,1.4,1.4,499,0
20091006,1.45,1.45,1.4,1.4,356,0
20091007,1.45,1.48,1.45,1.48,330,0
20091008,1.48,1.48,1.48,1.48,301,0
20091009,1.48,1.49,1.48,1.49,1505,0
20091012,1.48,1.49,1.41,1.41,4334,0
20091013,1.45,1.49,1.45,1.49,110,0
20091014,1.49,1.49,1.49,1.49,10,0
20091015,1.49,1.49,1.22,1.22,11523,0
20091016,1.2,1.2,1,1.18,16827,0
20091019,1.2,1.38,1.2,1.29,7837,0
20091020,1.32,1.46,1.31,1.4,8140,0
20091021,1.39,1.45,1.32,1.43,3528,0
20091022,1.44,1.45,1.43,1.43,2110,0
20091023,1.44,1.44,1.3,1.41,7535,0
20091026,1.41,1.41,1.21,1.39,9204,0
20091027,1.39,1.39,1.25,1.37,11734,0
20091028,1.37,1.37,1.28,1.28,2057,0
20091029,1.28,1.35,1.22,1.35,1519,0
20091030,1.35,1.47,1.3,1.47,4213,0
20091102,1.45,1.45,1.24,1.27,1125,0
20091103,1.27,1.29,1.27,1.29,280,0
20091104,1.35,1.38,1.35,1.35,1333,0
20091105,1.35,1.35,1.35,1.35,474,0
20091106,1.24,1.75,1.24,1.75,24505,0
20091109,1.7,1.88,1.52,1.83,3258,0
20091110,1.8,1.8,1.8,1.8,500,0
20091112,1.8,1.8,1.57,1.78,3657,0
20091113,1.79,1.88,1.79,1.86,2332,0
20091116,1.86,1.86,1.86,1.86,10,0
20091117,1.8,1.8,1.68,1.8,3685,0
20091118,1.82,1.82,1.82,1.82,2000,0
20091119,1.8,1.8,1.46,1.67,12445,0
20091120,1.65,1.65,1.65,1.65,100,0
20091123,1.47,1.64,1.47,1.64,1193,0
20091124,1.62,1.62,1.56,1.56,160,0
20091125,1.56,1.56,1.56,1.56,10,0
20091130,1.58,1.58,1.58,1.58,10,0
20091201,1.36,1.59,1.36,1.58,7264,0
20091202,1.57,1.63,1.5,1.57,873,0
20091203,1.64,1.66,1.61,1.66,1497,0
20091204,1.73,1.76,1.73,1.74,330,0
20091207,1.77,1.77,1.77,1.77,101,0
20091208,1.77,1.77,1.71,1.71,1066,0
20091209,1.71,1.74,1.71,1.74,2292,0
20091210,1.74,1.74,1.74,1.74,10,0
20091211,1.71,1.71,1.71,1.71,10,0
20091214,1.71,1.71,1.55,1.65,3802,0
20091215,1.53,1.53,1.5,1.5,2043,0
20091216,1.51,1.6,1.49,1.6,1775,0
20091217,1.55,1.55,1.45,1.5,1100,0
20091218,1.45,1.59,1.33,1.59,9352,0
20091221,1.6,1.6,1.6,1.6,10,0
20091222,1.6,1.6,1.6,1.6,10,0
20091223,1.55,1.55,1.55,1.55,10,0
20091228,1.5,1.51,1.5,1.51,110,0
20091229,1.55,1.58,1.55,1.58,90,0
20091230,1.58,1.58,1.3,1.49,5531,0
20091231,1.44,1.44,1.44,1.44,511,0
20100104,1.44,1.49,1.44,1.49,20,0
20100105,1.49,1.49,1.35,1.35,370,0
20100106,1.38,1.5,1.36,1.48,7310,0
20100107,1.48,1.48,1.4,1.4,110,0
20100108,1.38,1.49,1.29,1.49,17213,0
20100111,1.5,1.5,1.5,1.5,10,0
20100112,1.48,1.48,1.48,1.48,2100,0
20100113,1.49,1.49,1.49,1.49,3650,0
20100114,1.5,1.5,1.48,1.48,2297,0
20100115,1.5,1.5,1.5,1.5,10,0
20100118,1.27,1.48,1.27,1.48,560,0
20100119,1.48,1.69,1.28,1.69,15860,0
20100120,1.65,1.67,1.54,1.64,1840,0
20100121,1.62,1.62,1.62,1.62,130,0
20100122,1.62,1.62,1.62,1.62,10,0
20100125,1.62,1.62,1.62,1.62,10,0
20100126,1.62,1.62,1.62,1.62,10,0
20100127,1.61,1.61,1.61,1.61,10,0
20100128,1.6,1.6,1.59,1.59,171,0
20100129,1.58,1.58,1.58,1.58,10,0
20100201,1.58,1.58,1.55,1.55,400,0
20100202,1.52,1.6,1.5,1.6,3450,0
20100203,1.6,1.6,1.6,1.6,30,0
20100204,1.62,1.62,1.62,1.62,100,0
20100205,1.61,1.61,1.61,1.61,20,0
20100208,1.62,1.62,1.62,1.62,310,0
20100209,1.62,1.62,1.61,1.61,565,0
20100210,1.62,1.62,1.51,1.51,670,0
20100212,1.6,1.6,1.6,1.6,200,0
20100215,1.6,1.6,1.6,1.6,50,0
20100216,1.62,1.62,1.45,1.6,110,0
20100217,1.62,1.62,1.62,1.62,10,0
20100218,1.6,1.6,1.6,1.6,150,0
20100219,1.5,1.61,1.5,1.6,3253,0
20100222,1.6,1.62,1.6,1.62,1822,0
20100223,1.62,1.62,1.62,1.62,2651,0
20100224,1.62,1.62,1.62,1.62,10,0
20100225,1.62,1.62,1.62,1.62,155,0
20100226,1.5,1.75,1.5,1.74,12518,0
20100301,1.74,1.74,1.67,1.67,2335,0
20100302,1.69,1.78,1.69,1.78,6266,0
20100303,1.78,2,1.7,1.75,2570,0
20100304,1.72,1.99,1.71,1.99,12847,0
20100305,2,2.4,2,2.1,3675,0
20100308,2.1,2.1,2.03,2.03,210,0
20100309,2.03,2.03,1.83,1.9,3784,0
20100310,1.89,2.02,1.77,1.85,1576,0
20100311,1.89,1.95,1.89,1.95,200,0
20100312,1.98,1.98,1.98,1.98,20,0
20100315,1.94,1.94,1.94,1.94,50,0
20100316,1.95,1.97,1.95,1.97,110,0
20100317,1.9,1.96,1.9,1.96,204,0
20100318,1.94,1.94,1.7,1.7,10839,0
20100319,1.8,1.89,1.7,1.8,9889,0
20100322,1.85,1.87,1.71,1.86,4931,0
20100323,1.71,1.86,1.71,1.86,4985,0
20100324,1.86,1.86,1.8,1.8,1020,0
20100325,1.81,1.81,1.68,1.8,8060,0
20100326,1.8,1.8,1.68,1.75,3010,0
20100329,1.7,1.71,1.7,1.7,3550,0
20100330,1.68,1.78,1.68,1.78,200,0
20100331,1.78,1.78,1.78,1.78,100,0
20100401,1.78,1.78,1.75,1.78,5786,0
20100406,1.79,1.8,1.7,1.79,44065,0
20100407,1.73,1.73,1.68,1.73,2720,0
20100408,1.74,1.74,1.74,1.74,70,0
20100409,1.74,1.78,1.62,1.62,8174,0
20100412,1.6,1.7,1.6,1.7,200,0
20100413,1.7,1.7,1.61,1.65,1151,0
20100414,1.7,1.7,1.7,1.7,100,0
20100415,1.72,1.72,1.6,1.7,4845,0
20100416,1.7,1.7,1.51,1.51,3666,0
20100419,1.57,1.69,1.57,1.65,1535,0
20100420,1.65,1.65,1.65,1.65,175,0
20100421,1.65,1.65,1.65,1.65,400,0
20100422,1.65,1.65,1.65,1.65,50,0
20100423,1.65,1.65,1.65,1.65,100,0
20100426,1.65,1.83,1.65,1.83,5538,0
20100427,1.8,1.8,1.79,1.79,173,0
20100428,1.8,1.8,1.77,1.77,782,0
20100429,1.7,1.8,1.7,1.8,325,0
20100430,1.8,1.8,1.8,1.8,1376,0
20100504,1.8,1.8,1.78,1.78,1500,0
20100505,1.76,1.76,1.51,1.55,8822,0
20100506,1.55,1.55,1.5,1.5,4688,0
20100507,1.56,1.56,1.56,1.56,300,0
20100510,1.6,1.6,1.6,1.6,100,0
20100511,1.6,1.6,1.6,1.6,10,0
20100512,1.64,1.64,1.64,1.64,100,0
20100513,1.63,1.63,1.6,1.6,120,0
20100514,1.6,1.6,1.6,1.6,184,0
20100517,1.6,1.67,1.6,1.6,3260,0
20100518,1.61,1.61,1.5,1.55,1700,0
20100519,1.6,1.6,1.58,1.58,920,0
20100520,1.58,1.58,1.58,1.58,10,0
20100521,1.58,1.58,1.58,1.58,10,0
20100524,1.58,1.58,1.5,1.58,500,0
20100525,1.6,1.6,1.6,1.6,16,0
20100526,1.65,1.65,1.6,1.6,144,0
20100527,1.6,1.6,1.59,1.59,116,0
20100528,1.59,1.59,1.52,1.59,538,0
20100531,1.59,1.59,1.59,1.59,20,0
20100601,1.57,1.57,1.55,1.55,145,0
20100602,1.51,1.66,1.47,1.66,4390,0
20100604,1.59,1.59,1.51,1.51,1066,0
20100607,1.51,1.6,1.5,1.6,4360,0
20100608,1.59,1.59,1.56,1.56,130,0
20100609,1.51,1.51,1.51,1.51,85,0
20100610,1.55,1.55,1.55,1.55,100,0
20100611,1.55,1.6,1.5,1.5,1559,0
20100614,1.5,1.5,1.5,1.5,20,0
20100615,1.5,1.5,1.5,1.5,10,0
20100616,1.49,1.49,1.45,1.47,710,0
20100617,1.45,1.45,1.35,1.45,5572,0
20100618,1.47,1.47,1.47,1.47,85,0
20100621,1.48,1.49,1.47,1.47,500,0
20100622,1.47,1.47,1.47,1.47,260,0
20100623,1.46,1.5,1.4,1.5,600,0
20100624,1.5,1.6,1.5,1.6,1300,0
20100625,1.53,1.53,1.5,1.5,120,0
20100628,1.5,1.5,1.5,1.5,126,0
20100629,1.5,1.6,1.45,1.45,1219,0
20100630,1.45,1.45,1.45,1.45,30,0
20100701,1.45,1.5,1.3,1.45,7760,0
20100702,1.4,1.4,1.3,1.35,7100,0
20100705,1.36,1.39,1.36,1.39,504,0
20100706,1.38,1.38,1.35,1.35,2100,0
20100707,1.37,1.39,1.37,1.39,296,0
20100708,1.4,1.44,1.4,1.44,711,0
20100709,1.4,1.43,1.31,1.43,6600,0
20100712,1.44,1.44,1.44,1.44,150,0
20100713,1.44,1.45,1.44,1.45,800,0
20100714,1.45,1.45,1.35,1.35,3260,0
20100715,1.3,1.3,1.22,1.25,4891,0
20100716,1.3,1.4,1.3,1.4,440,0
20100719,1.38,1.38,1.34,1.34,1395,0
20100720,1.3,1.31,1.3,1.3,1485,0
20100721,1.3,1.45,1.3,1.44,720,0
20100722,1.35,1.35,1.3,1.34,5199,0
20100723,1.33,1.43,1.33,1.43,2452,0
20100726,1.4,1.4,1.37,1.37,710,0
20100727,1.39,1.39,1.36,1.36,320,0
20100728,1.35,1.35,1.15,1.15,7496,0
20100729,1.16,1.4,1.16,1.4,4564,0
20100730,1.4,1.4,1.3,1.3,4234,0
20100802,1.32,1.37,1.32,1.37,2155,0
20100803,1.38,1.39,1.32,1.32,2178,0
20100804,1.38,1.39,1.38,1.39,1944,0
20100805,1.39,1.39,1.32,1.32,670,0
20100806,1.32,1.32,1.2,1.3,5805,0
20100809,1.22,1.3,1.22,1.3,2213,0
20100810,1.32,1.32,1.25,1.28,1513,0
20100811,1.25,1.25,1.19,1.2,3714,0
20100812,1.2,1.28,1.2,1.28,2405,0
20100813,1.25,1.3,1.25,1.28,350,0
20100816,1.3,1.3,1.13,1.2,8090,0
20100817,1.27,1.27,1.19,1.19,4600,0
20100818,1.2,1.2,1.1,1.11,9065,0
20100819,1.13,1.15,1.06,1.15,13067,0
20100820,1.16,1.18,1.1,1.1,3217,0
20100823,1.11,1.19,1.11,1.12,5860,0
20100824,1.13,1.2,1.12,1.12,7780,0
20100825,1.13,1.3,1.13,1.28,17898,0
20100826,1.27,1.3,1.23,1.3,1896,0
20100827,1.29,1.29,1.23,1.23,1210,0
20100830,1.22,1.24,1.12,1.24,2061,0
20100831,1.24,1.3,1.22,1.3,5857,0
20100901,1.3,1.3,1.3,1.3,2160,0
20100902,1.3,1.3,1.24,1.27,685,0
20100903,1.27,1.37,1.27,1.37,2627,0
20100906,1.37,1.37,1.3,1.33,1228,0
20100907,1.34,1.38,1.32,1.37,3243,0
20100908,1.36,1.38,1.35,1.35,721,0
20100909,1.35,1.36,1.35,1.36,1845,0
20100913,1.36,1.38,1.36,1.38,645,0
20100914,1.39,1.39,1.38,1.38,227,0
20100915,1.38,1.49,1.38,1.49,10193,0
20100916,1.49,1.49,1.49,1.49,208,0
20100917,1.49,1.53,1.49,1.53,300,0
20100920,1.52,1.52,1.52,1.52,100,0
20100921,1.5,1.51,1.49,1.51,1494,0
20100923,1.5,1.5,1.42,1.42,1442,0
20100924,1.4,1.4,1.38,1.38,300,0
20100927,1.38,1.51,1.38,1.51,1549,0
20100928,1.49,1.49,1.45,1.45,2303,0
20100929,1.5,1.5,1.46,1.46,130,0
20100930,1.45,1.5,1.45,1.5,1567,0
20101001,1.51,1.52,1.51,1.51,699,0
20101004,1.51,1.51,1.51,1.51,100,0
20101005,1.49,1.49,1.44,1.46,412,0
20101006,1.46,1.46,1.4,1.4,975,0
20101011,1.45,1.45,1.35,1.35,2300,0
20101012,1.39,1.39,1.39,1.39,200,0
20101014,1.39,1.39,1.29,1.29,1871,0
20101015,1.29,1.29,1.29,1.29,660,0
20101018,1.29,1.33,1.29,1.3,305,0
20101019,1.3,1.4,1.3,1.4,1300,0
20101020,1.4,1.4,1.4,1.4,100,0
20101021,1.4,1.51,1.4,1.41,10623,0
20101022,1.36,1.36,1.36,1.36,1000,0
20101025,1.4,1.4,1.4,1.4,22,0
20101026,1.41,1.45,1.4,1.4,5184,0
20101027,1.4,1.4,1.4,1.4,100,0
20101028,1.4,1.4,1.4,1.4,50,0
20101029,1.4,1.4,1.37,1.37,252,0
20101102,1.37,1.37,1.3,1.3,4909,0
20101103,1.29,1.44,1.29,1.39,6803,0
20101104,1.39,1.39,1.34,1.34,1010,0
20101105,1.31,1.31,1.22,1.3,7368,0
20101108,1.29,1.29,1.24,1.28,3790,0
20101109,1.24,1.29,1.21,1.26,8654,0
20101110,1.21,1.25,1.21,1.25,3423,0
20101112,1.2,1.2,1.2,1.2,100,0
20101115,1.2,1.24,1.2,1.24,79,0
20101117,1.24,1.26,1.24,1.26,301,0
20101122,1.21,1.21,1.2,1.2,1447,0
20101123,1.2,1.23,1.13,1.18,6000,0
20101125,1.21,1.34,1.2,1.33,9420,0
20101126,1.32,1.32,1.23,1.31,2870,0
20101129,1.31,1.31,1.31,1.31,328,0
20101130,1.31,1.31,1.31,1.31,100,0
20101201,1.3,1.3,1.3,1.3,20,0
20101202,1.29,1.34,1.29,1.29,1675,0
20101203,1.29,1.29,1.29,1.29,10,0
20101206,1.29,1.3,1.29,1.3,405,0
20101207,1.29,1.3,1.18,1.3,1184,0
20101208,1.22,1.31,1.18,1.31,3390,0
20101209,1.29,1.29,1.29,1.29,20,0
20101210,1.29,1.29,1.12,1.28,7555,0
20101213,1.27,1.27,1.27,1.27,20,0
20101214,1.2,1.28,1.19,1.28,2723,0
20101215,1.27,1.27,1.18,1.22,1725,0
20101216,1.23,1.23,1.22,1.22,386,0
20101217,1.23,1.23,1.2,1.2,500,0
20101220,1.2,1.2,1.2,1.2,1469,0
20101221,1.25,1.25,1.25,1.25,150,0
20101222,1.25,1.25,1.25,1.25,100,0
20101223,1.28,1.28,1.28,1.28,125,0
20101227,1.27,1.27,1.25,1.27,805,0
20101228,1.28,1.28,1.21,1.21,337,0
20101229,1.2,1.2,1.2,1.2,579,0
20101230,1.2,1.2,1.2,1.2,20,0
20101231,1.2,1.28,1.2,1.28,699,0
20110103,1.3,1.3,1.3,1.3,55,0
20110104,1.3,1.34,1.3,1.34,676,0
20110105,1.34,1.34,1.25,1.25,4010,0
20110107,1.27,1.31,1.27,1.31,535,0
20110110,1.31,1.31,1.31,1.31,100,0
20110111,1.28,1.28,1.28,1.28,50,0
20110112,1.28,1.28,1.28,1.28,50,0
20110113,1.25,1.25,1.25,1.25,1365,0
20110114,1.25,1.25,1.22,1.22,185,0
20110117,1.22,1.27,1.1,1.14,8490,0
20110118,1.14,1.24,1.14,1.24,816,0
20110119,1.24,1.24,1.15,1.15,3378,0
20110120,1.15,1.16,1.15,1.16,404,0
20110121,1.18,1.18,1.18,1.18,50,0
20110124,1.16,1.19,1.16,1.19,74,0
20110125,1.19,1.2,1.19,1.2,153,0
20110126,1.2,1.2,1.2,1.2,10,0
20110128,1.2,1.23,1.2,1.23,235,0
20110131,1.23,1.23,1.23,1.23,10,0
20110201,1.24,1.24,1.17,1.17,310,0
20110202,1.17,1.17,1.16,1.16,1493,0
20110203,1.16,1.16,1.16,1.16,600,0
20110207,1.16,1.17,1.16,1.17,655,0
20110208,1.18,1.18,1.18,1.18,203,0
20110209,1.18,1.2,1.18,1.2,290,0
20110210,1.2,1.2,1.13,1.13,220,0
20110211,1.13,1.2,1.13,1.2,730,0
20110214,1.2,1.2,1.2,1.2,250,0
20110215,1.2,1.23,1.2,1.23,475,0
20110216,1.23,1.23,1.2,1.2,250,0
20110217,1.21,1.22,1.21,1.22,101,0
20110218,1.14,1.14,1.14,1.14,472,0
20110222,1.12,1.12,1.12,1.12,50,0
20110223,1.13,1.13,1.13,1.13,400,0
20110224,1.13,1.13,1.1,1.13,3100,0
20110225,1.1,1.1,1.1,1.1,170,0
20110228,1.17,1.17,1.09,1.15,2883,0
20110301,1.15,1.15,1.1,1.15,4330,0
20110302,1.15,1.15,1.15,1.15,100,0
20110303,1.15,1.15,1.13,1.14,2171,0
20110304,1.14,1.15,1.14,1.15,594,0
20110307,1.15,1.15,1.07,1.11,2650,0
20110309,1.04,1.1,1,1.1,7115,0
20110310,1.05,1.07,1,1,7400,0
20110311,1,1.02,0.95,1.02,6900,0
20110314,1.02,1.05,0.99,1.05,1135,0
20110315,1.05,1.05,1,1,156,0
20110316,1,1.05,1,1.05,998,0
20110317,1.01,1.09,0.98,1.09,2460,0
20110318,1.07,1.07,1.07,1.07,50,0
20110321,1.08,1.08,1.08,1.08,151,0
20110322,1.09,1.1,1.03,1.09,1124,0
20110323,1.08,1.08,1.08,1.08,155,0
20110324,1.09,1.12,1.02,1.12,7558,0
20110325,1.1,1.1,1.1,1.1,10,0
20110328,1.09,1.09,1.09,1.09,300,0
20110329,1.09,1.1,0.98,1,11053,0
20110330,0.97,1.06,0.96,1.03,6464,0
20110331,1.03,1.05,0.99,0.99,694,0
20110401,1.04,1.08,1.04,1.08,1571,0
20110404,1.08,1.08,1.06,1.08,453,0
20110405,1.07,1.07,1.07,1.07,1000,0
20110406,1.07,1.09,1.07,1.07,1858,0
20110407,1.06,1.1,1.06,1.06,2175,0
20110408,1.05,1.05,1.03,1.03,5805,0
20110411,1.01,1.01,0.95,0.95,7380,0
20110412,0.95,0.96,0.95,0.96,210,0
20110413,1,1,0.93,0.99,6694,0
20110414,0.99,0.99,0.95,0.98,4105,0
20110415,0.98,0.98,0.98,0.98,227,0
20110418,0.97,0.97,0.85,0.91,19816,0
20110419,0.93,0.93,0.87,0.87,2360,0
20110420,0.88,0.92,0.85,0.85,9005,0
20110421,0.88,0.92,0.88,0.92,4705,0
20110426,0.92,0.92,0.89,0.89,4856,0
20110427,0.9,0.93,0.9,0.93,270,0
20110428,0.93,0.93,0.93,0.93,1090,0
20110429,0.93,0.93,0.91,0.91,2000,0
20110502,0.9,0.9,0.9,0.9,1400,0
20110505,0.9,0.92,0.9,0.92,5681,0
20110506,0.9,0.91,0.9,0.91,900,0
20110509,0.91,0.94,0.91,0.94,2627,0
20110510,0.91,0.94,0.9,0.94,4072,0
20110511,0.94,0.94,0.94,0.94,110,0
20110512,0.92,0.92,0.85,0.9,3110,0
20110513,0.9,0.9,0.86,0.86,1300,0
20110516,0.86,0.86,0.86,0.86,2957,0
20110517,0.86,0.86,0.85,0.85,533,0
20110518,0.84,0.91,0.84,0.91,1570,0
20110519,0.92,0.92,0.92,0.92,110,0
20110520,0.92,0.92,0.92,0.92,210,0
20110523,0.92,0.96,0.91,0.91,3910,0
20110524,0.91,0.91,0.91,0.91,110,0
20110525,0.93,0.93,0.88,0.88,1500,0
20110527,0.85,0.85,0.84,0.84,1000,0
20110530,0.85,0.91,0.84,0.84,2636,0
20110531,0.84,0.84,0.84,0.84,100,0
20110601,0.84,0.84,0.84,0.84,120,0
20110602,0.84,0.85,0.84,0.85,175,0
20110603,0.87,0.87,0.82,0.82,3349,0
20110606,0.82,0.82,0.82,0.82,130,0
20110607,0.83,0.91,0.83,0.91,1051,0
20110608,0.86,0.86,0.86,0.86,2000,0
20110613,0.86,0.86,0.86,0.86,150,0
20110614,0.84,0.84,0.78,0.78,4096,0
20110615,0.79,0.82,0.79,0.79,1200,0
20110616,0.79,0.79,0.79,0.79,100,0
20110617,0.79,0.79,0.79,0.79,150,0
20110620,0.8,0.8,0.8,0.8,413,0
20110621,0.8,0.8,0.8,0.8,150,0
20110622,0.82,0.82,0.82,0.82,300,0
20110629,0.79,0.79,0.79,0.79,150,0
20110630,0.79,0.79,0.79,0.79,150,0
20110701,0.79,0.8,0.79,0.8,250,0
20110704,0.8,0.8,0.79,0.79,1000,0
20110705,0.83,0.83,0.83,0.83,80,0
20110707,0.81,0.81,0.8,0.8,2034,0
20110708,0.79,0.79,0.79,0.79,1489,0
20110711,0.84,1.2,0.82,1.2,64276,0
20110712,1.44,1.71,1.44,1.71,24203,0
20110713,2.45,2.94,2.45,2.94,34570,0
20110714,3.36,4,1.9,2.14,188914,0
20110715,2.2,2.26,1.75,1.75,99842,0
20110718,1.66,1.74,1.4,1.68,15682,0
20110719,1.68,1.68,1.23,1.37,38953,0
20110720,1.43,1.99,1.43,1.9,72748,0
20110721,2,2.05,1.6,1.61,33137,0
20110722,1.65,1.9,1.61,1.75,18790,0
20110725,1.65,1.72,1.4,1.51,24039,0
20110726,1.5,1.5,1.29,1.33,20389,0
20110727,1.29,1.45,1.21,1.32,38986,0
20110728,1.32,1.38,1.3,1.33,4805,0
20110729,1.38,1.55,1.3,1.36,23361,0
20110801,1.43,1.43,1.26,1.27,10070,0
20110802,1.27,1.35,1.22,1.35,6708,0
20110803,1.32,1.34,1.1,1.19,16502,0
20110804,1.28,1.28,1.07,1.22,1421,0
20110805,1.22,1.22,0.94,1.09,23684,0
20110808,0.98,1.09,0.98,1.09,1183,0
20110809,1.06,1.06,0.98,1.04,2071,0
20110810,1.05,1.09,1,1.08,3485,0
20110811,1.08,1.08,0.95,1.03,3209,0
20110812,1,1.03,1,1,2476,0
20110816,0.97,0.98,0.93,0.97,5143,0
20110817,0.97,1.28,0.97,1.25,23403,0
20110818,1.15,1.26,1.02,1.26,21744,0
20110819,1.24,1.34,1.2,1.34,5854,0
20110822,1.25,1.33,1.24,1.33,1501,0
20110823,1.23,1.31,1.15,1.31,4690,0
20110824,1.21,1.3,1.16,1.3,6657,0
20110825,1.2,1.25,1.15,1.25,2896,0
20110826,1.25,1.3,1.15,1.3,1218,0
20110829,1.29,1.33,1.1,1.1,7320,0
20110830,1.1,1.28,1.1,1.28,1020,0
20110831,1.18,1.35,1.18,1.35,12237,0
20110901,1.33,1.39,1.27,1.38,14540,0
20110902,1.39,1.4,1.3,1.39,4596,0
20110905,1.38,1.4,1.16,1.4,8270,0
20110906,1.38,1.38,1.38,1.38,100,0
20110907,1.25,1.35,1.25,1.35,540,0
20110908,1.34,1.34,1.33,1.33,80,0
20110909,1.32,1.32,1.15,1.32,5758,0
20110912,1.27,1.36,1.27,1.32,1137,0
20110913,1.34,1.34,1.34,1.34,733,0
20110914,1.36,1.37,1.36,1.37,490,0
20110915,1.37,1.38,1.37,1.38,884,0
20110916,1.37,1.37,1.22,1.37,2110,0
20110919,1.36,1.36,1.36,1.36,50,0
20110920,1.35,1.35,1.2,1.29,1310,0
20110921,1.29,1.29,1.2,1.27,1520,0
20110922,1.28,1.28,1.28,1.28,75,0
20110923,1.27,1.29,1.27,1.29,130,0
20110926,1.29,1.29,1.29,1.29,10,0
20110927,1.29,1.29,1.14,1.25,390,0
20110929,1.26,1.29,1.26,1.29,616,0
20110930,1.27,1.27,1.25,1.25,90,0
20111003,1.26,1.29,1.26,1.29,1280,0
20111004,1.25,1.29,1.13,1.29,2329,0
20111005,1.28,1.29,1.06,1.29,2971,0
20111006,1.29,1.29,1.29,1.29,10,0
20111007,1.27,1.3,1.18,1.3,1720,0
20111010,1.3,1.34,1.3,1.34,385,0
20111011,1.33,1.33,1.33,1.33,50,0
20111012,1.33,1.33,1.33,1.33,50,0
20111013,1.33,1.33,1.18,1.3,45,0
20111014,1.3,1.33,1.2,1.3,1700,0
20111017,1.25,1.3,1.2,1.3,2690,0
20111018,1.27,1.27,1.27,1.27,50,0
20111019,1.3,1.38,1.3,1.3,1437,0
20111020,1.36,1.36,1.36,1.36,211,0
20111021,1.36,1.36,1.28,1.36,115,0
20111024,1.35,1.35,1.25,1.25,818,0
20111025,1.28,1.28,1.11,1.27,6574,0
20111026,1.2,1.28,1.2,1.28,1050,0
20111027,1.26,1.26,1.26,1.26,100,0
20111028,1.25,1.25,1.25,1.25,100,0
20111031,1.26,1.26,1.25,1.25,111,0
20111102,1.25,1.25,1.2,1.25,230,0
20111103,1.25,1.25,1.25,1.25,90,0
20111104,1.25,1.25,1.25,1.25,80,0
20111107,1.25,1.25,1.25,1.25,194,0
20111108,1.25,1.25,1.25,1.25,111,0
20111109,1.25,1.25,1.25,1.25,10,0
20111110,1.25,1.25,1.25,1.25,3084,0
20111114,1.25,1.25,1.25,1.25,20,0
20111115,1.25,1.25,1.16,1.16,1920,0
20111116,1.2,1.25,1.2,1.25,400,0
20111117,1.25,1.25,1.25,1.25,10,0
20111118,1.25,1.25,1.25,1.25,132,0
20111121,1.25,1.25,1.25,1.25,80,0
20111122,1.25,1.25,1.25,1.25,190,0
20111123,1.25,1.26,1.25,1.26,277,0
20111124,1.26,1.26,1.26,1.26,20,0
20111125,1.26,1.26,1.26,1.26,30,0
20111128,1.25,1.25,1.1,1.1,1685,0
20111129,1.19,1.2,1.19,1.2,2500,0
20111130,1.2,1.2,1.11,1.15,2180,0
20111201,1.19,1.19,1.19,1.19,100,0
20111205,1.19,1.2,1.19,1.2,1275,0
20111207,1.2,1.2,1.2,1.2,20,0
20111208,1.2,1.2,1.2,1.2,1020,0
20111209,1.2,1.28,1.06,1.2,4626,0
20111212,1.2,1.2,1.2,1.2,500,0
20111213,1.2,1.2,1.2,1.2,1510,0
20111214,1.22,1.4,1.2,1.4,25866,0
20111215,1.5,1.8,1.5,1.7,19531,0
20111216,1.79,1.79,1.53,1.68,4267,0
20111219,1.67,1.79,1.55,1.79,4906,0
20111220,1.7,1.79,1.7,1.79,4974,0
20111221,1.79,1.79,1.71,1.78,1545,0
20111222,1.77,1.78,1.75,1.78,1400,0
20111223,1.77,1.77,1.68,1.77,1305,0
20111227,1.76,1.79,1.65,1.7,2775,0
20111228,1.7,1.7,1.53,1.62,4341,0
20111229,1.62,1.78,1.53,1.78,4062,0
20111230,1.78,1.95,1.75,1.75,5219,0
20120102,1.78,1.9,1.7,1.83,824,0
20120103,1.75,1.75,1.75,1.75,20,0
20120104,1.75,1.75,1.74,1.74,40,0
20120105,1.75,1.75,1.75,1.75,20,0
20120109,1.73,1.73,1.73,1.73,20,0
20120110,1.65,1.72,1.65,1.72,106,0
20120111,1.7,1.7,1.7,1.7,20,0
20120112,1.7,1.7,1.7,1.7,75,0
20120113,1.7,1.7,1.61,1.61,1005,0
20120116,1.64,1.64,1.64,1.64,20,0
20120117,1.64,1.64,1.64,1.64,10,0
20120118,1.64,1.64,1.64,1.64,20,0
20120119,1.64,1.64,1.64,1.64,20,0
20120120,1.64,1.64,1.5,1.61,906,0
20120124,1.5,1.61,1.45,1.61,1010,0
20120125,1.6,1.6,1.6,1.6,20,0
20120127,1.55,1.65,1.45,1.65,1371,0
20120130,1.65,1.68,1.58,1.68,1105,0
20120131,1.69,1.7,1.69,1.7,125,0
20120201,1.65,1.65,1.65,1.65,20,0
20120202,1.65,1.65,1.65,1.65,37,0
20120203,1.65,1.65,1.45,1.48,272,0
20120206,1.48,1.48,1.48,1.48,20,0
20120207,1.48,1.55,1.48,1.55,145,0
20120208,1.56,1.56,1.47,1.47,650,0
20120209,1.45,1.45,1.45,1.45,509,0
20120210,1.5,1.5,1.5,1.5,123,0
20120213,1.53,1.53,1.53,1.53,150,0
20120215,1.45,1.45,1.45,1.45,1205,0
20120220,1.45,1.51,1.45,1.51,650,0
20120221,1.51,1.54,1.51,1.52,305,0
20120222,1.45,1.5,1.45,1.5,1950,0
20120223,1.43,1.43,1.43,1.43,1800,0
20120224,1.48,1.77,1.48,1.72,15637,0
20120227,1.69,1.7,1.56,1.56,4337,0
20120228,1.55,1.55,1.47,1.48,2000,0
20120229,1.47,1.55,1.47,1.55,175,0
20120301,1.55,1.55,1.55,1.55,70,0
20120302,1.55,1.7,1.55,1.7,2568,0
20120305,1.7,1.72,1.61,1.71,6233,0
20120306,1.71,1.73,1.64,1.64,878,0
20120307,1.6,1.6,1.51,1.51,340,0
20120308,1.67,1.68,1.56,1.56,2140,0
20120309,1.56,1.56,1.5,1.5,224,0
20120312,1.5,1.5,1.44,1.44,1202,0
20120313,1.44,1.45,1.44,1.45,750,0
20120314,1.45,1.45,1.45,1.45,10,0
20120315,1.45,1.45,1.45,1.45,40,0
20120319,1.51,1.58,1.51,1.58,350,0
20120320,1.59,1.69,1.48,1.69,6216,0
20120321,1.63,1.63,1.47,1.51,10000,0
20120322,1.55,1.65,1.49,1.51,8559,0
20120323,1.49,1.49,1.4,1.4,1336,0
20120326,1.3,1.46,1.3,1.46,5036,0
20120327,1.46,1.6,1.46,1.6,2710,0
20120328,1.56,1.61,1.56,1.61,3550,0
20120329,1.61,1.61,1.5,1.5,2390,0
20120330,1.51,1.58,1.51,1.58,505,0
20120402,1.59,1.63,1.57,1.59,5127,0
20120403,1.59,1.59,1.59,1.59,7,0
20120404,1.6,1.6,1.6,1.6,20,0
20120405,1.6,1.61,1.6,1.61,312,0
20120410,1.61,1.61,1.51,1.51,2070,0
20120411,1.5,1.79,1.5,1.64,8443,0
20120412,1.68,1.7,1.68,1.7,210,0
20120413,1.65,1.65,1.5,1.54,3777,0
20120416,1.51,1.8,1.51,1.61,8355,0
20120417,1.79,1.79,1.55,1.55,2581,0
20120418,1.56,1.79,1.51,1.68,10345,0
20120419,1.68,1.68,1.65,1.65,66,0
20120420,1.65,1.7,1.62,1.65,815,0
20120423,1.63,1.63,1.63,1.63,1371,0
20120424,1.57,1.68,1.52,1.68,2529,0
20120425,1.65,1.65,1.65,1.65,20,0
20120426,1.63,1.63,1.5,1.62,2971,0
20120427,1.62,1.62,1.62,1.62,10,0
20120430,1.63,1.63,1.51,1.6,1752,0
20120502,1.6,1.6,1.6,1.6,20,0
20120504,1.61,1.74,1.59,1.7,8440,0
20120507,1.7,1.7,1.7,1.7,1400,0
20120508,1.7,1.7,1.63,1.63,150,0
20120509,1.65,1.73,1.65,1.7,2583,0
20120510,1.56,1.7,1.55,1.7,1525,0
20120511,1.7,1.7,1.66,1.66,60,0
20120514,1.66,1.66,1.66,1.66,25,0
20120515,1.6,1.64,1.55,1.64,2787,0
20120516,1.64,1.64,1.64,1.64,20,0
20120517,1.64,1.7,1.64,1.68,5010,0
20120518,1.68,1.88,1.68,1.88,8629,0
20120521,1.91,2,1.72,1.95,18602,0
20120522,1.95,2.09,1.78,1.89,27982,0
20120523,1.89,1.89,1.71,1.71,633,0
20120524,1.74,1.74,1.74,1.74,5,0
20120525,1.62,1.7,1.62,1.7,17,0
20120528,1.7,1.82,1.7,1.82,1032,0
20120529,1.82,1.82,1.71,1.77,910,0
20120530,1.78,1.78,1.63,1.69,2745,0
20120531,1.68,1.68,1.4,1.41,14207,0
20120601,1.41,1.41,1.15,1.22,19217,0
20120604,1.26,1.35,1.2,1.29,3960,0
20120605,1.29,1.29,1.2,1.28,465,0
20120606,1.27,1.34,1.2,1.34,2166,0
20120608,1.34,1.34,1.1,1.1,14495,0
20120611,1.15,1.2,1.15,1.16,3286,0
20120612,1.1,1.2,1.1,1.1,3801,0
20120613,1.09,1.12,1.08,1.12,305,0
20120614,1.12,1.17,1.12,1.17,999,0
20120615,1.06,1.17,1.03,1.1,1281,0
20120618,1.1,1.15,1.03,1.09,5540,0
20120619,1.09,1.09,1.05,1.09,1810,0
20120620,1.09,1.09,1.09,1.09,20,0
20120621,1.1,1.32,1.1,1.29,6035,0
20120622,1.29,1.29,1.29,1.29,20,0
20120625,1.28,1.28,1.1,1.1,2767,0
20120626,1.02,1.1,1,1.01,2293,0
20120627,1.02,1.15,1.02,1.12,6282,0
20120628,1.06,1.07,1,1.07,3236,0
20120629,1.05,1.05,1.05,1.05,50,0
20120702,1.04,1.05,1.01,1.05,1663,0
20120703,1.05,1.05,1,1,9349,0
20120704,1,1,0.97,0.98,3175,0
20120705,0.98,0.98,0.79,0.79,24528,0
20120706,0.79,0.92,0.75,0.92,27481,0
20120709,0.93,0.93,0.8,0.88,6130,0
20120710,0.9,0.9,0.86,0.87,1553,0
20120712,0.87,0.9,0.87,0.87,900,0
20120713,0.87,0.88,0.86,0.88,2093,0
20120716,0.87,0.92,0.87,0.92,739,0
20120717,0.92,0.92,0.92,0.92,40,0
20120719,0.9,0.9,0.9,0.9,50,0
20120720,0.9,0.9,0.9,0.9,500,0
20120723,0.87,0.87,0.82,0.83,3105,0
20120724,0.83,0.84,0.8,0.83,2400,0
20120726,0.83,0.84,0.79,0.84,305,0
20120727,0.84,0.85,0.84,0.85,300,0
20120730,0.85,0.89,0.84,0.84,2295,0
20120731,0.84,0.87,0.84,0.87,400,0
20120802,0.87,0.9,0.87,0.89,226,0
20120803,0.89,0.89,0.89,0.89,20,0
20120806,0.89,0.89,0.89,0.89,185,0
20120807,0.89,0.89,0.85,0.85,530,0
20120808,0.84,0.88,0.84,0.88,500,0
20120809,0.89,0.92,0.89,0.91,1065,0
20120813,0.91,0.97,0.9,0.9,2300,0
20120814,0.93,0.93,0.93,0.93,100,0
20120816,0.9,0.9,0.86,0.89,981,0
20120817,0.85,0.85,0.84,0.84,1363,0
20120820,0.8,0.8,0.73,0.73,545,0
20120821,0.74,0.84,0.74,0.84,1701,0
20120822,0.84,0.84,0.84,0.84,810,0
20120823,0.84,0.84,0.84,0.84,40,0
20120824,0.84,0.84,0.84,0.84,40,0
20120827,0.84,0.84,0.84,0.84,30,0
20120828,0.84,0.84,0.78,0.8,2699,0
20120829,0.8,0.8,0.76,0.78,1020,0
20120830,0.78,0.78,0.75,0.76,2995,0
20120831,0.77,0.79,0.77,0.79,2400,0
20120903,0.79,0.79,0.79,0.79,20,0
20120904,0.77,0.79,0.77,0.79,330,0
20120906,0.79,0.8,0.79,0.8,250,0
20120907,0.8,0.8,0.75,0.77,889,0
20120910,0.77,0.78,0.77,0.78,3200,0
20120911,0.75,0.75,0.7,0.72,3614,0
20120912,0.68,0.75,0.63,0.7,7883,0
20120913,0.7,0.84,0.7,0.83,3421,0
20120914,0.8,0.8,0.8,0.8,1380,0
20120917,0.8,0.91,0.8,0.91,2099,0
20120918,0.91,0.91,0.87,0.89,140,0
20120919,0.89,0.89,0.89,0.89,50,0
20120920,0.9,0.9,0.89,0.89,510,0
20120921,0.89,0.89,0.84,0.84,250,0
20120924,0.84,0.88,0.84,0.85,419,0
20120926,0.86,0.88,0.86,0.88,120,0
20120927,0.9,0.9,0.9,0.9,100,0
20120928,0.89,0.89,0.84,0.84,2322,0
20121001,0.99,0.99,0.84,0.84,457,0
20121002,0.85,0.85,0.85,0.85,100,0
20121003,0.87,0.88,0.8,0.83,5545,0
20121004,0.83,0.83,0.83,0.83,110,0
20121005,0.83,0.83,0.83,0.83,230,0
20121008,0.83,0.88,0.8,0.85,9228,0
20121009,0.84,0.93,0.84,0.91,4210,0
20121010,0.91,0.92,0.83,0.84,5985,0
20121011,0.84,0.91,0.84,0.86,3910,0
20121012,0.87,0.91,0.85,0.91,6732,0
20121015,0.92,1,0.92,1,8857,0
20121016,1.04,1.08,0.96,1.02,5868,0
20121017,0.97,1.01,0.93,1.01,600,0
20121018,1.02,1.16,1.02,1.05,5396,0
20121019,1.04,1.06,1.04,1.06,909,0
20121022,1.06,1.25,1.06,1.25,8350,0
20121023,1.25,1.25,1.16,1.16,1420,0
20121024,1.15,1.15,1.01,1.01,1012,0
20121025,1.07,1.2,1.07,1.2,5000,0
20121026,1.2,1.3,1.2,1.24,5900,0
20121029,1.22,1.25,1.22,1.25,1168,0
20121031,1.26,1.26,1.18,1.18,1420,0
20121106,1.17,1.17,1.17,1.17,10,0
20121109,1.15,1.15,1.13,1.13,150,0
20121113,1.12,1.12,1.04,1.04,1021,0
20121114,1.03,1.05,1.02,1.05,600,0
20121119,1.07,1.1,1.07,1.1,200,0
20121120,1.1,1.1,1.1,1.1,10,0
20121121,1.02,1.02,0.95,1.02,1230,0
20121126,1.02,1.1,1,1,1858,0
20121127,1.01,1.01,0.93,0.93,1720,0
20121128,0.94,1.1,0.94,1.09,7095,0
20121129,1.08,1.19,1.08,1.19,5000,0
20121130,1.13,1.29,1.11,1.28,12157,0
20121203,1.22,1.22,1.14,1.14,600,0
20121206,1.14,1.14,1.02,1.03,1050,0
20121207,1.03,1.03,1.03,1.03,400,0
20121210,1.03,1.03,1.03,1.03,53,0
20121211,1.03,1.03,1.03,1.03,10,0
20121212,1.03,1.03,0.95,0.95,560,0
20121213,0.95,0.95,0.95,0.95,100,0
20121214,0.95,0.95,0.95,0.95,50,0
20121217,0.95,0.99,0.95,0.99,1103,0
20121218,0.99,1,0.99,1,297,0
20121219,0.97,0.97,0.97,0.97,96,0
20121220,0.97,0.97,0.97,0.97,7,0
20121221,0.96,0.98,0.9,0.95,3956,0
20121227,0.92,0.92,0.89,0.89,300,0
20121228,0.88,0.91,0.85,0.91,3200,0
20130103,0.86,0.89,0.86,0.89,616,0
20130104,0.89,0.89,0.8,0.88,7243,0
20130107,0.88,0.89,0.88,0.89,200,0
20130108,0.89,0.89,0.89,0.89,292,0
20130109,0.89,0.89,0.89,0.89,152,0
20130110,0.89,0.89,0.89,0.89,2215,0
20130111,0.89,0.89,0.89,0.89,33,0
20130114,0.89,0.89,0.89,0.89,300,0
20130115,0.89,0.89,0.89,0.89,340,0
20130116,0.89,0.89,0.89,0.89,60,0
20130117,0.89,0.89,0.89,0.89,745,0
20130118,0.89,0.89,0.89,0.89,60,0
20130121,0.89,0.89,0.85,0.85,130,0
20130122,0.85,0.85,0.8,0.84,1300,0
20130125,0.84,0.86,0.84,0.86,350,0
20130128,0.86,0.86,0.86,0.86,168,0
20130129,0.86,0.89,0.86,0.89,600,0
20130130,0.89,0.89,0.89,0.89,70,0
20130131,0.89,0.9,0.89,0.9,549,0
20130201,0.89,0.89,0.87,0.87,740,0
20130204,0.87,0.89,0.87,0.89,230,0
20130205,0.89,0.89,0.89,0.89,60,0
20130206,0.87,0.87,0.87,0.87,1070,0
20130207,0.87,0.87,0.87,0.87,237,0
20130208,0.87,0.87,0.85,0.85,1110,0
20130211,0.85,0.85,0.85,0.85,70,0
20130212,0.85,0.85,0.8,0.83,1435,0
20130213,0.83,0.83,0.8,0.83,1130,0
20130214,0.83,0.83,0.82,0.82,80,0
20130215,0.81,0.81,0.81,0.81,70,0
20130218,0.81,0.81,0.81,0.81,50,0
20130219,0.79,0.79,0.78,0.78,2920,0
20130220,0.79,0.82,0.78,0.78,1240,0
20130221,0.77,0.77,0.77,0.77,475,0
20130222,0.77,0.77,0.77,0.77,67,0
20130225,0.77,0.77,0.76,0.76,180,0
20130226,0.76,0.77,0.76,0.76,900,0
20130227,0.76,0.79,0.76,0.79,471,0
20130228,0.75,0.78,0.64,0.65,16895,0
20130301,0.65,0.69,0.61,0.69,1808,0
20130305,0.69,0.69,0.66,0.66,400,0
20130306,0.65,0.65,0.64,0.64,1870,0
20130307,0.64,0.67,0.63,0.64,4000,0
20130308,0.63,0.63,0.61,0.61,6120,0
20130311,0.61,0.62,0.58,0.62,5310,0
20130312,0.61,0.61,0.47,0.47,75051,0
20130313,0.48,0.49,0.45,0.49,39710,0
20130314,0.49,0.5,0.45,0.46,16827,0
20130315,0.46,0.47,0.41,0.41,17563,0
20130318,0.41,0.42,0.38,0.42,3080,0
20130319,0.42,0.42,0.32,0.35,59955,0
20130320,0.34,0.36,0.28,0.35,38587,0
20130321,0.34,0.35,0.3,0.35,7835,0
20130322,0.35,0.41,0.35,0.37,4790,0
20130325,0.4,0.41,0.4,0.4,3764,0
20130326,0.4,0.4,0.32,0.33,25600,0
20130327,0.33,0.34,0.33,0.34,1000,0
20130328,0.34,0.38,0.34,0.38,4284,0
20130402,0.39,0.43,0.39,0.42,6196,0
20130403,0.42,0.44,0.38,0.38,7102,0
20130404,0.37,0.37,0.37,0.37,2200,0
20130405,0.37,0.38,0.36,0.38,700,0
20130408,0.38,0.38,0.36,0.36,789,0
20130409,0.36,0.4,0.36,0.4,1022,0
20130410,0.38,0.38,0.35,0.35,3000,0
20130411,0.35,0.38,0.35,0.35,2368,0
20130412,0.34,0.36,0.34,0.36,1495,0
20130415,0.35,0.35,0.35,0.35,294,0
20130417,0.34,0.34,0.31,0.31,1121,0
20130418,0.31,0.34,0.3,0.32,15027,0
20130419,0.33,0.34,0.33,0.34,7644,0
20130422,0.34,0.34,0.32,0.34,2715,0
20130423,0.34,0.34,0.33,0.34,5200,0
20130424,0.34,0.34,0.34,0.34,90,0
20130425,0.34,0.35,0.34,0.35,600,0
20130426,0.35,0.37,0.35,0.37,606,0
20130429,0.37,0.4,0.37,0.4,590,0
20130430,0.4,0.4,0.36,0.38,910,0
20130502,0.38,0.39,0.38,0.39,250,0
20130506,0.39,0.39,0.39,0.39,10,0
20130507,0.39,0.39,0.39,0.39,100,0
20130508,0.39,0.41,0.39,0.41,1208,0
20130509,0.36,0.36,0.36,0.36,3500,0
20130510,0.37,0.39,0.37,0.39,301,0
20130514,0.38,0.38,0.38,0.38,150,0
20130515,0.39,0.4,0.36,0.36,1508,0
20130524,0.36,0.39,0.36,0.39,3900,0
20130527,0.35,0.39,0.35,0.39,4650,0
20130528,0.39,0.39,0.35,0.36,4900,0
20130531,0.36,0.37,0.36,0.37,900,0
20130603,0.34,0.36,0.33,0.36,715,0
20130606,0.36,0.38,0.36,0.36,1380,0
20130610,0.34,0.37,0.34,0.37,700,0
20130611,0.36,0.36,0.36,0.36,80,0
20130613,0.32,0.35,0.32,0.35,1125,0
20130614,0.36,0.36,0.32,0.35,800,0
20130617,0.31,0.35,0.3,0.35,6000,0
20130618,0.34,0.37,0.34,0.37,1066,0
20130619,0.37,0.4,0.37,0.39,1060,0
20130624,0.39,0.42,0.39,0.42,2040,0
20130625,0.42,0.43,0.38,0.38,3301,0
20130626,0.38,0.4,0.38,0.4,4919,0
20130628,0.38,0.38,0.35,0.36,1160,0
20130703,0.36,0.37,0.36,0.37,210,0
20130708,0.37,0.38,0.37,0.38,200,0
20130717,0.38,0.38,0.38,0.38,325,0
20130718,0.38,0.39,0.38,0.39,250,0
20130719,0.39,0.41,0.39,0.41,686,0
20130722,0.4,0.45,0.4,0.45,4180,0
20130723,0.45,0.45,0.45,0.45,10,0
20130724,0.45,0.46,0.45,0.46,3603,0
20130725,0.45,0.45,0.45,0.45,50,0
20130726,0.39,0.46,0.39,0.46,2406,0
20130729,0.46,0.47,0.39,0.47,3747,0
20130730,0.44,0.46,0.43,0.46,1932,0
20130731,0.46,0.46,0.44,0.45,8562,0
20130801,0.45,0.46,0.43,0.45,2950,0
20130802,0.43,0.5,0.43,0.5,7494,0
20130805,0.48,0.5,0.48,0.49,3614,0
20130806,0.49,0.5,0.46,0.46,2747,0
20130807,0.47,0.47,0.42,0.45,11632,0
20130808,0.42,0.49,0.42,0.49,4788,0
20130809,0.48,0.5,0.48,0.5,3443,0
20130812,0.5,0.5,0.5,0.5,310,0
20130813,0.5,0.5,0.5,0.5,836,0
20130814,0.5,0.5,0.44,0.45,1240,0
20130816,0.43,0.43,0.43,0.43,350,0
20130819,0.46,0.49,0.37,0.39,23867,0
20130820,0.41,0.42,0.36,0.36,33080,0
20130821,0.36,0.36,0.34,0.35,6528,0
20130822,0.37,0.41,0.3,0.3,45203,0
20130823,0.31,0.31,0.25,0.27,60441,0
20130826,0.3,0.3,0.26,0.26,2460,0
20130827,0.26,0.27,0.21,0.25,33111,0
20130828,0.24,0.24,0.21,0.23,82391,0
20130829,0.21,0.24,0.2,0.24,17899,0
20130830,0.25,0.25,0.23,0.23,301,0
20130902,0.24,0.27,0.23,0.27,7056,0
20130903,0.22,0.24,0.22,0.22,9714,0
20130904,0.22,0.25,0.22,0.25,2199,0
20130905,0.25,0.25,0.25,0.25,101,0
20130906,0.25,0.25,0.25,0.25,3748,0
20130909,0.25,0.25,0.25,0.25,6,0
20130910,0.25,0.26,0.23,0.23,15599,0
20130911,0.25,0.26,0.21,0.24,10777,0
20130912,0.25,0.27,0.24,0.24,2532,0
20130913,0.24,0.25,0.22,0.25,1626,0
20130916,0.25,0.25,0.22,0.25,211,0
20130917,0.25,0.25,0.21,0.24,7473,0
20130918,0.23,0.24,0.23,0.24,1400,0
20130919,0.24,0.24,0.24,0.24,100,0
20130920,0.24,0.24,0.24,0.24,50,0
20130923,0.24,0.25,0.24,0.24,207,0
20130924,0.24,0.24,0.24,0.24,100,0
20130925,0.24,0.25,0.24,0.25,800,0
20130926,0.25,0.25,0.25,0.25,8481,0
20130927,0.25,0.25,0.25,0.25,100,0
20130930,0.25,0.25,0.25,0.25,100,0
20131001,0.25,0.3,0.25,0.3,14422,0
20131002,0.27,0.27,0.27,0.27,3000,0
20131003,0.27,0.27,0.27,0.27,100,0
20131004,0.27,0.27,0.27,0.27,1589,0
20131007,0.27,0.27,0.26,0.26,1245,0
20131008,0.27,0.27,0.26,0.26,950,0
20131009,0.26,0.27,0.26,0.27,1286,0
20131010,0.25,0.27,0.25,0.26,4663,0
20131011,0.26,0.29,0.25,0.25,13443,0
20131014,0.25,0.27,0.25,0.27,750,0
20131015,0.27,0.31,0.27,0.28,14001,0
20131016,0.27,0.27,0.27,0.27,100,0
20131017,0.3,0.3,0.29,0.3,950,0
20131018,0.3,0.3,0.3,0.3,110,0
20131021,0.3,0.3,0.3,0.3,169,0
20131022,0.3,0.3,0.3,0.3,400,0
20131023,0.3,0.3,0.27,0.27,200,0
20131024,0.27,0.3,0.27,0.3,900,0
20131025,0.3,0.3,0.27,0.27,721,0
20131028,0.27,0.31,0.27,0.31,403,0
20131029,0.31,0.31,0.27,0.29,7550,0
20131030,0.29,0.29,0.29,0.29,202,0
20131031,0.29,0.36,0.29,0.32,39520,0
20131104,0.34,0.34,0.3,0.3,5669,0
20131105,0.32,0.32,0.32,0.32,10401,0
20131106,0.32,0.32,0.32,0.32,6567,0
20131107,0.32,0.32,0.32,0.32,100,0
20131108,0.3,0.31,0.3,0.31,690,0
20131112,0.31,0.35,0.31,0.35,535,0
20131113,0.35,0.35,0.35,0.35,100,0
20131114,0.35,0.4,0.35,0.35,4057,0
20131115,0.35,0.39,0.35,0.35,1408,0
20131118,0.34,0.34,0.34,0.34,818,0
20131119,0.33,0.33,0.33,0.33,700,0
20131120,0.33,0.35,0.33,0.35,400,0
20131121,0.34,0.34,0.32,0.33,1312,0
20131122,0.33,0.35,0.33,0.35,1400,0
20131125,0.35,0.35,0.35,0.35,100,0
20131126,0.35,0.35,0.35,0.35,100,0
20131127,0.35,0.42,0.35,0.35,2479,0
20131128,0.35,0.35,0.29,0.29,9600,0
20131129,0.29,0.31,0.29,0.31,20,0
20131202,0.31,0.31,0.31,0.31,1980,0
20131203,0.31,0.31,0.31,0.31,2094,0
20131204,0.32,0.32,0.32,0.32,1,0
20131206,0.32,0.33,0.32,0.33,110,0
20131209,0.33,0.35,0.33,0.35,300,0
20131210,0.34,0.34,0.34,0.34,1000,0
20131211,0.34,0.34,0.34,0.34,51,0
20131212,0.3,0.32,0.27,0.32,9825,0
20131216,0.32,0.32,0.3,0.32,1300,0
20131217,0.3,0.3,0.3,0.3,855,0
20131218,0.3,0.3,0.3,0.3,300,0
20131219,0.31,0.31,0.31,0.31,1,0
20131220,0.31,0.31,0.31,0.31,2499,0
20131223,0.31,0.33,0.31,0.33,630,0
20131227,0.33,0.35,0.33,0.35,2300,0
20131230,0.35,0.35,0.28,0.31,9747,0
20140102,0.31,0.31,0.31,0.31,300,0
20140103,0.32,0.34,0.32,0.34,6326,0
20140107,0.34,0.34,0.34,0.34,8735,0
20140108,0.33,0.33,0.33,0.33,100,0
20140109,0.3,0.3,0.3,0.3,4056,0
20140110,0.3,0.3,0.3,0.3,1102,0
20140113,0.3,0.3,0.3,0.3,893,0
20140114,0.3,0.3,0.3,0.3,102,0
20140115,0.28,0.3,0.28,0.3,4102,0
20140116,0.3,0.3,0.3,0.3,100,0
20140117,0.3,0.3,0.3,0.3,102,0
20140120,0.3,0.3,0.28,0.29,5940,0
20140121,0.29,0.32,0.29,0.32,8869,0
20140122,0.32,0.34,0.32,0.33,3300,0
20140123,0.32,0.32,0.3,0.3,600,0
20140124,0.3,0.32,0.3,0.32,600,0
20140127,0.33,0.34,0.3,0.34,3425,0
20140128,0.34,0.34,0.31,0.31,1720,0
20140129,0.3,0.3,0.3,0.3,3571,0
20140130,0.3,0.32,0.3,0.32,6947,0
20140131,0.32,0.33,0.32,0.33,500,0
20140203,0.32,0.36,0.32,0.36,1055,0
20140204,0.35,0.35,0.35,0.35,50,0
20140205,0.34,0.37,0.34,0.37,3950,0
20140206,0.37,0.4,0.34,0.38,4966,0
20140207,0.36,0.38,0.36,0.38,500,0
20140210,0.36,0.36,0.36,0.36,100,0
20140211,0.36,0.36,0.36,0.36,100,0
20140212,0.34,0.38,0.34,0.38,2130,0
20140213,0.37,0.37,0.37,0.37,80,0
20140214,0.37,0.39,0.37,0.39,1380,0
20140217,0.39,0.39,0.39,0.39,469,0
20140218,0.39,0.39,0.39,0.39,100,0
20140219,0.37,0.37,0.33,0.34,5150,0
20140220,0.34,0.34,0.34,0.34,500,0
20140221,0.34,0.34,0.34,0.34,100,0
20140224,0.34,0.34,0.34,0.34,2500,0
20140225,0.34,0.34,0.31,0.34,1600,0
20140226,0.34,0.34,0.34,0.34,100,0
20140227,0.34,0.34,0.34,0.34,1050,0
20140228,0.34,0.34,0.34,0.34,100,0
20140303,0.32,0.37,0.31,0.36,17805,0
20140304,0.37,0.37,0.37,0.37,423,0
20140305,0.37,0.41,0.37,0.41,4295,0
20140306,0.41,0.41,0.41,0.41,20,0
20140307,0.38,0.38,0.38,0.38,500,0
20140310,0.38,0.38,0.37,0.38,11364,0
20140311,0.37,0.41,0.37,0.41,1039,0
20140312,0.41,0.41,0.41,0.41,390,0
20140313,0.38,0.4,0.38,0.4,18257,0
20140314,0.4,0.4,0.4,0.4,550,0
20140317,0.4,0.4,0.4,0.4,50,0
20140318,0.4,0.4,0.4,0.4,50,0
20140319,0.4,0.4,0.26,0.26,22571,0
20140320,0.29,0.3,0.25,0.25,48515,0
20140321,0.25,0.26,0.24,0.25,11758,0
20140324,0.25,0.25,0.24,0.25,25954,0
20140325,0.25,0.25,0.25,0.25,52191,0
20140326,0.25,0.25,0.25,0.25,17091,0
20140327,0.25,0.25,0.25,0.25,5286,0
20140328,0.25,0.25,0.24,0.25,25459,0
20140331,0.25,0.25,0.24,0.25,10125,0
20140401,0.25,0.25,0.24,0.25,4023,0
20140402,0.25,0.25,0.24,0.25,6977,0
20140403,0.25,0.25,0.25,0.25,20184,0
20140404,0.25,0.26,0.25,0.25,7673,0
20140407,0.25,0.25,0.25,0.25,10505,0
20140408,0.25,0.25,0.25,0.25,12788,0
20140409,0.25,0.25,0.25,0.25,100,0
20140410,0.25,0.26,0.24,0.25,215493,0
20140411,0.25,0.25,0.25,0.25,2064,0
20140414,0.25,0.25,0.24,0.24,23532,0
20140415,0.24,0.25,0.24,0.25,13677,0
20140416,0.25,0.25,0.25,0.25,102,0
20140417,0.25,0.25,0.25,0.25,3099,0
20140422,0.25,0.25,0.24,0.25,47508,0
20140423,0.24,0.25,0.24,0.25,87,0
20140424,0.25,0.25,0.25,0.25,23493,0
20140425,0.25,0.25,0.24,0.25,4877,0
20140428,0.25,0.25,0.25,0.25,4053,0
20140429,0.25,0.25,0.25,0.25,105,0
20140430,0.25,0.25,0.24,0.25,16512,0
20140502,0.25,0.25,0.25,0.25,1600,0
20140505,0.25,0.25,0.23,0.23,77889,0
20140506,0.23,0.23,0.23,0.23,9100,0
20140507,0.23,0.23,0.23,0.23,2967,0
20140508,0.23,0.24,0.23,0.24,622,0
20140509,0.23,0.23,0.23,0.23,11866,0
20140512,0.23,0.24,0.23,0.24,4347,0
20140513,0.24,0.24,0.22,0.24,6545,0
20140514,0.23,0.24,0.22,0.23,45192,0
20140515,0.23,0.24,0.22,0.24,67528,0
20140516,0.24,0.24,0.24,0.24,103,0
20140519,0.24,0.24,0.22,0.23,9744,0
20140520,0.23,0.23,0.21,0.23,7614,0
20140521,0.23,0.23,0.21,0.23,1560,0
20140522,0.23,0.23,0.23,0.23,578,0
20140523,0.23,0.23,0.19,0.21,46132,0
20140526,0.21,0.22,0.21,0.22,7846,0
20140527,0.22,0.22,0.2,0.22,4334,0
20140528,0.22,0.23,0.22,0.23,6306,0
20140529,0.23,0.23,0.21,0.23,6807,0
20140530,0.23,0.23,0.23,0.23,100,0
20140602,0.23,0.23,0.22,0.23,27991,0
20140603,0.23,0.23,0.22,0.23,1600,0
20140604,0.23,0.23,0.23,0.23,100,0
20140605,0.22,0.23,0.22,0.23,5046,0
20140606,0.23,0.23,0.23,0.23,1740,0
20140609,0.22,0.22,0.22,0.22,2668,0
20140611,0.22,0.23,0.21,0.23,1996,0
20140612,0.23,0.23,0.23,0.23,150,0
20140613,0.23,0.23,0.23,0.23,100,0
20140616,0.23,0.23,0.22,0.22,2100,0
20140617,0.22,0.22,0.19,0.2,13769,0
20140618,0.2,0.2,0.2,0.2,275,0
20140620,0.2,0.2,0.2,0.2,200,0
20140623,0.2,0.2,0.2,0.2,550,0
20140624,0.2,0.2,0.2,0.2,2100,0
20140625,0.2,0.2,0.2,0.2,50,0
20140626,0.21,0.21,0.2,0.2,28417,0
20140627,0.21,0.23,0.21,0.23,6180,0
20140630,0.21,0.24,0.21,0.24,240,0
20140701,0.21,0.24,0.21,0.24,63220,0
20140702,0.24,0.24,0.24,0.24,800,0
20140703,0.23,0.24,0.21,0.24,5545,0
20140704,0.24,0.24,0.24,0.24,100,0
20140707,0.24,0.24,0.21,0.21,2100,0
20140708,0.21,0.21,0.21,0.21,250,0
20140709,0.21,0.21,0.21,0.21,100,0
20140710,0.21,0.23,0.2,0.23,11903,0
20140711,0.23,0.23,0.23,0.23,100,0
20140714,0.22,0.23,0.2,0.21,13578,0
20140715,0.21,0.22,0.21,0.21,2486,0
20140716,0.21,0.23,0.17,0.2,135590,0
20140717,0.2,0.2,0.2,0.2,100,0
20140718,0.2,0.2,0.19,0.19,3100,0
20140721,0.18,0.19,0.18,0.19,9500,0
20140722,0.19,0.2,0.18,0.2,8000,0
20140723,0.2,0.2,0.18,0.18,1300,0
20140724,0.18,0.19,0.18,0.19,6270,0
20140725,0.19,0.19,0.19,0.19,20500,0
20140728,0.19,0.19,0.17,0.18,19290,0
20140729,0.18,0.18,0.18,0.18,200,0
20140730,0.18,0.19,0.18,0.18,1203,0
20140731,0.18,0.19,0.18,0.19,3600,0
20140801,0.19,0.19,0.18,0.19,7807,0
20140804,0.19,0.19,0.18,0.18,6400,0
20140805,0.18,0.18,0.18,0.18,33525,0
20140806,0.18,0.18,0.18,0.18,3000,0
20140807,0.18,0.2,0.18,0.2,6419,0
20140808,0.19,0.21,0.18,0.19,7300,0
20140811,0.18,0.19,0.17,0.19,33900,0
20140812,0.18,0.18,0.18,0.18,2000,0
20140813,0.17,0.18,0.17,0.18,2500,0
20140814,0.18,0.19,0.18,0.19,5405,0
20140818,0.19,0.19,0.19,0.19,1200,0
20140819,0.19,0.19,0.18,0.18,13127,0
20140820,0.18,0.2,0.18,0.2,22702,0
20140821,0.21,0.24,0.17,0.18,151872,0
20140822,0.18,0.19,0.18,0.18,6315,0
20140825,0.18,0.22,0.18,0.22,22000,0
20140826,0.22,0.22,0.2,0.2,15749,0
20140827,0.22,0.24,0.22,0.24,87140,0
20140828,0.23,0.24,0.23,0.24,9409,0
20140829,0.24,0.24,0.2,0.22,20613,0
20140902,0.21,0.23,0.21,0.23,1844,0
20140903,0.23,0.23,0.19,0.19,11463,0
20140904,0.19,0.2,0.16,0.19,63422,0
20140905,0.2,0.21,0.18,0.18,10378,0
20140908,0.19,0.2,0.19,0.2,600,0
20140909,0.21,0.21,0.19,0.21,15522,0
20140910,0.21,0.21,0.18,0.18,25005,0
20140911,0.19,0.2,0.18,0.18,6250,0
20140912,0.18,0.2,0.18,0.2,560,0
20140915,0.2,0.2,0.19,0.2,330,0
20140916,0.2,0.21,0.18,0.21,17510,0
20140917,0.21,0.21,0.21,0.21,100,0
20140918,0.21,0.21,0.21,0.21,100,0
20140919,0.21,0.21,0.19,0.19,8988,0
20140922,0.2,0.21,0.2,0.21,501,0
20140923,0.21,0.21,0.2,0.2,2599,0
20140924,0.2,0.2,0.2,0.2,1500,0
20140925,0.2,0.2,0.19,0.2,2660,0
20140926,0.2,0.2,0.2,0.2,100,0
20140929,0.2,0.2,0.18,0.18,1100,0
20140930,0.18,0.21,0.17,0.17,8383,0
20141001,0.17,0.2,0.17,0.17,9500,0
20141002,0.17,0.17,0.17,0.17,100,0
20141003,0.17,0.17,0.17,0.17,2626,0
20141006,0.17,0.18,0.17,0.17,8100,0
20141007,0.17,0.19,0.17,0.17,5712,0
20141008,0.17,0.17,0.17,0.17,100,0
20141009,0.18,0.2,0.17,0.2,26534,0
20141010,0.2,0.2,0.2,0.2,4000,0
20141013,0.2,0.2,0.2,0.2,100,0
20141014,0.2,0.2,0.2,0.2,100,0
20141015,0.2,0.2,0.2,0.2,100,0
20141016,0.2,0.2,0.2,0.2,100,0
20141017,0.2,0.2,0.2,0.2,3267,0
20141020,0.2,0.2,0.2,0.2,100,0
20141021,0.2,0.2,0.2,0.2,100,0
20141022,0.2,0.21,0.2,0.21,5100,0
20141023,0.21,0.21,0.21,0.21,100,0
20141024,0.21,0.21,0.21,0.21,100,0
20141027,0.21,0.21,0.2,0.2,1100,0
20141028,0.2,0.2,0.2,0.2,511,0
20141029,0.2,0.2,0.19,0.19,9100,0
20141030,0.19,0.19,0.19,0.19,100,0
20141031,0.19,0.22,0.19,0.2,5500,0
20141104,0.2,0.2,0.2,0.2,500,0
20141112,0.2,0.2,0.2,0.2,500,0
20141113,0.2,0.2,0.2,0.2,530,0
20141114,0.2,0.2,0.2,0.2,200,0
20141117,0.2,0.2,0.2,0.2,800,0
20141119,0.2,0.2,0.2,0.2,500,0
20141124,0.2,0.21,0.2,0.21,790,0
20141125,0.21,0.21,0.2,0.2,1100,0
20141126,0.2,0.2,0.2,0.2,1500,0
20141127,0.2,0.2,0.2,0.2,100,0
20141128,0.2,0.2,0.2,0.2,100,0
20141201,0.2,0.2,0.2,0.2,100,0
20141202,0.2,0.2,0.18,0.18,6100,0
20141203,0.18,0.18,0.18,0.18,2902,0
20141204,0.18,0.2,0.18,0.2,300,0
20141205,0.2,0.2,0.2,0.2,100,0
20141208,0.2,0.2,0.18,0.18,10277,0
20141209,0.18,0.18,0.18,0.18,100,0
20141210,0.18,0.18,0.18,0.18,200,0
20141211,0.18,0.18,0.17,0.18,34371,0
20141212,0.16,0.18,0.14,0.18,64414,0
20141216,0.18,0.18,0.18,0.18,401,0
20141219,0.15,0.18,0.15,0.18,5300,0
20141222,0.16,0.17,0.14,0.16,10198,0
20141223,0.17,0.17,0.17,0.17,1028,0
20141229,0.17,0.17,0.17,0.17,200,0
20141230,0.17,0.17,0.17,0.17,302,0
