Date,Open,High,Low,Close,Volume,OpenInt
20080915,98.95,98.95,98.95,98.95,0,0
20080916,98.95,98.95,98.95,98.95,0,0
20080917,98.95,98.95,98.95,98.95,0,0
20080918,98.95,98.95,98.95,98.95,0,0
20080919,98.95,98.95,98.95,98.95,0,0
20080922,98.95,98.95,98.95,98.95,0,0
20080923,98.95,98.95,98.95,98.95,0,0
20080924,98.95,98.95,98.95,98.95,0,0
20080925,98.95,98.95,98.95,98.95,0,0
20080926,98.95,98.95,98.95,98.95,0,0
20080929,98.95,98.95,98.95,98.95,0,0
20080930,98.95,98.95,98.95,98.95,0,0
20081001,98.95,98.95,98.95,98.95,0,0
20081002,98.95,98.95,98.95,98.95,0,0
20081003,98.95,98.95,98.95,98.95,0,0
20081006,98.95,98.95,98.95,98.95,0,0
20081007,98.95,98.95,98.95,98.95,0,0
20081008,98.95,98.95,98.95,98.95,0,0
20081009,98.95,98.95,98.95,98.95,0,0
20081010,98.95,98.95,98.95,98.95,0,0
20081013,98.95,98.95,98.95,98.95,0,0
20081014,98.95,98.95,98.95,98.95,0,0
20081015,98.95,98.95,98.95,98.95,0,0
20081016,98.95,98.95,98.95,98.95,0,0
20081017,98.95,98.95,98.95,98.95,0,0
20081020,98.95,98.95,98.95,98.95,0,0
20081021,98.95,98.95,98.95,98.95,0,0
20081022,98.95,98.95,98.95,98.95,0,0
20081023,98.95,98.95,98.95,98.95,0,0
20081024,98.95,98.95,98.95,98.95,0,0
20081027,98.95,98.95,98.95,98.95,0,0
20081028,98.95,98.95,98.95,98.95,0,0
20081029,98.95,98.95,98.95,98.95,0,0
20081030,98.95,98.95,98.95,98.95,0,0
20081031,98.95,98.95,98.95,98.95,0,0
20081103,98.95,98.95,98.95,98.95,0,0
20081104,98.95,98.95,98.95,98.95,0,0
20081105,98.95,98.95,98.95,98.95,0,0
20081106,98.95,98.95,98.95,98.95,0,0
20081107,98.95,98.95,98.95,98.95,0,0
20081110,98.95,98.95,98.95,98.95,0,0
20081112,98.95,98.95,98.95,98.95,0,0
20081113,98.95,98.95,98.95,98.95,0,0
20081114,98.95,98.95,98.95,98.95,0,0
20081117,98.95,98.95,98.95,98.95,0,0
20081118,98.95,98.95,98.95,98.95,0,0
20081119,98.95,98.95,98.95,98.95,0,0
20081120,98.95,98.95,98.95,98.95,0,0
20081121,98.95,98.95,98.95,98.95,0,0
20081124,98.95,98.95,98.95,98.95,0,0
20081125,98.95,98.95,98.95,98.95,0,0
20081126,98.95,98.95,98.95,98.95,0,0
20081127,98.95,98.95,98.95,98.95,0,0
20081128,98.95,98.95,98.95,98.95,0,0
20081201,98.95,98.95,98.95,98.95,0,0
20081202,98.95,98.95,98.95,98.95,0,0
20081203,98.95,98.95,98.95,98.95,0,0
20081204,98.95,98.95,98.95,98.95,0,0
20081205,98.95,98.95,98.95,98.95,0,0
20081208,98.95,98.95,98.95,98.95,0,0
20081209,98.95,98.95,98.95,98.95,0,0
20081210,98.95,98.95,98.95,98.95,0,0
20081211,98.95,98.95,98.95,98.95,0,0
20081212,98.95,98.95,98.95,98.95,0,0
20081215,98.95,98.95,98.95,98.95,0,0
20081216,98.95,98.95,98.95,98.95,0,0
20081217,98.95,98.95,98.95,98.95,0,0
20081218,98.95,98.95,98.95,98.95,0,0
20081219,98.95,98.95,98.95,98.95,0,0
20081222,98.95,98.95,98.95,98.95,0,0
20081223,98.95,98.95,98.95,98.95,0,0
20081229,98.95,98.95,98.95,98.95,0,0
20081230,98.95,98.95,98.95,98.95,0,0
20081231,98.95,98.95,98.95,98.95,0,0
20090105,98.95,98.95,98.95,98.95,0,0
20090106,98.95,98.95,98.95,98.95,0,0
20090107,98.95,98.95,98.95,98.95,0,0
20090108,98.95,98.95,98.95,98.95,0,0
20090109,98.95,98.95,98.95,98.95,0,0
20090112,98.95,98.95,98.95,98.95,0,0
20090113,98.95,98.95,98.95,98.95,0,0
20090114,98.95,98.95,98.95,98.95,0,0
20090115,98.95,98.95,98.95,98.95,0,0
20090116,98.95,98.95,98.95,98.95,0,0
20090119,98.95,98.95,98.95,98.95,0,0
20090120,98.95,98.95,98.95,98.95,0,0
20090121,98.95,98.95,98.95,98.95,0,0
20090122,98.95,98.95,98.95,98.95,0,0
20090123,98.95,98.95,98.95,98.95,0,0
20090126,98.95,98.95,98.95,98.95,0,0
20090127,98.95,98.95,98.95,98.95,0,0
20090128,98.95,98.95,98.95,98.95,0,0
20090129,98.95,98.95,98.95,98.95,0,0
20090130,98.95,98.95,98.95,98.95,0,0
20090202,98.95,98.95,98.95,98.95,0,0
20090203,98.95,98.95,98.95,98.95,0,0
20090204,98.95,98.95,98.95,98.95,0,0
20090205,98.95,98.95,98.95,98.95,0,0
20090206,98.95,98.95,98.95,98.95,0,0
20090209,98.95,98.95,98.95,98.95,0,0
20090210,98.95,98.95,98.95,98.95,0,0
20090211,98.95,98.95,98.95,98.95,0,0
20090212,98.95,98.95,98.95,98.95,0,0
20090213,98.95,98.95,98.95,98.95,0,0
20090216,98.95,98.95,98.95,98.95,0,0
20090217,98.95,98.95,98.95,98.95,0,0
20090218,98.95,98.95,98.95,98.95,0,0
20090219,98.95,98.95,98.95,98.95,0,0
20090220,98.95,98.95,98.95,98.95,0,0
20090223,98.95,98.95,98.95,98.95,0,0
20090224,98.95,98.95,98.95,98.95,0,0
20090225,98.95,98.95,98.95,98.95,0,0
20090226,98.95,98.95,98.95,98.95,0,0
20090227,98.95,98.95,98.95,98.95,0,0
20090302,98.95,98.95,98.95,98.95,0,0
20090303,98.95,106.36,98.95,106.36,0,0
20090304,106.36,106.36,106.36,106.36,0,0
20090305,106.36,106.36,106.36,106.36,0,0
20090306,106.36,106.36,106.36,106.36,0,0
20090309,106.36,106.36,106.36,106.36,0,0
20090310,106.36,114.7,106.36,114.7,0,0
20090311,114.7,114.7,114.7,114.7,0,0
20090312,114.7,114.7,114.7,114.7,0,0
20090313,114.7,114.7,114.7,114.7,0,0
20090316,114.7,114.7,114.7,114.7,0,0
20090317,114.7,114.7,114.7,114.7,0,0
20090318,114.7,114.7,114.7,114.7,0,0
20090319,114.7,114.7,114.7,114.7,0,0
20090320,114.7,114.7,114.7,114.7,0,0
20090323,114.7,114.7,114.7,114.7,0,0
20090324,114.7,114.7,114.7,114.7,0,0
20090325,114.7,114.7,114.7,114.7,0,0
20090326,114.7,114.7,114.7,114.7,0,0
20090327,114.7,114.7,114.7,114.7,0,0
20090330,114.7,114.7,114.7,114.7,0,0
20090331,114.7,114.7,114.7,114.7,0,0
20090401,114.7,114.7,114.7,114.7,0,0
20090402,114.7,114.7,114.7,114.7,0,0
20090403,114.7,114.7,114.7,114.7,0,0
20090406,114.7,114.7,114.7,114.7,0,0
20090407,114.7,114.7,114.7,114.7,0,0
20090408,114.7,114.7,114.7,114.7,0,0
20090409,114.7,114.7,114.7,114.7,0,0
20090414,114.7,114.7,114.7,114.7,0,0
20090415,114.7,114.7,114.7,114.7,0,0
20090416,114.7,122.36,114.7,122.36,0,0
20090417,122.36,122.36,122.36,122.36,0,0
20090420,122.36,122.36,122.36,122.36,0,0
20090421,122.36,122.36,122.36,122.36,0,0
20090422,122.36,122.36,122.36,122.36,0,0
20090423,122.36,122.36,122.36,122.36,0,0
20090424,122.36,122.36,122.36,122.36,0,0
20090427,122.36,122.36,122.36,122.36,0,0
20090428,122.36,122.36,122.36,122.36,0,0
20090429,122.36,122.36,122.36,122.36,0,0
20090430,122.36,122.36,122.36,122.36,0,0
20090504,122.36,122.36,122.36,122.36,0,0
20090505,122.36,122.36,122.36,122.36,0,0
20090506,122.36,122.36,122.36,122.36,0,0
20090507,122.36,122.36,122.36,122.36,0,0
20090508,122.36,130.32,122.36,130.32,0,0
20090511,130.32,130.32,130.32,130.32,0,0
20090512,130.32,130.32,130.32,130.32,0,0
20090513,130.32,130.32,130.32,130.32,0,0
20090514,130.32,130.32,130.32,130.32,0,0
20090515,130.32,130.32,130.32,130.32,0,0
20090518,130.32,130.32,130.32,130.32,0,0
20090519,130.32,130.32,130.32,130.32,0,0
20090520,130.32,130.32,130.32,130.32,0,0
20090521,130.32,130.32,130.32,130.32,0,0
20090522,130.32,130.32,130.32,130.32,0,0
20090525,130.32,130.32,130.32,130.32,0,0
20090526,130.32,130.32,130.32,130.32,0,0
20090527,130.32,130.32,130.32,130.32,0,0
20090528,130.32,130.32,130.32,130.32,0,0
20090529,130.32,130.32,130.32,130.32,0,0
20090601,130.32,130.32,130.32,130.32,0,0
20090602,130.32,130.32,130.32,130.32,0,0
20090603,130.32,130.32,130.32,130.32,0,0
20090604,130.32,130.32,125.89,125.89,0,0
20090605,125.89,125.89,121.13,121.13,0,0
20090608,121.13,121.13,121.13,121.13,0,0
20090609,121.13,121.13,121.13,121.13,0,0
20090610,121.13,121.13,121.13,121.13,0,0
20090612,121.13,121.13,121.13,121.13,0,0
20090615,121.13,121.13,121.13,121.13,0,0
20090616,121.13,121.13,121.13,121.13,0,0
20090617,121.13,121.13,121.13,121.13,0,0
20090618,121.13,121.13,121.13,121.13,0,0
20090619,121.13,121.13,121.13,121.13,0,0
20090622,121.13,121.13,116.11,116.11,0,0
20090623,116.11,116.11,116.11,116.11,0,0
20090624,116.11,116.11,116.11,116.11,0,0
20090625,116.11,116.11,116.11,116.11,0,0
20090626,116.11,116.11,116.11,116.11,0,0
20090629,116.11,116.11,116.11,116.11,0,0
20090630,116.11,116.11,116.11,116.11,0,0
20090701,116.11,116.11,116.11,116.11,0,0
20090702,116.11,116.11,116.11,116.11,0,0
20090703,116.11,116.11,116.11,116.11,0,0
20090706,116.11,116.11,116.11,116.11,0,0
20090707,116.11,116.11,116.11,116.11,0,0
20090708,116.11,116.11,116.11,116.11,0,0
20090709,116.11,116.11,116.11,116.11,0,0
20090710,116.11,116.11,116.11,116.11,0,0
20090713,116.11,116.11,116.11,116.11,0,0
20090714,116.11,116.11,116.11,116.11,0,0
20090715,116.11,116.11,116.11,116.11,0,0
20090716,116.11,116.11,116.11,116.11,0,0
20090717,116.11,116.11,116.11,116.11,0,0
20090720,116.11,116.11,116.11,116.11,0,0
20090721,116.11,116.11,116.11,116.11,0,0
20090722,116.11,116.11,116.11,116.11,0,0
20090723,116.11,116.11,116.11,116.11,0,0
20090724,116.11,116.11,116.11,116.11,0,0
20090727,116.11,116.11,116.11,116.11,0,0
20090728,116.11,116.11,116.11,116.11,0,0
20090729,116.11,116.11,116.11,116.11,0,0
20090730,116.11,116.11,116.11,116.11,0,0
20090731,116.11,116.11,116.11,116.11,0,0
20090803,116.11,116.11,116.11,116.11,0,0
20090804,116.11,116.11,116.11,116.11,0,0
20090805,116.11,116.11,116.11,116.11,0,0
20090806,116.11,116.11,116.11,116.11,0,0
20090807,116.11,116.36,116.11,116.36,0,0
20090810,116.36,116.36,112.15,112.15,0,0
20090811,112.15,112.15,112.15,112.15,0,0
20090812,112.15,113.47,112.15,113.47,0,0
20090813,113.47,113.47,113.47,113.47,0,0
20090814,113.47,113.47,113.47,113.47,0,0
20090817,113.47,113.47,113.47,113.47,0,0
20090818,113.47,116.95,113.47,116.95,0,0
20090819,116.95,116.95,116.95,116.95,0,0
20090820,116.95,116.95,116.95,116.95,0,0
20090821,116.95,116.95,116.95,116.95,0,0
20090824,116.95,116.95,116.95,116.95,0,0
20090825,116.95,116.95,116.95,116.95,0,0
20090826,116.95,116.95,116.95,116.95,0,0
20090827,116.95,116.95,116.95,116.95,0,0
20090828,116.95,116.95,116.95,116.95,0,0
20090831,116.95,116.95,116.95,116.95,0,0
20090901,116.95,116.95,116.95,116.95,0,0
20090902,116.95,116.95,116.95,116.95,0,0
20090903,116.95,116.95,116.95,116.95,0,0
20090904,116.95,116.95,116.95,116.95,0,0
20090907,116.95,116.95,116.95,116.95,0,0
20090908,116.95,116.95,116.95,116.95,0,0
20090909,116.95,116.95,116.95,116.95,0,0
20090910,116.95,116.95,116.95,116.95,0,0
20090911,116.95,116.95,116.95,116.95,0,0
20090914,116.95,116.95,116.95,116.95,0,0
20090915,116.95,116.95,116.95,116.95,0,0
20090916,116.95,116.95,116.95,116.95,0,0
20090917,116.95,116.95,116.95,116.95,0,0
20090918,116.95,116.95,116.95,116.95,0,0
20090921,116.95,116.95,116.95,116.95,0,0
20090922,116.95,116.95,116.95,116.95,0,0
20090923,116.95,116.95,116.95,116.95,0,0
20090924,116.95,116.95,116.95,116.95,0,0
20090925,116.95,116.95,116.95,116.95,0,0
20090928,116.95,116.95,116.95,116.95,0,0
20090929,116.95,116.95,116.95,116.95,0,0
20090930,116.95,116.95,116.95,116.95,0,0
20091001,116.95,116.95,116.95,116.95,0,0
20091002,116.95,116.95,116.95,116.95,0,0
20091005,116.95,116.95,116.95,116.95,0,0
20091006,116.95,116.95,116.95,116.95,0,0
20091007,116.95,116.95,116.95,116.95,0,0
20091008,116.95,116.95,116.95,116.95,0,0
20091009,116.95,116.95,116.95,116.95,0,0
20091012,116.95,116.95,116.95,116.95,0,0
20091013,116.95,116.95,116.95,116.95,0,0
20091014,116.95,116.95,106.85,106.85,0,0
20091015,106.85,106.85,106.85,106.85,0,0
20091016,106.85,106.85,106.85,106.85,0,0
20091019,106.85,106.85,106.85,106.85,0,0
20091020,106.85,106.85,106.85,106.85,0,0
20091021,106.85,106.85,106.85,106.85,0,0
20091022,106.85,106.85,106.85,106.85,0,0
20091023,106.85,106.85,106.85,106.85,0,0
20091026,106.85,106.85,106.85,106.85,0,0
20091027,106.85,106.85,106.85,106.85,0,0
20091028,106.85,106.85,106.85,106.85,0,0
20091029,106.85,106.85,106.85,106.85,0,0
20091030,106.85,106.85,106.85,106.85,0,0
20091102,106.85,106.85,106.85,106.85,0,0
20091103,106.85,106.85,106.85,106.85,0,0
20091104,106.85,106.85,106.85,106.85,0,0
20091105,106.85,106.85,106.85,106.85,0,0
20091106,106.85,106.85,106.85,106.85,0,0
20091109,106.85,107.39,106.85,107.39,0,0
20091110,107.39,107.39,107.39,107.39,0,0
20091112,107.39,107.39,107.39,107.39,0,0
20091113,107.39,107.39,107.39,107.39,0,0
20091116,107.39,107.88,107.39,107.88,0,0
20091117,107.88,107.88,107.88,107.88,0,0
20091118,107.88,107.88,107.88,107.88,0,0
20091119,107.88,108.62,107.88,108.62,0,0
20091120,108.62,108.62,108.62,108.62,0,0
20091123,108.62,108.62,108.62,108.62,0,0
20091124,108.62,108.62,108.62,108.62,0,0
20091125,108.62,108.62,108.62,108.62,0,0
20091126,108.62,111.53,108.62,111.53,0,0
20091127,111.53,111.53,111.53,111.53,0,0
20091130,111.53,111.53,111.53,111.53,0,0
20091201,111.53,111.53,111.53,111.53,0,0
20091202,111.53,111.53,111.53,111.53,0,0
20091203,111.53,111.53,111.53,111.53,0,0
20091204,111.53,111.53,111.53,111.53,0,0
20091207,111.53,111.53,111.53,111.53,0,0
20091208,111.53,111.53,111.53,111.53,0,0
20091209,111.53,111.53,111.53,111.53,0,0
20091210,111.53,111.53,111.53,111.53,0,0
20091211,111.53,111.53,111.53,111.53,0,0
20091214,111.53,111.53,111.53,111.53,0,0
20091215,111.53,111.53,111.53,111.53,0,0
20091216,111.53,111.53,111.53,111.53,0,0
20091217,111.53,111.53,111.53,111.53,0,0
20091218,111.53,111.53,111.53,111.53,0,0
20091221,111.53,111.53,111.53,111.53,0,0
20091222,111.53,111.53,111.53,111.53,0,0
20091223,111.53,111.53,111.53,111.53,0,0
20091228,111.53,111.53,111.53,111.53,0,0
20091229,111.53,111.53,111.53,111.53,0,0
20091230,111.53,111.53,111.53,111.53,0,0
20091231,111.53,111.53,111.53,111.53,0,0
20100104,111.53,111.53,111.53,111.53,0,0
20100105,111.53,111.53,111.53,111.53,0,0
20100106,111.53,111.53,111.53,111.53,0,0
20100107,111.53,111.53,111.53,111.53,0,0
20100108,111.53,111.53,111.53,111.53,0,0
20100111,111.53,111.53,111.53,111.53,0,0
20100112,111.53,111.53,111.53,111.53,0,0
20100113,111.53,111.53,111.53,111.53,0,0
20100114,111.53,111.53,111.53,111.53,0,0
20100115,111.53,111.53,111.53,111.53,0,0
20100118,111.53,111.53,111.53,111.53,0,0
20100119,111.53,111.53,111.53,111.53,0,0
20100120,111.53,111.53,111.53,111.53,0,0
20100121,111.53,111.53,111.53,111.53,0,0
20100122,111.53,111.53,111.53,111.53,0,0
20100125,111.53,111.53,111.53,111.53,0,0
20100126,111.53,111.53,111.53,111.53,0,0
20100127,111.53,111.53,111.53,111.53,0,0
20100128,111.53,111.53,111.53,111.53,0,0
20100129,111.53,111.53,111.53,111.53,0,0
20100201,111.53,111.53,111.53,111.53,0,0
20100202,111.53,111.53,111.53,111.53,0,0
20100203,111.53,111.53,111.53,111.53,0,0
20100204,111.53,111.53,111.53,111.53,0,0
20100205,111.53,111.53,111.53,111.53,0,0
20100208,111.53,111.53,111.53,111.53,0,0
20100209,111.53,111.53,111.53,111.53,0,0
20100210,111.53,116.06,111.53,116.06,0,0
20100211,116.06,116.06,116.06,116.06,0,0
20100212,116.06,116.06,116.06,116.06,0,0
20100215,116.06,116.4,116.06,116.4,0,0
20100216,116.4,116.4,115.76,115.76,0,0
20100217,115.76,115.77,115.76,115.77,0,0
20100218,115.77,120.72,115.77,120.72,0,0
20100219,120.72,121.03,120.72,121.03,0,0
20100222,121.03,121.03,121.03,121.03,0,0
20100223,121.03,121.03,121.03,121.03,0,0
20100224,121.03,121.03,121.03,121.03,0,0
20100225,121.03,121.03,121.03,121.03,0,0
20100226,121.03,121.03,121.03,121.03,0,0
20100301,121.03,121.03,121.03,121.03,0,0
20100302,121.03,121.03,121.03,121.03,0,0
20100303,121.03,121.03,121.03,121.03,0,0
20100304,121.03,121.03,121.03,121.03,0,0
20100305,121.03,121.03,121.03,121.03,0,0
20100308,121.03,121.03,121.03,121.03,0,0
20100309,121.03,121.03,121.03,121.03,0,0
20100310,121.03,121.03,121.03,121.03,0,0
20100311,121.03,121.03,121.03,121.03,0,0
20100312,121.03,121.03,121.03,121.03,0,0
20100315,121.03,121.03,121.03,121.03,0,0
20100316,121.03,121.03,121.03,121.03,0,0
20100317,121.03,121.03,121.03,121.03,0,0
20100318,121.03,121.03,121.03,121.03,0,0
20100319,121.03,121.03,121.03,121.03,0,0
20100322,121.03,121.03,121.03,121.03,0,0
20100323,121.03,121.03,121.03,121.03,0,0
20100324,121.03,121.03,121.03,121.03,0,0
20100325,121.03,121.03,121.03,121.03,0,0
20100326,121.03,121.03,121.03,121.03,0,0
20100329,121.03,121.03,121.03,121.03,0,0
20100330,121.03,121.03,121.03,121.03,0,0
20100331,107.21,107.21,107.21,107.21,0,0
20100401,113.31,113.31,24.81,24.81,0,0
20100406,24.81,113.31,24.81,113.31,0,0
20100407,113.31,113.31,113.31,113.31,0,0
20100408,113.31,113.31,113.31,113.31,0,0
20100409,113.31,113.31,113.31,113.31,0,0
20100412,113.31,113.31,113.31,113.31,0,0
20100413,113.31,113.31,113.31,113.31,0,0
20100414,113.31,113.31,113.31,113.31,0,0
20100415,113.31,113.31,113.31,113.31,0,0
20100416,113.31,113.34,113.31,113.34,0,0
20100419,113.34,113.34,113.34,113.34,0,0
20100420,113.34,113.34,113.34,113.34,0,0
20100421,113.34,113.34,113.34,113.34,0,0
20100422,113.34,113.34,113.34,113.34,0,0
20100423,113.34,113.34,113.34,113.34,0,0
20100426,113.34,113.34,113.34,113.34,0,0
20100427,113.34,113.34,113.34,113.34,0,0
20100428,113.34,115.99,113.34,115.99,0,0
20100429,115.99,115.99,115.99,115.99,0,0
20100430,115.99,115.99,115.99,115.99,0,0
20100504,115.99,115.99,115.99,115.99,0,0
20100505,115.99,115.99,115.99,115.99,0,0
20100506,115.99,115.99,115.99,115.99,0,0
20100507,115.99,115.99,115.99,115.99,0,0
20100510,115.99,115.99,115.99,115.99,0,0
20100511,115.99,115.99,115.99,115.99,0,0
20100512,115.99,115.99,115.99,115.99,0,0
20100513,115.99,115.99,115.99,115.99,0,0
20100514,100.25,102.6,100.25,102.6,0,0
20100517,102.6,102.6,98.52,98.52,0,0
20100518,98.52,98.52,98.38,98.38,0,0
20100519,98.38,98.38,98.38,98.38,0,0
20100520,98.38,98.38,98.38,98.38,0,0
20100521,98.38,98.38,98.38,98.38,0,0
20100524,98.38,98.38,98.38,98.38,0,0
20100525,98.38,98.38,98.38,98.38,0,0
20100526,98.38,98.38,98.38,98.38,0,0
20100527,98.38,98.38,98.38,98.38,0,0
20100528,98.38,98.38,98.38,98.38,0,0
20100531,98.38,98.38,98.38,98.38,0,0
20100601,98.38,98.38,98.38,98.38,0,0
20100602,98.38,98.38,98.38,98.38,0,0
20100604,98.38,98.38,98.38,98.38,0,0
20100607,98.38,98.38,98.38,98.38,0,0
20100608,98.76,98.76,98.76,98.76,0,0
20100609,98.76,98.76,98.76,98.76,0,0
20100610,98.76,98.76,98.76,98.76,0,0
20100611,98.76,98.76,98.76,98.76,0,0
20100614,98.76,98.76,98.76,98.76,0,0
20100615,98.76,98.76,98.76,98.76,0,0
20100616,98.76,98.76,98.76,98.76,0,0
20100617,98.76,98.76,98.76,98.76,0,0
20100618,98.76,98.76,98.76,98.76,0,0
20100621,98.76,98.76,98.76,98.76,0,0
20100622,98.76,98.76,98.76,98.76,0,0
20100623,99.24,99.24,99.24,99.24,0,0
20100624,99.24,99.24,99.24,99.24,0,0
20100625,99.24,99.24,99.24,99.24,0,0
20100628,99.24,99.24,99.24,99.24,0,0
20100629,117.83,117.83,117.83,117.83,0,0
20100630,117.83,117.83,117.83,117.83,0,0
20100701,117.83,117.83,117.83,117.83,0,0
20100702,117.83,117.83,117.83,117.83,0,0
20100705,117.83,117.83,117.83,117.83,0,0
20100706,117.83,117.83,117.83,117.83,0,0
20100707,117.83,117.83,117.83,117.83,0,0
20100708,117.83,117.83,117.83,117.83,0,0
20100709,117.83,117.83,117.83,117.83,0,0
20100712,117.83,117.83,117.83,117.83,0,0
20100713,117.83,117.83,117.83,117.83,0,0
20100714,152.84,152.84,152.84,152.84,0,0
20100715,152.84,152.84,152.84,152.84,0,0
20100716,152.84,152.84,152.84,152.84,0,0
20100719,152.84,152.84,152.84,152.84,0,0
20100720,152.84,152.84,152.84,152.84,0,0
20100721,152.84,152.84,152.84,152.84,0,0
20100722,152.84,152.84,152.84,152.84,0,0
20100723,152.84,152.84,152.84,152.84,0,0
20100726,152.84,152.84,152.84,152.84,0,0
20100727,152.84,152.84,152.84,152.84,0,0
20100728,152.84,152.84,152.84,152.84,0,0
20100729,152.84,152.84,152.84,152.84,0,0
20100730,152.84,152.84,152.84,152.84,0,0
20100802,152.84,152.84,152.84,152.84,0,0
20100803,152.84,152.84,152.84,152.84,0,0
20100804,152.84,155.67,152.84,155.67,0,0
20100805,155.67,155.67,147,147,0,0
20100806,147,147,147,147,0,0
20100809,147,147,147,147,0,0
20100810,147,150.09,147,150.09,0,0
20100811,150.09,150.09,150.09,150.09,0,0
20100812,190.62,190.62,190.62,190.62,0,0
20100813,190.62,190.62,189.27,189.27,0,0
20100816,189.27,189.27,189.27,189.27,0,0
20100817,189.27,193.81,189.27,193.81,0,0
20100818,193.81,195.65,193.81,195.65,0,0
20100819,195.65,196.74,195.65,196.74,0,0
20100820,196.74,196.74,196.74,196.74,0,0
20100823,196.11,196.11,196.11,196.11,0,0
20100824,196.74,196.74,196.74,196.74,0,0
20100825,196.74,196.74,196.74,196.74,0,0
20100826,196.74,196.74,196.74,196.74,0,0
20100827,196.74,196.74,196.74,196.74,0,0
20100830,196.74,196.74,196.74,196.74,0,0
20100831,196.74,196.74,196.74,196.74,0,0
20100901,196.74,196.74,196.74,196.74,0,0
20100902,196.74,196.74,196.74,196.74,0,0
20100903,196.74,196.74,196.74,196.74,0,0
20100906,196.74,196.74,196.74,196.74,0,0
20100907,196.74,196.74,196.74,196.74,0,0
20100908,196.74,196.74,196.74,196.74,0,0
20100909,196.74,196.74,196.74,196.74,0,0
20100910,196.74,196.74,196.74,196.74,0,0
20100913,196.74,196.74,196.74,196.74,0,0
20100914,196.74,196.74,196.74,196.74,0,0
20100915,196.74,196.74,196.74,196.74,0,0
20100916,196.74,196.74,196.74,196.74,0,0
20100917,196.74,196.74,196.74,196.74,0,0
20100920,196.74,196.74,196.74,196.74,0,0
20100921,196.74,196.74,196.74,196.74,0,0
20100922,196.74,196.74,196.74,196.74,0,0
20100923,196.74,196.74,196.74,196.74,0,0
20100924,196.74,196.74,196.74,196.74,0,0
20100927,196.74,196.74,196.74,196.74,0,0
20100928,196.74,196.74,196.74,196.74,0,0
20100929,196.74,196.74,196.74,196.74,0,0
20100930,196.74,196.74,196.74,196.74,0,0
20101001,196.74,196.74,196.74,196.74,0,0
20101004,196.74,196.74,196.74,196.74,0,0
20101005,196.74,196.74,196.74,196.74,0,0
20101006,196.74,196.74,196.74,196.74,0,0
20101007,196.74,196.74,196.74,196.74,0,0
20101008,196.74,196.74,196.74,196.74,0,0
20101011,196.74,196.74,196.74,196.74,0,0
20101012,196.74,196.74,196.74,196.74,0,0
20101013,196.74,196.74,196.74,196.74,0,0
20101014,196.74,196.74,196.74,196.74,0,0
20101015,196.74,196.74,196.74,196.74,0,0
20101018,196.74,196.74,196.74,196.74,0,0
20101019,196.74,196.74,196.74,196.74,0,0
20101020,196.74,196.74,196.74,196.74,0,0
20101021,196.74,196.74,196.74,196.74,0,0
20101022,196.74,196.74,196.74,196.74,0,0
20101025,192.7,192.7,192.7,192.7,0,0
20101026,196.74,196.74,196.74,196.74,0,0
20101027,196.74,196.74,196.74,196.74,0,0
20101028,196.74,196.74,196.74,196.74,0,0
20101029,196.74,196.74,196.74,196.74,0,0
20101102,196.74,196.74,196.74,196.74,0,0
20101103,196.74,208.28,196.74,208.28,0,0
20101104,208.28,208.28,208.28,208.28,0,0
20101105,208.28,208.28,208.28,208.28,0,0
20101108,208.28,208.8,208.28,208.8,0,0
20101109,208.8,208.8,208.8,208.8,0,0
20101110,208.8,208.8,208.8,208.8,0,0
20101112,208.8,208.8,208.8,208.8,0,0
20101115,208.8,208.8,208.8,208.8,0,0
20101116,208.8,214.32,208.8,214.32,0,0
20101117,238.32,238.32,238.32,238.32,0,0
20101118,238.32,238.32,238.32,238.32,0,0
20101119,238.32,238.32,238.32,238.32,0,0
20101122,238.32,238.91,238.32,238.91,0,0
20101123,238.91,238.91,237.8,237.8,0,0
20101124,237.8,243.71,237.8,243.71,0,0
20101125,243.71,243.71,243.71,243.71,0,0
20101126,243.71,243.71,243.4,243.4,0,0
20101129,243.4,243.4,243.4,243.4,0,0
20101130,243.4,243.4,243.4,243.4,0,0
20101201,243.4,243.4,243.4,243.4,0,0
20101202,243.4,243.4,243.4,243.4,0,0
20101203,243.4,243.4,243.4,243.4,0,0
20101206,243.4,243.4,243.4,243.4,0,0
20101207,243.4,243.4,243.4,243.4,0,0
20101208,243.4,243.4,243.4,243.4,0,0
20101209,243.4,243.4,243.4,243.4,0,0
20101210,243.4,243.4,243.4,243.4,0,0
20101213,243.4,243.4,243.4,243.4,0,0
20101214,243.4,243.4,243.4,243.4,0,0
20101215,243.4,243.4,243.4,243.4,0,0
20101216,243.4,243.4,243.4,243.4,0,0
20101217,243.4,243.4,243.4,243.4,0,0
20101220,243.4,243.4,243.4,243.4,0,0
20101221,243.4,243.4,243.4,243.4,0,0
20101222,243.4,243.4,243.4,243.4,0,0
20101223,243.4,243.4,243.4,243.4,0,0
20101227,243.4,243.4,243.4,243.4,0,0
20101228,243.4,243.4,243.4,243.4,0,0
20101229,243.4,243.4,243.4,243.4,0,0
20101230,243.4,243.4,243.4,243.4,0,0
20101231,243.4,243.4,243.4,243.4,0,0
20110103,243.4,243.4,243.4,243.4,0,0
20110104,243.4,243.4,243.4,243.4,0,0
20110105,247.41,247.41,247.41,247.41,0,0
20110107,249.75,249.75,249.75,249.75,0,0
20110110,249.75,249.75,249.75,249.75,0,0
20110111,249.75,249.75,249.75,249.75,0,0
20110112,224.83,224.83,224.83,224.83,0,0
20110113,249.75,249.75,249.75,249.75,0,0
20110114,249.75,249.75,249.75,249.75,0,0
20110117,249.75,249.75,249.75,249.75,0,0
20110118,249.75,249.75,249.75,249.75,0,0
20110119,271.17,271.17,271.17,271.17,0,0
20110120,271.17,271.17,271.17,271.17,0,0
20110121,271.17,271.17,271.17,271.17,0,0
20110124,271.17,271.17,271.17,271.17,0,0
20110125,271.17,271.17,271.17,271.17,0,0
20110126,271.17,271.17,271.17,271.17,0,0
20110127,271.17,271.17,271.17,271.17,0,0
20110128,271.17,271.17,271.17,271.17,0,0
20110131,271.17,271.17,271.17,271.17,0,0
20110201,271.17,271.17,271.17,271.17,0,0
20110202,271.17,271.17,271.17,271.17,0,0
20110203,271.17,271.17,270.45,270.45,0,0
20110204,270.45,270.45,270.45,270.45,0,0
20110207,270.45,270.45,270.45,270.45,0,0
20110208,270.45,270.45,270.45,270.45,0,0
20110209,270.45,270.45,270.45,270.45,0,0
20110210,270.85,270.85,270.85,270.85,0,0
20110211,270.85,270.85,270.85,270.85,0,0
20110214,270.85,282.02,270.85,282.02,0,0
20110215,282.02,282.02,282.02,282.02,0,0
20110216,282.02,305.89,282.02,305.89,0,0
20110217,305.89,305.89,305.89,305.89,0,0
20110218,305.89,305.89,305.89,305.89,0,0
20110221,305.89,305.89,305.89,305.89,0,0
20110222,305.89,305.89,305.89,305.89,0,0
20110223,305.89,305.89,305.89,305.89,0,0
20110224,305.89,305.89,305.89,305.89,0,0
20110225,305.89,305.89,305.89,305.89,0,0
20110228,305.89,305.89,305.89,305.89,0,0
20110301,305.89,305.89,305.89,305.89,0,0
20110302,305.89,305.89,305.89,305.89,0,0
20110303,305.89,305.89,294.97,294.97,0,0
20110304,294.97,294.97,294.97,294.97,0,0
20110307,294.97,294.97,294.97,294.97,0,0
20110308,294.97,294.97,294.97,294.97,0,0
20110309,294.97,294.97,294.97,294.97,0,0
20110310,294.97,294.97,277.02,277.02,0,0
20110311,277.02,294.97,277.02,294.97,0,0
20110314,294.97,294.97,294.97,294.97,0,0
20110315,294.97,294.97,294.88,294.88,0,0
20110316,294.88,294.88,294.88,294.88,0,0
20110317,294.88,294.88,294.88,294.88,0,0
20110318,294.88,294.88,294.88,294.88,0,0
20110321,294.88,294.88,294.88,294.88,0,0
20110322,294.88,294.88,294.88,294.88,0,0
20110323,294.88,294.88,294.88,294.88,0,0
20110324,294.88,294.88,294.88,294.88,0,0
20110325,298.36,298.36,298.36,298.36,0,0
20110328,301.29,301.29,301.29,301.29,0,0
20110329,301.29,301.29,301.29,301.29,0,0
20110330,289.75,289.75,289.75,289.75,0,0
20110331,289.75,289.75,289.75,289.75,0,0
20110401,289.75,289.75,289.75,289.75,0,0
20110404,289.75,289.75,289.75,289.75,0,0
20110405,289.75,289.75,289.75,289.75,0,0
20110406,289.75,289.75,289.75,289.75,0,0
20110407,289.75,289.75,289.75,289.75,0,0
20110408,289.75,289.75,289.75,289.75,0,0
20110411,289.75,289.75,289.75,289.75,0,0
20110412,289.75,289.75,289.75,289.75,0,0
20110413,289.75,289.75,289.75,289.75,0,0
20110414,289.75,289.75,289.75,289.75,0,0
20110415,289.75,289.75,289.75,289.75,0,0
20110418,289.75,289.75,289.75,289.75,0,0
20110419,289.75,289.75,289.75,289.75,0,0
20110420,289.75,289.75,289.75,289.75,0,0
20110421,289.75,289.75,289.75,289.75,0,0
20110426,289.75,289.75,289.75,289.75,0,0
20110427,289.75,289.75,289.75,289.75,0,0
20110428,289.75,289.75,289.75,289.75,0,0
20110429,289.75,289.75,289.75,289.75,0,0
20110502,290.87,290.87,290.87,290.87,0,0
20110504,290.87,293.84,290.87,293.84,0,0
20110505,293.84,293.84,293.84,293.84,0,0
20110506,293.84,293.84,290.65,290.65,0,0
20110509,290.65,290.65,290.65,290.65,0,0
20110510,298.04,298.04,298.04,298.04,0,0
20110511,298.04,327.24,298.04,327.24,0,0
20110512,327.24,327.24,327.24,327.24,0,0
20110513,327.24,327.24,327.24,327.24,0,0
20110516,327.24,327.24,327.24,327.24,0,0
20110517,327.24,327.79,327.24,327.79,0,0
20110518,327.79,328.92,327.79,328.92,0,0
20110519,328.92,329.06,328.92,329.06,0,0
20110520,329.06,333.54,329.06,333.54,0,0
20110523,333.54,333.55,333.54,333.55,0,0
20110524,333.55,336.23,333.55,336.23,0,0
20110525,336.23,336.23,336.23,336.23,0,0
20110526,336.23,336.23,336.23,336.23,0,0
20110527,336.23,336.23,336.23,336.23,0,0
20110530,336.23,336.23,336.23,336.23,0,0
20110531,336.23,336.23,336.23,336.23,0,0
20110601,337.63,337.63,337.63,337.63,0,0
20110602,337.63,339.12,337.63,339.12,0,0
20110603,339.12,339.12,339.12,339.12,0,0
20110606,339.12,339.12,339.12,339.12,0,0
20110607,339.12,339.12,339.12,339.12,0,0
20110608,339.12,339.12,339.12,339.12,0,0
20110609,339.12,339.12,339.12,339.12,0,0
20110610,339.12,339.12,339.12,339.12,0,0
20110613,339.12,339.12,339.12,339.12,0,0
20110614,339.12,339.12,339.12,339.12,0,0
20110615,339.12,339.12,339.12,339.12,0,0
20110616,339.12,339.12,339.12,339.12,0,0
20110617,339.12,339.12,339.12,339.12,0,0
20110620,339.12,339.12,339.12,339.12,0,0
20110621,339.12,339.12,339.12,339.12,0,0
20110622,339.12,339.12,339.12,339.12,0,0
20110624,339.12,339.12,339.12,339.12,0,0
20110627,339.12,339.12,339.12,339.12,0,0
20110628,339.12,339.12,339.12,339.12,0,0
20110629,339.12,339.12,339.12,339.12,0,0
20110630,339.12,339.12,339.12,339.12,0,0
20110701,339.12,339.12,339.12,339.12,0,0
20110704,339.12,339.12,339.12,339.12,0,0
20110705,339.12,339.12,339.12,339.12,0,0
20110706,341.8,341.8,341.8,341.8,0,0
20110707,338.76,338.76,338.76,338.76,0,0
20110708,341.8,341.8,341.8,341.8,0,0
20110711,341.8,341.8,341.74,341.74,0,0
20110712,341.74,341.74,341.74,341.74,0,0
20110713,341.74,341.74,341.74,341.74,0,0
20110714,341.74,341.74,341.74,341.74,0,0
20110715,341.74,341.74,341.74,341.74,0,0
20110718,341.74,341.74,341.74,341.74,0,0
20110719,296.22,341.74,296.22,341.74,0,0
20110720,296.22,296.22,296.22,296.22,0,0
20110721,296.22,296.22,296.22,296.22,0,0
20110722,296.22,296.22,296.22,296.22,0,0
20110725,296.22,296.22,296.22,296.22,0,0
20110726,296.22,296.22,296.22,296.22,0,0
20110727,296.22,296.36,296.22,296.36,0,0
20110728,296.36,296.36,296.36,296.36,0,0
20110729,296.36,296.36,296.36,296.36,0,0
20110801,296.36,296.36,296.36,296.36,0,0
20110802,296.36,296.36,296.36,296.36,0,0
20110803,296.36,296.36,294.71,294.71,0,0
20110804,294.71,294.71,294.71,294.71,0,0
20110805,294.71,294.71,294.71,294.71,0,0
20110808,294.71,294.71,294.71,294.71,0,0
20110809,294.71,294.71,294.71,294.71,0,0
20110810,294.71,294.71,293.66,293.66,0,0
20110811,293.66,293.66,293.66,293.66,0,0
20110812,293.66,293.66,293.55,293.55,0,0
20110816,293.55,293.55,275.45,275.45,0,0
20110817,275.45,471.16,275.45,471.16,0,0
20110818,471.16,484.86,471.16,484.86,0,0
20110819,484.86,484.86,484.86,484.86,0,0
20110822,484.86,484.86,484.86,484.86,0,0
20110823,484.86,484.86,484.86,484.86,0,0
20110824,484.86,484.86,484.86,484.86,0,0
20110825,484.86,484.86,484.86,484.86,0,0
20110826,484.86,484.86,484.86,484.86,0,0
20110829,484.86,484.86,484.86,484.86,0,0
20110830,484.86,484.86,484.86,484.86,0,0
20110831,484.86,484.86,484.86,484.86,0,0
20110901,484.86,484.86,484.86,484.86,0,0
20110902,484.86,484.86,484.86,484.86,0,0
20110905,484.86,484.86,484.86,484.86,0,0
20110906,484.86,484.86,484.86,484.86,0,0
20110907,484.86,484.86,484.86,484.86,0,0
20110908,484.86,484.86,484.86,484.86,0,0
20110909,484.86,484.86,484.86,484.86,0,0
20110912,484.86,484.86,484.86,484.86,0,0
20110913,484.86,484.86,484.86,484.86,0,0
20110914,484.86,484.86,484.86,484.86,0,0
20110915,484.86,484.86,484.86,484.86,0,0
20110916,484.86,484.86,484.86,484.86,0,0
20110919,484.86,484.86,484.86,484.86,0,0
20110920,484.86,484.86,484.86,484.86,0,0
20110921,484.86,484.86,484.86,484.86,0,0
20110922,484.86,484.86,484.86,484.86,0,0
20110923,484.86,484.86,484.86,484.86,0,0
20110926,484.86,484.86,484.86,484.86,0,0
20110927,484.86,484.86,484.86,484.86,0,0
20110928,484.86,484.86,484.86,484.86,0,0
20110929,484.86,484.86,484.86,484.86,0,0
20110930,484.86,484.86,484.86,484.86,0,0
20111003,484.86,484.86,484.86,484.86,0,0
20111004,484.86,484.86,484.86,484.86,0,0
20111005,484.86,484.86,484.86,484.86,0,0
20111006,484.86,484.86,484.86,484.86,0,0
20111007,484.86,484.86,484.86,484.86,0,0
20111010,484.86,484.86,484.86,484.86,0,0
20111011,484.86,484.86,484.86,484.86,0,0
20111012,448.77,448.77,448.77,448.77,0,0
20111013,448.77,448.77,448.77,448.77,0,0
20111014,448.77,448.77,448.77,448.77,0,0
20111017,448.77,448.77,448.77,448.77,0,0
20111018,448.77,448.77,448.77,448.77,0,0
20111019,448.77,448.77,448.77,448.77,0,0
20111020,448.77,448.77,448.77,448.77,0,0
20111021,448.77,448.77,448.77,448.77,0,0
20111024,448.77,448.77,448.77,448.77,0,0
20111025,448.77,448.77,448.77,448.77,0,0
20111026,448.77,448.77,448.77,448.77,0,0
20111027,448.77,448.77,448.77,448.77,0,0
20111028,448.77,448.77,438.3,448.77,0,0
20111031,448.77,448.77,448.77,448.77,0,0
20111102,448.77,448.77,448.77,448.77,0,0
20111103,448.77,448.77,448.77,448.77,0,0
20111104,448.77,448.77,448.77,448.77,0,0
20111107,448.77,448.77,448.77,448.77,0,0
20111108,448.77,448.77,448.77,448.77,0,0
20111109,448.77,448.77,448.77,448.77,0,0
20111110,448.77,448.77,448.77,448.77,0,0
20111114,448.77,448.77,448.77,448.77,0,0
20111115,448.77,448.77,448.77,448.77,0,0
20111116,448.77,448.77,448.77,448.77,0,0
20111117,448.77,448.77,448.71,448.71,0,0
20111118,448.71,448.71,448.71,448.71,0,0
20111121,448.71,448.71,448.71,448.71,0,0
20111122,448.71,448.71,435.37,435.37,0,0
20111123,435.37,435.37,415.78,415.78,0,0
20111124,415.78,415.78,414.54,414.54,0,0
20111125,414.54,420.41,414.54,420.41,0,0
20111128,420.41,420.41,419.3,419.3,0,0
20111129,419.3,427.32,419.3,427.32,0,0
20111130,427.32,427.32,427.32,427.32,0,0
20111201,427.32,427.32,427.32,427.32,0,0
20111202,427.32,427.32,427.32,427.32,0,0
20111205,427.32,427.32,427.32,427.32,0,0
20111206,427.32,427.32,427.32,427.32,0,0
20111207,427.32,427.32,427.32,427.32,0,0
20111208,427.32,427.32,427.32,427.32,0,0
20111209,434.14,434.14,434.14,434.14,0,0
20111212,434.14,434.14,434.14,434.14,0,0
20111213,434.14,434.14,434.14,434.14,0,0
20111214,434.14,434.14,434.14,434.14,0,0
20111215,434.14,434.14,434.14,434.14,0,0
20111216,434.14,434.14,434.14,434.14,0,0
20111219,434.14,434.14,434.14,434.14,0,0
20111220,434.14,434.14,434.14,434.14,0,0
20111221,434.14,434.14,434.14,434.14,0,0
20111222,434.14,434.14,434.14,434.14,0,0
20111223,434.14,434.14,434.14,434.14,0,0
20111227,434.14,434.14,434.14,434.14,0,0
20111228,434.14,434.14,434.14,434.14,0,0
20111229,434.14,434.14,434.14,434.14,0,0
20111230,434.14,434.14,434.14,434.14,0,0
20120102,434.14,434.14,434.14,434.14,0,0
20120103,434.14,434.14,434.14,434.14,0,0
20120104,434.14,434.14,434.14,434.14,0,0
20120105,434.14,434.14,434.14,434.14,0,0
20120109,434.14,434.14,434.14,434.14,0,0
20120110,434.14,434.14,434.14,434.14,0,0
20120111,434.14,434.14,434.14,434.14,0,0
20120112,434.14,434.14,434.14,434.14,0,0
20120113,434.14,434.14,434.14,434.14,0,0
20120116,434.14,434.14,434.14,434.14,0,0
20120117,434.14,434.14,434.14,434.14,0,0
20120118,434.14,434.14,434.14,434.14,0,0
20120119,434.14,434.14,434.14,434.14,0,0
20120120,434.14,434.14,434.14,434.14,0,0
20120123,434.14,434.14,434.14,434.14,0,0
20120124,434.14,434.14,434.14,434.14,0,0
20120125,434.14,434.14,434.14,434.14,0,0
20120126,434.14,434.14,434.14,434.14,0,0
20120127,434.14,434.14,434.14,434.14,0,0
20120130,434.14,434.14,434.14,434.14,0,0
20120131,434.14,434.14,434.14,434.14,0,0
20120201,434.14,434.14,434.14,434.14,0,0
20120202,434.14,434.14,434.14,434.14,0,0
20120203,434.14,434.14,434.14,434.14,0,0
20120206,434.14,434.14,434.14,434.14,0,0
20120207,434.14,434.14,425.5,425.5,0,0
20120208,425.5,425.5,425.5,425.5,0,0
20120209,425.5,425.98,425.5,425.98,0,0
20120210,425.98,425.98,425.98,425.98,0,0
20120213,425.98,430.98,425.98,430.98,0,0
20120214,430.98,461.14,430.98,461.14,0,0
20120215,461.14,461.21,461.14,461.21,0,0
20120216,450.05,450.05,449.52,449.52,0,0
20120217,449.52,451.65,449.52,451.65,0,0
20120220,451.65,451.65,451.65,451.65,0,0
20120221,451.65,451.65,451.65,451.65,0,0
20120222,451.65,451.65,451.65,451.65,0,0
20120223,451.65,451.65,451.65,451.65,0,0
20120224,451.65,451.65,451.65,451.65,0,0
20120227,451.65,451.65,451.65,451.65,0,0
20120228,451.65,451.65,451.65,451.65,0,0
20120229,451.65,451.65,451.65,451.65,0,0
20120301,451.65,451.65,451.65,451.65,0,0
20120302,451.65,451.65,442.74,442.74,0,0
20120305,442.74,442.74,442.74,442.74,0,0
20120306,442.74,442.74,442.74,442.74,0,0
20120307,442.74,442.74,442.74,442.74,0,0
20120308,442.74,442.74,442.74,442.74,0,0
20120309,442.74,442.74,442.74,442.74,0,0
20120312,442.74,442.74,442.74,442.74,0,0
20120313,442.74,442.74,442.74,442.74,0,0
20120314,442.74,442.74,442.74,442.74,0,0
20120315,442.74,442.74,442.74,442.74,0,0
20120316,442.74,442.74,442.74,442.74,0,0
20120319,442.74,442.74,442.74,442.74,0,0
20120320,442.74,442.74,442.74,442.74,0,0
20120321,442.74,442.74,442.74,442.74,0,0
20120322,442.74,442.74,442.74,442.74,0,0
20120323,442.74,442.74,442.74,442.74,0,0
20120326,442.74,442.74,442.74,442.74,0,0
20120327,442.74,442.74,442.74,442.74,0,0
20120328,442.74,442.74,433.93,433.93,0,0
20120329,433.93,433.93,433.93,433.93,0,0
20120330,433.93,433.93,433.93,433.93,0,0
20120402,433.93,433.93,433.93,433.93,0,0
20120403,433.93,433.93,433.93,433.93,0,0
20120404,433.93,436.03,433.93,436.03,0,0
20120405,436.03,436.03,436.03,436.03,0,0
20120410,436.03,436.03,436.03,436.03,0,0
20120411,436.03,436.03,436.03,436.03,0,0
20120412,436.03,436.03,436.03,436.03,0,0
20120413,436.03,436.03,436.03,436.03,0,0
20120416,436.03,436.03,436.03,436.03,0,0
20120417,436.03,436.03,436.03,436.03,0,0
20120418,436.03,436.03,436.03,436.03,0,0
20120419,436.03,436.03,436.03,436.03,0,0
20120420,436.03,436.03,436.03,436.03,0,0
20120423,436.03,436.03,436.03,436.03,0,0
20120424,436.03,436.03,436.03,436.03,0,0
20120425,436.03,436.03,436.03,436.03,0,0
20120426,436.03,436.03,433.81,433.81,0,0
20120427,433.81,433.81,433.81,433.81,0,0
20120430,433.81,433.81,433.81,433.81,0,0
20120502,433.81,433.81,433.81,433.81,0,0
20120504,433.81,433.81,433.81,433.81,0,0
20120507,433.81,433.81,433.81,433.81,0,0
20120508,433.81,433.81,433.81,433.81,0,0
20120509,433.81,433.92,433.81,433.92,0,0
20120510,433.92,433.92,433.92,433.92,0,0
20120511,433.92,433.92,433.92,433.92,0,0
20120514,433.92,458.06,433.92,458.06,0,0
20120515,458.06,458.23,458.06,458.23,0,0
20120516,458.23,458.25,458.23,458.25,0,0
20120517,458.25,458.25,458.25,458.25,0,0
20120518,458.25,458.25,458.25,458.25,0,0
20120521,443.34,443.34,438.21,438.21,0,0
20120522,453.12,459.71,453.12,459.71,0,0
20120523,459.71,459.71,459.71,459.71,0,0
20120524,459.71,459.71,456.73,456.73,0,0
20120525,456.73,456.73,456.73,456.73,0,0
20120528,456.73,456.73,456.73,456.73,0,0
20120529,456.73,456.73,456.73,456.73,0,0
20120530,456.73,456.73,456.73,456.73,0,0
20120531,456.73,456.73,456.73,456.73,0,0
20120601,456.73,456.73,455.22,455.22,0,0
20120604,455.22,455.22,455.22,455.22,0,0
20120605,455.22,455.22,455.22,455.22,0,0
20120606,455.22,455.22,455.22,455.22,0,0
20120608,455.22,455.22,455.22,455.22,0,0
20120611,455.22,455.22,455.22,455.22,0,0
20120612,455.22,455.22,455.22,455.22,0,0
20120613,455.22,455.22,455.22,455.22,0,0
20120614,455.22,455.22,455.22,455.22,0,0
20120615,455.22,455.22,455.22,455.22,0,0
20120618,455.22,455.22,455.22,455.22,0,0
20120619,455.22,455.22,455.22,455.22,0,0
20120620,455.22,455.22,455.22,455.22,0,0
20120621,455.22,455.22,455.22,455.22,0,0
20120622,455.22,455.22,455.22,455.22,0,0
20120625,455.22,455.22,455.22,455.22,0,0
20120626,455.22,455.22,455.22,455.22,0,0
20120627,455.22,455.22,455.22,455.22,0,0
20120628,455.22,455.22,455.22,455.22,0,0
20120629,455.22,455.22,455.22,455.22,0,0
20120702,455.22,455.22,455.22,455.22,0,0
20120703,455.22,455.22,455.22,455.22,0,0
20120704,455.22,455.22,455.22,455.22,0,0
20120705,455.22,455.22,455.22,455.22,0,0
20120706,455.22,455.22,455.22,455.22,0,0
20120709,455.22,455.22,455.22,455.22,0,0
20120710,455.22,455.22,455.22,455.22,0,0
20120711,455.22,455.22,455.22,455.22,0,0
20120712,455.22,455.22,455.22,455.22,0,0
20120713,455.22,455.22,455.22,455.22,0,0
20120716,455.22,455.22,455.22,455.22,0,0
20120717,455.22,455.22,452.36,452.36,0,0
20120718,452.36,452.36,452.36,452.36,0,0
20120719,452.36,452.36,452.36,452.36,0,0
20120720,452.36,452.36,452.36,452.36,0,0
20120723,452.36,452.36,452.36,452.36,0,0
20120724,452.36,452.36,452.36,452.36,0,0
20120725,452.36,452.36,452.36,452.36,0,0
20120726,452.36,452.36,452.36,452.36,0,0
20120727,452.36,452.36,452.36,452.36,0,0
20120730,452.36,452.36,452.36,452.36,0,0
20120731,452.36,452.36,452.36,452.36,0,0
20120801,452.36,452.36,452.36,452.36,0,0
20120802,452.36,452.36,452.36,452.36,0,0
20120803,452.36,452.36,452.36,452.36,0,0
20120806,452.36,452.36,452.36,452.36,0,0
20120807,452.36,452.36,452.36,452.36,0,0
20120808,452.36,452.36,452.36,452.36,0,0
20120809,452.36,452.36,452.36,452.36,0,0
20120810,452.36,452.36,452.36,452.36,0,0
20120813,452.36,452.36,452.36,452.36,0,0
20120814,452.36,452.36,452.36,452.36,0,0
20120816,452.36,452.36,452.36,452.36,0,0
20120817,452.36,452.36,452.3,452.3,0,0
20120820,452.3,452.3,452.3,452.3,0,0
20120821,452.3,452.3,452.3,452.3,0,0
20120822,452.3,452.3,445.28,445.28,0,0
20120823,445.28,445.28,445.28,445.28,0,0
20120824,445.28,451.52,445.28,451.52,0,0
20120827,451.52,451.52,395.95,395.95,0,0
20120828,345.56,395.95,345.56,395.95,0,0
20120829,395.95,395.95,395.95,395.95,0,0
20120830,395.95,395.95,395.95,395.95,0,0
20120831,396.49,396.49,356.91,356.91,0,0
20120903,356.91,356.91,356.91,356.91,0,0
20120904,356.91,356.91,356.91,356.91,0,0
20120905,356.91,356.91,356.91,356.91,0,0
20120906,356.91,356.91,356.91,356.91,0,0
20120907,356.37,356.91,356.37,356.91,0,0
20120910,356.91,356.91,356.91,356.91,0,0
20120911,356.91,356.91,356.91,356.91,0,0
20120912,356.91,356.91,356.09,356.09,0,0
20120913,356.09,356.09,356.09,356.09,0,0
20120914,356.09,356.09,351.28,351.28,0,0
20120917,351.28,351.28,351.28,351.28,0,0
20120918,351.28,351.28,351.28,351.28,0,0
20120919,351.28,351.28,351.28,351.28,0,0
20120920,351.28,351.28,351.28,351.28,0,0
20120921,351.28,351.28,351.28,351.28,0,0
20120924,351.28,351.28,351.28,351.28,0,0
20120925,351.28,351.28,351.28,351.28,0,0
20120926,351.28,352.24,351.28,352.24,0,0
20120927,352.24,352.24,352.24,352.24,0,0
20120928,352.24,352.24,352.24,352.24,0,0
20121001,352.24,352.24,352.24,352.24,0,0
20121002,352.24,352.24,352.24,352.24,0,0
20121003,352.24,352.24,352.24,352.24,0,0
20121004,352.24,352.24,352.24,352.24,0,0
20121005,352.24,352.24,352.24,352.24,0,0
20121008,352.24,352.24,352.24,352.24,0,0
20121009,352.24,352.24,352.24,352.24,0,0
20121010,352.24,352.24,352.24,352.24,0,0
20121011,352.24,352.24,352.24,352.24,0,0
20121012,352.24,352.24,352.24,352.24,0,0
20121015,352.24,352.24,352.24,352.24,0,0
20121016,352.24,352.24,352.24,352.24,0,0
20121017,352.24,352.24,352.24,352.24,0,0
20121018,352.24,352.24,352.24,352.24,0,0
20121019,352.24,352.24,352.24,352.24,0,0
20121022,352.24,352.24,352.24,352.24,0,0
20121023,352.24,352.24,352.24,352.24,0,0
20121024,352.24,352.24,352.24,352.24,0,0
20121025,352.24,352.24,352.24,352.24,0,0
20121026,352.24,352.24,352.24,352.24,0,0
20121029,352.24,352.24,352.24,352.24,0,0
20121030,352.24,352.24,352.24,352.24,0,0
20121031,352.24,352.24,352.24,352.24,0,0
20121102,352.24,356.02,352.24,356.02,0,0
20121105,356.02,356.02,356.02,356.02,0,0
20121106,356.02,359.79,356.02,359.79,0,0
20121107,359.79,359.79,359.79,359.79,0,0
20121108,359.79,359.79,359.79,359.79,0,0
20121109,359.79,359.79,359.79,359.79,0,0
20121112,359.79,359.79,359.79,359.79,0,0
20121113,359.79,359.79,359.79,359.79,0,0
20121114,359.79,359.79,359.79,359.79,0,0
20121115,359.79,359.93,359.79,359.93,0,0
20121116,359.93,359.93,359.93,359.93,0,0
20121119,359.93,359.93,359.84,359.84,0,0
20121120,359.84,359.84,359.84,359.84,0,0
20121121,359.84,359.84,359.84,359.84,0,0
20121122,359.84,359.84,359.84,359.84,0,0
20121123,359.84,359.84,359.84,359.84,0,0
20121126,359.84,359.84,351.34,351.34,0,0
20121127,351.34,351.34,351.34,351.34,0,0
20121128,351.34,351.34,351.34,351.34,0,0
20121129,351.34,351.34,351.34,351.34,0,0
20121130,351.34,351.34,351.34,351.34,0,0
20121203,332.47,332.47,332.47,332.47,0,0
20121204,332.47,332.47,332.47,332.47,0,0
20121205,332.47,332.47,332.47,332.47,0,0
20121206,332.47,332.47,332.47,332.47,0,0
20121207,332.47,332.47,332.47,332.47,0,0
20121210,332.47,332.47,332.47,332.47,0,0
20121211,332.47,332.47,332.47,332.47,0,0
20121212,332.47,332.47,332.47,332.47,0,0
20121213,332.47,346.93,332.47,346.93,0,0
20121214,346.93,346.93,346.93,346.93,0,0
20121217,346.93,346.93,345.46,345.46,0,0
20121218,345.46,345.46,345.46,345.46,0,0
20121219,345.46,345.46,345.46,345.46,0,0
20121220,345.46,345.46,345.46,345.46,0,0
20121221,345.46,345.46,345.46,345.46,0,0
20121227,345.46,345.46,345.46,345.46,0,0
20121228,345.46,346.75,345.46,346.75,0,0
20130102,346.75,346.75,346.75,346.75,0,0
20130103,346.75,346.75,346.75,346.75,0,0
20130104,346.75,346.75,344.56,344.56,0,0
20130107,344.56,344.56,344.56,344.56,0,0
20130108,344.56,344.56,344.56,344.56,0,0
20130109,344.56,344.56,344.56,344.56,0,0
20130110,344.56,344.56,344.56,344.56,0,0
20130111,344.56,344.56,344.56,344.56,0,0
20130114,344.56,344.56,344.56,344.56,0,0
20130115,344.56,344.56,344.56,344.56,0,0
20130117,344.56,344.56,344.56,344.56,0,0
20130118,344.56,344.56,344.56,344.56,0,0
20130121,344.56,344.56,344.56,344.56,0,0
20130122,344.56,344.56,344.56,344.56,0,0
20130123,344.56,344.56,344.56,344.56,0,0
20130124,344.56,344.56,344.56,344.56,0,0
20130125,344.56,344.56,344.56,344.56,0,0
20130128,344.56,344.56,344.56,344.56,0,0
20130129,344.56,344.56,344.56,344.56,0,0
20130130,344.56,344.56,344.56,344.56,0,0
20130131,344.56,344.56,344.56,344.56,0,0
20130201,344.56,344.56,344.56,344.56,0,0
20130204,344.56,344.56,344.56,344.56,0,0
20130205,344.56,344.56,344.56,344.56,0,0
20130206,344.56,344.56,344.56,344.56,0,0
20130207,344.56,344.56,344.56,344.56,0,0
20130208,344.56,344.56,344.56,344.56,0,0
20130211,344.56,344.56,344.56,344.56,0,0
20130212,344.56,344.56,344.56,344.56,0,0
20130213,344.56,346.09,344.56,346.09,0,0
20130214,346.09,347.37,346.09,347.37,0,0
20130215,347.37,347.37,347.37,347.37,0,0
20130218,347.37,347.64,347.37,347.64,0,0
20130219,347.64,348.79,347.64,348.79,0,0
20130220,348.79,348.79,346.31,346.31,0,0
20130221,346.31,346.31,346.31,346.31,0,0
20130222,346.31,346.48,346.31,346.48,0,0
20130225,346.48,346.48,346.48,346.48,0,0
20130226,346.48,346.48,334.71,334.71,0,0
20130227,334.71,334.71,334.71,334.71,0,0
20130228,334.71,334.71,333.3,333.3,0,0
20130301,333.3,333.3,333.3,333.3,0,0
20130304,333.3,333.3,333.3,333.3,0,0
20130305,333.3,333.3,329.89,329.89,0,0
20130306,329.89,329.89,329.89,329.89,0,0
20130307,329.89,329.89,329.89,329.89,0,0
20130308,329.89,329.89,329.89,329.89,0,0
20130311,329.89,329.89,327.63,327.63,0,0
20130312,327.63,327.63,327.63,327.63,0,0
20130313,327.63,329.27,327.63,329.27,0,0
20130314,329.27,329.27,329.27,329.27,0,0
20130315,329.27,329.27,327.82,327.82,0,0
20130318,327.82,331.33,327.82,331.33,0,0
20130319,331.33,331.33,331.33,331.33,0,0
20130320,331.33,331.33,331.33,331.33,0,0
20130321,331.33,331.33,331.33,331.33,0,0
20130322,331.33,331.33,331.33,331.33,0,0
20130325,331.33,331.33,331.33,331.33,0,0
20130326,331.33,331.33,331.33,331.33,0,0
20130327,331.33,331.33,331.33,331.33,0,0
20130328,331.33,331.33,331.33,331.33,0,0
20130402,331.33,331.33,331.33,331.33,0,0
20130403,331.33,331.33,331.33,331.33,0,0
20130404,331.33,331.33,331.33,331.33,0,0
20130405,331.33,331.33,331.33,331.33,0,0
20130408,331.33,331.33,331.33,331.33,0,0
20130409,331.33,331.33,331.33,331.33,0,0
20130410,331.33,331.33,331.33,331.33,0,0
20130411,331.33,331.33,331.33,331.33,0,0
20130412,331.33,331.33,331.33,331.33,0,0
20130415,331.33,331.33,331.33,331.33,0,0
20130417,331.33,331.33,331.33,331.33,0,0
20130418,331.33,331.33,331.33,331.33,0,0
20130419,331.33,331.33,331.33,331.33,0,0
20130422,331.33,331.33,331.33,331.33,0,0
20130423,331.33,331.33,331.33,331.33,0,0
20130424,331.33,331.33,331.33,331.33,0,0
20130425,331.33,331.33,331.33,331.33,0,0
20130426,331.33,331.33,331.33,331.33,0,0
20130429,331.33,331.33,331.33,331.33,0,0
20130430,331.33,331.33,331.33,331.33,0,0
20130502,331.33,331.33,331.33,331.33,0,0
20130506,331.33,331.33,331.33,331.33,0,0
20130507,331.33,331.33,331.33,331.33,0,0
20130508,331.33,331.33,331.33,331.33,0,0
20130509,331.33,331.33,331.33,331.33,0,0
20130510,331.33,331.33,331.33,331.33,0,0
20130513,331.33,331.33,331.33,331.33,0,0
20130514,331.33,331.33,331.33,331.33,0,0
20130515,331.33,331.33,331.33,331.33,0,0
20130516,331.33,331.33,331.33,331.33,0,0
20130517,331.33,331.33,331.33,331.33,0,0
20130520,331.33,331.33,331.33,331.33,0,0
20130521,331.33,331.33,331.33,331.33,0,0
20130522,331.33,331.33,331.33,331.33,0,0
20130523,331.33,331.33,331.33,331.33,0,0
20130524,331.33,331.33,331.33,331.33,0,0
20130527,331.33,331.33,331.33,331.33,0,0
20130528,331.33,331.33,331.33,331.33,0,0
20130529,331.33,331.33,331.33,331.33,0,0
20130531,331.33,345.77,331.33,345.77,0,0
20130603,345.77,345.77,341.54,341.54,0,0
20130604,341.54,341.54,341.54,341.54,0,0
20130605,341.54,341.54,340.4,340.4,0,0
20130606,340.4,340.4,321.69,321.69,0,0
20130607,321.69,321.69,321.69,321.69,0,0
20130610,321.69,321.69,321.69,321.69,0,0
20130611,321.69,321.69,318.11,318.11,0,0
20130612,318.11,318.11,318.11,318.11,0,0
20130613,318.11,318.11,318.11,318.11,0,0
20130614,318.11,318.11,318.11,318.11,0,0
20130617,318.11,318.11,318.11,318.11,0,0
20130618,318.11,318.11,317.04,317.04,0,0
20130619,317.04,317.04,317.04,317.04,0,0
20130620,317.04,317.04,317.04,317.04,0,0
20130621,317.04,317.04,317.04,317.04,0,0
20130624,317.04,317.04,317.04,317.04,0,0
20130625,317.04,317.04,317.04,317.04,0,0
20130626,317.04,317.04,317.04,317.04,0,0
20130627,317.04,317.04,317.04,317.04,0,0
20130628,317.04,317.04,317.04,317.04,0,0
20130701,317.04,317.04,317.04,317.04,0,0
20130702,317.04,317.04,317.04,317.04,0,0
20130703,317.04,317.04,317.04,317.04,0,0
20130704,317.04,317.04,317.04,317.04,0,0
20130705,317.04,317.04,317.04,317.04,0,0
20130708,317.04,317.04,317.04,317.04,0,0
20130709,317.04,317.04,317.04,317.04,0,0
20130710,317.04,317.04,317.04,317.04,0,0
20130711,317.04,317.04,317.04,317.04,0,0
20130712,317.04,317.04,317.04,317.04,0,0
20130715,317.04,317.04,317.04,317.04,0,0
20130716,317.04,317.04,317.04,317.04,0,0
20130717,317.04,317.04,317.04,317.04,0,0
20130718,317.04,317.04,317.04,317.04,0,0
20130719,317.04,317.04,317.04,317.04,0,0
20130722,317.04,317.04,317.04,317.04,0,0
20130723,317.04,317.04,317.04,317.04,0,0
20130724,317.04,317.04,317.04,317.04,0,0
20130725,317.04,317.04,317.04,317.04,0,0
20130726,317.04,317.04,317.04,317.04,0,0
20130729,317.04,317.04,317.04,317.04,0,0
20130730,317.04,317.04,316.26,316.26,0,0
20130731,316.26,316.26,316.26,316.26,0,0
20130801,316.26,316.26,316.26,316.26,0,0
20130802,316.26,316.26,316.26,316.26,0,0
20130805,316.26,316.26,316.26,316.26,0,0
20130806,316.26,316.26,316.26,316.26,0,0
20130807,316.26,316.26,316.26,316.26,0,0
20130808,316.26,316.26,316.26,316.26,0,0
20130809,316.26,316.26,316.26,316.26,0,0
20130812,316.26,316.26,315.9,315.9,0,0
20130813,315.9,315.9,314.26,314.26,0,0
20130814,278.77,278.92,278.77,278.92,0,0
20130816,314.41,314.41,314.41,314.41,0,0
20130819,314.41,314.41,314.41,314.41,0,0
20130820,314.41,314.45,314.41,314.45,0,0
20130821,314.45,314.45,314.45,314.45,0,0
20130822,320.88,320.88,320.88,320.88,0,0
20130823,320.88,320.88,320.88,320.88,0,0
20130826,320.88,320.88,320.88,320.88,0,0
20130827,320.88,330.02,320.88,330.02,0,0
20130828,330.02,330.02,330.02,330.02,0,0
20130829,330.02,330.02,330.02,330.02,0,0
20130830,330.02,330.02,330.02,330.02,0,0
20130902,330.02,330.02,328.71,328.71,0,0
20130903,328.71,328.71,328.71,328.71,0,0
20130904,328.71,328.71,328.71,328.71,0,0
20130905,328.71,328.71,328.71,328.71,0,0
20130906,328.71,328.71,328.71,328.71,0,0
20130909,328.71,328.71,328.71,328.71,0,0
20130910,296.1,296.1,296.1,296.1,0,0
20130911,296.1,296.1,296.1,296.1,0,0
20130912,296.1,296.1,296.1,296.1,0,0
20130913,296.1,296.19,296.1,296.19,0,0
20130916,296.19,296.19,269.67,269.67,0,0
20130917,269.67,269.67,269.67,269.67,0,0
20130918,269.67,269.67,227.28,227.28,0,0
20130919,227.28,227.28,227.28,227.28,0,0
20130920,227.28,227.28,227.28,227.28,0,0
20130923,227.28,227.28,227.28,227.28,0,0
20130924,227.28,227.28,227.28,227.28,0,0
20130925,227.28,227.28,227.28,227.28,0,0
20130926,227.28,227.28,221.53,221.53,0,0
20130927,221.53,221.53,221.53,221.53,0,0
20130930,221.53,221.53,221.53,221.53,0,0
20131001,221.53,221.53,221.53,221.53,0,0
20131002,221.53,221.53,221.53,221.53,0,0
20131003,221.53,221.53,221.53,221.53,0,0
20131004,221.53,221.53,221.53,221.53,0,0
20131007,221.53,221.53,221.53,221.53,0,0
20131008,221.53,221.53,221.53,221.53,0,0
20131009,221.53,221.53,221.53,221.53,0,0
20131010,221.53,221.53,221.53,221.53,0,0
20131011,221.53,221.53,221.53,221.53,0,0
20131014,221.53,221.53,221.53,221.53,0,0
20131015,221.53,221.53,221.53,221.53,0,0
20131016,221.53,221.53,221.53,221.53,0,0
20131017,221.53,221.53,221.53,221.53,0,0
20131018,221.53,221.53,221.53,221.53,0,0
20131021,221.53,221.53,221.53,221.53,0,0
20131022,221.53,221.53,221.53,221.53,0,0
20131023,221.53,221.53,221.53,221.53,0,0
20131024,221.53,221.53,221.53,221.53,0,0
20131025,221.53,221.53,221.53,221.53,0,0
20131028,221.53,221.53,221.53,221.53,0,0
20131029,221.53,221.53,221.53,221.53,0,0
20131030,221.53,221.53,221.53,221.53,0,0
20131031,221.53,221.53,220.15,220.15,0,0
20131104,220.15,220.15,220.15,220.15,0,0
20131105,220.15,220.15,220.15,220.15,0,0
20131106,220.15,220.15,220.15,220.15,0,0
20131107,220.15,220.15,220.15,220.15,0,0
20131108,220.15,220.15,220.15,220.15,0,0
20131112,220.15,220.15,220.15,220.15,0,0
20131113,220.15,220.52,220.15,220.52,0,0
20131114,220.52,220.52,220.52,220.52,0,0
20131115,220.52,220.52,220.52,220.52,0,0
20131118,220.52,220.52,220.52,220.52,0,0
20131119,220.52,220.52,220.52,220.52,0,0
20131120,220.52,220.52,220.52,220.52,0,0
20131121,220.52,220.52,220.52,220.52,0,0
20131122,220.52,220.52,220.52,220.52,0,0
20131125,220.52,220.52,220.52,220.52,0,0
20131126,220.52,220.52,220.52,220.52,0,0
20131127,220.52,220.52,220.43,220.43,0,0
20131128,220.43,220.43,220.43,220.43,0,0
20131129,220.43,220.43,220.43,220.43,0,0
20131202,220.43,220.43,220.43,220.43,0,0
20131203,220.43,220.43,220.43,220.43,0,0
20131204,220.43,222.4,220.43,222.4,0,0
20131205,222.4,222.4,222.4,222.4,0,0
20131206,222.4,222.53,222.4,222.53,0,0
20131209,222.53,222.53,222.53,222.53,0,0
20131210,222.53,222.53,220.36,220.36,0,0
20131211,220.36,220.36,220.36,220.36,0,0
20131212,220.36,220.36,220.36,220.36,0,0
20131213,220.36,220.36,220.36,220.36,0,0
20131216,220.36,220.36,220.36,220.36,0,0
20131217,220.36,224.48,220.36,224.48,0,0
20131218,224.48,238.25,224.48,238.25,0,0
20131219,238.25,238.25,238.25,238.25,0,0
20131220,238.25,238.25,238.25,238.25,0,0
20131223,238.25,238.25,238.25,238.25,0,0
20131227,238.25,238.25,238.25,238.25,0,0
20131230,238.25,238.25,226.03,226.03,0,0
20140102,226.03,226.03,226.03,226.03,0,0
20140103,226.03,226.03,226.03,226.03,0,0
20140107,226.03,226.03,226.03,226.03,0,0
20140108,226.03,230.5,226.03,230.5,0,0
20140109,230.5,230.5,230.5,230.5,0,0
20140110,230.5,230.5,230.5,230.5,0,0
20140113,230.5,230.5,230.5,230.5,0,0
20140114,230.5,230.5,230.5,230.5,0,0
20140115,230.5,230.78,230.5,230.78,0,0
20140116,230.78,230.78,230.36,230.36,0,0
20140117,230.36,230.36,230.36,230.36,0,0
20140120,230.36,230.36,230.36,230.36,0,0
20140121,230.36,230.36,230.36,230.36,0,0
20140122,230.36,230.36,230.36,230.36,0,0
20140123,230.36,230.36,230.36,230.36,0,0
20140124,230.36,230.36,230.36,230.36,0,0
20140127,230.36,230.36,230.36,230.36,0,0
20140128,230.36,230.36,230.36,230.36,0,0
20140129,230.36,230.36,230.36,230.36,0,0
20140130,230.36,230.36,230.36,230.36,0,0
20140131,230.36,264.14,230.36,264.14,0,0
20140203,264.14,264.14,264.14,264.14,0,0
20140204,264.14,270.24,264.14,270.24,0,0
20140205,270.24,271.34,270.24,271.34,0,0
20140206,271.34,277.28,271.34,277.28,0,0
20140207,277.28,277.28,277.28,277.28,0,0
20140210,277.28,277.28,277.28,277.28,0,0
20140211,277.28,277.28,277.28,277.28,0,0
20140212,277.28,277.28,277.28,277.28,0,0
20140213,277.28,277.28,277.28,277.28,0,0
20140214,277.28,277.28,277.28,277.28,0,0
20140217,277.28,277.28,277.28,277.28,0,0
20140218,277.28,277.28,277.28,277.28,0,0
20140219,277.28,279.46,277.28,279.46,0,0
20140220,279.46,279.46,279.46,279.46,0,0
20140221,279.46,279.46,279.46,279.46,0,0
20140224,279.46,279.46,279.46,279.46,0,0
20140225,279.46,285.74,279.46,285.74,0,0
20140226,285.74,285.74,285.58,285.58,0,0
20140227,285.58,285.81,285.58,285.81,0,0
20140228,285.81,285.81,285.81,285.81,0,0
20140303,285.81,286.07,285.81,286.07,0,0
20140304,286.07,286.07,285.53,285.53,0,0
20140305,285.53,285.53,285.53,285.53,0,0
20140306,285.53,285.53,285.53,285.53,0,0
20140307,285.53,285.53,285.04,285.04,0,0
20140310,285.04,285.04,285.04,285.04,0,0
20140311,321.26,321.26,308.05,308.05,0,0
20140312,308.05,308.05,306.92,306.92,0,0
20140313,306.92,306.92,306.92,306.92,0,0
20140314,305.97,306.92,305.97,306.92,0,0
20140317,306.92,306.92,306.92,306.92,0,0
20140318,306.92,306.92,306.92,306.92,0,0
20140319,306.92,306.92,306.92,306.92,0,0
20140320,306.92,306.92,303.54,303.54,0,0
20140321,303.54,303.54,303.54,303.54,0,0
20140324,303.54,303.54,303.54,303.54,0,0
20140325,303.54,304.9,303.54,304.9,0,0
20140326,304.9,304.9,304.9,304.9,0,0
20140327,305.66,305.66,305.66,305.66,0,0
20140328,304.9,304.9,304.9,304.9,0,0
20140331,304.9,304.9,304.9,304.9,0,0
20140401,304.9,304.9,304.9,304.9,0,0
20140402,304.9,304.9,304.9,304.9,0,0
20140403,304.9,304.9,304.9,304.9,0,0
20140404,304.9,304.9,304.65,304.65,0,0
20140407,304.65,304.65,304.65,304.65,0,0
20140408,304.65,304.65,304.65,304.65,0,0
20140409,304.65,304.65,304.65,304.65,0,0
20140410,304.65,304.65,304.65,304.65,0,0
20140411,304.65,304.65,304.65,304.65,0,0
20140414,304.65,304.65,304.65,304.65,0,0
20140415,304.65,304.65,304.65,304.65,0,0
20140416,304.65,304.65,304.65,304.65,0,0
20140417,304.65,310.96,304.65,310.96,0,0
20140422,310.96,310.96,310.96,310.96,0,0
20140423,310.96,310.96,310.96,310.96,0,0
20140424,310.96,310.96,310.96,310.96,0,0
20140425,310.96,310.96,310.96,310.96,0,0
20140428,310.96,310.96,310.96,310.96,0,0
20140429,299.88,299.88,299.88,299.88,0,0
20140430,310.96,310.96,310.96,310.96,0,0
20140502,310.96,310.96,310.96,310.96,0,0
20140505,310.96,310.96,310.96,310.96,0,0
20140506,310.96,310.96,310.96,310.96,0,0
20140507,310.96,310.96,310.96,310.96,0,0
20140508,310.96,310.96,310.96,310.96,0,0
20140509,310.96,310.96,310.96,310.96,0,0
20140512,310.96,310.96,310.96,310.96,0,0
20140513,310.96,310.96,310.96,310.96,0,0
20140514,310.96,310.96,299.51,299.51,0,0
20140515,299.51,299.51,299.51,299.51,0,0
20140516,299.51,299.51,299.51,299.51,0,0
20140519,299.51,299.51,299.51,299.51,0,0
20140520,299.51,299.51,299.51,299.51,0,0
20140521,299.51,299.51,299.51,299.51,0,0
20140522,299.51,299.51,299.51,299.51,0,0
20140523,299.51,299.51,299.51,299.51,0,0
20140526,299.51,299.51,299.51,299.51,0,0
20140527,299.51,299.51,299.51,299.51,0,0
20140528,299.51,299.51,299.51,299.51,0,0
20140529,299.51,299.51,299.51,299.51,0,0
20140530,299.51,299.51,299.51,299.51,0,0
20140602,299.51,299.51,299.51,299.51,0,0
20140603,299.51,299.51,299.51,299.51,0,0
20140604,299.51,299.51,299.51,299.51,0,0
20140605,298.15,298.15,298.15,298.15,0,0
20140606,298.15,298.15,298.15,298.15,0,0
20140609,298.15,298.15,298.15,298.15,0,0
20140610,298.15,298.15,298.15,298.15,0,0
20140611,298.15,298.15,298.15,298.15,0,0
20140612,298.15,298.15,298.15,298.15,0,0
20140613,298.15,298.15,298.15,298.15,0,0
20140616,298.15,298.15,298.15,298.15,0,0
20140617,298.15,537.82,298.15,537.82,0,0
20140618,537.82,537.82,537.82,537.82,0,0
20140620,537.82,537.82,537.82,537.82,0,0
20140623,534.43,534.43,534.43,534.43,0,0
20140624,534.43,534.43,534.43,534.43,0,0
20140625,534.43,534.43,534.43,534.43,0,0
20140626,534.43,534.43,534.43,534.43,0,0
20140627,534.43,534.43,531.59,531.59,0,0
20140630,531.59,531.59,531.59,531.59,0,0
20140701,531.59,531.59,531.59,531.59,0,0
20140702,531.59,531.59,531.59,531.59,0,0
20140703,531.59,531.59,531.59,531.59,0,0
20140704,531.59,531.59,531.59,531.59,0,0
20140707,531.59,531.59,531.59,531.59,0,0
20140708,531.59,531.59,531.59,531.59,0,0
20140709,531.59,537.67,531.59,537.67,0,0
20140710,537.67,537.67,537.67,537.67,0,0
20140711,537.67,537.67,537.67,537.67,0,0
20140714,537.67,538.15,537.67,538.15,0,0
20140715,538.15,538.15,537.99,537.99,0,0
20140716,537.99,538.52,537.99,538.52,0,0
20140717,538.52,538.52,538.52,538.52,0,0
20140718,538.52,538.52,536.54,536.54,0,0
20140721,536.54,536.54,536.54,536.54,0,0
20140722,536.54,536.54,536.54,536.54,0,0
20140723,536.54,536.54,536.54,536.54,0,0
20140724,536.54,536.54,536.51,536.51,0,0
20140725,536.51,536.52,536.51,536.52,0,0
20140728,536.52,536.53,536.52,536.53,0,0
20140729,536.53,536.56,536.53,536.56,0,0
20140730,536.56,536.56,536.55,536.55,0,0
20140731,536.55,536.55,536.55,536.55,0,0
20140801,536.55,536.55,536.38,536.38,0,0
20140804,536.38,536.38,536.31,536.31,0,0
20140805,536.31,536.33,536.31,536.33,0,0
20140806,536.33,536.42,536.33,536.42,0,0
20140807,536.42,536.44,536.42,536.44,0,0
20140808,536.44,536.48,536.44,536.48,0,0
20140811,536.48,536.48,536.32,536.32,0,0
20140812,536.32,536.34,536.32,536.34,0,0
20140813,536.34,536.35,536.34,536.35,0,0
20140814,536.35,536.35,536.21,536.21,0,0
20140818,536.21,536.27,536.21,536.27,0,0
20140819,536.27,536.27,536.2,536.2,0,0
20140820,536.2,536.22,536.2,536.22,0,0
20140821,536.22,536.22,535.67,535.67,0,0
20140822,535.67,535.67,535.66,535.66,0,0
20140825,535.66,535.66,535.66,535.66,0,0
20140826,535.66,535.68,535.66,535.68,0,0
20140827,535.68,535.71,535.68,535.71,0,0
20140828,535.71,535.77,535.71,535.77,0,0
20140829,535.77,535.77,528.3,528.3,0,0
20140901,528.3,528.3,528.3,528.3,0,0
20140902,528.3,532.95,528.3,532.95,0,0
20140903,532.95,532.95,532.58,532.58,0,0
20140904,532.58,532.59,532.58,532.59,0,0
20140905,532.59,532.9,532.59,532.9,0,0
20140908,532.9,536.98,532.9,536.98,0,0
20140909,536.98,539,536.98,539,0,0
20140910,539,539,538.96,538.96,0,0
20140911,538.96,538.96,536.69,536.69,0,0
20140912,536.69,537.02,536.69,537.02,0,0
20140915,537.02,537.06,537.02,537.06,0,0
20140916,537.06,537.3,537.06,537.3,0,0
20140917,537.3,537.3,537.11,537.11,0,0
20140918,537.11,537.11,533.6,533.6,0,0
20140919,533.6,533.6,530.17,530.17,0,0
20140922,530.17,530.17,530.17,530.17,0,0
20140923,530.17,530.17,530.17,530.17,0,0
20140924,530.17,530.17,530.17,530.17,0,0
20140925,530.17,531.82,530.17,531.82,0,0
20140926,531.82,531.82,531.82,531.82,0,0
20140929,531.82,531.84,531.82,531.84,0,0
20140930,531.84,531.84,531.81,531.81,0,0
20141001,531.81,531.84,531.81,531.84,0,0
20141002,531.84,531.84,531.81,531.81,0,0
20141003,531.81,531.81,531.77,531.77,0,0
20141006,531.77,531.77,531.77,531.77,0,0
20141007,531.77,531.78,531.77,531.78,0,0
20141008,531.78,531.78,531.78,531.78,0,0
20141009,531.78,531.78,531.78,531.78,0,0
20141010,531.78,531.78,531.78,531.78,0,0
20141013,531.78,531.78,531.78,531.78,0,0
20141014,531.78,531.78,531.78,531.78,0,0
20141015,531.78,531.78,531.78,531.78,0,0
20141016,531.78,531.78,531.78,531.78,0,0
20141017,531.78,531.78,531.78,531.78,0,0
20141020,531.78,531.78,531.78,531.78,0,0
20141021,531.78,531.78,531.78,531.78,0,0
20141022,531.78,531.78,531.78,531.78,0,0
20141023,531.78,531.78,531.78,531.78,0,0
20141024,531.78,531.78,531.78,531.78,0,0
20141027,531.78,531.78,531.78,531.78,0,0
20141028,531.78,531.9,531.78,531.9,0,0
20141029,531.9,531.9,531.9,531.9,0,0
20141030,531.9,531.91,531.9,531.91,0,0
20141031,531.91,531.91,531.85,531.85,0,0
20141103,531.85,531.85,531.65,531.65,0,0
20141104,531.65,531.66,531.65,531.66,0,0
20141105,531.66,531.66,531.63,531.63,0,0
20141106,531.63,531.64,531.63,531.64,0,0
20141107,531.64,531.64,531.64,531.64,0,0
20141110,531.64,531.64,531.6,531.6,0,0
20141112,531.6,531.67,531.6,531.67,0,0
20141113,531.67,531.67,531.55,531.55,0,0
20141114,531.55,531.55,531.53,531.53,0,0
20141117,531.53,531.53,531.48,531.48,0,0
20141118,531.48,531.48,531.45,531.45,0,0
20141119,531.45,531.45,531.44,531.44,0,0
20141120,531.44,531.45,531.44,531.45,0,0
20141121,531.45,531.45,531.45,531.45,0,0
20141124,531.45,531.45,531.15,531.15,0,0
20141125,531.15,531.15,531.13,531.13,0,0
20141126,531.13,531.13,531.09,531.09,0,0
20141127,531.09,531.57,531.09,531.57,0,0
20141128,531.57,531.57,531.52,531.52,0,0
20141201,531.52,531.52,531.48,531.48,0,0
20141202,531.48,531.78,531.48,531.78,0,0
20141203,531.78,531.78,525.71,525.71,0,0
20141204,525.71,525.71,525.46,525.46,0,0
20141205,525.46,525.46,525.43,525.43,0,0
20141208,525.43,525.43,525.43,525.43,0,0
20141209,525.43,528.02,525.43,528.02,0,0
20141210,528.02,528.02,527.64,527.64,0,0
20141211,527.64,527.64,527.58,527.58,0,0
20141212,527.58,527.58,519.14,519.14,0,0
20141215,519.14,522.85,519.14,522.85,0,0
20141216,522.85,522.85,522.85,522.85,0,0
20141217,522.85,523.04,522.85,523.04,0,0
20141218,523.04,523.13,523.04,523.13,0,0
20141219,523.13,523.31,523.13,523.31,0,0
20141222,523.31,523.31,523.26,523.26,0,0
20141223,523.26,523.31,523.26,523.31,0,0
20141229,523.31,523.45,523.31,523.45,0,0
20141230,523.45,523.5,523.45,523.5,0,0
