Date,Open,High,Low,Close,Volume,OpenInt
20080915,6.24,6.24,6.24,6.24,0,0
20080916,6.24,6.24,6.24,6.24,0,0
20080917,6.24,6.24,6.01,6.22,0,0
20080918,6.22,6.26,6.22,6.26,0,0
20080919,6.26,6.26,6.13,6.13,0,0
20080922,6.13,6.13,5.43,5.43,0,0
20080923,5.43,5.43,4.91,4.91,0,0
20080924,5.42,5.82,5.42,5.82,0,0
20080925,5.82,6.05,5.31,5.82,0,0
20080926,5.82,6.1,5.32,6.1,0,0
20080929,5.67,5.67,5.67,5.67,0,0
20080930,5.67,6.13,5.43,6.13,0,0
20081001,5.9,6.06,5.7,5.94,0,0
20081002,5.94,5.94,5.82,5.82,0,0
20081003,5.82,5.82,5.82,5.82,0,0
20081006,5.82,5.82,5.55,5.55,0,0
20081007,5.55,5.55,5.42,5.55,0,0
20081008,5.55,5.55,5.18,5.43,0,0
20081009,5.43,5.43,5.18,5.18,0,0
20081010,5.05,5.05,4.83,4.98,0,0
20081013,4.98,4.98,4.84,4.84,0,0
20081014,4.84,4.84,4.84,4.84,0,0
20081015,4.72,4.84,4.72,4.84,0,0
20081016,5.06,5.06,4.78,4.84,0,0
20081017,4.84,5.3,4.72,5.3,0,0
20081020,4.84,5.08,4.84,5.08,0,0
20081021,5.08,5.08,4.9,4.9,0,0
20081022,4.9,4.9,4.65,4.72,0,0
20081023,4.72,4.72,4.72,4.72,0,0
20081024,4.72,4.72,4.54,4.54,0,0
20081027,4.54,4.54,4.25,4.54,0,0
20081028,4.49,4.76,4.49,4.76,0,0
20081029,4.76,4.76,4.49,4.63,0,0
20081030,4.63,4.89,4.63,4.76,0,0
20081031,4.76,4.89,4.76,4.76,0,0
20081103,4.59,4.72,4.59,4.72,0,0
20081104,4.85,4.85,4.72,4.85,0,0
20081105,4.83,6.64,4.49,6.64,0,0
20081106,7.14,7.48,7.1,7.14,0,0
20081107,7.37,8.14,7.37,7.89,0,0
20081110,7.89,7.98,7.72,7.93,0,0
20081112,7.93,7.93,7.53,7.81,0,0
20081113,7.81,7.81,7.45,7.45,0,0
20081114,7.45,7.56,7.09,7.1,0,0
20081117,7.29,7.29,7.04,7.25,0,0
20081118,7.25,7.29,7.24,7.29,0,0
20081119,7.36,7.36,7.35,7.35,0,0
20081120,7.35,7.35,7.11,7.26,0,0
20081121,7.29,7.77,7.26,7.63,0,0
20081124,7.8,7.8,7.57,7.57,0,0
20081125,7.57,7.57,7.18,7.53,0,0
20081126,7.66,7.66,7.14,7.49,0,0
20081127,7.24,7.31,7.11,7.3,0,0
20081128,7.46,7.46,7.46,7.46,0,0
20081201,7.27,7.47,7.27,7.45,0,0
20081202,7.28,7.45,7.05,7.29,0,0
20081203,7.29,7.29,7.29,7.29,0,0
20081204,7.29,7.29,6.79,6.92,0,0
20081205,6.64,6.75,6.53,6.71,0,0
20081208,6.71,7.04,6.68,7.04,0,0
20081209,6.85,7.01,6.52,6.52,0,0
20081210,6.52,6.52,6.02,6.22,0,0
20081211,6.22,6.31,5.69,5.7,0,0
20081212,5.94,6.08,5.89,6.01,0,0
20081215,6.01,6.01,6.01,6.01,0,0
20081216,5.59,5.89,5.48,5.78,0,0
20081217,5.96,6.06,5.78,5.78,0,0
20081218,5.78,6.13,5.58,6.13,0,0
20081219,6.13,6.23,5.69,5.94,0,0
20081222,5.94,5.97,5.94,5.97,0,0
20081223,5.94,6.03,5.94,6.03,0,0
20081229,6.03,6.22,6.03,6.22,0,0
20081230,6.22,6.22,5.76,5.95,0,0
20081231,5.81,6.16,5.81,6.16,0,0
20090105,6.16,6.62,6.14,6.62,0,0
20090106,6.62,6.8,6.33,6.61,0,0
20090107,6.55,6.55,6.23,6.23,0,0
20090108,6.23,6.23,6.23,6.23,0,0
20090109,6.36,6.55,6.34,6.54,0,0
20090112,6.68,7.34,6.68,7.21,0,0
20090113,7.21,7.69,7.21,7.69,0,0
20090114,7.62,7.75,7.62,7.75,0,0
20090115,7.75,7.78,7.75,7.78,0,0
20090116,7.78,7.78,7.78,7.78,0,0
20090119,7.78,7.78,7.78,7.78,0,0
20090120,7.78,7.78,7.24,7.37,0,0
20090121,7.37,7.4,7.31,7.4,0,0
20090122,7.4,7.66,6.87,6.87,0,0
20090123,6.87,7.67,6.87,7.67,0,0
20090126,7.67,7.67,7.53,7.53,0,0
20090127,7.53,7.53,7.02,7.02,0,0
20090128,6.68,7.12,6.68,7.12,0,0
20090129,7.12,7.12,7.12,7.12,0,0
20090130,7.12,7.46,7.12,7.46,0,0
20090202,7.46,7.57,7.21,7.57,0,0
20090203,7.57,7.57,7.51,7.51,0,0
20090204,7.51,8.09,7.51,8.09,0,0
20090205,8.09,8.12,7.84,7.84,0,0
20090206,7.84,8.21,7.84,8.21,0,0
20090209,8.25,8.52,8.25,8.52,0,0
20090210,8.52,8.52,8.52,8.52,0,0
20090211,8.52,8.52,8.52,8.52,0,0
20090212,8.52,8.52,8.48,8.48,0,0
20090213,8.48,8.48,8.48,8.48,0,0
20090216,8.48,8.48,8.48,8.48,0,0
20090217,8.48,8.63,8.48,8.63,0,0
20090218,8.63,8.63,8.18,8.22,0,0
20090219,8.22,8.22,8.22,8.22,0,0
20090220,8.22,8.22,8.22,8.22,0,0
20090223,8.26,8.51,8.22,8.22,0,0
20090224,8.22,8.22,8.22,8.22,0,0
20090225,8.22,8.51,8.22,8.51,0,0
20090226,8.51,8.51,8.51,8.51,0,0
20090227,8.51,8.51,8.51,8.51,0,0
20090302,8.51,8.51,8.51,8.51,0,0
20090303,8.51,8.51,8.51,8.51,0,0
20090304,8.51,8.51,8.51,8.51,0,0
20090305,8.37,8.37,8.12,8.12,0,0
20090306,8.08,8.08,7.94,7.94,0,0
20090309,8.12,8.12,8.12,8.12,0,0
20090310,8.12,16.8,8.12,16.8,0,0
20090311,16.8,16.8,16.8,16.8,0,0
20090312,16.8,16.8,16.8,16.8,0,0
20090313,16.93,16.93,16.93,16.93,0,0
20090316,16.93,16.93,16.93,16.93,0,0
20090317,16.93,16.93,16.93,16.93,0,0
20090318,16.93,16.93,16.93,16.93,0,0
20090319,16.93,16.93,16.93,16.93,0,0
20090320,16.93,16.93,16.93,16.93,0,0
20090323,14.65,15.19,14.65,15.19,0,0
20090324,15.19,15.19,15.19,15.19,0,0
20090325,15.19,17.29,15.19,17.29,0,0
20090326,17.94,18.91,17.94,18.91,0,0
20090327,19.42,21.25,19.42,21.25,0,0
20090330,21.18,22.32,21.18,21.99,0,0
20090331,24.36,24.36,22.81,24,0,0
20090401,24.47,25.36,24.47,25.08,0,0
20090402,25.27,25.27,25.27,25.27,0,0
20090403,25.27,25.63,25.27,25.63,0,0
20090406,25.63,27.41,25.63,27.41,0,0
20090407,27.41,28,27.41,28,0,0
20090408,28,28,27.83,27.83,0,0
20090409,27.83,27.89,25.27,27.69,0,0
20090414,25.79,25.79,25.44,25.44,0,0
20090415,25.36,25.98,25.36,25.98,0,0
20090416,26.13,39.7,26.13,39.7,0,0
20090417,39.7,39.7,39.7,39.7,0,0
20090420,39.7,39.7,39.7,39.7,0,0
20090421,39.7,39.7,39.7,39.7,0,0
20090422,32.5,34.3,32.5,34.3,0,0
20090423,34.3,34.3,34.3,34.3,0,0
20090424,34.3,34.3,34.3,34.3,0,0
20090427,34.3,34.3,34.3,34.3,0,0
20090428,34.3,34.3,34.3,34.3,0,0
20090429,34.3,34.3,34.3,34.3,0,0
20090430,34.3,35.4,34.3,35.4,0,0
20090504,35.4,43.4,35.4,43.4,0,0
20090505,43.4,52.1,43.4,52,0,0
20090506,52,52,52,52,0,0
20090507,52,52,47.3,47.3,0,0
20090508,47.3,47.3,47.3,47.3,0,0
20090511,42.6,52,37.9,37.9,0,0
20090512,38,44.8,36.1,36.1,0,0
20090513,36.1,36.1,36.1,36.1,0,0
20090514,36.1,36.1,36.1,36.1,0,0
20090515,36.1,36.1,36.1,36.1,0,0
20090518,36.1,36.1,36.1,36.1,0,0
20090519,36.1,36.1,36.1,36.1,0,0
20090520,36.1,36.1,36.1,36.1,0,0
20090521,36.1,36.1,36.1,36.1,0,0
20090522,36.1,36.1,29.2,29.3,0,0
20090525,29.3,29.3,29.3,29.3,0,0
20090526,28.9,28.9,28.8,28.8,0,0
20090527,28.8,28.8,28.8,28.8,0,0
20090528,28.8,28.8,28.8,28.8,0,0
20090529,28.8,28.8,28.8,28.8,0,0
20090601,28.8,28.8,28.8,28.8,0,0
20090602,25.2,25.2,23.5,23.5,0,0
20090603,23.5,23.5,23.5,23.5,0,0
20090604,23.5,23.5,15.25,15.25,0,0
20090605,15.25,15.25,15.25,15.25,0,0
20090608,15.25,15.25,14.86,14.94,0,0
20090609,14.94,14.94,14.94,14.94,0,0
20090610,14.94,14.94,14.22,14.22,0,0
20090612,14.22,14.22,14.22,14.22,0,0
20090615,14.94,14.94,14.94,14.94,0,0
20090616,15.78,16.19,15.78,16.11,0,0
20090617,16.11,16.11,16.11,16.11,0,0
20090618,16.11,16.11,16.11,16.11,0,0
20090619,16.11,16.11,16.11,16.11,0,0
20090622,16.11,16.11,16.11,16.11,0,0
20090623,16.11,16.11,16.11,16.11,0,0
20090624,16.11,16.11,15.69,15.69,0,0
20090625,15.69,15.69,15.69,15.69,0,0
20090626,15.69,16.11,15.69,16.11,0,0
20090629,16.11,16.11,15.69,15.69,0,0
20090630,15.69,15.69,15.36,15.69,0,0
20090701,15.69,15.69,15.36,15.36,0,0
20090702,15.36,15.36,15.36,15.36,0,0
20090703,15.36,15.36,15.36,15.36,0,0
20090706,15.36,15.36,15.36,15.36,0,0
20090707,15.36,15.36,15.36,15.36,0,0
20090708,15.36,15.36,15.01,15.01,0,0
20090709,15.01,15.01,15.01,15.01,0,0
20090710,15.01,15.01,15.01,15.01,0,0
20090713,15.01,15.01,15.01,15.01,0,0
20090714,15.01,15.01,15.01,15.01,0,0
20090715,15.01,16.17,14.19,16.17,0,0
20090716,16.17,16.17,16.17,16.17,0,0
20090717,16.17,16.17,16.17,16.17,0,0
20090720,16.17,16.17,16.17,16.17,0,0
20090721,16.17,16.26,16.17,16.26,0,0
20090722,16.26,16.26,16.26,16.26,0,0
20090723,16.26,16.26,16.08,16.08,0,0
20090724,16.075,16.075,16.075,16.075,0,0
20090727,16.08,16.26,16.08,16.26,0,0
20090728,16.26,16.54,16.26,16.54,0,0
20090729,16.26,16.54,16.26,16.54,0,0
20090730,16.17,16.54,15.89,16.45,0,0
20090731,16.449,16.449,16.075,16.075,0,0
20090803,15.89,15.89,15.89,15.89,0,0
20090804,15.89,16.26,15.89,16.26,0,0
20090805,16.26,16.26,15.98,15.98,0,0
20090806,15.98,17.52,15.98,17.52,0,0
20090807,19.26,19.57,11.2,11.2,0,0
20090810,11.2,28.75,10.7,28.75,0,0
20090811,28.49,32.6,28.49,28.75,0,0
20090812,28.75,73.8,28.75,73.8,0,0
20090813,73.8,73.8,73.8,73.8,0,0
20090814,73.8,73.8,73.8,73.8,0,0
20090817,73.8,73.8,73.8,73.8,0,0
20090818,73.8,73.8,73.8,73.8,0,0
20090819,73.8,73.8,73.8,73.8,0,0
20090820,73.8,73.8,73.8,73.8,0,0
20090821,72,72,71.9,71.9,0,0
20090824,71.9,71.9,71.9,71.9,0,0
20090825,71.9,71.9,71.9,71.9,0,0
20090826,71.9,71.9,66.4,66.4,0,0
20090827,66.4,66.4,60.9,60.9,0,0
20090828,60.9,60.9,48.7,48.9,0,0
20090831,48.9,48.9,46.1,46.1,0,0
20090901,46.1,46.1,46.1,46.1,0,0
20090902,46.1,48.9,46.1,48.9,0,0
20090903,48.9,48.9,48.9,48.9,0,0
20090904,48.9,48.9,48.9,48.9,0,0
20090907,42.4,46.1,42.4,46.1,0,0
20090908,46.1,46.2,46.1,46.2,0,0
20090909,48.8,48.8,48.8,48.8,0,0
20090910,48.8,48.8,48.8,48.8,0,0
20090911,48.8,48.8,48.8,48.8,0,0
20090914,46.1,46.1,46.1,46.1,0,0
20090915,46.1,47.9,46.1,47.9,0,0
20090916,47.9,47.9,47.9,47.9,0,0
20090917,47.9,47.9,47.9,47.9,0,0
20090918,47.9,47.9,47.9,47.9,0,0
20090921,47.9,47.9,47.9,47.9,0,0
20090922,46,46.1,46,46.1,0,0
20090923,46.1,47.9,41.5,47.9,0,0
20090924,47.9,47.9,47.9,47.9,0,0
20090925,47.9,47.9,47.9,47.9,0,0
20090928,47.9,47.9,38.7,47.9,0,0
20090929,47.9,47.9,47.9,47.9,0,0
20090930,38.7,46.1,38.7,46.1,0,0
20091001,46.1,46.1,46.1,46.1,0,0
20091002,46.1,46.1,46.1,46.1,0,0
20091005,46.1,46.1,46.1,46.1,0,0
20091006,46.1,46.1,46.1,46.1,0,0
20091007,46.1,46.1,46.1,46.1,0,0
20091008,46.1,47.9,46.1,47.9,0,0
20091009,47.9,47.9,47.9,47.9,0,0
20091012,47.9,47.9,47.9,47.9,0,0
20091013,47.9,47.9,47.9,47.9,0,0
20091014,47.9,47.9,47.9,47.9,0,0
20091015,47.9,47.9,47.9,47.9,0,0
20091016,47.9,47.9,47.9,47.9,0,0
20091019,47.9,47.9,47.9,47.9,0,0
20091020,47.9,47.9,47.9,47.9,0,0
20091021,42.4,47.9,42.4,47.9,0,0
20091022,47.9,47.9,47.9,47.9,0,0
20091023,47.9,47.9,47.9,47.9,0,0
20091026,47.9,47.9,38.4,38.4,0,0
20091027,46.1,48,41.6,41.6,0,0
20091028,41.6,46.1,38.7,38.7,0,0
20091029,38.7,38.7,38.7,38.7,0,0
20091030,38.7,45.9,38.7,45.9,0,0
20091102,45.1,45.1,45.1,45.1,0,0
20091103,45.1,45.1,45.1,45.1,0,0
20091104,45.1,45.1,45.1,45.1,0,0
20091105,45.1,45.1,45.1,45.1,0,0
20091106,45.2,46.1,45.2,46.1,0,0
20091109,46.1,46.1,46.1,46.1,0,0
20091110,46.1,46.1,46.1,46.1,0,0
20091112,46.1,46.1,46.1,46.1,0,0
20091113,46.1,46.1,46.1,46.1,0,0
20091116,46.1,73.7,46.1,73.7,0,0
20091117,73.7,73.7,73.7,73.7,0,0
20091118,73.7,73.7,73.7,73.7,0,0
20091119,73.7,73.7,73.7,73.7,0,0
20091120,73.7,73.7,73.7,73.7,0,0
20091123,73.7,73.7,73.7,73.7,0,0
20091124,73.7,75.7,73.7,75.7,0,0
20091125,75.7,75.7,69.3,69.3,0,0
20091126,69.3,69.3,69.3,69.3,0,0
20091127,69.3,69.3,69.3,69.3,0,0
20091130,69.3,69.3,69.3,69.3,0,0
20091201,69.3,69.3,69.3,69.3,0,0
20091202,69.3,69.3,69.3,69.3,0,0
20091203,69.3,69.3,69.3,69.3,0,0
20091204,69.3,69.3,69.3,69.3,0,0
20091207,69.3,69.3,69.3,69.3,0,0
20091208,66.4,66.4,59,66.4,0,0
20091209,66.4,73.6,66.4,73.6,0,0
20091210,73.6,73.6,73.6,73.6,0,0
20091211,73.6,73.6,73.6,73.6,0,0
20091214,73.6,73.6,73.6,73.6,0,0
20091215,73.6,73.6,73.6,73.6,0,0
20091216,73.6,73.6,73.6,73.6,0,0
20091217,73.6,73.6,73.6,73.6,0,0
20091218,73.6,73.6,73.6,73.6,0,0
20091221,73.6,73.6,73.6,73.6,0,0
20091222,73.6,73.6,73.6,73.6,0,0
20091223,73.6,73.6,73.6,73.6,0,0
20091228,73.6,73.6,73.6,73.6,0,0
20091229,73.6,73.6,73,73.6,0,0
20091230,73.6,73.6,73.6,73.6,0,0
20091231,73.6,73.6,73.6,73.6,0,0
20100104,73.6,73.6,73.6,73.6,0,0
20100105,73.6,73.6,73.6,73.6,0,0
20100106,73.6,73.6,73.6,73.6,0,0
20100107,73.6,73.6,73.6,73.6,0,0
20100108,73.6,73.6,73.6,73.6,0,0
20100111,73.6,73.6,73.6,73.6,0,0
20100112,73.6,73.6,73.6,73.6,0,0
20100113,73.6,73.6,73.6,73.6,0,0
20100114,73.6,73.6,73.6,73.6,0,0
20100115,73.6,73.6,73,73.4,0,0
20100118,73.5,73.5,73.4,73.4,0,0
20100119,73.5,73.5,73.3,73.3,0,0
20100120,73.3,73.3,73.3,73.3,0,0
20100121,73.3,73.3,73.3,73.3,0,0
20100122,73.3,73.3,73.3,73.3,0,0
20100125,73,73,73,73,0,0
20100126,73,73,73,73,0,0
20100127,73,73,73,73,0,0
20100128,73,73,73,73,0,0
20100129,73,73,67.8,69.3,0,0
20100201,69.3,69.3,69.3,69.3,0,0
20100202,69.3,69.3,69.3,69.3,0,0
20100203,69.3,73,69.3,73,0,0
20100204,73,73,72.3,72.3,0,0
20100205,72.3,72.3,72.3,72.3,0,0
20100208,72.3,72.3,72.3,72.3,0,0
20100209,72.3,72.3,72.3,72.3,0,0
20100210,72.3,72.3,72.3,72.3,0,0
20100211,72.3,72.3,72.3,72.3,0,0
20100212,72.3,72.3,72.3,72.3,0,0
20100215,72.3,73,72.3,73,0,0
20100216,73,73,73,73,0,0
20100217,73,447.56,73,447.56,0,0
20100218,448.91,576.07,448.91,576.07,0,0
20100219,565.55,569.5,545.27,569.5,0,0
20100222,565.85,565.85,540.56,560.16,0,0
20100223,552.25,564.85,523.65,564.85,0,0
20100224,552.25,563.63,542.92,562.51,0,0
20100225,554.55,571.81,547.61,571.81,0,0
20100226,563.63,571.81,552.25,571.81,0,0
20100301,563.63,591.94,563.63,585.37,0,0
20100302,576.91,591.49,576.91,588.6,0,0
20100303,580.23,580.23,547.18,569.62,0,0
20100304,549.63,592.24,549.63,592.24,0,0
20100305,583.37,583.37,554.13,566.87,0,0
20100308,554.13,559.44,551.69,559.44,0,0
20100309,539.65,539.65,509.1,521.17,0,0
20100310,507.55,531.23,493.27,531.23,0,0
20100311,523.77,546.91,523.77,546.91,0,0
20100312,523.97,547.59,510.1,547.59,0,0
20100315,530.37,562.1,526.84,562.1,0,0
20100316,554.1,573.86,542.84,573.86,0,0
20100317,550.48,558.61,543.93,558.61,0,0
20100318,550.48,551.91,528.19,551.91,0,0
20100319,540.65,571.6,540.65,571.6,0,0
20100322,563.33,563.33,533.63,557.83,0,0
20100323,549.87,549.87,533.63,548.43,0,0
20100324,530.16,538.09,523.47,538.09,0,0
20100325,530.45,544.8,523.47,544.8,0,0
20100326,537.11,542.4,522.86,542.4,0,0
20100329,530.88,533.21,515.58,522.97,0,0
20100330,522.55,532.45,522.55,532.45,0,0
20100331,524.85,530.1,506.06,530.1,0,0
20100401,522.55,522.97,506.06,522.97,0,0
20100406,503.79,522.79,503.79,522.79,0,0
20100407,515.78,527.75,515.37,527.75,0,0
20100408,520.26,533.76,520.26,533.76,0,0
20100409,526.22,536.12,526.22,536.12,0,0
20100412,528.39,538.39,528.39,538.39,0,0
20100413,530.71,530.71,510.7,517.98,0,0
20100414,510.7,532.41,510.7,532.41,0,0
20100415,512.6,524.33,512.57,522.31,0,0
20100416,514.16,521.63,514.16,521.63,0,0
20100419,514.16,521.63,514.16,521.63,0,0
20100420,514.16,521.97,498.34,521.97,0,0
20100421,514.5,517.41,510.04,517.41,0,0
20100422,503.11,528.95,503.11,528.95,0,0
20100423,521.32,528.95,505.43,528.95,0,0
20100426,489.72,507.74,489.72,500.98,0,0
20100427,474.55,508.02,474.55,506.2,0,0
20100428,506.2,508.69,483.06,508.69,0,0
20100429,491.71,505.52,491.71,505.52,0,0
20100430,498.17,505.52,498.17,505.52,0,0
20100504,498.17,505.52,498.17,505.52,0,0
20100505,498.17,503.28,482.66,503.28,0,0
20100506,495.99,530.72,482.66,530.72,0,0
20100507,523.22,552.35,500.7,552.35,0,0
20100510,544.6,565.32,537.61,565.32,0,0
20100511,557.44,737.57,557.44,737.57,0,0
20100512,725.71,733.8,690.13,733.8,0,0
20100513,721.98,731.54,719.76,731.54,0,0
20100514,719.76,732.3,719.76,732.3,0,0
20100517,720.51,721.26,565.53,565.53,0,0
20100518,553.34,559.88,536.62,548.43,0,0
20100519,529.33,539.29,212.8,212.8,0,0
20100520,212.8,212.8,212.8,212.8,0,0
20100521,212.1,212.1,212,212,0,0
20100524,212.1,212.1,184.1,184.1,0,0
20100525,212.1,212.8,93.18,93.18,0,0
20100526,87.16,92.03,83.42,89.84,0,0
20100527,84.19,86.69,84.19,86.69,0,0
20100528,86.69,86.69,86.07,86.23,0,0
20100531,86.23,86.23,86.23,86.23,0,0
20100601,86.23,86.37,82.43,86.37,0,0
20100602,86.37,86.54,86.37,86.52,0,0
20100604,86.54,86.54,76.27,78.18,0,0
20100607,78.18,78.18,74.97,74.97,0,0
20100608,74.95,93.76,74.95,93.76,0,0
20100609,95.15,95.15,94.45,94.47,0,0
20100610,94.45,94.45,90.73,90.75,0,0
20100611,91.46,94.45,91.46,93.76,0,0
20100614,93.75,93.76,93.75,93.76,0,0
20100615,93.75,94.47,91.46,94.47,0,0
20100616,94.45,100.45,93.62,100.45,0,0
20100617,99.5,99.5,98.76,99.47,0,0
20100618,99.44,99.47,99.44,99.47,0,0
20100621,99.44,99.44,84.47,84.51,0,0
20100622,83.6,83.6,79.67,83.58,0,0
20100623,83.6,86.83,83.6,86.16,0,0
20100624,86.06,87.42,82.63,87.42,0,0
20100625,87.44,87.44,80.61,80.61,0,0
20100628,80.59,80.59,75.7,78.2,0,0
20100629,75.7,78.2,75.13,78.2,0,0
20100630,77.59,84.55,77.59,84.38,0,0
20100701,84.27,86.59,79.55,86.55,0,0
20100702,86.54,91.01,86.54,91.01,0,0
20100705,90.99,90.99,77.59,77.61,0,0
20100706,77.59,77.59,70.17,75.15,0,0
20100707,75.13,75.15,75.13,75.15,0,0
20100708,75.13,79.98,73.88,73.9,0,0
20100709,73.92,73.92,71.51,73.9,0,0
20100712,73.92,77.63,73.92,77.61,0,0
20100713,77.59,80.26,73.27,73.29,0,0
20100714,73.266,75.667,71.925,73.82,0,0
20100715,72.67,73.84,70.5,73.84,0,0
20100716,73.82,76.87,73.82,75.22,0,0
20100719,75.13,75.13,73.9,73.99,0,0
20100720,73.85,73.85,72.67,72.7,0,0
20100721,72.67,72.7,72.21,72.23,0,0
20100722,72.21,72.21,68.96,71.23,0,0
20100723,71.21,72.19,67.18,71.02,0,0
20100726,71,73.82,69.06,69.08,0,0
20100727,69.1,71.52,68.58,68.58,0,0
20100728,68.6,69.1,63.96,69.06,0,0
20100729,69.08,73.86,69.06,73.84,0,0
20100730,73.82,74.99,73.82,74.99,0,0
20100802,75.62,81.55,69.06,69.06,0,0
20100803,65.24,74.4,65.24,69.06,0,0
20100804,69.51,80.53,66.38,80.53,0,0
20100805,80.9,85.51,80.9,85.49,0,0
20100806,85.51,85.51,80.89,80.89,0,0
20100809,80.07,83.9,78.12,78.12,0,0
20100810,80.07,80.07,80.05,80.05,0,0
20100811,80.9,80.9,80.89,80.89,0,0
20100812,80.9,85.51,80.9,85.49,0,0
20100813,85.58,127.02,82.56,127.02,0,0
20100816,127.04,127.04,118.97,118.97,0,0
20100817,120.3,120.3,84.55,84.55,0,0
20100818,84.54,84.54,79.43,80.64,0,0
20100819,80.63,178.98,79.67,178.98,0,0
20100820,178.55,184.44,178.55,184.44,0,0
20100823,183.43,189.42,183.43,183.87,0,0
20100824,183.43,183.43,182.05,182.49,0,0
20100825,181.31,181.79,181.31,181.79,0,0
20100826,181.31,181.31,179.89,180.36,0,0
20100827,179.89,180.36,179.89,180.36,0,0
20100830,182.06,190.28,182.06,190.28,0,0
20100831,189.82,190.28,189.82,190.28,0,0
20100901,189.82,189.82,188.1,189.02,0,0
20100902,179.17,179.17,174.7,175.15,0,0
20100903,182.51,182.51,176.37,177.72,0,0
20100906,182.65,187.93,179.9,180.35,0,0
20100907,187.93,187.93,182.78,183.24,0,0
20100908,182.78,189.19,182.78,189.11,0,0
20100909,188.59,191.76,188.59,189.11,0,0
20100910,188.59,188.59,180.53,181.03,0,0
20100913,188.59,193.06,188.59,193.06,0,0
20100914,192.53,193.06,192.53,193.06,0,0
20100915,192.69,193.98,187.14,193.85,0,0
20100916,195.18,199.8,195.18,199.8,0,0
20100917,199.26,205.99,192.94,205.99,0,0
20100920,205.45,207.13,201.89,202.4,0,0
20100921,202.69,203.2,202.69,203.2,0,0
20100922,201.38,201.38,191.51,192.02,0,0
20100923,196.61,199.08,192.91,199.08,0,0
20100924,200.6,200.6,191.77,199.67,0,0
20100927,199.13,199.16,198.63,199.16,0,0
20100928,196.44,197.85,196.44,197.85,0,0
20100929,197.33,201.64,197.33,201.64,0,0
20100930,200.79,201.92,192.26,199.8,0,0
20101001,199.32,199.32,196.27,196.75,0,0
20101004,196.27,197.42,196.27,197.42,0,0
20101005,196.9,197.13,193.82,197.13,0,0
20101006,196.61,197.09,178.8,197.06,0,0
20101007,197.15,197.15,187.26,187.78,0,0
20101008,185.92,186.69,184.12,185.39,0,0
20101011,184.88,185.39,176.22,185.39,0,0
20101012,184.88,184.88,182.58,183.04,0,0
20101013,177.89,187.36,176.78,187.36,0,0
20101014,186.9,187.36,186.9,187.36,0,0
20101015,186.9,186.96,186.15,186.96,0,0
20101018,186.46,186.46,182.97,183.53,0,0
20101019,183.89,183.89,177.54,177.9,0,0
20101020,177.47,179.93,174.02,177.9,0,0
20101021,177.47,178.24,174.77,175.2,0,0
20101022,174.77,175.07,167.71,169.03,0,0
20101025,172.33,172.56,172.05,172.56,0,0
20101026,172.12,176.12,172.12,175.73,0,0
20101027,176.74,178.61,174.18,177.43,0,0
20101028,176.94,178.55,175.14,178.55,0,0
20101029,178.06,178.2,170.79,173.8,0,0
20101102,177.74,177.74,169.27,173.25,0,0
20101103,172.77,173.44,163.61,170.58,0,0
20101104,170.88,170.88,166.86,168.97,0,0
20101105,167.57,170.41,167.57,170.41,0,0
20101108,169.94,171.49,165.63,171.49,0,0
20101109,170.27,170.69,169.09,170.54,0,0
20101110,171.63,182.05,171.63,180.79,0,0
20101112,180.33,184.42,176.06,179.6,0,0
20101115,180.42,182.39,144.46,144.46,0,0
20101116,143.8,145.28,140.27,142.65,0,0
20101117,142.24,144.29,140.37,144.29,0,0
20101118,144.79,150.9,144.79,150.37,0,0
20101119,149.57,157.73,149.57,152.93,0,0
20101122,161.33,164.57,67.16,67.16,0,0
20101123,68.44,76.82,66.89,76.82,0,0
20101124,75.25,78.55,74.47,74.47,0,0
20101125,71.2,74.64,71.2,74.64,0,0
20101126,75.16,79.55,75.16,79.55,0,0
20101129,73.13,76.7,72.31,76.7,0,0
20101130,75.08,76.03,70.48,76.03,0,0
20101201,74.48,74.48,69.3,73.73,0,0
20101202,72.8,72.8,66.59,71.54,0,0
20101203,71.49,71.49,70.92,70.92,0,0
20101206,69.54,69.54,67.36,67.87,0,0
20101207,67.25,68.24,64.18,67.25,0,0
20101208,67.02,67.02,65.77,65.77,0,0
20101209,66.17,66.34,66.01,66.18,0,0
20101210,65.67,65.67,64.76,64.76,0,0
20101213,64.59,65.27,64.59,64.92,0,0
20101214,64.92,66.79,64.64,66.79,0,0
20101215,66.79,69.16,65.99,69.16,0,0
20101216,67.81,70.56,67.81,70.4,0,0
20101217,69.43,71.11,67.75,71.11,0,0
20101220,69.97,69.97,67.53,68.76,0,0
20101221,67.36,70.11,64.34,70.11,0,0
20101222,68.68,69.09,65.92,69.09,0,0
20101223,67.68,69.8,66.74,69.8,0,0
20101227,67.76,68.1,66.48,68.1,0,0
20101228,66.54,67.74,65.35,66.47,0,0
20101229,65.12,67.15,64.98,67.15,0,0
20101230,65.26,68.4,65.26,68.4,0,0
20101231,67.12,68.75,66.43,68.75,0,0
20110103,67.35,77.06,67.35,77.06,0,0
20110104,76.72,80.26,74.2,74.72,0,0
20110105,73.41,73.41,68.45,70.47,0,0
20110107,69.03,73.37,68.48,73.37,0,0
20110110,71.29,71.33,66.49,68.35,0,0
20110111,67.3,69.23,67.3,69.23,0,0
20110112,68.06,68.73,67.33,68.73,0,0
20110113,67.33,69.4,67.33,69.4,0,0
20110114,67.48,68.85,66.76,68.82,0,0
20110117,68.16,71.54,66.8,71.54,0,0
20110118,69.32,71.67,68.25,69.67,0,0
20110119,68.25,68.25,66.11,67.93,0,0
20110120,66.54,67.03,62.38,65.48,0,0
20110121,64.86,66.48,64.39,66.48,0,0
20110124,66.05,66.05,62.87,65.95,0,0
20110125,63.87,64.2,62.34,63.88,0,0
20110126,63.27,63.45,62.17,63.45,0,0
20110127,62.61,65.56,62.61,65.56,0,0
20110128,66.41,66.41,66.41,66.41,0,0
20110131,69.97,70.02,65.94,65.94,0,0
20110201,64.6,64.7,61.01,63.66,0,0
20110202,62.37,63.9,61.13,63.9,0,0
20110203,62.6,63.36,61.85,63.36,0,0
20110204,62.07,63.36,60.75,63.36,0,0
20110207,62.07,62.74,58.87,62.74,0,0
20110208,61.47,61.47,57.76,59.35,0,0
20110209,58.15,59.49,57.8,59.2,0,0
20110210,57.99,60.53,57.99,60.53,0,0
20110211,59.29,60.26,58.4,60.26,0,0
20110214,59.04,68.35,57.82,68.35,0,0
20110215,66.4,66.78,64.18,66.78,0,0
20110216,64.88,65.56,23.03,23.03,0,0
20110217,23.03,23.03,22.64,22.69,0,0
20110218,22.69,22.85,22.66,22.83,0,0
20110221,22.83,23,22.6,22.96,0,0
20110222,22.96,23.3,22.78,23.04,0,0
20110223,23.04,23.04,22.7,22.7,0,0
20110224,22.7,22.7,22.41,22.47,0,0
20110225,22.47,22.73,22.47,22.73,0,0
20110228,22.73,22.98,22.45,22.63,0,0
20110301,22.65,23.2,22.58,23.19,0,0
20110302,23.2,23.25,22.99,23.07,0,0
20110303,23.07,23.33,22.87,22.91,0,0
20110304,22.92,23.73,22.92,23.67,0,0
20110307,23.68,24.34,23.68,23.97,0,0
20110308,23.98,24.44,23.76,24,0,0
20110309,24.01,25.12,23.92,25.11,0,0
20110310,25.12,25.12,24.53,24.77,0,0
20110311,24.78,24.98,24.35,24.35,0,0
20110314,24.35,25.05,24.35,24.44,0,0
20110315,24.45,25.01,24.33,24.41,0,0
20110316,24.42,24.7,24.35,24.7,0,0
20110317,24.7,25.56,24.7,25.4,0,0
20110318,25.41,26.23,25.38,25.98,0,0
20110321,27.5,27.69,26.66,27.37,0,0
20110322,27.38,27.51,27.15,27.22,0,0
20110323,27.23,27.44,26.74,27.37,0,0
20110324,27.39,27.41,27.07,27.11,0,0
20110325,27.12,27.15,27.04,27.08,0,0
20110328,27.09,27.11,27.09,27.09,0,0
20110329,27.1,27.1,27.04,27.04,0,0
20110330,27.05,27.33,26.52,27.32,0,0
20110331,27.33,27.33,27.24,27.24,0,0
20110401,27.25,27.39,26.6,27.32,0,0
20110404,27.33,27.4,27.33,27.39,0,0
20110405,27.4,27.4,26.38,27.14,0,0
20110406,27.15,27.2,26.82,26.96,0,0
20110407,26.97,27.54,26.74,27.53,0,0
20110408,27.54,27.79,27.33,27.71,0,0
20110411,27.72,27.98,27.03,27.03,0,0
20110412,27.04,27.5,26.81,27.04,0,0
20110413,27.04,27.09,26.61,26.83,0,0
20110414,26.84,26.84,26,26.43,0,0
20110415,26.43,26.43,25.97,26.11,0,0
20110418,26.11,26.98,25.61,26.8,0,0
20110419,26.8,26.87,26.7,26.7,0,0
20110420,26.7,26.7,25.34,26.52,0,0
20110421,26.52,26.87,26.14,26.24,0,0
20110426,26.24,27.26,23.53,23.53,0,0
20110427,23.54,23.73,23.39,23.39,0,0
20110428,23.39,23.57,23.24,23.51,0,0
20110429,23.52,23.62,23.38,23.4,0,0
20110502,23.4,23.4,23.22,23.37,0,0
20110504,23.37,23.37,22.68,22.68,0,0
20110505,22.68,22.68,22.34,22.44,0,0
20110506,22.44,22.83,22.44,22.78,0,0
20110509,22.78,25.78,22.78,25.78,0,0
20110510,25.78,26.66,25.59,25.85,0,0
20110511,25.85,26.13,25.85,26.02,0,0
20110512,26.02,26.57,26.02,26.09,0,0
20110513,26.09,26.09,25.14,26.08,0,0
20110516,26.08,26.14,25.6,25.94,0,0
20110517,25.94,26.99,25.94,26.47,0,0
20110518,26.49,26.71,25.11,25.11,0,0
20110519,25.12,25.59,25.12,25.39,0,0
20110520,25.39,25.39,24.39,24.39,0,0
20110523,24.39,24.39,23.84,23.92,0,0
20110524,23.92,26.07,23.79,26.07,0,0
20110525,26.07,26.47,25.79,25.99,0,0
20110526,25.99,26.13,25.59,25.62,0,0
20110527,25.62,26.37,25.62,26.22,0,0
20110530,26.22,26.22,25.38,25.38,0,0
20110531,25.38,25.52,24.61,25.52,0,0
20110601,25.52,26.44,24.99,26.05,0,0
20110602,26.05,26.05,25.53,25.53,0,0
20110603,25.53,35.8,25.53,35.8,0,0
20110606,35.89,36.24,34.34,34.68,0,0
20110607,34.76,35.52,34.57,35.38,0,0
20110608,35.47,35.9,34.91,35.9,0,0
20110609,35.99,37.55,35.53,37.14,0,0
20110610,37.23,37.51,37.14,37.14,0,0
20110613,37.23,37.82,36.86,37.32,0,0
20110614,37.41,38.2,36.91,38.2,0,0
20110615,38.3,38.3,37.1,38.03,0,0
20110616,38.13,39.96,31.74,31.74,0,0
20110617,31.78,31.78,31.07,31.75,0,0
20110620,31.79,32.25,31.77,32.25,0,0
20110621,32.3,32.55,31.87,31.87,0,0
20110622,31.91,31.91,31.43,31.43,0,0
20110624,31.47,32.21,31.14,32.16,0,0
20110627,32.2,32.54,31.62,31.62,0,0
20110628,31.67,31.87,31.64,31.7,0,0
20110629,31.74,32.18,31.61,32.18,0,0
20110630,32.22,32.22,31.6,31.81,0,0
20110701,31.85,31.85,30.58,31.65,0,0
20110704,31.69,32.03,31.28,31.7,0,0
20110705,31.75,32.13,31.75,31.9,0,0
20110706,31.94,32.05,31.5,32.05,0,0
20110707,32.09,32.49,31.79,32.49,0,0
20110708,32.54,33.19,32.33,33.04,0,0
20110711,33.09,33.22,32.11,32.48,0,0
20110712,32.53,32.53,30.89,31.76,0,0
20110713,31.8,31.8,31.24,31.79,0,0
20110714,31.83,31.83,31.47,31.51,0,0
20110715,31.55,31.55,31.29,31.48,0,0
20110718,31.52,31.59,30.26,30.47,0,0
20110719,30.5,30.86,30.5,30.82,0,0
20110720,30.86,30.86,30.55,30.79,0,0
20110721,30.83,30.83,30.2,30.27,0,0
20110722,30.31,30.31,29.96,30.1,0,0
20110725,30.14,30.14,30.1,30.1,0,0
20110726,30.14,30.14,29.7,29.71,0,0
20110727,29.75,29.96,29.75,29.75,0,0
20110728,29.79,30.14,29.39,29.68,0,0
20110729,29.71,30.24,29.71,30.08,0,0
20110801,30.12,30.12,28.17,29.11,0,0
20110802,29.16,29.48,28.9,29.43,0,0
20110803,29.47,29.47,28.11,28.28,0,0
20110804,28.31,28.92,27.45,28.45,0,0
20110805,28.49,28.49,27.21,27.66,0,0
20110808,27.7,27.7,26.43,26.98,0,0
20110809,27.03,27.04,26.38,26.72,0,0
20110810,26.77,26.77,25.47,25.67,0,0
20110811,25.71,26.42,25.54,26.39,0,0
20110812,26.42,26.92,26.36,26.88,0,0
20110816,26.92,26.92,24.73,24.73,0,0
20110817,24.75,25.5,15.16,15.16,0,0
20110818,15.16,15.27,14.65,14.93,0,0
20110819,14.93,15.03,14.71,14.98,0,0
20110822,14.98,14.98,14.69,14.95,0,0
20110823,14.95,14.95,14.7,14.79,0,0
20110824,14.79,14.79,14.47,14.57,0,0
20110825,14.57,14.57,14.29,14.36,0,0
20110826,14.36,14.36,14.2,14.2,0,0
20110829,14.2,14.2,14,14.1,0,0
20110830,14.1,14.58,14.1,14.58,0,0
20110831,14.58,14.82,14.48,14.76,0,0
20110901,14.76,15.05,14.76,15.05,0,0
20110902,15.05,15.05,14.48,14.48,0,0
20110905,14.48,14.48,14.23,14.33,0,0
20110906,14.33,14.6,14.13,14.48,0,0
20110907,14.48,14.48,14.28,14.38,0,0
20110908,14.38,14.65,14.38,14.65,0,0
20110909,14.65,14.65,14.29,14.29,0,0
20110912,14.29,14.51,14.22,14.25,0,0
20110913,14.25,14.77,14.25,14.49,0,0
20110914,14.49,14.49,14.32,14.41,0,0
20110915,14.41,14.63,14.41,14.51,0,0
20110916,14.51,14.61,14.43,14.58,0,0
20110919,14.58,14.71,14.58,14.66,0,0
20110920,14.66,14.78,14.56,14.56,0,0
20110921,14.559,14.559,14.395,14.501,0,0
20110922,14.5,14.59,14.39,14.59,0,0
20110923,14.59,14.59,14.48,14.57,0,0
20110926,14.57,14.57,14.42,14.46,0,0
20110927,14.46,14.57,14.46,14.48,0,0
20110928,14.48,14.48,14.33,14.46,0,0
20110929,14.46,14.46,14.12,14.23,0,0
20110930,14.23,14.42,14.18,14.39,0,0
20111003,14.39,14.39,13.7,13.95,0,0
20111004,13.95,14.3,13.95,14.01,0,0
20111005,14.01,14.03,12.44,12.92,0,0
20111006,12.92,13.55,12.67,13.37,0,0
20111007,13.37,13.86,13.13,13.13,0,0
20111010,13.13,13.63,13.02,13.2,0,0
20111011,13.2,13.37,12.87,13.12,0,0
20111012,13.12,13.3,12.88,12.88,0,0
20111013,12.88,12.99,12.78,12.84,0,0
20111014,12.84,13.77,12.74,13.77,0,0
20111017,13.77,14.07,13.59,14,0,0
20111018,14,14.01,13.32,14.01,0,0
20111019,14.01,14.32,13.9,14.02,0,0
20111020,14.02,14.22,13.89,14.01,0,0
20111021,14.01,14.02,13.8,13.96,0,0
20111024,13.96,13.96,13.26,13.71,0,0
20111025,13.71,13.71,12.96,13.04,0,0
20111026,13.04,13.16,12.96,13.01,0,0
20111027,13.01,13.16,12.97,13.16,0,0
20111028,13.16,13.38,13,13.38,0,0
20111031,13.38,13.38,13.01,13.06,0,0
20111102,13.06,13.06,12.2,12.81,0,0
20111103,12.81,13.26,12.81,13.23,0,0
20111104,13.23,13.54,12.92,13.07,0,0
20111107,13.07,13.46,12.93,12.99,0,0
20111108,12.99,13.14,12.66,13.06,0,0
20111109,13.06,13.28,13.06,13.27,0,0
20111110,13.27,13.29,13.02,13.29,0,0
20111114,13.29,13.4,13.17,13.4,0,0
20111115,13.4,13.4,13.19,13.35,0,0
20111116,13.35,13.54,12.61,13.3,0,0
20111117,13.3,13.53,12.92,13.38,0,0
20111118,13.38,13.59,13.08,13.59,0,0
20111121,13.59,13.62,12.86,13.24,0,0
20111122,13.24,13.24,8.56,8.56,0,0
20111123,8.56,8.56,8.49,8.49,0,0
20111124,8.49,8.49,8.49,8.49,0,0
20111125,8.49,8.49,8.49,8.49,0,0
20111128,8.49,8.49,8.49,8.49,0,0
20111129,8.49,8.49,8.25,8.48,0,0
20111130,8.48,8.48,8.31,8.48,0,0
20111201,8.48,8.48,8.31,8.35,0,0
20111202,8.35,8.35,7.89,7.9,0,0
20111205,7.9,7.93,7.5,7.59,0,0
20111206,7.59,7.89,7.59,7.89,0,0
20111207,7.89,8.24,7.49,8.2,0,0
20111208,8.2,8.3,8.2,8.27,0,0
20111209,8.27,8.33,7.9,7.9,0,0
20111212,7.9,8.12,7.9,8.12,0,0
20111213,8.12,8.2,8.06,8.06,0,0
20111214,8.06,8.32,8.06,8.32,0,0
20111215,8.32,8.32,8.16,8.24,0,0
20111216,8.24,8.32,8.17,8.24,0,0
20111219,8.24,8.24,8,8.11,0,0
20111220,8.11,8.11,8,8,0,0
20111221,8,8,8,8,0,0
20111222,8,8.05,7.83,7.86,0,0
20111223,7.86,7.86,7.7,7.74,0,0
20111227,7.74,7.82,7.25,7.63,0,0
20111228,7.63,9.67,7.63,9.67,0,0
20111229,9.66,10.13,9.66,10.13,0,0
20111230,10.12,10.77,10.12,10.76,0,0
20120102,10.76,10.76,9.36,9.68,0,0
20120103,9.67,9.79,8.7,8.7,0,0
20120104,8.7,9.14,8.7,9.14,0,0
20120105,9.14,9.35,9.02,9.09,0,0
20120109,9.09,9.09,9,9.06,0,0
20120110,9.06,9.86,9,9.82,0,0
20120111,9.81,9.91,9.81,9.91,0,0
20120112,9.9,10.2,9.9,10.2,0,0
20120113,10.19,10.19,9.52,9.53,0,0
20120116,9.52,9.59,9.52,9.53,0,0
20120117,9.52,10.32,9.52,10.32,0,0
20120118,10.32,10.32,10.25,10.25,0,0
20120119,10.25,10.66,10.11,10.66,0,0
20120120,10.66,10.66,10.23,10.51,0,0
20120123,10.5,10.88,10.5,10.88,0,0
20120124,10.87,10.92,10.44,10.44,0,0
20120125,10.44,10.71,10.34,10.71,0,0
20120126,10.7,11.42,10.7,11.32,0,0
20120127,11.32,11.32,10.92,11.13,0,0
20120130,11.12,11.12,10.68,10.75,0,0
20120131,10.74,10.92,10.62,10.92,0,0
20120201,10.92,11.29,10.92,11.29,0,0
20120202,11.28,11.28,10.87,11.27,0,0
20120203,13.82,15.45,13.43,15.45,0,0
20120206,15.44,15.44,14.77,14.86,0,0
20120207,14.85,14.85,13.98,14.43,0,0
20120208,14.43,14.5,14.02,14.03,0,0
20120209,14.02,14.23,13.94,14.08,0,0
20120210,14.08,14.93,14.08,14.63,0,0
20120213,14.62,14.94,14.62,14.94,0,0
20120214,14.93,14.93,13.98,14.44,0,0
20120215,14.43,18.78,14.36,18.78,0,0
20120216,18.74,19.98,17.14,17.14,0,0
20120217,17.1,17.86,17.1,17.26,0,0
20120220,17.23,17.6,16.92,17.6,0,0
20120221,17.56,17.56,16.83,17.23,0,0
20120222,17.19,17.19,16.5,17.19,0,0
20120223,17.14,17.14,16.48,16.54,0,0
20120224,16.5,17.26,16.5,17.02,0,0
20120227,16.98,17.96,16.98,17.96,0,0
20120228,17.92,18.61,17.92,18.44,0,0
20120229,18.39,20.11,18.39,20.06,0,0
20120301,20.01,20.01,19.15,19.24,0,0
20120302,19.2,20.48,19.2,20.48,0,0
20120305,20.43,20.92,20.08,20.92,0,0
20120306,20.87,21.3,20.08,21.3,0,0
20120307,21.25,22.91,21.25,22.84,0,0
20120308,22.78,22.9,21.94,22.9,0,0
20120309,22.84,22.84,21.31,22.06,0,0
20120312,22.01,22.16,21.51,21.63,0,0
20120313,21.57,21.57,19.93,20.51,0,0
20120314,20.46,21.14,20.06,20.6,0,0
20120315,20.55,20.89,20.14,20.48,0,0
20120316,20.43,20.43,18.85,19.33,0,0
20120319,19.28,19.53,18,18.18,0,0
20120320,18.13,18.87,17.7,17.77,0,0
20120321,17.76,17.76,16.92,17.11,0,0
20120322,17.09,17.85,17.09,17.63,0,0
20120323,17.62,17.89,16.95,17.3,0,0
20120326,17.28,19.87,16.89,19.87,0,0
20120327,19.85,19.85,18.07,18.21,0,0
20120328,18.2,18.22,17.34,17.55,0,0
20120329,17.54,17.54,16.15,16.62,0,0
20120330,16.61,17.15,16.58,17.04,0,0
20120402,17.03,17.29,16.07,16.39,0,0
20120403,16.38,16.55,15.74,16.24,0,0
20120404,16.23,17.34,16.23,16.78,0,0
20120405,16.77,17,16.6,16.89,0,0
20120410,16.88,16.88,15.9,16.22,0,0
20120411,16.21,16.21,15,15.45,0,0
20120412,15.44,15.68,15.18,15.68,0,0
20120413,15.67,15.97,15.3,15.91,0,0
20120416,15.91,16.43,15.77,16.09,0,0
20120417,16.08,16.18,15.7,15.95,0,0
20120418,15.94,16.25,15.86,16.08,0,0
20120419,16.07,16.2,15.84,15.94,0,0
20120420,15.94,16.16,15.6,15.86,0,0
20120423,15.86,16.08,15.12,15.45,0,0
20120424,15.45,15.56,14.97,15.43,0,0
20120425,15.42,15.65,15.17,15.65,0,0
20120426,15.65,15.65,15.12,15.35,0,0
20120427,15.34,15.55,14.97,15.55,0,0
20120430,15.85,15.92,15.41,15.59,0,0
20120502,15.35,15.39,15.01,15.39,0,0
20120504,15.38,15.38,14.74,15.22,0,0
20120507,15.21,15.79,15.15,15.79,0,0
20120508,15.78,15.84,15.33,15.66,0,0
20120509,15.65,15.65,15.11,15.11,0,0
20120510,15.1,15.16,14.6,14.86,0,0
20120511,14.85,14.88,14.26,14.51,0,0
20120514,14.5,14.55,14.36,14.43,0,0
20120515,14.43,17.66,14.14,17.66,0,0
20120516,17.74,17.84,16.96,17.55,0,0
20120517,17.63,17.63,16.47,16.79,0,0
20120518,16.86,16.86,16.03,16.49,0,0
20120521,16.57,17.11,16.47,16.82,0,0
20120522,16.9,16.94,16.04,16.04,0,0
20120523,16.11,16.22,15.8,16.22,0,0
20120524,16.26,18.71,15.71,18.71,0,0
20120525,18.78,18.78,18.17,18.47,0,0
20120528,18.54,19.02,18.54,18.8,0,0
20120529,18.87,19.63,18.76,19.63,0,0
20120530,19.7,20.1,19.16,19.52,0,0
20120531,19.59,19.59,19.06,19.07,0,0
20120601,19.14,19.64,19.14,19.44,0,0
20120604,19.52,19.52,18.93,19.15,0,0
20120605,19.22,19.22,18.36,18.66,0,0
20120606,18.72,19.04,18.48,18.59,0,0
20120608,18.66,19.16,14.33,14.33,0,0
20120611,14.35,14.56,14.35,14.49,0,0
20120612,14.51,14.51,14.01,14.06,0,0
20120613,14.08,14.19,13.9,14.14,0,0
20120614,14.16,14.34,14.16,14.22,0,0
20120615,14.24,14.24,13.91,13.91,0,0
20120618,13.93,13.93,13.56,13.59,0,0
20120619,13.61,13.85,13.49,13.85,0,0
20120620,13.86,14.14,13.68,14.13,0,0
20120621,14.11,14.25,14,14.25,0,0
20120622,14.23,14.24,13.85,14.24,0,0
20120625,14.21,14.42,13.68,14.42,0,0
20120626,14.39,14.54,14.19,14.52,0,0
20120627,14.5,14.5,14.1,14.17,0,0
20120628,14.17,14.45,14.05,14.21,0,0
20120629,14.19,14.27,13.75,13.76,0,0
20120702,13.74,13.89,13.55,13.82,0,0
20120703,13.79,13.84,13.5,13.84,0,0
20120704,13.82,13.88,12.79,13.27,0,0
20120705,13.31,13.47,12.73,13.13,0,0
20120706,13.11,13.23,12.88,13.2,0,0
20120709,13.18,13.18,12.93,13.07,0,0
20120710,13.08,13.19,12.95,13.11,0,0
20120711,13.09,13.37,12.77,13.37,0,0
20120712,13.34,13.34,12.39,12.76,0,0
20120713,12.74,12.74,12.23,12.29,0,0
20120716,12.26,12.41,11.91,12.33,0,0
20120717,12.31,12.45,12.16,12.45,0,0
20120718,12.43,12.43,12.4,12.42,0,0
20120719,13.03,13.04,12.84,12.91,0,0
20120720,12.89,13.09,12.68,13.01,0,0
20120723,12.99,13.07,12.49,12.7,0,0
20120724,12.68,13.28,12.61,13.28,0,0
20120725,13.26,13.26,12.62,12.88,0,0
20120726,12.86,12.86,12.31,12.45,0,0
20120727,12.42,12.65,11.91,12.65,0,0
20120730,12.63,12.63,12.1,12.41,0,0
20120731,12.39,12.39,11.69,11.88,0,0
20120801,11.9,12.07,11.84,12.05,0,0
20120802,12.07,12.14,11.9,11.91,0,0
20120803,11.93,12.12,11.93,12.1,0,0
20120806,12.12,12.13,11.95,12.12,0,0
20120807,12.12,12.12,11.86,11.86,0,0
20120808,11.87,11.96,11.78,11.78,0,0
20120809,11.8,11.97,11.74,11.97,0,0
20120810,11.95,12.08,11.78,11.98,0,0
20120813,11.96,11.97,11.78,11.85,0,0
20120814,11.83,11.83,11.34,11.63,0,0
20120816,11.61,11.77,11.49,11.53,0,0
20120817,11.51,12.02,11.5,12.02,0,0
20120820,11.94,12.02,11.9,12.02,0,0
20120821,12,12.18,12,12.18,0,0
20120822,12.16,12.16,11.8,11.8,0,0
20120823,11.78,11.98,11.66,11.85,0,0
20120824,11.87,11.98,11.6,11.77,0,0
20120827,11.75,13.77,11.63,13.77,0,0
20120828,13.76,13.83,13.67,13.75,0,0
20120829,13.74,14.35,13.74,14.35,0,0
20120830,14.35,14.6,14.35,14.56,0,0
20120831,14.55,14.8,14.41,14.8,0,0
20120903,14.8,14.8,14.25,14.42,0,0
20120904,14.42,14.56,14.3,14.55,0,0
20120905,14.55,14.7,14.48,14.48,0,0
20120906,14.47,14.96,14.46,14.96,0,0
20120907,14.95,15.62,14.93,15.62,0,0
20120910,15.61,16.17,15.61,15.77,0,0
20120911,15.76,15.99,15.7,15.7,0,0
20120912,15.69,15.98,15.18,15.98,0,0
20120913,15.97,16.37,15.83,15.97,0,0
20120914,15.96,16.75,15.96,16.69,0,0
20120917,16.68,17.39,16.68,17.12,0,0
20120918,17.11,17.69,17.06,17.61,0,0
20120919,17.6,17.87,16.73,17.87,0,0
20120920,17.86,17.86,17.24,17.25,0,0
20120921,17.24,17.9,17.24,17.72,0,0
20120924,17.72,17.72,16.66,16.79,0,0
20120925,16.79,16.86,16.3,16.49,0,0
20120926,16.48,17.03,16.31,16.38,0,0
20120927,16.37,17.35,16.37,17.35,0,0
20120928,17.34,17.93,17.18,17.49,0,0
20121001,17.48,17.54,16.79,16.79,0,0
20121002,16.79,17,15.95,16.56,0,0
20121003,16.55,16.55,15.52,15.89,0,0
20121004,15.89,15.95,15.29,15.37,0,0
20121005,15.37,15.85,15.25,15.73,0,0
20121008,15.73,16.02,15.55,16.02,0,0
20121009,16.01,16.01,15.12,15.27,0,0
20121010,15.26,15.49,15.12,15.38,0,0
20121011,15.38,15.52,15.2,15.2,0,0
20121012,15.2,15.51,14.92,14.92,0,0
20121015,14.91,14.94,14.27,14.27,0,0
20121016,14.26,15.01,14.25,14.9,0,0
20121017,14.89,15.42,14.89,15.42,0,0
20121018,15.42,15.9,15.18,15.9,0,0
20121019,15.89,16.09,14.95,15.08,0,0
20121022,15.08,15.6,15.08,15.46,0,0
20121023,15.45,15.75,14.96,15,0,0
20121024,15,15.46,15,15.38,0,0
20121025,15.38,15.7,15.13,15.54,0,0
20121026,15.53,15.53,15.12,15.3,0,0
20121029,15.3,15.77,15.27,15.71,0,0
20121030,15.71,15.74,15.11,15.35,0,0
20121031,15.35,15.64,15.28,15.47,0,0
20121102,15.46,15.49,15.01,15.2,0,0
20121105,15.19,15.33,14.91,15.25,0,0
20121106,15.24,15.24,14.84,15.18,0,0
20121107,15.17,15.22,14.94,15.16,0,0
20121108,15.15,15.2,14.96,15.03,0,0
20121109,15.02,15.37,15.02,15.3,0,0
20121112,15.29,15.48,15.12,15.32,0,0
20121113,15.31,15.61,13.21,13.21,0,0
20121114,13.2,13.31,12.94,13.29,0,0
20121115,13.28,13.76,13.19,13.76,0,0
20121116,13.75,13.97,12.72,12.97,0,0
20121119,12.96,13.15,12.75,12.8,0,0
20121120,12.79,12.87,12.64,12.76,0,0
20121121,12.76,12.76,12.45,12.57,0,0
20121122,12.57,12.85,12.35,12.85,0,0
20121123,12.85,12.92,12.66,12.69,0,0
20121126,12.68,14.72,12.42,14.72,0,0
20121127,14.71,14.8,14.33,14.8,0,0
20121128,14.8,14.8,13.95,14.33,0,0
20121129,14.33,14.49,13.94,14.16,0,0
20121130,14.15,14.48,13.91,14.01,0,0
20121203,14.41,14.58,14.15,14.58,0,0
20121204,14.58,14.67,14.34,14.54,0,0
20121205,14.54,14.63,14.35,14.63,0,0
20121206,14.63,14.76,14.39,14.72,0,0
20121207,14.72,15.22,14.53,15.22,0,0
20121210,15.23,15.29,14.75,14.92,0,0
20121211,14.92,14.94,13.81,13.81,0,0
20121212,13.82,13.82,12.91,12.91,0,0
20121213,12.9,14.57,12.28,14.57,0,0
20121214,14.56,14.88,13.85,14.44,0,0
20121217,14.43,14.74,14.27,14.58,0,0
20121218,14.58,14.82,14.41,14.68,0,0
20121219,14.68,15.36,14.2,15.36,0,0
20121220,15.35,15.83,15.1,15.53,0,0
20121221,15.53,15.81,15.14,15.22,0,0
20121227,15.22,15.61,15.02,15.61,0,0
20121228,15.6,16.23,15.6,16.23,0,0
20130102,16.22,16.25,16.01,16.21,0,0
20130103,16.2,16.2,15.86,16.07,0,0
20130104,16.06,16.06,15.29,15.3,0,0
20130107,15.29,15.39,15.05,15.13,0,0
20130108,15.13,15.13,14.66,14.95,0,0
20130109,15.26,15.5,14.98,15.5,0,0
20130110,15.49,15.61,15.31,15.59,0,0
20130111,15.58,15.66,15.03,15.25,0,0
20130114,15.25,15.44,15.16,15.19,0,0
20130115,15.19,15.22,14.84,15.12,0,0
20130116,15.12,15.17,15.11,15.17,0,0
20130117,15.17,15.42,14.7,15.22,0,0
20130118,15.21,15.51,14.92,15.4,0,0
20130121,15.4,15.46,15.03,15.35,0,0
20130122,15.35,15.55,15.25,15.48,0,0
20130123,15.48,16.06,15.48,16.05,0,0
20130124,16.05,16.49,16.02,16.24,0,0
20130125,16.24,16.44,15.82,16.18,0,0
20130128,16.17,16.69,15.94,16.24,0,0
20130129,16.23,16.5,16.14,16.28,0,0
20130130,16.28,16.75,16.25,16.37,0,0
20130131,16.369,16.495,16.17,16.289,0,0
20130201,16.28,16.67,15.85,16.17,0,0
20130204,16.16,16.19,15.94,16.05,0,0
20130205,16.04,16.07,15.73,16.05,0,0
20130206,16.04,16.3,15.87,16.12,0,0
20130207,16.12,16.19,15.61,15.79,0,0
20130208,15.78,16.29,15.78,16.15,0,0
20130211,16.15,16.16,15.95,16,0,0
20130212,15.99,16.44,15.9,16.42,0,0
20130213,16.42,16.42,12.44,12.44,0,0
20130214,12.44,12.57,12.37,12.44,0,0
20130215,12.44,12.71,12.27,12.71,0,0
20130218,12.71,12.74,12.17,12.55,0,0
20130219,12.55,13.39,12.29,13.39,0,0
20130220,13.39,13.92,13.31,13.52,0,0
20130221,13.52,13.71,13.48,13.51,0,0
20130222,13.51,13.56,12.94,12.94,0,0
20130225,12.94,13.8,12.83,13.8,0,0
20130226,13.8,14.05,13.56,14.05,0,0
20130227,14.05,14.12,13.59,13.6,0,0
20130228,13.6,14.57,13.27,14.57,0,0
20130301,14.6,14.9,14.44,14.88,0,0
20130304,14.92,14.92,14.29,14.48,0,0
20130305,14.51,14.67,14.45,14.62,0,0
20130306,14.65,14.77,14.32,14.67,0,0
20130307,14.7,14.7,14.2,14.4,0,0
20130308,14.43,14.68,14.32,14.62,0,0
20130311,14.64,14.64,14.31,14.36,0,0
20130312,14.39,14.62,14.04,14.54,0,0
20130313,14.57,14.87,14.39,14.85,0,0
20130314,14.88,15.17,14.6,15.17,0,0
20130315,15.23,15.39,13.23,13.23,0,0
20130318,13.26,13.27,13.06,13.08,0,0
20130319,13.11,13.11,12.78,12.93,0,0
20130320,12.96,13.1,12.68,13.1,0,0
20130321,13.12,13.39,12.83,13.33,0,0
20130322,13.36,13.42,13.08,13.33,0,0
20130325,13.36,13.36,13.03,13.06,0,0
20130326,13.08,13.35,12.85,13.09,0,0
20130327,13.12,13.25,12.77,13.08,0,0
20130328,13.11,13.47,13.08,13.44,0,0
20130402,13.47,13.68,13.16,13.68,0,0
20130403,13.71,13.86,13.33,13.33,0,0
20130404,13.35,13.58,13.35,13.47,0,0
20130405,13.5,13.98,13.39,13.83,0,0
20130408,13.86,14.29,13.86,14.26,0,0
20130409,14.29,14.61,14.12,14.51,0,0
20130410,14.54,14.54,13.8,13.92,0,0
20130411,13.95,13.97,13.39,13.48,0,0
20130412,13.51,13.77,13.3,13.36,0,0
20130415,13.39,13.93,13.39,13.7,0,0
20130417,13.73,13.82,13.42,13.49,0,0
20130418,13.49,13.54,13.33,13.36,0,0
20130419,13.39,13.63,13.3,13.58,0,0
20130422,13.6,13.74,13.48,13.72,0,0
20130423,13.74,13.77,13.54,13.72,0,0
20130424,13.75,13.97,13.52,13.85,0,0
20130425,13.88,13.88,13.34,13.49,0,0
20130426,13.52,13.52,13.33,13.35,0,0
20130429,13.38,13.85,13.38,13.76,0,0
20130430,13.79,13.79,13.5,13.71,0,0
20130502,13.74,14.14,13.74,14.08,0,0
20130506,14.11,14.16,13.82,13.82,0,0
20130507,13.85,13.91,13.67,13.86,0,0
20130508,13.89,13.98,13.89,13.89,0,0
20130509,13.92,13.98,13.85,13.86,0,0
20130510,13.89,13.99,13.72,13.96,0,0
20130513,13.99,14.03,13.85,14,0,0
20130514,14.03,14.08,13.83,13.9,0,0
20130515,13.93,16.12,13.84,16.12,0,0
20130516,16.16,16.34,15.64,15.64,0,0
20130517,15.68,15.93,15.48,15.91,0,0
20130520,15.94,16.06,15.73,15.73,0,0
20130521,15.77,15.77,15.23,15.65,0,0
20130522,15.68,15.8,15.2,15.76,0,0
20130523,15.79,15.99,15.55,15.88,0,0
20130524,15.92,16.25,15.78,16.22,0,0
20130527,16.25,16.25,15.77,15.86,0,0
20130528,15.9,16.31,15.73,16.31,0,0
20130529,16.35,16.9,16.1,16.81,0,0
20130531,16.85,18.04,16.56,18.04,0,0
20130603,18.08,18.49,17.97,18.25,0,0
20130604,18.3,18.33,18.05,18.05,0,0
20130605,18.1,21.76,18.09,21.76,0,0
20130606,21.82,27.23,20.83,27.23,0,0
20130607,27.29,27.79,26.61,27.73,0,0
20130610,27.79,27.8,27.4,27.74,0,0
20130611,27.8,28.06,26.69,26.69,0,0
20130612,26.72,26.72,25.55,25.55,0,0
20130613,25.57,25.98,20.83,20.83,0,0
20130614,20.85,20.99,20.65,20.65,0,0
20130617,20.68,20.93,20.68,20.9,0,0
20130618,20.93,21.09,20.5,20.98,0,0
20130619,21.01,21.01,20.53,20.94,0,0
20130620,20.97,21.21,20.9,20.94,0,0
20130621,20.97,21.03,20.58,20.73,0,0
20130624,20.76,21.02,20.75,20.98,0,0
20130625,18.82,18.82,18.33,18.48,0,0
20130626,18.52,18.76,18.29,18.69,0,0
20130627,18.69,19.03,18.48,19.03,0,0
20130628,19.025,19.186,19.004,19.186,0,0
20130701,19.19,19.19,18.37,19.17,0,0
20130702,19.17,19.22,18.8,19.21,0,0
20130703,19.21,19.44,19.21,19.44,0,0
20130704,19.44,19.45,19.28,19.45,0,0
20130705,19.45,19.45,18.15,18.19,0,0
20130708,18.19,18.3,17.48,17.48,0,0
20130709,17.48,17.73,17.28,17.73,0,0
20130710,17.73,17.75,17.1,17.25,0,0
20130711,17.25,17.64,17,17.48,0,0
20130712,17.48,18.02,17.47,17.92,0,0
20130715,17.92,18.42,17.91,18.42,0,0
20130716,18.42,18.67,18.41,18.41,0,0
20130717,18.41,18.41,17.69,17.95,0,0
20130718,17.95,18.37,17.94,18.37,0,0
20130719,18.37,18.81,18.37,18.67,0,0
20130722,18.67,18.85,18.57,18.57,0,0
20130723,18.57,18.86,18.14,18.79,0,0
20130724,18.79,18.88,18.18,18.32,0,0
20130725,18.32,18.42,18.25,18.25,0,0
20130726,18.25,18.42,17.65,17.65,0,0
20130729,17.65,18.34,17.65,18.31,0,0
20130730,18.31,18.37,17.31,17.35,0,0
20130731,17.351,17.728,17.308,17.696,0,0
20130801,17.7,17.8,17.39,17.79,0,0
20130802,17.79,18.18,17.45,17.48,0,0
20130805,17.48,18.12,17.42,17.85,0,0
20130806,17.85,17.98,17.6,17.96,0,0
20130807,17.96,18.14,17.88,18.14,0,0
20130808,18.14,18.46,18.14,18.46,0,0
20130809,18.46,18.46,17.95,18.45,0,0
20130812,18.45,18.62,18.22,18.62,0,0
20130813,18.62,18.85,18.54,18.54,0,0
20130814,18.54,18.76,18.54,18.76,0,0
20130816,18.76,18.82,17.43,17.43,0,0
20130819,17.43,17.72,17.27,17.71,0,0
20130820,17.71,17.71,17.13,17.21,0,0
20130821,17.21,17.74,17.21,17.74,0,0
20130822,17.74,17.78,17.71,17.74,0,0
20130823,17.74,17.78,17.47,17.48,0,0
20130826,17.48,17.51,16.54,16.98,0,0
20130827,16.98,20.46,16.87,20.46,0,0
20130828,20.47,20.86,20.41,20.41,0,0
20130829,20.42,20.77,20.21,20.76,0,0
20130830,20.769,20.769,20.116,20.116,0,0
20130902,20.12,20.64,19.97,20.48,0,0
20130903,20.48,20.49,20.28,20.28,0,0
20130904,20.29,20.49,20.15,20.15,0,0
20130905,20.16,20.23,19.39,19.72,0,0
20130906,19.72,20.43,19.72,20.43,0,0
20130909,20.43,20.48,20.07,20.31,0,0
20130910,20.32,20.37,19.96,19.97,0,0
20130911,19.97,20.3,19.89,20.03,0,0
20130912,20.04,20.28,19.5,20.28,0,0
20130913,20.28,20.8,20.28,20.8,0,0
20130916,20.8,20.8,20.41,20.47,0,0
20130917,20.48,20.59,20.2,20.27,0,0
20130918,20.27,27.7,19.58,27.7,0,0
20130919,27.69,29.84,27.69,29.81,0,0
20130920,29.8,30.67,29.6,30.04,0,0
20130923,30.03,30.52,29.38,29.38,0,0
20130924,29.36,29.73,29.05,29.1,0,0
20130925,29.09,29.7,29.09,29.6,0,0
20130926,29.59,30.08,29.13,29.65,0,0
20130927,29.63,30.25,29.63,30.25,0,0
20130930,30.236,30.881,30.125,30.709,0,0
20131001,30.697,30.727,30.016,30.325,0,0
20131002,30.311,30.79,30.311,30.742,0,0
20131003,30.73,31.11,30.45,31.01,0,0
20131004,30.99,30.99,30.09,30.1,0,0
20131007,30.09,30.26,29.42,29.95,0,0
20131008,29.93,30.25,29.42,29.53,0,0
20131009,29.52,30.65,29.42,30.65,0,0
20131010,30.638,30.727,30.262,30.262,0,0
20131011,30.252,30.252,30.086,30.18,0,0
20131014,30.17,30.69,29.59,30.43,0,0
20131015,30.42,30.42,30.02,30.03,0,0
20131016,30.02,30.29,29.62,29.62,0,0
20131017,29.61,30.27,29.01,30.27,0,0
20131018,30.256,30.464,29.187,29.228,0,0
20131021,29.22,30.42,29.19,29.24,0,0
20131022,29.22,29.59,28.61,29.59,0,0
20131023,29.571,30.218,28.587,29.66,0,0
20131024,29.647,29.699,28.527,29.206,0,0
20131025,29.192,29.192,28.41,28.475,0,0
20131028,28.462,29.299,28.291,29.299,0,0
20131029,29.285,29.692,28.848,29.097,0,0
20131030,29.083,29.453,28.304,28.788,0,0
20131031,28.772,29.737,28.772,29.314,0,0
20131104,29.299,29.406,29.157,29.392,0,0
20131105,29.377,29.448,28.802,29.448,0,0
20131106,29.431,29.431,28.6,28.827,0,0
20131107,28.811,28.853,28.573,28.853,0,0
20131108,28.837,28.923,28.425,28.499,0,0
20131112,28.483,28.483,28.198,28.436,0,0
20131113,28.421,28.421,27.755,28.379,0,0
20131114,28.365,28.365,27.793,28.357,0,0
20131115,28.341,28.521,27.828,28.394,0,0
20131118,28.378,28.378,27.616,28.225,0,0
20131119,28.209,28.319,27.538,28.246,0,0
20131120,28.231,28.742,28.231,28.742,0,0
20131121,28.726,29.294,28.161,29.294,0,0
20131122,29.294,29.46,28.817,29.448,0,0
20131125,29.43,29.743,28.383,28.383,0,0
20131126,28.366,29.085,28.222,28.796,0,0
20131127,28.783,28.783,27.505,27.505,0,0
20131128,27.492,27.674,27.089,27.155,0,0
20131129,27.141,27.423,27.022,27.423,0,0
20131202,27.41,27.528,27.193,27.489,0,0
20131203,27.476,27.988,26.965,27.3,0,0
20131204,27.287,31.93,26.523,31.93,0,0
20131205,31.915,32.186,30.296,32.089,0,0
20131206,32.073,32.073,31.03,31.253,0,0
20131209,31.234,32.299,31.09,31.9,0,0
20131210,31.885,32.604,31.166,31.59,0,0
20131211,31.572,31.998,30.687,31.998,0,0
20131212,31.98,32.735,31.777,32.735,0,0
20131213,32.717,34.123,32.531,34.123,0,0
20131216,34.107,34.107,32.656,33.173,0,0
20131217,33.155,33.629,32.392,32.852,0,0
20131218,32.836,33.779,32.745,33.771,0,0
20131219,33.751,34.126,32.292,32.994,0,0
20131220,32.975,34.06,32.58,33.806,0,0
20131223,33.788,34.816,33.765,34.418,0,0
20131227,34.4,35.278,33.685,35.178,0,0
20131230,35.16,36.277,34.423,36.277,0,0
20140102,36.256,38.198,36.256,37.606,0,0
20140103,37.586,38.3,29.322,29.322,0,0
20140107,29.305,29.451,27.481,27.509,0,0
20140108,27.488,27.514,26.655,26.991,0,0
20140109,26.97,27.159,26.554,27.024,0,0
20140110,27.003,27.003,25.564,26.957,0,0
20140113,26.94,27.768,26.304,26.736,0,0
20140114,26.721,27.579,26.721,27.363,0,0
20140115,27.347,27.533,27.153,27.153,0,0
20140116,27.137,27.194,26.889,27.184,0,0
20140117,27.168,27.168,26.165,26.253,0,0
20140120,26.238,26.714,26.238,26.714,0,0
20140121,26.698,26.768,25.989,26.219,0,0
20140122,26.203,26.753,26.182,26.753,0,0
20140123,26.739,26.859,26.703,26.771,0,0
20140124,26.757,26.757,25.983,26.652,0,0
20140127,26.638,27.141,26.635,27.053,0,0
20140128,27.037,27.037,26.302,26.554,0,0
20140129,26.534,26.601,26.251,26.356,0,0
20140130,26.336,26.719,26.286,26.719,0,0
20140131,26.698,26.725,19.489,19.489,0,0
20140203,19.471,23.51,18.802,23.51,0,0
20140204,23.486,23.6,21.849,21.849,0,0
20140205,21.83,23.114,21.83,23.114,0,0
20140206,23.114,23.234,23.08,23.234,0,0
20140207,23.234,23.288,22.588,23.231,0,0
20140210,23.231,23.231,22.115,22.115,0,0
20140211,22.115,22.318,22.115,22.318,0,0
20140212,22.318,23.19,22.318,23.19,0,0
20140213,23.19,23.595,23.19,23.517,0,0
20140214,23.522,23.613,22.732,22.829,0,0
20140217,22.834,23.373,22.663,23.322,0,0
20140218,23.327,24.142,22.843,22.879,0,0
20140219,22.879,22.948,20.618,20.618,0,0
20140220,20.618,20.713,20.017,20.017,0,0
20140221,20.017,20.281,20.017,20.281,0,0
20140224,20.281,20.647,19.867,19.867,0,0
20140225,19.867,20.189,19.089,19.671,0,0
20140226,19.671,19.796,19.622,19.634,0,0
20140227,19.634,19.792,18.661,18.757,0,0
20140228,18.757,19.259,18.757,18.763,0,0
20140303,18.763,18.792,16.954,17.647,0,0
20140304,17.647,17.941,17.192,17.192,0,0
20140305,17.192,17.192,16.535,16.945,0,0
20140306,16.945,17.1,16.86,17.1,0,0
20140307,17.1,17.359,16.769,16.838,0,0
20140310,16.842,16.842,16.667,16.689,0,0
20140311,16.693,16.939,16.397,16.667,0,0
20140312,16.671,16.93,16.597,16.93,0,0
20140313,16.934,17.442,16.903,17.136,0,0
20140314,17.14,17.182,16.581,16.736,0,0
20140317,16.74,16.747,16.302,16.695,0,0
20140318,16.699,16.804,16.399,16.517,0,0
20140319,16.521,18.033,16.093,18.033,0,0
20140320,18.036,18.348,18.036,18.325,0,0
20140321,18.329,18.343,18.051,18.33,0,0
20140324,18.334,18.334,17.93,18.218,0,0
20140325,18.222,18.493,17.829,17.996,0,0
20140326,18,18,17.963,17.963,0,0
20140327,17.967,18.536,17.967,18.333,0,0
20140328,18.337,18.367,18.325,18.329,0,0
20140331,18.332,18.451,18.115,18.317,0,0
20140401,18.321,18.321,18.186,18.218,0,0
20140402,18.222,18.238,17.944,18.178,0,0
20140403,18.182,18.217,17.763,17.867,0,0
20140404,17.87,17.891,16.589,16.589,0,0
20140407,16.592,16.827,16.59,16.645,0,0
20140408,16.648,16.681,16.38,16.559,0,0
20140409,16.562,16.652,16.401,16.652,0,0
20140410,16.655,17.281,16.617,16.838,0,0
20140411,16.841,17.009,15.733,16.186,0,0
20140414,16.186,17.033,16.003,17.033,0,0
20140415,17.033,17.432,16.965,17.431,0,0
20140416,17.431,17.88,15.131,15.131,0,0
20140417,15.131,16.258,15.131,16.258,0,0
20140422,16.258,16.298,15.146,15.338,0,0
20140423,15.338,15.69,14.078,15.69,0,0
20140424,15.664,16.19,15.664,16.178,0,0
20140425,16.151,16.67,16.104,16.668,0,0
20140428,16.612,17.313,16.211,17.313,0,0
20140429,17.255,17.483,17.068,17.281,0,0
20140430,17.223,17.318,17.002,17.318,0,0
20140502,17.259,17.306,15.738,16.455,0,0
20140505,16.399,17.508,16.393,17.4,0,0
20140506,17.341,17.546,16.715,17.004,0,0
20140507,16.947,17.055,15.999,16.607,0,0
20140508,16.551,16.898,16.428,16.84,0,0
20140509,16.784,17.388,16.751,17.361,0,0
20140512,17.303,17.62,16.689,17.09,0,0
20140513,17.09,17.231,16.682,16.905,0,0
20140514,16.848,17.098,16.575,17.015,0,0
20140515,17.865,18.028,17.286,17.675,0,0
20140516,17.621,18.06,16.745,17.602,0,0
20140519,17.548,18.045,17.159,17.236,0,0
20140520,17.236,18.09,17.236,17.47,0,0
20140521,17.42,17.749,17.054,17.334,0,0
20140522,17.279,17.279,16.437,16.616,0,0
20140523,16.564,16.653,16.213,16.317,0,0
20140526,16.259,16.813,15.937,16.774,0,0
20140527,16.719,16.862,16.378,16.533,0,0
20140528,16.477,16.606,15.965,16.019,0,0
20140529,15.965,15.988,15.64,15.949,0,0
20140530,15.896,16.934,15.886,16.934,0,0
20140602,16.872,17.449,16.787,16.932,0,0
20140603,16.878,16.938,16.396,16.857,0,0
20140604,16.803,16.994,16.735,16.994,0,0
20140605,16.94,17.009,16.541,16.541,0,0
20140606,16.489,16.644,16.489,16.644,0,0
20140609,16.591,16.707,16.579,16.632,0,0
20140610,16.768,16.768,16.768,16.768,0,0
20140611,16.715,17.208,16.567,17.208,0,0
20140612,17.152,17.271,17.152,17.264,0,0
20140613,17.653,17.836,17.453,17.73,0,0
20140616,17.677,17.71,17.21,17.673,0,0
20140617,17.62,22.534,17.489,22.534,0,0
20140618,22.478,22.601,22.044,22.224,0,0
20140620,22.169,22.852,22.169,22.852,0,0
20140623,22.792,22.844,22.24,22.466,0,0
20140624,22.41,22.584,21.69,21.84,0,0
20140625,21.787,21.885,21.445,21.705,0,0
20140626,21.653,22.034,21.444,21.843,0,0
20140627,21.787,34.614,21.787,34.614,0,0
20140630,34.384,34.771,34.2,34.593,0,0
20140701,34.355,34.741,33.893,34.318,0,0
20140702,34.087,34.701,34.087,34.701,0,0
20140703,34.458,34.458,33.636,34.386,0,0
20140704,34.145,34.309,33.804,34.261,0,0
20140707,34.034,34.575,33.817,34.575,0,0
20140708,34.346,34.346,33.54,33.76,0,0
20140709,33.54,39.929,33.229,39.929,0,0
20140710,39.689,40.734,39.309,40.493,0,0
20140711,40.244,40.833,40.186,40.739,0,0
20140714,40.503,41.006,39.437,41.006,0,0
20140715,40.773,44.911,40.232,44.911,0,0
20140716,44.595,44.935,43.941,44.762,0,0
20140717,44.453,44.914,44.234,44.914,0,0
20140718,44.605,44.605,43.498,44.244,0,0
20140721,43.94,44.486,43.94,44.486,0,0
20140722,44.486,45.766,44.187,45.766,0,0
20140723,45.445,46.524,45.388,46.524,0,0
20140724,46.191,46.349,45.973,46.349,0,0
20140725,46.017,46.349,44.794,46.349,0,0
20140728,46.017,46.402,45.738,46.402,0,0
20140729,46.07,46.07,44.78,45.421,0,0
20140730,45.096,45.566,45.096,45.566,0,0
20140731,45.246,45.246,44.815,45.15,0,0
20140801,44.833,45.131,44.812,45.131,0,0
20140804,44.815,44.911,44.571,44.886,0,0
20140805,44.571,44.861,44.233,44.861,0,0
20140806,44.546,44.679,44.186,44.679,0,0
20140807,44.365,44.713,39.049,39.049,0,0
20140808,38.775,38.995,38.739,38.995,0,0
20140811,38.721,38.857,38.704,38.857,0,0
20140812,38.584,38.839,38.566,38.839,0,0
20140813,38.566,38.635,38.098,38.635,0,0
20140814,38.363,38.901,38.093,38.901,0,0
20140818,38.628,38.913,38.007,38.349,0,0
20140819,38.079,38.16,26.277,26.277,0,0
20140820,26.079,26.673,25.863,26.673,0,0
20140821,26.472,26.741,25.966,26.741,0,0
20140822,26.536,27.004,26.536,27.004,0,0
20140825,26.797,26.889,26.335,26.597,0,0
20140826,26.392,26.392,20.277,20.277,0,0
20140827,20.103,20.277,20.103,20.277,0,0
20140828,20.103,20.103,19.608,19.912,0,0
20140829,19.738,19.772,19.317,19.666,0,0
20140901,19.494,19.494,18.579,18.823,0,0
20140902,18.661,19.095,18.168,19.095,0,0
20140903,18.934,19.252,18.697,19.252,0,0
20140904,19.089,19.404,18.651,19.404,0,0
20140905,19.24,20.095,19.24,19.745,0,0
20140908,19.576,19.891,18.967,19.23,0,0
20140909,19.065,19.621,18.949,19.621,0,0
20140910,19.455,19.474,18.617,19.45,0,0
20140911,19.292,19.292,18.423,18.684,0,0
20140912,18.524,18.776,18.347,18.643,0,0
20140915,18.483,19.298,18.434,19.298,0,0
20140916,19.141,19.668,19.057,19.668,0,0
20140917,19.507,19.507,18.958,19.47,0,0
20140918,19.31,19.754,18.847,18.847,0,0
20140919,18.879,19.53,18.879,19.499,0,0
20140922,19.53,19.803,18.886,19.803,0,0
20140923,19.834,19.979,19.54,19.551,0,0
20140924,19.582,19.582,19.551,19.551,0,0
20140925,19.582,19.582,19.532,19.532,0,0
20140926,19.563,19.946,19.501,19.856,0,0
20140929,19.887,19.982,19.887,19.931,0,0
20140930,19.957,19.957,19.625,19.625,0,0
20141001,19.655,19.685,19.072,19.072,0,0
20141002,19.103,19.581,18.926,19.555,0,0
20141003,19.581,19.885,19.581,19.838,0,0
20141006,19.864,19.889,19.462,19.462,0,0
20141007,19.488,19.561,19.157,19.261,0,0
20141008,19.287,19.287,18.956,18.956,0,0
20141009,18.987,18.987,18.621,18.621,0,0
20141010,18.651,18.823,18.451,18.451,0,0
20141013,18.482,19.042,18.482,19.015,0,0
20141014,19.042,19.248,18.988,19.009,0,0
20141015,19.034,19.08,18.483,18.483,0,0
20141016,18.51,18.553,18.111,18.523,0,0
20141017,18.55,19.015,18.55,18.738,0,0
20141020,18.764,19.016,18.102,18.102,0,0
20141021,18.127,18.127,17.571,17.571,0,0
20141022,17.595,18.023,17.553,17.616,0,0
20141023,17.643,18.339,17.557,18.339,0,0
20141024,18.339,18.339,17.876,17.876,0,0
20141027,17.876,17.923,17.632,17.664,0,0
20141028,17.69,18.18,17.503,17.503,0,0
20141029,17.533,17.846,17.305,17.574,0,0
20141030,17.574,17.71,17.265,17.464,0,0
20141031,17.49,17.903,17.468,17.877,0,0
20141103,17.903,18.227,17.163,17.527,0,0
20141104,17.553,17.848,17.462,17.821,0,0
20141105,17.848,17.848,17.556,17.821,0,0
20141106,17.848,17.993,17.677,17.853,0,0
20141107,17.88,17.89,17.864,17.864,0,0
20141110,17.89,18.494,17.89,18.457,0,0
20141112,18.485,18.972,18.485,18.972,0,0
20141113,17.82,17.831,17.374,17.441,0,0
20141114,18.731,19.309,18.428,18.428,0,0
20141117,18.452,18.452,18.222,18.222,0,0
20141118,18.251,18.706,18.024,18.024,0,0
20141119,18.048,18.223,17.783,17.996,0,0
20141120,18.02,18.577,17.657,17.938,0,0
20141121,17.963,18.74,17.95,17.95,0,0
20141124,17.977,22.647,17.977,22.647,0,0
20141125,22.681,22.804,22.63,22.63,0,0
20141126,22.658,22.658,21.901,22.249,0,0
20141127,22.276,24.84,21.811,24.84,0,0
20141128,24.866,28.437,24.385,28.437,0,0
20141201,28.469,28.469,25.249,25.249,0,0
20141202,25.278,25.531,24.974,25.33,0,0
20141203,25.359,25.359,24.254,24.767,0,0
20141204,24.795,25.518,24.088,25.489,0,0
20141205,25.518,28.409,25.096,28.409,0,0
20141208,28.438,28.79,28.438,28.735,0,0
20141209,28.762,28.931,28.129,28.904,0,0
20141210,28.931,28.931,27.572,27.801,0,0
20141211,27.826,28.204,26.772,26.772,0,0
20141212,26.747,27.478,26.747,27.272,0,0
20141215,27.248,27.248,25.656,26.743,0,0
20141216,26.716,27.853,25.816,25.816,0,0
20141217,25.792,25.792,24.475,25.108,0,0
20141218,25.085,25.699,24.891,25.277,0,0
20141219,25.257,25.675,25.257,25.673,0,0
20141222,25.653,25.709,25.079,25.709,0,0
20141223,25.688,26.051,25.297,26.051,0,0
20141229,30.889,31.168,30.643,31.168,0,0
20141230,26.851,26.955,25.759,26.721,0,0
