Date,Open,High,Low,Close,Volume,OpenInt
20080915,105.35,105.35,105.35,105.35,0,0
20080916,106.07,106.53,98.06,101.98,0,0
20080917,100.8,104.09,100.39,104.09,0,0
20080918,98.56,103.33,98.56,102.5,0,0
20080919,105.25,107.09,104.25,104.25,0,0
20080922,104.43,104.95,99.64,99.64,0,0
20080923,99.25,101.4,99.25,101.21,0,0
20080924,101.03,104.93,96.61,104.93,0,0
20080925,102.31,104.84,101.39,104.83,0,0
20080926,104.86,104.86,99.58,104.37,0,0
20080929,100.16,100.16,100.16,100.16,0,0
20080930,96.87,99.93,91.24,99.93,0,0
20081001,96.58,100.21,96.58,99.94,0,0
20081002,98.89,100.2,95.03,95.03,0,0
20081003,95.03,98.94,93.69,93.85,0,0
20081006,93.85,94.9,87.48,90.12,0,0
20081007,90.97,96.14,88.81,92.63,0,0
20081008,93.5,93.68,87.57,87.57,0,0
20081009,87.27,91.28,86.94,87.38,0,0
20081010,84.84,85.13,80.53,82.24,0,0
20081013,84.31,85.15,78.9,83.04,0,0
20081014,84.09,88.98,84.09,88.28,0,0
20081015,87.31,88.36,84.02,87.81,0,0
20081016,83.36,89.13,81.49,85.65,0,0
20081017,84.46,84.46,80.16,82.8,0,0
20081020,83.85,83.85,77.93,80.96,0,0
20081021,79.7,82.06,79.7,81.98,0,0
20081022,80.63,80.98,76.93,79.41,0,0
20081023,77.02,77.54,70.42,72.55,0,0
20081024,72.4,72.4,71.42,72.11,0,0
20081027,71.41,75.21,66.22,72.73,0,0
20081028,73.78,75.45,72.65,74.91,0,0
20081029,76.58,76.58,71.48,74.68,0,0
20081030,74.68,74.68,70.6,74.54,0,0
20081031,73.51,74.64,71.94,74.46,0,0
20081103,72.77,74.2,70.93,73.27,0,0
20081104,72.57,77.67,72.57,77.59,0,0
20081105,77.06,80.91,77.06,78.48,0,0
20081106,77.22,78.53,74.29,76.97,0,0
20081107,76.97,76.97,75.05,76.34,0,0
20081110,75.75,80.15,75.75,78.04,0,0
20081112,76.56,76.72,71.44,73.98,0,0
20081113,76.61,77.71,73.91,75.51,0,0
20081114,75.51,76.12,73.51,75.27,0,0
20081117,74.34,78.61,74.34,77.05,0,0
20081118,77.15,78.68,75.2,78.68,0,0
20081119,78.86,78.86,75.87,77.17,0,0
20081120,76.08,77.13,76.08,76.3,0,0
20081121,76.16,76.16,73.94,74.98,0,0
20081124,75.08,76.31,74.66,74.66,0,0
20081125,76.18,77.23,73.2,75.15,0,0
20081126,74.59,76.4,74.06,76.4,0,0
20081127,77.47,79.46,76.9,76.9,0,0
20081128,76.75,77.08,74.5,75.21,0,0
20081201,75.21,78.07,74.16,78.07,0,0
20081202,77.89,79.61,73.01,77.74,0,0
20081203,79.66,80.12,78.39,80.11,0,0
20081204,79.15,81.82,79.15,81.82,0,0
20081205,81.82,81.82,80.77,81.47,0,0
20081208,81.59,81.59,79.24,79.25,0,0
20081209,77.74,80.52,77.6,80.29,0,0
20081210,76.15,77.29,76.12,76.76,0,0
20081211,75.33,75.33,72.9,73.61,0,0
20081212,73.56,76.79,72.62,75.2,0,0
20081215,75.22,80.39,75.22,79.51,0,0
20081216,75.5,78.61,75.5,76.93,0,0
20081217,78.29,78.29,72.37,75.87,0,0
20081218,73.36,74.43,73.13,74.42,0,0
20081219,52.88,72.52,52.21,72.52,0,0
20081222,51.02,51.54,49.97,51.19,0,0
20081223,51.19,51.8,50.88,50.89,0,0
20081229,49.72,50.91,48.61,50.91,0,0
20081230,50.91,51.38,48.81,51.38,0,0
20081231,51.2,51.2,49.79,50.99,0,0
20090105,49.97,49.97,49.15,49.42,0,0
20090106,49.34,53,49.34,52.99,0,0
20090107,53.39,54.72,52.23,52.41,0,0
20090108,52.06,54.06,52.06,54.05,0,0
20090109,52.45,52.45,50.86,52.11,0,0
20090112,52.08,53.13,50.15,51.67,0,0
20090113,51.43,51.43,46.06,49.2,0,0
20090114,48.15,49.2,48.15,49.2,0,0
20090115,48.77,49.14,46.51,48.1,0,0
20090116,48.1,49.15,47.19,48.09,0,0
20090119,49.14,49.14,46.81,47.67,0,0
20090120,47.67,47.72,46.35,47.72,0,0
20090121,47,47,44.5,45.42,0,0
20090122,45.42,46.47,44.55,45.59,0,0
20090123,44.54,45.59,42.61,45.59,0,0
20090126,45.59,45.59,45.27,45.5,0,0
20090127,45.57,45.7,44.38,44.5,0,0
20090128,44.67,46.25,44.67,45.55,0,0
20090129,45.41,45.41,43.06,45.37,0,0
20090130,44.17,45.46,44.17,45.46,0,0
20090202,43.71,44.97,43.48,44.95,0,0
20090203,44.95,44.95,42.47,42.47,0,0
20090204,40.92,43.28,40.92,43.28,0,0
20090205,43.28,43.28,41.64,43.25,0,0
20090206,42.9,42.9,40,40.96,0,0
20090209,40.49,42.23,40.49,42.23,0,0
20090210,41.07,41.07,38.51,40.09,0,0
20090211,39.25,40.67,38.03,38.53,0,0
20090212,38.68,40.05,36.74,40.04,0,0
20090213,38.99,40.04,38.99,39.35,0,0
20090216,40.4,40.4,36.67,39.48,0,0
20090217,39.48,39.48,37.56,37.56,0,0
20090218,35.81,36.59,34.22,36.59,0,0
20090219,35.75,38.51,35.75,36.91,0,0
20090220,35.16,37.29,34.96,37.29,0,0
20090223,38.34,38.34,37.11,38.16,0,0
20090224,37.26,38.96,36.18,38.96,0,0
20090225,36.75,38.19,36.43,37.6,0,0
20090226,37.6,38.65,37.6,38.65,0,0
20090227,37.45,38.9,37.45,38.89,0,0
20090302,38.74,39.21,36.47,39.21,0,0
20090303,38.16,39.5,37.89,39.5,0,0
20090304,37.7,38.17,36.42,38.17,0,0
20090305,36.42,38.39,36.42,37.87,0,0
20090306,37.87,38.25,36.97,38.24,0,0
20090309,37.79,37.79,36.41,37.48,0,0
20090310,37.48,37.88,36.78,37.87,0,0
20090311,37.9,37.9,36.85,37.9,0,0
20090312,35.92,37.02,35.92,37.01,0,0
20090313,35.71,37.94,35.71,36.88,0,0
20090316,37.68,37.94,36.56,37.94,0,0
20090317,37.94,38.64,37.09,37.57,0,0
20090318,37.59,37.59,35.49,37.02,0,0
20090319,37.02,37.02,35.83,36.25,0,0
20090320,36.25,36.25,35.2,36.05,0,0
20090323,35.41,36.42,33.78,36.42,0,0
20090324,36.36,36.39,34.37,34.67,0,0
20090325,34.9,37.78,34.9,37.78,0,0
20090326,37.08,38.83,36.98,38.83,0,0
20090327,38.64,38.71,37.66,37.87,0,0
20090330,36.82,39.17,36.47,39.17,0,0
20090331,38.94,40.14,38.94,40.14,0,0
20090401,38.94,39.09,37.89,39.09,0,0
20090402,39.09,39.48,38.12,39.48,0,0
20090403,39.48,40.43,38.28,40.27,0,0
20090406,38.65,40.46,38.65,39.92,0,0
20090407,39.92,40.65,39.72,40.65,0,0
20090408,39.21,43.01,39.21,43.01,0,0
20090409,43.34,43.62,42.25,42.25,0,0
20090414,42.25,44.71,42.25,44.71,0,0
20090415,44.93,45.35,42.95,43.98,0,0
20090416,43.87,51.35,43.87,50.87,0,0
20090417,51.57,51.57,48.04,49.4,0,0
20090420,48.2,48.35,46.82,47.91,0,0
20090421,45.21,48.07,45.21,48.07,0,0
20090422,47.03,47.82,45.71,46.84,0,0
20090423,45.48,46.84,44.79,46.2,0,0
20090424,46.34,46.86,45.12,46.53,0,0
20090427,45.82,48.93,45.51,47.31,0,0
20090428,45.35,46.2,43.87,45.89,0,0
20090429,45.18,47.55,45.18,47.51,0,0
20090430,47.51,47.51,44.54,45.34,0,0
20090504,44.21,45.53,43.01,45.53,0,0
20090505,46.9,46.9,44.79,46.03,0,0
20090506,45.87,46.7,44.3,45.31,0,0
20090507,45.3,46.24,44.29,46.24,0,0
20090508,46.24,46.8,45.04,46.1,0,0
20090511,46.36,46.36,45.16,45.55,0,0
20090512,45.7,45.94,45.7,45.88,0,0
20090513,45.87,45.95,44.67,44.97,0,0
20090514,44.97,46.23,44.05,46.11,0,0
20090515,46.22,46.72,44.41,45.52,0,0
20090518,45.34,46.82,45.2,46.62,0,0
20090519,99.37,110.69,99.37,110.69,0,0
20090520,110.69,112.97,106.21,106.21,0,0
20090521,107.44,107.64,101,105.06,0,0
20090522,114.89,120.99,113.79,119.85,0,0
20090525,119.93,119.93,112.92,116.38,0,0
20090526,113.33,116.7,110.66,116.7,0,0
20090527,118.03,119.64,109.19,119.6,0,0
20090528,116.92,116.92,110.54,110.54,0,0
20090529,111.51,119.79,111.51,119.79,0,0
20090601,120.54,120.54,120.54,120.54,0,0
20090602,119.79,120.47,115.3,120.28,0,0
20090603,121.38,121.79,115.37,118.24,0,0
20090604,121.43,122.1,118.64,122.1,0,0
20090605,122.28,125.53,121.73,125.21,0,0
20090608,126.03,127.34,120.81,126.81,0,0
20090609,126.63,126.63,123.05,123.6,0,0
20090610,126.88,129.03,124.23,129.03,0,0
20090612,125.24,131.22,125.24,130.74,0,0
20090615,131.57,131.57,126.19,130.92,0,0
20090616,130.92,134.64,122.94,133.93,0,0
20090617,131.34,131.82,128.09,131.52,0,0
20090618,131.29,131.51,125.92,128.93,0,0
20090619,130.19,136.75,128.19,136.75,0,0
20090622,135.84,135.84,130.33,130.33,0,0
20090623,129.42,129.42,115.83,124.81,0,0
20090624,124.34,132.1,124.31,132.1,0,0
20090625,132.1,135.15,126.95,129.09,0,0
20090626,126.51,138.75,126.51,138.75,0,0
20090629,141.15,142.75,136.62,142.75,0,0
20090630,142.75,144.54,138.85,144.54,0,0
20090701,134.75,141.95,134.75,139.81,0,0
20090702,139.94,140.42,136.79,140.04,0,0
20090703,134.95,139.38,133.79,139.38,0,0
20090706,139.14,139.14,130.29,132.36,0,0
20090707,130.71,130.71,123.93,126.51,0,0
20090708,126.94,131.37,126.94,131.37,0,0
20090709,128.02,130.04,127.46,130.04,0,0
20090710,131.16,133.65,128,131.07,0,0
20090713,131.07,131.07,128.48,129.35,0,0
20090714,127.15,128.54,125.62,125.62,0,0
20090715,127.32,128.03,124.81,127.28,0,0
20090716,124.22,127.19,123.61,126.53,0,0
20090717,126.53,132.17,110.98,132.11,0,0
20090720,131.99,133.14,121.98,133.14,0,0
20090721,132.84,136.61,132.33,136.61,0,0
20090722,133.55,136.27,126.92,135.86,0,0
20090723,135.85,137.22,133.63,134.66,0,0
20090724,127.46,135.91,127.12,135.2,0,0
20090727,135.39,136.01,126.98,135.11,0,0
20090728,132.56,135.86,132,132.6,0,0
20090729,132.35,136.03,130.94,136.03,0,0
20090730,134.4,135.13,125.87,125.87,0,0
20090731,125.87,139.62,125.87,138.78,0,0
20090803,135.04,135.39,127.39,130.2,0,0
20090804,130.71,135.79,126.96,135.64,0,0
20090805,134.89,135.29,130.71,130.71,0,0
20090806,128.24,135.88,127.65,135.32,0,0
20090807,135.21,137.3,127.66,137.3,0,0
20090810,137.79,137.98,130.99,136.33,0,0
20090811,136.79,141.41,136.79,141.41,0,0
20090812,141.12,141.41,138.7,138.7,0,0
20090813,138.7,138.7,131.6,134.18,0,0
20090814,134.83,140.36,127.81,139.79,0,0
20090817,129.55,140.86,129.55,139.36,0,0
20090818,139.94,140.65,130.42,131.35,0,0
20090819,131.66,145.18,128.94,141.89,0,0
20090820,143.47,152.37,143.47,151.85,0,0
20090821,150.71,153.31,139.4,153.31,0,0
20090824,150.08,153.63,149.61,153.63,0,0
20090825,152.2,152.2,140.79,149.04,0,0
20090826,149.02,149.43,139.85,143.16,0,0
20090827,142.69,153.51,142.69,151.23,0,0
20090828,151.6,153.84,145.13,153.71,0,0
20090831,153.98,154.94,152.32,154.94,0,0
20090901,154.09,154.09,141.65,147.78,0,0
20090902,146.74,146.74,140.45,143.03,0,0
20090903,139.74,141.96,138.58,139.24,0,0
20090904,138.53,147.82,133.42,147.82,0,0
20090907,147.05,147.68,144.17,146.88,0,0
20090908,146.7,148.56,145.04,148.56,0,0
20090909,148.66,149.39,148.4,148.48,0,0
20090910,142.33,145.78,139.82,139.82,0,0
20090911,139.46,141.18,138.82,141.18,0,0
20090914,138.54,141.06,138.54,141,0,0
20090915,141.16,145.05,140.33,140.47,0,0
20090916,140.35,146.58,139.78,146.51,0,0
20090917,144.1,147.57,141.05,145.8,0,0
20090918,145.8,145.8,142.2,144.2,0,0
20090921,140.07,141.23,135.55,138.14,0,0
20090922,136.94,146.55,136.94,146.02,0,0
20090923,142.87,143,142.26,143,0,0
20090924,142.61,142.61,138.27,141.04,0,0
20090925,140.76,141.91,131.17,133.2,0,0
20090928,130.5,145.19,130.5,144.02,0,0
20090929,142.03,145.14,133.71,145.14,0,0
20090930,145.5,147.84,143.03,147.62,0,0
20091001,145.3,146.09,135.34,138.79,0,0
20091002,135.5,145.83,134.16,145.83,0,0
20091005,145.79,145.83,142.94,145.83,0,0
20091006,142.49,146.49,142.49,145.83,0,0
20091007,140.87,144.97,140.87,143.73,0,0
20091008,142.51,145.32,142.49,143.26,0,0
20091009,146.08,147.26,143.59,144.27,0,0
20091012,143.9,148.57,143.9,145.23,0,0
20091013,140,145.62,139.09,145.62,0,0
20091014,144.92,147.12,142.82,146.96,0,0
20091015,142.22,142.9,138.35,139.67,0,0
20091016,135.43,135.43,128.06,129.01,0,0
20091019,133.37,133.61,130.42,133.55,0,0
20091020,127.51,130.58,126.86,129.49,0,0
20091021,129.37,133.38,129.06,133.28,0,0
20091022,133.34,133.93,130.29,133.93,0,0
20091023,133.99,134.27,131.17,134.27,0,0
20091026,131.68,134.49,130.75,131.75,0,0
20091027,131.98,132,128.45,129.84,0,0
20091028,119.8,131.53,119.8,131.31,0,0
20091029,131.42,131.46,130.28,131.03,0,0
20091030,130.65,130.66,126.91,129.99,0,0
20091102,130.68,132.81,129.51,132.81,0,0
20091103,132.94,133.79,130.37,133.41,0,0
20091104,130.82,134.97,128.8,131.28,0,0
20091105,131.54,131.54,125.63,128.68,0,0
20091106,124.83,133.56,124.83,133.56,0,0
20091109,132.97,134.54,129.66,134.54,0,0
20091110,130.26,136.59,130.26,134.23,0,0
20091112,134.97,142.12,134.31,142.12,0,0
20091113,142.26,144,139.79,143.89,0,0
20091116,134.45,142.67,134.45,140.37,0,0
20091117,139.23,143.41,139.04,143.41,0,0
20091118,144.07,144.07,138.93,142.17,0,0
20091119,141.03,141.03,126.12,140.74,0,0
20091120,143.58,143.91,140.29,143.91,0,0
20091123,140.13,142.12,135.83,141.41,0,0
20091124,133.07,144.14,133.07,143.51,0,0
20091125,143.12,147.06,142.41,142.7,0,0
20091126,142.78,143.93,137.24,137.4,0,0
20091127,137.34,143.16,137.34,142.8,0,0
20091130,143.51,143.94,143.48,143.94,0,0
20091201,142.44,142.89,142.42,142.42,0,0
20091202,142.56,142.56,138.9,138.9,0,0
20091203,141.8,142.76,139.21,142.2,0,0
20091204,142.4,145.16,139.18,143.35,0,0
20091207,144.1,144.86,139.83,141.43,0,0
20091208,141.43,142.92,137.76,142.92,0,0
20091209,145.1,145.1,141.41,141.53,0,0
20091210,140.92,143.88,140.04,143.7,0,0
20091211,139.47,143.14,138.62,140.23,0,0
20091214,140.07,140.36,139.56,140.26,0,0
20091215,139.46,139.76,135.25,139.76,0,0
20091216,138.77,139,135.19,138.8,0,0
20091217,137.3,139.09,135.87,135.87,0,0
20091218,138.74,138.74,137.79,138.74,0,0
20091221,138.68,140.02,136.57,140.02,0,0
20091222,139.57,139.89,138.25,139,0,0
20091223,137.9,143.34,137.9,141.03,0,0
20091228,143.2,143.2,141.2,141.2,0,0
20091229,141.2,148.28,138.42,148.23,0,0
20091230,148.71,157.15,147.41,157.15,0,0
20091231,159.19,159.49,155.26,158.9,0,0
20100104,158.9,158.99,145.76,150.87,0,0
20100105,148.08,160.92,142.66,153.83,0,0
20100106,150.94,151.07,139.64,140.55,0,0
20100107,140.43,149.29,140.06,147.15,0,0
20100108,152.47,156.28,152.47,156.28,0,0
20100111,159.17,162.57,150.37,150.58,0,0
20100112,150.43,162.82,149.27,162.82,0,0
20100113,162.56,162.56,158.42,160.83,0,0
20100114,160.9,165.55,159.25,165.28,0,0
20100115,164.98,168.49,164.04,167.39,0,0
20100118,169.13,169.13,164.49,167.56,0,0
20100119,163.64,163.76,154.68,159.92,0,0
20100120,156.88,161.4,154.79,161.4,0,0
20100121,153.23,155.38,148.35,153.04,0,0
20100122,158.77,160.07,149.42,149.42,0,0
20100125,151.74,153.06,149.91,153.06,0,0
20100126,152.9,152.9,146.32,151.43,0,0
20100127,151.08,151.08,146,150.45,0,0
20100128,150.11,155.84,149.71,155.84,0,0
20100129,183.42,188.72,182.85,188.72,0,0
20100201,188.38,191.46,182.51,189.12,0,0
20100202,187.35,187.81,183.63,187.81,0,0
20100203,189.4,189.75,185.4,189.06,0,0
20100204,187.56,193.8,185.21,190.8,0,0
20100205,186.25,191.33,185.36,191.28,0,0
20100208,191.85,195.5,191.6,194.27,0,0
20100209,194.48,195.89,186,195.89,0,0
20100210,196.04,196.9,190.12,196.9,0,0
20100211,196.46,196.5,193.15,195.72,0,0
20100212,196.54,197.23,194.48,197.23,0,0
20100215,195.09,197.1,192.19,196.62,0,0
20100216,196.23,196.57,183.05,196.13,0,0
20100217,195.62,197.93,192,197.93,0,0
20100218,197.71,201.65,191.76,201.65,0,0
20100219,197.87,203.51,197.87,200.2,0,0
20100222,199.74,204.48,199.74,203.35,0,0
20100223,204.17,215.94,203.8,215.94,0,0
20100224,211.21,217.73,206.82,213.21,0,0
20100225,216.45,221.77,210.38,213.77,0,0
20100226,216.09,225.81,215.85,221.92,0,0
20100301,222.18,222.36,212.69,215.93,0,0
20100302,212.49,228.02,212.49,228.02,0,0
20100303,226.14,227.23,215.95,227.23,0,0
20100304,227.83,227.87,216.7,226.3,0,0
20100305,223.38,224.37,221.9,221.9,0,0
20100308,221.24,223.49,219.05,222.74,0,0
20100309,223.09,231.87,219.84,231.87,0,0
20100310,233.47,237.01,227.35,230.78,0,0
20100311,230.84,233.89,216.57,231.47,0,0
20100312,229.76,233.14,215.8,227.28,0,0
20100315,227.3,227.79,221.67,224.67,0,0
20100316,222.55,225.09,219.42,225.09,0,0
20100317,221.93,225.61,218.57,223.08,0,0
20100318,222.25,222.25,217.38,219.41,0,0
20100319,213.49,213.84,211.19,213.67,0,0
20100322,213.59,217.23,209.2,217.23,0,0
20100323,217.19,217.67,214.05,214.75,0,0
20100324,214.07,214.2,213.61,213.61,0,0
20100325,214.1,214.1,212.16,213.89,0,0
20100326,211.3,224.88,211.3,224.88,0,0
20100329,223.02,227.34,219.84,220.95,0,0
20100330,227.02,228.62,224.11,225.26,0,0
20100331,223.91,225.14,223.89,225.14,0,0
20100401,225.96,226.38,222.66,223.95,0,0
20100406,213.12,236.92,213.12,236.92,0,0
20100407,235.11,235.11,217.73,218.06,0,0
20100408,220.98,220.98,216.69,219.64,0,0
20100409,214.7,223.53,213.83,223.53,0,0
20100412,221.54,226.08,209.44,226.08,0,0
20100413,226.56,226.59,208.29,213.49,0,0
20100414,217.52,218.18,206.64,215.31,0,0
20100415,211.34,211.98,208.29,208.75,0,0
20100416,207.73,211.46,207.5,208.34,0,0
20100419,207.17,207.52,205.36,206.49,0,0
20100420,206.74,209.74,203.69,204.83,0,0
20100421,207.95,208.88,200.58,204.3,0,0
20100422,200.88,208.97,199.24,208.97,0,0
20100423,211.63,215.54,208.65,214.34,0,0
20100426,208.2,209.38,204.57,207.07,0,0
20100427,209.12,217.12,206.36,217.12,0,0
20100428,214.6,215.38,202.86,208.1,0,0
20100429,209.54,209.54,203.75,205.65,0,0
20100430,206.25,210.51,202.48,210.51,0,0
20100504,210.16,214.05,208,208,0,0
20100505,209.74,225.57,204.97,225.57,0,0
20100506,225.77,227.06,219.82,219.82,0,0
20100507,217.87,225.64,217.87,225.64,0,0
20100510,225.64,225.64,210.35,214.18,0,0
20100511,216.75,216.75,209.67,211.34,0,0
20100512,210.7,219.73,209.78,219.73,0,0
20100513,219.81,222.69,217.96,222.69,0,0
20100514,218.06,223.02,214.41,218.14,0,0
20100517,217,217.73,213.99,217.73,0,0
20100518,216.67,218.58,213.31,218.58,0,0
20100519,218.58,218.58,210.23,214.15,0,0
20100520,214.02,214.37,209.5,214.27,0,0
20100521,214.27,219.63,214.27,219.63,0,0
20100524,220.46,223.35,217.48,219.18,0,0
20100525,217.95,227.6,215.01,227.6,0,0
20100526,227.63,230.01,223.65,229.54,0,0
20100527,233.15,235.65,219.69,235.21,0,0
20100528,235.42,238.55,230.7,237.6,0,0
20100531,236.72,240.23,230.32,233.27,0,0
20100601,234.01,234.01,228.72,232.96,0,0
20100602,233.33,233.56,226.89,227.33,0,0
20100604,224.66,227.04,222.77,227.04,0,0
20100607,229.51,229.51,223.14,226.22,0,0
20100608,227.04,231.91,221.31,221.48,0,0
20100609,221.11,224.15,220.06,224.02,0,0
20100610,222.22,223.77,212.95,212.95,0,0
20100611,212.73,224.05,208.62,224.05,0,0
20100614,222.64,223.73,215.45,218.88,0,0
20100615,214.71,217.11,214.29,214.76,0,0
20100616,214.5,217.82,213.25,214.36,0,0
20100617,214.36,220.72,214.36,220.72,0,0
20100618,221.16,221.16,216.09,220.77,0,0
20100621,221.03,221.03,216.18,217.37,0,0
20100622,216.6,220.77,215.44,219.65,0,0
20100623,220.63,223.75,213.25,214.39,0,0
20100624,213.34,213.34,209.68,211.94,0,0
20100625,210.63,213.63,209.08,213.63,0,0
20100628,212.69,212.88,209.19,211.51,0,0
20100629,210.73,211.27,209.63,211.08,0,0
20100630,212.32,212.32,199.64,211.08,0,0
20100701,210.95,210.95,201.21,206.82,0,0
20100702,204.86,214.74,203.74,214.74,0,0
20100705,213.96,213.96,210.38,213.86,0,0
20100706,212.6,212.72,194.62,207.05,0,0
20100707,206.74,207.13,202.28,205.82,0,0
20100708,204.25,208.31,204.25,206.41,0,0
20100709,208.42,208.59,196.79,199.73,0,0
20100712,199.32,200.52,192.83,193.55,0,0
20100713,201.63,203.15,197.91,198.43,0,0
20100714,198.35,199.18,195.83,197.84,0,0
20100715,201.1,202.47,198.77,202.47,0,0
20100716,202.11,203.73,193.46,193.46,0,0
20100719,193.87,200.6,192.2,195.17,0,0
20100720,194.59,198.19,191.47,192.35,0,0
20100721,191.95,201.89,191.95,201.86,0,0
20100722,198.96,198.96,196.83,197.73,0,0
20100723,197.6,202.49,197.41,202.49,0,0
20100726,201.79,203.06,193,202.72,0,0
20100727,202.12,204.22,192.77,199.51,0,0
20100728,188.6,200.13,188.6,200.13,0,0
20100729,194.85,198.73,193.48,198.73,0,0
20100730,198.04,200.02,191.33,192.44,0,0
20100802,192.35,202.7,190.03,202.7,0,0
20100803,194.34,202.7,193.42,202.7,0,0
20100804,199.13,205.57,197.1,205.35,0,0
20100805,204.22,205.99,204.22,205.19,0,0
20100806,203.95,204.72,202.73,203.46,0,0
20100809,202.91,203.13,200.07,200.55,0,0
20100810,200.73,200.73,193.71,197.13,0,0
20100811,197.2,197.85,192.98,193.07,0,0
20100812,193.7,194.07,188.79,189.86,0,0
20100813,189.51,197.61,189.51,197.61,0,0
20100816,198.84,198.91,196.91,197.06,0,0
20100817,196.2,198.47,182.09,183.89,0,0
20100818,184.88,184.88,179.76,183.82,0,0
20100819,180.73,183.97,180.42,183.66,0,0
20100820,183.45,187.01,173.83,173.83,0,0
20100823,183.17,186.71,182.59,186.71,0,0
20100824,186.35,186.39,178.19,181.85,0,0
20100825,181.85,181.85,177.16,181.64,0,0
20100826,181.66,194.42,180.09,194.35,0,0
20100827,193.36,214.7,192.18,214.7,0,0
20100830,214.65,215.02,192.46,212.88,0,0
20100831,205.63,217.57,200.69,217.57,0,0
20100901,216.47,216.47,212.09,215.28,0,0
20100902,193.56,201.38,193.56,195.67,0,0
20100903,195.76,202.75,195.65,200.48,0,0
20100906,197.41,215.61,196.96,197.52,0,0
20100907,204.44,206.5,201.98,206.5,0,0
20100908,203.28,206.5,199.23,200.03,0,0
20100909,225.32,226.68,209.25,226.68,0,0
20100910,224.47,224.55,210.69,214.28,0,0
20100913,224.02,224.02,208.05,213.51,0,0
20100914,221.94,222.17,206.33,220.09,0,0
20100915,219.68,220.64,205.95,214.49,0,0
20100916,214.88,217.04,214.45,215.25,0,0
20100917,214.65,219.4,214.65,219.4,0,0
20100920,220.17,222.99,214.29,215.93,0,0
20100921,217.75,217.75,213.75,214.29,0,0
20100922,219.11,219.11,214.11,215.66,0,0
20100923,216.12,216.6,206.87,214.47,0,0
20100924,218.71,219.61,217.57,218.73,0,0
20100927,219.68,226.11,219.68,225.71,0,0
20100928,221.25,230.77,221.25,230.63,0,0
20100929,234.31,235.06,222.16,230.86,0,0
20100930,231.34,231.34,220.72,230.86,0,0
20101001,225.17,225.17,219.51,223.68,0,0
20101004,224.15,228.38,223.35,228.38,0,0
20101005,224.84,233.9,224.84,230.97,0,0
20101006,229.39,231.73,224.59,224.98,0,0
20101007,225.29,228.16,223.62,228.16,0,0
20101008,227.1,229.12,223.38,229.12,0,0
20101011,228.17,230.73,224.75,228.96,0,0
20101012,225.17,225.21,223.05,225.2,0,0
20101013,224.37,244.64,224.37,244.64,0,0
20101014,238.95,240.26,234.31,240.26,0,0
20101015,237.82,251.31,237.82,251.31,0,0
20101018,241.59,255.41,238.72,244.06,0,0
20101019,241.77,247.44,240.27,244.05,0,0
20101020,244.45,244.45,233.37,236.63,0,0
20101021,239.78,240.87,233.25,234.81,0,0
20101022,241.31,241.31,236.63,237.16,0,0
20101025,239.01,239.54,230.5,239.54,0,0
20101026,235.56,241.01,233.57,239.69,0,0
20101027,238.29,241.83,233.22,241.27,0,0
20101028,241.87,248.86,239.48,248.86,0,0
20101029,245.29,249.36,241.41,249.36,0,0
20101102,250.05,253.14,242.42,248.72,0,0
20101103,251.51,262.14,250.63,258.5,0,0
20101104,266.85,272.11,257.65,272.11,0,0
20101105,267,268.47,263.08,268.47,0,0
20101108,268.83,274.4,266.42,270.36,0,0
20101109,273.4,274.94,268.88,274.94,0,0
20101110,274.62,317.69,264.21,317.69,0,0
20101112,314.88,317.7,308.44,317.7,0,0
20101115,316.19,317.48,310.14,317.34,0,0
20101116,317.2,320.86,309.77,320.86,0,0
20101117,315.68,316.49,311.36,316.49,0,0
20101118,312.28,322.25,305.86,322.25,0,0
20101119,318.11,331.52,315.18,331.52,0,0
20101122,330.77,333.93,330.04,330.68,0,0
20101123,323.95,326.79,317.18,326.79,0,0
20101124,326.75,330.22,320.8,330.22,0,0
20101125,328.86,330.76,320.42,330.3,0,0
20101126,330.84,330.84,320.93,329.7,0,0
20101129,330.47,330.47,324.65,328.15,0,0
20101130,326.88,328,321.32,328,0,0
20101201,207.48,214.63,204.69,214.63,0,0
20101202,212.75,212.75,206.74,209.83,0,0
20101203,208.14,208.14,203.45,206.4,0,0
20101206,207.33,207.33,202.59,206.46,0,0
20101207,207.58,209.66,203.25,209.66,0,0
20101208,208.87,208.87,202.35,205.7,0,0
20101209,203.64,207.99,202.02,207.76,0,0
20101210,203.61,206.15,201.82,204.53,0,0
20101213,203.48,208.13,202.38,206.65,0,0
20101214,203.34,204.07,201.77,202.92,0,0
20101215,203.27,203.48,199.37,200.25,0,0
20101216,200.06,200.68,197.57,197.57,0,0
20101217,197.65,199.17,196.16,199.17,0,0
20101220,197.92,197.92,193.31,193.75,0,0
20101221,193.43,193.43,186,193.01,0,0
20101222,193.24,194.42,186.47,194.42,0,0
20101223,193.04,194.72,187.19,194.72,0,0
20101227,195.01,198.28,191.87,198.28,0,0
20101228,197.69,197.69,186.79,190.99,0,0
20101229,189.13,193.51,187.68,193.51,0,0
20101230,194.47,195.02,190.93,193.68,0,0
20101231,221.62,226.37,221.62,224.68,0,0
20110103,223.9,243.5,223.9,243.5,0,0
20110104,243.53,254.06,240.76,254.06,0,0
20110105,250.96,252.25,238.8,245.46,0,0
20110107,241.11,249.47,230.65,249.47,0,0
20110110,240.45,247.17,237.58,247.17,0,0
20110111,241.03,241.03,229.18,239.99,0,0
20110112,237.8,240.28,236.35,238.59,0,0
20110113,237.37,250.75,237.37,249.98,0,0
20110114,249.87,260.43,248.09,260.37,0,0
20110117,260.7,271.08,244.61,264.24,0,0
20110118,267.89,267.89,251.45,259.99,0,0
20110119,257.05,284.3,252.78,284.3,0,0
20110120,279.15,279.15,255.47,261.5,0,0
20110121,260.13,260.13,244.86,252.42,0,0
20110124,241.56,241.56,231.29,231.93,0,0
20110125,230.27,230.95,222.86,223.23,0,0
20110126,221.86,225.5,218.69,218.69,0,0
20110127,219.2,221.41,217.6,219.23,0,0
20110128,216.29,216.29,216.29,216.29,0,0
20110131,213.87,243.59,212.03,243.59,0,0
20110201,243.59,243.59,225.55,230.36,0,0
20110202,230.36,230.36,219.46,230.15,0,0
20110203,230.15,230.15,219.34,223.75,0,0
20110204,229.5,231.04,221.73,228.53,0,0
20110207,228.53,229.99,224.21,225.02,0,0
20110208,225.02,228.55,224.4,228.55,0,0
20110209,228.55,231.49,221.93,222.07,0,0
20110210,222.07,227.25,218.08,221.52,0,0
20110211,221.52,225.04,220.38,224.54,0,0
20110214,224.54,229.02,220.97,229.02,0,0
20110215,229.02,229.02,219.69,225.25,0,0
20110216,225.25,225.25,217.05,218.77,0,0
20110217,218.77,219.87,214.4,216.19,0,0
20110218,224.65,225.59,220.9,223.89,0,0
20110221,223.44,223.44,215.38,216.48,0,0
20110222,216.48,221.75,215.01,221.75,0,0
20110223,221.75,221.75,213.21,219.84,0,0
20110224,219.84,219.84,215.95,217.06,0,0
20110225,217.06,219.07,213.79,219.07,0,0
20110228,219.07,219.07,215.98,217.94,0,0
20110301,217.94,219.91,216.95,219.91,0,0
20110302,219.91,220.14,216.5,218.16,0,0
20110303,218.16,221.24,217.92,220.71,0,0
20110304,220.71,226.56,217.39,226.56,0,0
20110307,226.56,226.6,219.89,221.29,0,0
20110308,221.29,221.29,216.62,218.58,0,0
20110309,218.58,223.84,218.3,221.11,0,0
20110310,221.11,224.24,218.14,224.24,0,0
20110311,227.84,229.16,222.75,224.7,0,0
20110314,224.7,225.67,220.31,221.33,0,0
20110315,221.33,221.33,208.63,218.62,0,0
20110316,218.62,221.95,216.01,220.86,0,0
20110317,220.15,222.07,216.73,222.02,0,0
20110318,222.02,224.12,217.13,217.13,0,0
20110321,222.62,222.74,219.02,219.89,0,0
20110322,219.89,220.25,217.08,220.03,0,0
20110323,220.03,220.03,216.19,220,0,0
20110324,220,220,213.89,216.31,0,0
20110325,216.31,218.63,212.08,217.69,0,0
20110328,217.69,217.69,214.92,215.25,0,0
20110329,215.25,215.62,208.42,214.78,0,0
20110330,214.78,214.78,207.43,213.77,0,0
20110331,213.77,215.24,208.34,215.24,0,0
20110401,215.24,215.51,207.69,215.51,0,0
20110404,215.51,215.51,207.42,213.67,0,0
20110405,213.67,213.67,207.87,213.2,0,0
20110406,213.2,217.07,210.24,212.13,0,0
20110407,215.91,215.91,207.96,209.14,0,0
20110408,247.8,251.73,246.94,248.93,0,0
20110411,248.93,259.75,248.93,255.36,0,0
20110412,255.36,257.1,249.4,255.34,0,0
20110413,255.34,255.36,245.37,251.3,0,0
20110414,251.24,256.03,250.02,253.16,0,0
20110415,253.16,270,252.6,266.47,0,0
20110418,266.47,275.38,261.36,262.58,0,0
20110419,262.58,268.59,255.69,259.32,0,0
20110420,259.32,261.23,255.82,258.62,0,0
20110421,261.69,262.88,255.86,258.89,0,0
20110426,263.27,263.27,257.51,261.31,0,0
20110427,261.31,271.28,256.89,270.47,0,0
20110428,270.47,270.47,264.32,266.54,0,0
20110429,266.54,269.31,263.89,267.63,0,0
20110502,352.08,352.17,332.31,348.69,0,0
20110504,349.12,353.28,337.1,343.18,0,0
20110505,343.18,343.52,332.88,335.97,0,0
20110506,335.97,336.21,316.06,322.95,0,0
20110509,322.95,329.84,321.35,325.09,0,0
20110510,325.09,331.55,323.65,331.11,0,0
20110511,331.11,334.75,326.88,333.61,0,0
20110512,333.61,335.05,325.19,333.09,0,0
20110513,336.37,336.37,325.92,333.24,0,0
20110516,333.24,334.2,319.56,324.04,0,0
20110517,329.01,331.16,321.25,325.57,0,0
20110518,325.57,332.77,319.38,332.77,0,0
20110519,332.42,338.49,328.36,338.49,0,0
20110520,338.49,341.3,327.1,341.3,0,0
20110523,341.3,342.68,330.34,335.54,0,0
20110524,335.54,336.5,327.07,328.64,0,0
20110525,329.64,330.97,324.12,329.2,0,0
20110526,329.62,343.38,328.3,336.37,0,0
20110527,336.37,343.63,334.21,343.63,0,0
20110530,343.63,350.67,342.02,350.58,0,0
20110531,350.58,350.74,336.19,338.8,0,0
20110601,342.36,342.36,324.61,336.47,0,0
20110602,333.52,334.6,318.58,329.57,0,0
20110603,329.57,329.57,322.71,324.79,0,0
20110606,324.79,347.36,320.95,347.36,0,0
20110607,347.36,351.76,335.64,350.29,0,0
20110608,350.29,364.5,339.51,360.03,0,0
20110609,360.03,367.25,353.85,356.81,0,0
20110610,356.81,365.45,353.52,360.92,0,0
20110613,360.92,360.92,345.77,352.1,0,0
20110614,352.51,352.51,333.13,340.45,0,0
20110615,340.45,345.19,335.14,340.05,0,0
20110616,340.05,340.05,326.56,337.2,0,0
20110617,337.2,343.81,331.75,343.81,0,0
20110620,343.81,359.65,333.89,359.65,0,0
20110621,359.65,367.35,345.46,352.51,0,0
20110622,352.51,352.51,334.52,342.49,0,0
20110624,342.49,349.1,341.18,345.72,0,0
20110627,345.72,346.37,335.53,337.58,0,0
20110628,337.58,337.81,325.39,333.25,0,0
20110629,328.87,328.87,321.91,326.4,0,0
20110630,326.4,329.19,322.8,328.84,0,0
20110701,328.84,328.84,315.64,324.8,0,0
20110704,324.8,327.55,318.99,318.99,0,0
20110705,318.74,326.62,318.74,321.19,0,0
20110706,321.19,327.84,314.7,327.34,0,0
20110707,327.34,332.1,325.47,327.57,0,0
20110708,337.45,350.48,334.7,350.48,0,0
20110711,350.48,358.09,345.18,355.03,0,0
20110712,355.03,355.03,335.52,335.52,0,0
20110713,335.29,344.3,326.37,331.79,0,0
20110714,331.79,333.89,323.63,330.69,0,0
20110715,330.69,344.62,327.42,342.82,0,0
20110718,342.82,345,327.65,329.18,0,0
20110719,329.18,331.54,325.77,325.77,0,0
20110720,325.77,332.99,322.7,324.8,0,0
20110721,324.8,325.56,318.54,318.54,0,0
20110722,318.54,321.03,314.19,321.03,0,0
20110725,321.03,325.21,316.67,318.3,0,0
20110726,318.3,327.97,315.38,318.55,0,0
20110727,318.55,319.05,309.38,316.29,0,0
20110728,316.29,316.46,302.88,309.64,0,0
20110729,309.64,310.87,303.56,310.54,0,0
20110801,310.54,313.59,306.81,307.27,0,0
20110802,307.27,307.27,297.88,299.78,0,0
20110803,299.78,299.78,276.24,277.93,0,0
20110804,282.25,284,275.09,275.11,0,0
20110805,277.15,277.15,257.01,275.57,0,0
20110808,275.57,281,253.91,256.63,0,0
20110809,256.63,257.25,232.89,246.26,0,0
20110810,246.26,257.07,246.26,254.58,0,0
20110811,254.58,256.2,244.51,249.59,0,0
20110812,249.59,260.79,249.59,257.84,0,0
20110816,257.84,259.82,254.61,256.1,0,0
20110817,256.1,262.24,256.1,261.31,0,0
20110818,261.31,262.4,247.38,249.55,0,0
20110819,249.55,257.54,245.35,256.78,0,0
20110822,256.78,258.51,254.62,255.52,0,0
20110823,255.52,258.3,252.74,256.16,0,0
20110824,256.16,256.16,252.28,253.14,0,0
20110825,253.14,256.69,251.35,253.14,0,0
20110826,253.14,255.32,249.08,255.32,0,0
20110829,308.6,308.6,301.6,306.83,0,0
20110830,306.83,310.44,300.25,310.44,0,0
20110831,310.44,317.91,308.56,317.91,0,0
20110901,317.91,327.49,317.91,327.49,0,0
20110902,327.49,335.11,324.31,330.4,0,0
20110905,330.4,330.4,308.32,313.33,0,0
20110906,313.33,317.03,306.78,317.03,0,0
20110907,317.03,339.07,317.03,339.07,0,0
20110908,339.07,341.33,332.18,340.43,0,0
20110909,340.43,341.6,330.11,338.87,0,0
20110912,338.87,338.87,327.07,331.49,0,0
20110913,331.49,331.52,323.19,325.55,0,0
20110914,325.55,329.05,320.47,329.05,0,0
20110915,329.05,337.11,327.96,337.11,0,0
20110916,337.11,340.22,331.01,340.22,0,0
20110919,349.13,349.13,338.42,347.5,0,0
20110920,347.5,349.25,344.1,348.3,0,0
20110921,348.3,348.3,330.95,330.95,0,0
20110922,330.95,330.95,327.15,328.95,0,0
20110923,328.95,329.6,315.69,329.13,0,0
20110926,329.13,331.64,323.4,327.02,0,0
20110927,327.02,331.35,324.56,331.35,0,0
20110928,331.35,336.19,326.51,331.49,0,0
20110929,331.49,340.09,330.29,340.09,0,0
20110930,340.09,349.74,335.59,349.74,0,0
20111003,349.74,349.74,332.85,339.16,0,0
20111004,339.16,339.16,330.37,334.8,0,0
20111005,334.8,335.96,331.56,335.48,0,0
20111006,335.48,340.27,334.39,340.27,0,0
20111007,340.27,341.32,336.54,339.95,0,0
20111010,339.95,341.18,336.55,339.7,0,0
20111011,339.7,339.7,333.56,336.04,0,0
20111012,336.04,338.1,330.5,334.2,0,0
20111013,334.2,335.51,330.82,333.43,0,0
20111014,333.43,339.72,332.1,339.72,0,0
20111017,339.72,341.76,333.32,340.72,0,0
20111018,340.72,340.72,333.08,339.43,0,0
20111019,339.43,347.13,339.43,342.55,0,0
20111020,342.55,349.96,341.02,349.96,0,0
20111021,349.96,358.79,346.54,353.87,0,0
20111024,353.87,358.6,350.98,352.97,0,0
20111025,352.97,357.15,344.77,353.31,0,0
20111026,353.31,353.96,341.24,345.53,0,0
20111027,345.53,345.94,336.5,337.98,0,0
20111028,337.98,339.27,333.96,335.49,0,0
20111031,335.49,336.31,333.76,334.11,0,0
20111102,334.11,360.95,328.71,360.95,0,0
20111103,360.95,360.96,355.42,360.22,0,0
20111104,360.22,360.8,353.73,358.58,0,0
20111107,358.58,370.79,358.58,370.79,0,0
20111108,370.79,371.32,364.95,366.66,0,0
20111109,366.66,369.5,361.46,363.36,0,0
20111110,363.36,376.77,363.36,376.77,0,0
20111114,376.77,393.71,370.73,383.69,0,0
20111115,385.99,386.96,371.96,384.63,0,0
20111116,384.63,388.47,374.72,382.9,0,0
20111117,382.9,386.68,378.68,386.56,0,0
20111118,386.56,386.93,366.8,385.96,0,0
20111121,385.96,395.11,366.37,380.68,0,0
20111122,380.68,381.29,368.1,376.86,0,0
20111123,376.86,389.49,368.29,389.49,0,0
20111124,389.49,389.49,377.81,385.16,0,0
20111125,385.16,397.15,383.02,397.15,0,0
20111128,397.15,397.15,374.51,394.84,0,0
20111129,394.84,395,375.04,378.99,0,0
20111130,378.99,390.24,377.8,390.24,0,0
20111201,390.24,390.24,384.22,388.19,0,0
20111202,388.19,390.15,382.97,389.44,0,0
20111205,389.44,390.51,375.61,379.8,0,0
20111206,379.8,380.8,372.29,374.08,0,0
20111207,416.74,422.98,412.22,422.64,0,0
20111208,424.94,438.87,423.91,438.87,0,0
20111209,438.87,438.87,432.04,434.85,0,0
20111212,434.85,441.63,429.6,436.75,0,0
20111213,436.75,437.61,426.92,436.98,0,0
20111214,436.98,440.71,427.55,432.68,0,0
20111215,452.18,461.88,451.84,455.63,0,0
20111216,455.63,457.12,448.29,452.07,0,0
20111219,452.07,462.78,450.21,462.78,0,0
20111220,462.78,462.78,454.17,458.05,0,0
20111221,458.05,458.25,446.44,453.12,0,0
20111222,453.12,458.58,444.72,450.86,0,0
20111223,450.86,459.17,437.12,459.17,0,0
20111227,459.17,459.17,437.2,437.2,0,0
20111228,437.2,438.23,422.88,436.62,0,0
20111229,436.62,449.17,428.56,428.56,0,0
20111230,553.06,637.05,553.06,613.71,0,0
20120102,613.71,627.64,586.11,622.79,0,0
20120103,622.79,633.14,595.14,628.56,0,0
20120104,628.56,629.09,606.01,615.79,0,0
20120105,615.79,615.79,601.36,608.55,0,0
20120109,608.55,618.85,606.72,618.85,0,0
20120110,618.85,621.78,613.94,617.58,0,0
20120111,617.58,629.16,613.37,629.16,0,0
20120112,629.16,640.27,625.35,639.69,0,0
20120113,639.69,639.69,629.46,636.48,0,0
20120116,636.48,642.32,630.07,642.32,0,0
20120117,642.32,642.49,636.36,641.9,0,0
20120118,641.9,641.9,635.74,637.51,0,0
20120119,637.51,643.17,632.92,633.85,0,0
20120120,636.19,636.19,622.71,622.71,0,0
20120123,622.71,633.82,621.85,633.01,0,0
20120124,633.01,639.38,632.95,638.79,0,0
20120125,638.79,640.57,629.94,635.03,0,0
20120126,635.03,638.49,633.32,638.43,0,0
20120127,638.43,643.71,634.65,643.66,0,0
20120130,643.66,648.51,642.12,647.93,0,0
20120131,647.93,653.66,638.62,648.35,0,0
20120201,648.35,661.58,645.64,661.58,0,0
20120202,661.58,665.62,660.07,665.62,0,0
20120203,665.62,685.94,663.18,673.57,0,0
20120206,673.57,684.04,669.39,684.04,0,0
20120207,684.04,684.04,663.24,664.55,0,0
20120208,664.55,664.55,650.39,650.39,0,0
20120209,650.39,661.62,647.49,657.51,0,0
20120210,657.51,661.43,652.54,660.63,0,0
20120213,660.63,673.01,657.56,673.01,0,0
20120214,673.01,674.6,662.11,668.65,0,0
20120215,668.65,679.11,668.65,673.39,0,0
20120216,673.39,676.55,669.42,671.75,0,0
20120217,671.75,676.79,670.62,673.16,0,0
20120220,673.16,678.35,657.26,659.12,0,0
20120221,659.12,680.53,659.12,674.11,0,0
20120222,674.11,684.15,673.53,678.65,0,0
20120223,678.65,689.29,677,689.29,0,0
20120224,689.29,693.45,678.54,680.34,0,0
20120227,680.34,688.17,668.03,684.04,0,0
20120228,684.04,691.78,675.81,691.78,0,0
20120229,691.78,693.54,681.32,689.59,0,0
20120301,689.59,694.35,682.37,686.78,0,0
20120302,686.78,690.55,676.06,690.17,0,0
20120305,690.17,699.46,677.43,682.34,0,0
20120306,682.34,682.4,660.02,674.67,0,0
20120307,674.67,675.33,662.41,663.26,0,0
20120308,663.26,663.26,632.87,655.69,0,0
20120309,655.69,686.22,646.36,683.96,0,0
20120312,683.96,690.58,683.4,689.53,0,0
20120313,689.53,692.48,681.59,686.43,0,0
20120314,686.43,688.02,651.95,674.32,0,0
20120315,674.32,678.96,663.73,672.42,0,0
20120316,672.42,672.48,659.06,668.83,0,0
20120319,668.83,668.94,649.78,659.84,0,0
20120320,659.84,660.59,646.77,649.95,0,0
20120321,649.95,660.56,649.37,656.57,0,0
20120322,656.57,657.82,647.96,652.54,0,0
20120323,652.54,653.09,644.31,649.5,0,0
20120326,649.5,664.21,644.24,664.21,0,0
20120327,664.21,679.3,657.95,679.3,0,0
20120328,679.3,689.05,667.48,688.26,0,0
20120329,688.26,700.17,687.6,700.17,0,0
20120330,700.17,716.74,697.91,716.74,0,0
20120402,716.74,716.74,706.48,711.32,0,0
20120403,711.32,723.59,706.8,723.59,0,0
20120404,723.59,737.3,719.1,725.67,0,0
20120405,725.67,736.45,718.52,720.03,0,0
20120410,720.03,733.43,715.39,719.37,0,0
20120411,719.37,730.56,717.9,730.56,0,0
20120412,730.56,730.56,719.28,720.44,0,0
20120413,720.44,747.47,719.96,743.82,0,0
20120416,743.82,747.35,721.13,725.18,0,0
20120417,725.18,725.58,715.21,723.7,0,0
20120418,723.7,726.79,718.55,723.93,0,0
20120419,723.93,727.55,716.76,723.53,0,0
20120420,723.53,727.69,716.75,716.83,0,0
20120423,716.83,722.51,701.21,706.68,0,0
20120424,706.68,707.53,701.15,704.93,0,0
20120425,704.93,722.91,704.93,722.91,0,0
20120426,722.91,729.04,717.14,729.04,0,0
20120427,729.04,731.78,724.78,730.47,0,0
20120430,730.47,745.42,726.87,743.32,0,0
20120502,743.32,743.32,738.62,740.95,0,0
20120504,740.95,740.95,728.3,733.21,0,0
20120507,733.21,743.04,728.19,743.04,0,0
20120508,743.04,744.21,730.89,743.25,0,0
20120509,743.25,754.16,738.83,753.6,0,0
20120510,753.6,767.39,752.53,767.39,0,0
20120511,767.39,777.96,766.32,777.96,0,0
20120514,777.96,782.87,765.51,779.71,0,0
20120515,779.71,779.83,741.5,758.41,0,0
20120516,758.41,769.09,715.24,769.09,0,0
20120517,769.09,769.09,743.63,755.8,0,0
20120518,755.8,756.08,745.63,752.18,0,0
20120521,752.18,752.18,734.27,742.91,0,0
20120522,742.91,757.31,735.22,757.31,0,0
20120523,757.31,799.94,749.05,799.94,0,0
20120524,799.94,800.35,788.9,790.22,0,0
20120525,790.22,797.09,790.22,794.73,0,0
20120528,794.73,795.22,773.48,778.16,0,0
20120529,778.16,790.99,777.2,786.92,0,0
20120530,786.92,790.15,773.36,789.92,0,0
20120531,789.92,793.84,756.33,793.84,0,0
20120601,793.84,801.85,774.82,789.76,0,0
20120604,789.76,794.18,767.23,779.1,0,0
20120605,779.1,793.88,751.39,751.39,0,0
20120606,748.45,760.1,740.13,757.19,0,0
20120608,757.19,779.83,757.19,779.47,0,0
20120611,779.47,789.57,770.68,775.03,0,0
20120612,775.03,795.3,767.31,794.34,0,0
20120613,794.34,795.28,783.89,792.87,0,0
20120614,792.87,793.99,791.29,792.08,0,0
20120615,792.08,792.08,763.52,782.81,0,0
20120618,782.81,784.53,767.9,770.74,0,0
20120619,770.74,790.34,770.74,787.51,0,0
20120620,787.51,800.15,759.18,797.5,0,0
20120621,797.5,798.09,775.41,798.04,0,0
20120622,796.85,798.2,766.47,794.91,0,0
20120625,794.91,794.91,762.02,788.73,0,0
20120626,788.73,790.53,719.18,751.58,0,0
20120627,751.58,807.21,751.58,805.16,0,0
20120628,805.4,812.52,802.53,805.62,0,0
20120629,805.62,820.21,794.27,805.57,0,0
20120702,805.57,858.96,805.57,858.96,0,0
20120703,858.21,863.75,833.61,863.75,0,0
20120704,860.97,863.47,857.33,857.84,0,0
20120705,857.84,888.52,844.79,888.52,0,0
20120706,888.52,900.81,872.38,899.21,0,0
20120709,899.21,903.21,894.47,894.47,0,0
20120710,894.47,894.55,880.44,880.44,0,0
20120711,880.44,894.56,878.74,881.86,0,0
20120712,881.86,891.51,861.09,879.13,0,0
20120713,879.13,879.13,860.59,860.99,0,0
20120716,860.99,877.66,860.99,873.33,0,0
20120717,873.33,873.33,854.29,869.6,0,0
20120718,869.6,882.49,855.36,873.54,0,0
20120719,873.54,883.82,870.99,875.69,0,0
20120720,875.69,888.78,872.6,888.78,0,0
20120723,888.78,888.78,855.09,864.13,0,0
20120724,864.13,879.55,846.02,879.55,0,0
20120725,879.55,887.87,838.49,848.87,0,0
20120726,848.87,867.36,828.44,832.96,0,0
20120727,832.96,863.08,832.78,863.08,0,0
20120730,863.08,873.58,855.96,873.58,0,0
20120731,873.58,873.58,855.4,872.48,0,0
20120801,872.48,882.04,871.37,873.45,0,0
20120802,873.45,878.41,851.62,851.84,0,0
20120803,851.84,854.31,845.92,848.21,0,0
20120806,848.21,852.57,845.95,852.57,0,0
20120807,852.57,857.98,847.79,857.98,0,0
20120808,857.98,859.23,849.08,852.32,0,0
20120809,852.32,852.32,840.75,844.75,0,0
20120810,844.75,846.7,837.17,838.13,0,0
20120813,838.13,839.65,830.77,838.44,0,0
20120814,838.44,841.9,831.64,840.52,0,0
20120816,840.52,856.36,835.43,856.33,0,0
20120817,856.33,857.96,848.97,856.56,0,0
20120820,856.56,856.56,843.68,847.66,0,0
20120821,847.66,850.36,840.31,841.38,0,0
20120822,841.38,841.91,833.74,833.74,0,0
20120823,838.37,839.69,829.29,839.69,0,0
20120824,839.69,842.45,830.32,842.15,0,0
20120827,840.11,858.34,840.11,858.34,0,0
20120828,858.34,858.34,852.89,854.49,0,0
20120829,854.49,854.65,812.95,832.92,0,0
20120830,797.05,841.91,789.75,841.91,0,0
20120831,842.37,847,837.12,844.47,0,0
20120903,844.47,859.66,841.19,845.26,0,0
20120904,845.26,853.64,840.05,852.57,0,0
20120905,858.06,858.06,850.02,851.71,0,0
20120906,851.71,851.83,833.57,839.76,0,0
20120907,839.76,849.06,804.91,848.54,0,0
20120910,848.54,850.13,834.22,849.71,0,0
20120911,849.71,849.71,829.36,830.3,0,0
20120912,845.59,847.33,838.64,842.24,0,0
20120913,842.24,847,841.95,846.61,0,0
20120914,846.61,859.16,828.81,858.69,0,0
20120917,858.69,858.94,848.47,851.43,0,0
20120918,851.43,860.71,848.09,860.71,0,0
20120919,860.71,861.05,847.03,861.05,0,0
20120920,861.05,861.79,833.38,836.97,0,0
20120921,836.97,842.88,832.81,842.88,0,0
20120924,842.88,843.58,823.4,837.41,0,0
20120925,828.61,835.82,815.72,835.82,0,0
20120926,835.82,838.99,805.31,805.31,0,0
20120927,805.31,805.63,796.7,797.73,0,0
20120928,797.73,797.77,773.03,783.39,0,0
20121001,783.39,799.8,782.99,794.06,0,0
20121002,794.06,794.06,774.64,782.27,0,0
20121003,782.27,784.28,777.76,781.28,0,0
20121004,781.28,781.41,769.86,780.13,0,0
20121005,780.13,784.66,774.86,774.86,0,0
20121008,774.86,792.17,766.48,790.63,0,0
20121009,790.63,794.92,762.59,794.92,0,0
20121010,794.92,796.35,787.62,792.63,0,0
20121011,792.63,792.74,763.62,790.58,0,0
20121012,790.58,798.22,787.9,797.43,0,0
20121015,797.43,797.43,784.68,796.73,0,0
20121016,796.73,804.34,791.4,800.82,0,0
20121017,800.82,803.43,781.55,786.32,0,0
20121018,786.32,796.68,781.13,781.13,0,0
20121019,781.13,792.9,779.43,790.55,0,0
20121022,790.55,791.25,774.26,776.85,0,0
20121023,776.85,783.9,774.66,782.09,0,0
20121024,782.09,785.02,781.77,783.77,0,0
20121025,783.77,783.77,764.5,772.85,0,0
20121026,772.85,772.87,756.37,763.89,0,0
20121029,763.89,775.76,752.81,766.71,0,0
20121030,766.71,766.71,747.74,761.43,0,0
20121031,761.43,762.04,752.89,758.7,0,0
20121102,758.7,765.03,756.75,763.7,0,0
20121105,763.7,766.57,754.68,759.81,0,0
20121106,759.81,765.56,752.26,756.56,0,0
20121107,756.56,757.97,717.07,728.79,0,0
20121108,728.79,742.62,727.5,742.39,0,0
20121109,742.39,753.25,721.04,753.25,0,0
20121112,753.25,755.04,745.01,749.6,0,0
20121113,749.6,752.54,728.82,751.67,0,0
20121114,751.67,751.67,740.76,745.38,0,0
20121115,745.38,751.34,743.48,748.35,0,0
20121116,748.35,751.54,739.8,740.3,0,0
20121119,740.3,751.1,740.3,748.99,0,0
20121120,748.99,757.53,745.75,751.52,0,0
20121121,751.52,751.73,734.26,734.26,0,0
20121122,734.26,734.34,728.92,734.09,0,0
20121123,734.09,734.09,729.78,732.51,0,0
20121126,732.51,735.09,726.82,731.92,0,0
20121127,731.92,731.92,728.65,729.99,0,0
20121128,729.99,730.03,721.63,725.8,0,0
20121129,725.8,725.84,713.88,713.88,0,0
20121130,751.08,762.99,743.37,755.73,0,0
20121203,727.73,734.09,720.3,720.3,0,0
20121204,720.3,731.19,714.64,725.6,0,0
20121205,725.6,727.52,719,727.52,0,0
20121206,727.52,733.79,726.92,733.79,0,0
20121207,733.79,738.34,718.69,734.82,0,0
20121210,734.82,739.86,734.19,735.76,0,0
20121211,735.76,741.66,729.62,738.67,0,0
20121212,738.67,738.67,727.33,736.42,0,0
20121213,736.42,736.56,733.05,736.32,0,0
20121214,736.32,736.92,720.55,732.95,0,0
20121217,732.95,732.95,721.09,727.46,0,0
20121218,727.46,727.46,718.34,726.15,0,0
20121219,726.15,727.35,709.4,721.91,0,0
20121220,721.91,736.52,721.91,736.4,0,0
20121221,736.4,740.3,726.76,738.65,0,0
20121227,738.65,752.95,730.84,752.95,0,0
20121228,752.95,756.22,731.45,756.22,0,0
20130102,756.22,765.59,756.17,757.51,0,0
20130103,757.51,761.07,752.95,761.07,0,0
20130104,761.07,766.11,753.85,766.11,0,0
20130107,792.99,792.99,771.93,781.17,0,0
20130108,781.17,784.98,771.55,784.81,0,0
20130109,784.81,800.13,783.7,800.13,0,0
20130110,800.13,800.13,780.58,786.41,0,0
20130111,786.41,787.88,771.5,775.12,0,0
20130114,775.12,785.58,760.79,760.79,0,0
20130115,760.79,764.33,755.88,759.58,0,0
20130116,759.58,763.3,759.12,762.17,0,0
20130117,762.17,762.17,749.29,756.23,0,0
20130118,756.23,757.29,750.3,750.3,0,0
20130121,750.78,750.87,733.69,748.22,0,0
20130122,748.22,748.69,720.38,738.68,0,0
20130123,738.68,742.68,717.72,736.45,0,0
20130124,736.45,745.59,734.14,738.42,0,0
20130125,738.42,751.07,716.97,748.23,0,0
20130128,748.23,751.39,747.9,751.39,0,0
20130129,751.39,751.87,741.9,747.05,0,0
20130130,747.05,750.36,740.14,747.94,0,0
20130131,747.94,748.24,742.34,744.94,0,0
20130201,744.94,747.52,741.83,744.8,0,0
20130204,744.8,747.85,744.8,747.85,0,0
20130205,747.85,750.1,747.63,748.61,0,0
20130206,748.61,755.4,726.81,746.68,0,0
20130207,746.68,750.88,738.12,742.87,0,0
20130208,742.87,748.23,742.87,746.48,0,0
20130211,746.48,746.48,740.27,744.18,0,0
20130212,744.18,744.18,730.67,739.16,0,0
20130213,739.16,743.6,729.12,738.1,0,0
20130214,738.1,741.63,734.11,735.62,0,0
20130215,735.62,741.25,731.98,741.25,0,0
20130218,741.25,745.2,727.63,732.22,0,0
20130219,732.22,739.62,716.33,729.53,0,0
20130220,729.53,735.6,729.53,733.35,0,0
20130221,733.35,738.76,726.69,732.63,0,0
20130222,732.63,735.54,732.01,732.09,0,0
20130225,732.09,732.09,721.72,725.55,0,0
20130226,725.55,726.94,717.93,725.45,0,0
20130227,725.45,725.81,706.82,714.59,0,0
20130228,714.59,718.6,712.75,718.6,0,0
20130301,718.6,727.57,718.6,724.59,0,0
20130304,724.59,730.52,720,730.52,0,0
20130305,730.52,731.73,727.35,731.73,0,0
20130306,731.73,732.02,722.64,723.86,0,0
20130307,723.86,727.93,716.15,722.63,0,0
20130308,722.63,725.8,713.89,725.8,0,0
20130311,725.8,726.43,718.11,718.11,0,0
20130312,718.11,725.32,711.11,720.48,0,0
20130313,720.48,725.61,715.24,724.73,0,0
20130314,724.73,726.52,723.24,724.7,0,0
20130315,724.61,727.27,702.84,727.27,0,0
20130318,727.27,727.27,720.42,723.01,0,0
20130319,723.01,724.29,715.5,715.63,0,0
20130320,715.63,718.89,712.99,714.25,0,0
20130321,714.25,717.54,710.05,714.4,0,0
20130322,714.4,718.9,708.25,708.95,0,0
20130325,708.95,710.97,704.28,707.41,0,0
20130326,714.09,717.05,701.22,710.86,0,0
20130327,710.86,721.93,710.86,720.56,0,0
20130328,720.56,729.93,716.88,725.77,0,0
20130402,725.77,736.63,715.17,730.38,0,0
20130403,730.38,732.79,713.81,713.81,0,0
20130404,713.81,721.84,711.13,711.13,0,0
20130405,711.13,722.3,702.41,716.33,0,0
20130408,716.33,717.33,677.29,677.61,0,0
20130409,686.87,695.84,686.87,695.84,0,0
20130410,695.84,695.97,680.17,690.67,0,0
20130411,688.04,691.01,653.04,664.9,0,0
20130412,664.9,668.47,655.37,666.92,0,0
20130415,666.92,678.88,664.67,678.88,0,0
20130417,678.88,685.19,652.44,675.12,0,0
20130418,675.12,679.51,646.94,667.63,0,0
20130419,667.63,674.61,667.15,674.61,0,0
20130422,674.61,676.17,655.8,662.04,0,0
20130423,662.04,662.19,650.78,654.8,0,0
20130424,654.8,661.15,635.96,660.53,0,0
20130425,717.15,734.39,698.43,722.98,0,0
20130426,722.98,734.09,711.71,734.09,0,0
20130429,734.09,734.09,719.64,732.14,0,0
20130430,732.14,733.17,697.95,715.65,0,0
20130502,715.65,723.24,706.3,715.56,0,0
20130506,715.56,719.67,709.64,714.88,0,0
20130507,714.88,716.75,713.01,715.58,0,0
20130508,715.58,716.28,701.02,704.71,0,0
20130509,704.71,716.06,675.88,716.06,0,0
20130510,720.44,720.44,683.47,700.05,0,0
20130513,695.53,704.55,663.07,683.29,0,0
20130514,687.43,697.91,667.04,681.81,0,0
20130515,681.81,683.48,674.91,683.48,0,0
20130516,683.48,685.75,669.67,685.75,0,0
20130517,685.75,692.8,682.98,688.22,0,0
20130520,688.22,688.86,683.37,687.95,0,0
20130521,687.95,687.95,652.01,658.79,0,0
20130522,658.79,658.79,645.42,651.89,0,0
20130523,651.89,666.25,651.89,663.55,0,0
20130524,663.55,666.05,659.9,661.19,0,0
20130527,661.19,671.65,661.19,663.45,0,0
20130528,663.45,668.77,648.38,655.51,0,0
20130529,654,676.9,640.79,676.9,0,0
20130531,676.9,676.9,649.95,669.34,0,0
20130603,669.34,673.81,650.29,666.77,0,0
20130604,666.77,676.74,658.95,676.74,0,0
20130605,676.74,715.98,667.85,679.55,0,0
20130606,679.55,714.23,666.18,666.66,0,0
20130607,666.66,676.26,657.55,673.57,0,0
20130610,673.57,676.62,669.69,672.81,0,0
20130611,672.81,672.87,660.25,663.95,0,0
20130612,663.95,664.91,655.67,660.94,0,0
20130613,660.94,663.86,648.03,663.86,0,0
20130614,663.86,673.76,663.86,673.76,0,0
20130617,673.76,677.23,666.62,677.23,0,0
20130618,677.23,679.81,672.9,678.65,0,0
20130619,678.65,686.35,676.37,686.35,0,0
20130620,686.35,718.22,677.29,696.01,0,0
20130621,699.91,706.85,699.35,705.61,0,0
20130624,705.61,725.22,700.6,724.64,0,0
20130625,724.64,727.05,720.45,724.01,0,0
20130626,724.01,727.88,717.85,724.38,0,0
20130627,723.21,725.96,708.86,717.6,0,0
20130628,717.6,732.11,711.61,732.11,0,0
20130701,732.11,740.66,730.53,739.72,0,0
20130702,739.72,742.03,706.02,732.32,0,0
20130703,732.32,732.32,706.78,722.08,0,0
20130704,722.08,722.08,707.23,711.74,0,0
20130705,711.74,719.72,709.92,719.17,0,0
20130708,719.17,722.07,712.92,712.92,0,0
20130709,712.92,713.59,707.05,713.14,0,0
20130710,713.14,714.43,708.35,709.56,0,0
20130711,709.56,714.57,706.2,713.16,0,0
20130712,713.16,715.51,704.36,707.68,0,0
20130715,707.68,727.36,707.68,727.36,0,0
20130716,727.36,733.46,720.48,729.01,0,0
20130717,729.01,732.72,726.37,729.78,0,0
20130718,743.38,747.62,740.8,747.62,0,0
20130719,747.62,755.83,744.05,754.97,0,0
20130722,754.97,755.36,744.26,747.04,0,0
20130723,747.04,750.93,744.76,748.99,0,0
20130724,748.99,756.24,742.7,753.84,0,0
20130725,753.84,759.19,753.84,759.17,0,0
20130726,759.17,759.96,749.48,753.42,0,0
20130729,753.42,762.27,752.87,761.63,0,0
20130730,761.63,765.67,757.42,765.05,0,0
20130731,765.05,781.96,763.83,781.96,0,0
20130801,781.96,781.96,774.11,778.05,0,0
20130802,778.05,780.66,771.94,775.94,0,0
20130805,775.94,790.54,774.94,790.54,0,0
20130806,790.54,790.66,766.83,777.81,0,0
20130807,777.81,781.04,774.66,778.49,0,0
20130808,778.49,780.25,760.69,779.08,0,0
20130809,779.08,780.36,770.53,778.45,0,0
20130812,778.45,782,767.71,768.88,0,0
20130813,768.88,781.69,760.05,772.76,0,0
20130814,772.76,784.24,769.95,771.01,0,0
20130816,771.01,788.88,769.97,776.57,0,0
20130819,776.57,782.4,726.27,778.83,0,0
20130820,778.83,785.56,764.68,785.56,0,0
20130821,785.56,792.64,770.4,779.48,0,0
20130822,779.48,782.9,762.84,774.82,0,0
20130823,774.82,774.82,755.19,770.89,0,0
20130826,770.89,778.75,769.29,777.48,0,0
20130827,777.48,778.14,771.28,776.21,0,0
20130828,776.21,780.41,776.21,779.89,0,0
20130829,779.89,782.42,776.08,779.64,0,0
20130830,779.64,784.7,775.96,784.7,0,0
20130902,784.7,784.7,778.95,779.77,0,0
20130903,779.77,779.9,774.75,776.56,0,0
20130904,776.56,776.63,762.19,771.48,0,0
20130905,771.48,772.37,754.23,755.05,0,0
20130906,755.05,761.9,745.93,745.93,0,0
20130909,745.93,748.59,739.84,740.49,0,0
20130910,740.49,748.4,737.15,742.2,0,0
20130911,742.2,750.92,729.99,746.79,0,0
20130912,746.79,753.72,743.69,750.86,0,0
20130913,750.86,760.36,739.89,752.63,0,0
20130916,752.63,754.87,742.73,742.73,0,0
20130917,742.73,746.33,740.36,741.23,0,0
20130918,741.23,747.6,739.27,740.96,0,0
20130919,740.96,741.97,724.03,731.82,0,0
20130920,731.82,734.67,723.44,734.67,0,0
20130923,734.67,735.32,727.07,728.06,0,0
20130924,728.06,729.1,724.07,729.1,0,0
20130925,729.1,735.92,724.03,735.92,0,0
20130926,735.92,737.75,721.74,737.19,0,0
20130927,684.06,684.06,657.76,661.53,0,0
20130930,661.53,676.08,649.13,663.84,0,0
20131001,663.84,674.36,658.42,674.2,0,0
20131002,674.2,681.24,673.38,681.24,0,0
20131003,681.24,681.24,669.12,678.07,0,0
20131004,678.07,698.16,677.57,698.16,0,0
20131007,698.16,702.86,694.49,696.02,0,0
20131008,696.02,696.86,664.25,675.19,0,0
20131009,675.19,692.67,675.19,689.51,0,0
20131010,689.51,694.21,678.28,683.46,0,0
20131011,683.46,694.74,682.19,687.41,0,0
20131014,687.41,694.64,687.41,693.18,0,0
20131015,693.18,699.65,691.69,699.65,0,0
20131016,699.65,701.05,697.07,699.16,0,0
20131017,699.16,704.87,694.91,702.52,0,0
20131018,702.52,702.52,681.63,688.06,0,0
20131021,690.71,709.3,687.69,700.87,0,0
20131022,700.87,710.41,697.02,702.45,0,0
20131023,702.45,720.67,699,709.44,0,0
20131024,709.44,718.38,709.11,713.88,0,0
20131025,713.88,713.88,709.17,709.17,0,0
20131028,709.17,718.58,705.54,708.7,0,0
20131029,708.7,711.72,693.96,697.12,0,0
20131030,697.12,706.93,695.62,706.11,0,0
20131031,706.11,707.75,693.59,706.63,0,0
20131104,706.63,717.65,705.21,706.65,0,0
20131105,706.65,718,704.73,705.43,0,0
20131106,705.43,706.81,690.14,699.86,0,0
20131107,699.86,701.87,676.51,687.02,0,0
20131108,687.02,689.72,682.43,684.82,0,0
20131112,684.82,690.08,682.31,690.08,0,0
20131113,690.08,690.08,669.85,670.47,0,0
20131114,670.47,671.88,660.45,664.31,0,0
20131115,664.31,667.93,658.97,665.96,0,0
20131118,665.96,674.22,664.09,670.47,0,0
20131119,670.47,673.38,662.09,662.42,0,0
20131120,662.42,665.89,659.83,660.03,0,0
20131121,660.03,660.53,652.38,660.33,0,0
20131122,660.33,668.62,656.08,668.62,0,0
20131125,668.62,668.62,661.4,663.12,0,0
20131126,663.12,666.33,652.79,656.3,0,0
20131127,656.3,663.25,632.39,633.59,0,0
20131128,633.59,653.44,613.72,630.6,0,0
20131129,630.6,653.69,630.6,651.9,0,0
20131202,651.9,666.15,630.16,657.29,0,0
20131203,657.29,660.7,636.14,639.82,0,0
20131204,639.82,643.69,632.42,643.69,0,0
20131205,643.69,643.69,635.93,639.03,0,0
20131206,639.03,643.82,633.65,643.82,0,0
20131209,643.82,647.22,587.8,639.36,0,0
20131210,646.17,646.46,601.31,615.31,0,0
20131211,615.31,627.9,578.83,627.9,0,0
20131212,627.9,643.37,619.9,643.37,0,0
20131213,643.37,644.36,613.37,638.05,0,0
20131216,638.05,653.78,628.17,653.78,0,0
20131217,653.78,653.78,631.07,642.6,0,0
20131218,642.6,643.26,629.39,629.9,0,0
20131219,629.9,631.17,620.82,628.15,0,0
20131220,628.15,628.15,611.19,622.54,0,0
20131223,622.54,632.15,617.59,629.66,0,0
20131227,629.66,656.94,629.32,656.94,0,0
20131230,656.94,669.44,645.74,650.84,0,0
20140102,650.84,682.24,650.82,682.24,0,0
20140103,682.24,682.66,648.28,661.99,0,0
20140107,661.99,667.58,648.13,664.45,0,0
20140108,664.45,665.71,651.32,658.25,0,0
20140109,658.25,658.25,626.86,626.86,0,0
20140110,626.86,627.69,613.32,617.73,0,0
20140113,617.73,626.72,610.24,625.53,0,0
20140114,625.53,625.53,595.53,597.76,0,0
20140115,597.76,605.15,590.06,605.15,0,0
20140116,605.15,607.87,602.27,607.23,0,0
20140117,607.23,608.32,594.56,596.33,0,0
20140120,596.33,599.84,586.85,595.76,0,0
20140121,595.76,604.23,594.63,603.21,0,0
20140122,603.21,603.21,587.1,595.28,0,0
20140123,595.28,597.62,588.07,597.57,0,0
20140124,597.57,602.01,582.12,602.01,0,0
20140127,602.01,609.11,595.77,609.11,0,0
20140128,609.11,609.83,603.92,604.95,0,0
20140129,604.95,633.54,599.74,599.74,0,0
20140130,599.74,614.85,599.74,614.43,0,0
20140131,614.43,617.33,613.43,613.43,0,0
20140203,613.43,621.07,611.24,619.88,0,0
20140204,619.88,621.26,609.47,618.96,0,0
20140205,618.96,619.06,608.82,611.66,0,0
20140206,611.66,620.07,611.66,620.07,0,0
20140207,620.07,624.05,607.76,611.97,0,0
20140210,611.97,620.34,610.35,620.34,0,0
20140211,620.34,625.4,612.78,623.24,0,0
20140212,623.24,628.5,618.32,626.98,0,0
20140213,626.98,633.81,618.77,633.81,0,0
20140214,633.81,639.59,626.82,639.42,0,0
20140217,639.42,654.73,620.13,652.18,0,0
20140218,652.18,660.19,639.36,656.64,0,0
20140219,656.64,666.47,641.25,654.38,0,0
20140220,654.38,708.41,649.31,695.89,0,0
20140221,695.89,706.18,692.62,706.18,0,0
20140224,706.18,717.35,701.56,701.56,0,0
20140225,701.56,711.15,691.15,696.61,0,0
20140226,696.61,696.61,657.34,682.25,0,0
20140227,682.25,689.52,674.63,680.19,0,0
20140228,680.19,710.19,679.8,710.19,0,0
20140303,710.19,710.19,608.18,608.18,0,0
20140304,673.18,683.06,669.91,683.06,0,0
20140305,683.06,684.5,667.51,682.99,0,0
20140306,682.99,684.19,679.01,683.01,0,0
20140307,683.01,684.57,679.8,683.69,0,0
20140310,683.69,683.69,678.15,678.82,0,0
20140311,678.82,678.82,642.37,674.67,0,0
20140312,674.67,675.86,650.89,654.83,0,0
20140313,654.83,663.37,648.25,652.74,0,0
20140314,648.69,654.4,643.44,650.12,0,0
20140317,654.39,660.43,654.39,655.92,0,0
20140318,655.92,657.55,651.15,657.15,0,0
20140319,657.15,657.89,653.02,653.02,0,0
20140320,653.02,656.56,651.85,656.56,0,0
20140321,656.56,656.56,646.95,656.19,0,0
20140324,656.19,667.12,650.75,650.75,0,0
20140325,650.75,676.88,649.44,660.85,0,0
20140326,660.85,698.03,650.73,668.18,0,0
20140327,441.75,453.58,441.56,452.08,0,0
20140328,452.08,455.76,450.56,452.25,0,0
20140331,452.25,452.62,447.72,451.81,0,0
20140401,451.81,488.53,450.84,488.53,0,0
20140402,488.53,488.7,482.93,488.26,0,0
20140403,488.26,500.78,485.11,499.22,0,0
20140404,499.22,511.3,493.65,502.66,0,0
20140407,502.66,516.58,502.66,516.09,0,0
20140408,516.09,538.73,516.09,534.96,0,0
20140409,534.96,554.17,518.95,527.75,0,0
20140410,527.75,533.24,513.96,531.6,0,0
20140411,531.6,534.23,523.42,527,0,0
20140414,527,534.36,516.26,516.26,0,0
20140415,516.26,516.26,511.44,511.44,0,0
20140416,511.44,521.63,511.44,518.4,0,0
20140417,518.4,519.11,508.81,513.99,0,0
20140422,513.99,518.42,506.39,518.42,0,0
20140423,518.42,519.67,512.06,519.67,0,0
20140424,519.67,522.5,517.11,517.42,0,0
20140425,517.42,534.25,464.25,464.25,0,0
20140428,534.25,535.71,520.37,528.22,0,0
20140429,528.22,540.68,520.5,540.68,0,0
20140430,540.68,556.43,540.17,556.1,0,0
20140502,556.1,574.71,553.72,574.47,0,0
20140505,574.47,611.59,563.87,610.82,0,0
20140506,610.82,631.55,576.57,622.31,0,0
20140507,622.31,644.61,614.95,633.73,0,0
20140508,633.73,701.75,633.73,687.65,0,0
20140509,687.65,740.19,687.65,740.19,0,0
20140512,740.19,740.19,684.16,684.16,0,0
20140513,684.16,702,653.52,697.8,0,0
20140514,697.8,713.67,694.86,711.19,0,0
20140515,697.59,712.81,683.18,683.37,0,0
20140516,696.89,704.47,696.28,704.47,0,0
20140519,704.47,718.17,704.47,712.18,0,0
20140520,712.18,712.38,690.09,690.09,0,0
20140521,690.09,696.02,683.18,696.02,0,0
20140522,696.02,737.4,691.13,736.98,0,0
20140523,736.98,736.98,688.63,706.93,0,0
20140526,706.93,722.42,706.93,713.87,0,0
20140527,713.87,713.87,646.39,686.13,0,0
20140528,686.13,711.52,683.46,704.95,0,0
20140529,704.95,705.76,664.32,702.71,0,0
20140530,702.71,704.79,675.92,677.84,0,0
20140602,677.84,688.65,642.4,642.4,0,0
20140603,642.4,654.37,642.4,653.79,0,0
20140604,653.79,663.19,652.73,652.73,0,0
20140605,652.73,654.28,644.8,647.36,0,0
20140606,647.36,651.08,645.3,647.01,0,0
20140609,647.01,648.31,639.78,643.92,0,0
20140610,640.13,640.13,640.13,640.13,0,0
20140611,640.13,641.41,635.67,636.34,0,0
20140612,636.34,638.99,596.33,598.91,0,0
20140613,598.91,613.96,586.66,590.91,0,0
20140616,590.91,591,573.57,578.83,0,0
20140617,578.83,579.77,569.92,579.77,0,0
20140618,579.77,614.49,578.72,611.38,0,0
20140620,611.38,636.22,611.38,636.22,0,0
20140623,636.22,650.24,617.58,617.88,0,0
20140624,617.88,633.35,612.61,631.52,0,0
20140625,631.02,648.89,615.44,615.44,0,0
20140626,613.63,619.96,600.94,603.29,0,0
20140627,603.8,628.92,601.11,628.92,0,0
20140630,628.92,643.96,608.34,608.34,0,0
20140701,608.34,611.32,598.45,607.93,0,0
20140702,607.93,609.78,584.52,609.78,0,0
20140703,609.78,609.78,584.88,607.92,0,0
20140704,607.92,648.19,607.92,644.56,0,0
20140707,644.56,679.16,629.44,677.07,0,0
20140708,676.7,737.74,673.38,736.89,0,0
20140709,736.89,842.51,736.89,842.51,0,0
20140710,842.51,920.31,806.53,920.31,0,0
20140711,920.31,920.45,849.02,900.7,0,0
20140714,900.7,900.7,819.69,899.03,0,0
20140715,899.03,905.08,859.02,905.08,0,0
20140716,905.08,916.51,832.91,915.01,0,0
20140717,915.2,916.15,890.53,915.65,0,0
20140718,915.84,975.45,853.24,899.73,0,0
20140721,899.92,900.95,850.93,850.93,0,0
20140722,850.93,855.59,845.04,849.84,0,0
20140723,850.03,850.03,827.74,832.22,0,0
20140724,832.41,834.24,751.02,790.86,0,0
20140725,791.05,796.59,783.71,792.09,0,0
20140728,792.09,846.83,791.18,846.39,0,0
20140729,846.39,903.85,749.03,752.42,0,0
20140730,752.42,792.31,726.16,735.34,0,0
20140731,735.34,746.38,693.61,699.95,0,0
20140801,699.95,699.95,661.43,670.88,0,0
20140804,670.88,670.88,628.64,629.5,0,0
20140805,629.5,634.5,569.72,603.99,0,0
20140806,603.99,619.68,599.8,619.68,0,0
20140807,619.68,638.32,619.68,637.17,0,0
20140808,637.17,653.28,608.29,615.56,0,0
20140811,615.56,625.32,602.74,625.32,0,0
20140812,625.32,628.78,580.21,602.56,0,0
20140813,602.56,615.86,591.76,593.92,0,0
20140814,593.92,607.81,593.91,605.02,0,0
20140818,605.02,610.98,591.88,606.2,0,0
20140819,606.2,613.1,602.41,606.05,0,0
20140820,606.05,613.24,596.31,597.16,0,0
20140821,597.16,597.44,578.76,591.46,0,0
20140822,591.46,597.61,584.83,597.61,0,0
20140825,597.61,599.07,587.32,592.38,0,0
20140826,592.38,597.3,583.22,591.46,0,0
20140827,591.46,601.04,588.35,589.56,0,0
20140828,589.56,589.56,569.07,574.72,0,0
20140829,574.72,574.72,558.78,564.35,0,0
20140901,564.35,564.48,547.06,558.63,0,0
20140902,558.63,562.16,554.18,560.12,0,0
20140903,560.12,562.6,554.4,556.93,0,0
20140904,556.93,563.81,556.61,561,0,0
20140905,561,562.37,550.84,554.86,0,0
20140908,554.86,564.43,553.28,564.43,0,0
20140909,564.43,564.47,553.65,555.6,0,0
20140910,555.6,561.14,553.86,561.14,0,0
20140911,561.14,565.33,551.44,559.98,0,0
20140912,559.98,566.01,559.29,566.01,0,0
20140915,566.01,572.04,562.42,562.84,0,0
20140916,562.84,563.39,552.71,554.34,0,0
20140917,554.34,557.58,550.47,557.38,0,0
20140918,557.38,558.62,549.46,555.95,0,0
20140919,555.95,557.83,546.21,549.7,0,0
20140922,549.7,549.7,541.09,546.6,0,0
20140923,546.6,547.72,541.97,545.21,0,0
20140924,545.21,547.18,544.46,545.93,0,0
20140925,545.93,549,542.67,548.9,0,0
20140926,548.9,553.46,547.42,549.99,0,0
20140929,549.99,567.83,548.93,567.07,0,0
20140930,567.07,583.61,561.46,564.31,0,0
20141001,564.31,574.94,550.19,566.11,0,0
20141002,566.11,566.32,555.99,563.01,0,0
20141003,563.01,578.67,559.38,578.43,0,0
20141006,578.43,584.59,567.25,569.1,0,0
20141007,569.1,576.67,568.79,573.11,0,0
20141008,573.11,582.15,561.03,573.92,0,0
20141009,573.92,581.29,561.86,577.89,0,0
20141010,577.89,580.56,569.9,571.91,0,0
20141013,571.91,573.34,566.47,569.98,0,0
20141014,569.98,573.82,563.6,571,0,0
20141015,571,575.72,567.09,573.11,0,0
20141016,573.11,575.88,560.45,567.28,0,0
20141017,567.28,567.28,549.23,562.53,0,0
20141020,562.53,562.53,552.31,560.74,0,0
20141021,560.74,562.22,556.75,562.12,0,0
20141022,562.12,565.07,538.42,553.31,0,0
20141023,553.31,561.67,553.07,553.07,0,0
20141024,553.07,555.53,545.99,555.53,0,0
20141027,555.53,578.71,552.41,578.71,0,0
20141028,578.71,580.21,565.6,572.55,0,0
20141029,572.55,573.65,569.97,572.77,0,0
20141030,572.77,574.43,567.01,572.59,0,0
20141031,572.59,582.39,570.3,576.97,0,0
20141103,576.97,577.63,571.65,572.04,0,0
20141104,572.04,573.36,564.89,572.94,0,0
20141105,572.94,575.19,569.22,573.52,0,0
20141106,573.52,574.08,552.34,555.11,0,0
20141107,555.11,571.07,546.23,571.07,0,0
20141110,571.07,572.73,561.49,567.08,0,0
20141112,567.08,574.72,562.18,566.38,0,0
20141113,566.38,591.8,566.38,591.8,0,0
20141114,591.8,605.35,586.26,586.26,0,0
20141117,586.26,592.46,567.13,571.28,0,0
20141118,571.28,571.28,542.91,564.69,0,0
20141119,564.69,573.07,558.16,560.82,0,0
20141120,560.82,565.48,547.87,559.54,0,0
20141121,559.54,562.9,553.3,562.9,0,0
20141124,562.9,562.91,554.75,556.8,0,0
20141125,556.8,562.88,552.85,554.03,0,0
20141126,554.03,557.26,538.58,553.01,0,0
20141127,553.01,559.29,550.51,556.6,0,0
20141128,556.6,560.86,555.61,557.46,0,0
20141201,557.46,558.71,551.3,553.86,0,0
20141202,553.86,558.69,542.32,557.41,0,0
20141203,557.41,561.16,539.72,554.67,0,0
20141204,554.67,564.47,552.02,562.71,0,0
20141205,562.71,565.35,546.35,555.89,0,0
20141208,555.89,565.12,552.62,565.12,0,0
20141209,565.12,565.67,557.6,562.52,0,0
20141210,562.52,565.29,554.54,559.44,0,0
20141211,559.44,559.83,551.96,552.69,0,0
20141212,552.69,556.21,549.54,556.21,0,0
20141215,556.21,569.98,545.54,569.47,0,0
20141216,569.47,573.75,560.75,566.35,0,0
20141217,566.35,574.19,560.96,567.68,0,0
20141218,567.68,577.4,556.85,577.4,0,0
20141219,577.4,598.86,575.02,598.86,0,0
20141222,598.86,598.86,547.97,551.14,0,0
20141223,551.14,566.36,537.36,566.36,0,0
20141229,566.36,571.35,559.11,561.49,0,0
20141230,561.49,569.3,559.63,569.29,0,0
