Date,Open,High,Low,Close,Volume,OpenInt
20051128,3.337,3.365,3.319,3.334,0,0
20051129,3.335,3.378,3.289,3.354,0,0
20051130,3.345,3.386,3.345,3.377,0,0
20051201,3.38,3.387,3.311,3.344,0,0
20051202,3.345,3.395,3.345,3.379,0,0
20051205,3.38,3.438,3.365,3.424,0,0
20051206,3.425,3.437,3.399,3.415,0,0
20051207,3.415,3.426,3.381,3.411,0,0
20051208,3.41,3.445,3.394,3.4,0,0
20051209,3.4,3.463,3.385,3.455,0,0
20051212,3.455,3.46,3.4,3.442,0,0
20051213,3.44,3.45,3.409,3.42,0,0
20051214,3.42,3.42,3.357,3.36,0,0
20051215,3.36,3.408,3.332,3.335,0,0
20051216,3.334,3.371,3.311,3.324,0,0
20051219,3.331,3.331,3.284,3.29,0,0
20051220,3.296,3.326,3.292,3.31,0,0
20051221,3.32,3.365,3.312,3.361,0,0
20051222,3.365,3.405,3.361,3.368,0,0
20051223,3.368,3.38,3.349,3.349,0,0
20051226,3.349,3.351,3.349,3.351,0,0
20051227,3.352,3.362,3.308,3.315,0,0
20051228,3.315,3.326,3.3,3.315,0,0
20051229,3.315,3.33,3.31,3.317,0,0
20051230,3.32,3.32,3.295,3.295,0,0
20060102,3.294,3.363,3.289,3.346,0,0
20060103,3.344,3.361,3.322,3.33,0,0
20060104,3.33,3.33,3.281,3.3,0,0
20060105,3.314,3.323,3.289,3.294,0,0
20060106,3.3,3.305,3.261,3.279,0,0
20060109,3.304,3.308,3.254,3.27,0,0
20060110,3.27,3.286,3.263,3.278,0,0
20060111,3.274,3.312,3.274,3.295,0,0
20060112,3.296,3.309,3.245,3.262,0,0
20060113,3.254,3.275,3.231,3.238,0,0
20060116,3.238,3.254,3.237,3.25,0,0
20060117,3.25,3.25,3.23,3.23,0,0
20060118,3.226,3.237,3.222,3.222,0,0
20060119,3.222,3.298,3.222,3.279,0,0
20060120,3.279,3.303,3.248,3.299,0,0
20060123,3.3,3.337,3.274,3.32,0,0
20060124,3.32,3.32,3.292,3.304,0,0
20060125,3.305,3.363,3.305,3.361,0,0
20060126,3.35,3.445,3.34,3.44,0,0
20060127,3.409,3.481,3.409,3.469,0,0
20060130,3.467,3.503,3.463,3.478,0,0
20060131,3.478,3.496,3.466,3.474,0,0
20060201,3.47,3.513,3.444,3.511,0,0
20060202,3.48,3.512,3.476,3.485,0,0
20060203,3.501,3.506,3.461,3.472,0,0
20060206,3.472,3.474,3.441,3.459,0,0
20060207,3.458,3.486,3.428,3.479,0,0
20060208,3.46,3.471,3.451,3.458,0,0
20060209,3.458,3.482,3.403,3.405,0,0
20060210,3.425,3.425,3.36,3.403,0,0
20060213,3.381,3.433,3.381,3.419,0,0
20060214,3.424,3.457,3.41,3.437,0,0
20060215,3.436,3.445,3.417,3.445,0,0
20060216,3.424,3.449,3.373,3.39,0,0
20060217,3.388,3.388,3.331,3.336,0,0
20060220,3.341,3.35,3.31,3.325,0,0
20060221,3.325,3.352,3.315,3.349,0,0
20060222,3.348,3.387,3.342,3.348,0,0
20060223,3.347,3.356,3.312,3.355,0,0
20060224,3.351,3.38,3.348,3.365,0,0
20060227,3.429,3.429,3.429,3.429,0,0
20060228,3.423,3.436,3.391,3.394,0,0
20060301,3.394,3.429,3.381,3.424,0,0
20060302,3.424,3.466,3.405,3.457,0,0
20060303,3.461,3.49,3.461,3.485,0,0
20060306,3.486,3.491,3.465,3.475,0,0
20060307,3.478,3.497,3.464,3.473,0,0
20060308,3.467,3.488,3.432,3.488,0,0
20060309,3.486,3.518,3.473,3.502,0,0
20060310,3.494,3.548,3.49,3.546,0,0
20060313,3.537,3.589,3.537,3.588,0,0
20060314,3.564,3.571,3.525,3.534,0,0
20060315,3.532,3.581,3.532,3.567,0,0
20060316,3.555,3.612,3.55,3.561,0,0
20060317,3.562,3.58,3.528,3.573,0,0
20060320,3.57,3.585,3.541,3.548,0,0
20060321,3.547,3.577,3.543,3.564,0,0
20060322,3.573,3.581,3.535,3.542,0,0
20060323,3.547,3.569,3.498,3.566,0,0
20060324,3.538,3.564,3.522,3.523,0,0
20060327,3.543,3.543,3.509,3.526,0,0
20060328,3.526,3.609,3.517,3.591,0,0
20060329,3.592,3.649,3.592,3.647,0,0
20060330,3.633,3.728,3.632,3.692,0,0
20060331,3.689,3.711,3.665,3.675,0,0
20060403,3.675,3.777,3.672,3.752,0,0
20060404,3.756,3.762,3.719,3.747,0,0
20060405,3.751,3.771,3.73,3.755,0,0
20060406,3.755,3.804,3.723,3.802,0,0
20060407,3.778,3.809,3.763,3.801,0,0
20060410,3.802,3.802,3.787,3.795,0,0
20060411,3.796,3.814,3.779,3.803,0,0
20060412,3.795,3.82,3.778,3.813,0,0
20060413,3.805,3.876,3.798,3.862,0,0
20060414,3.862,3.862,3.862,3.862,0,0
20060417,3.862,3.862,3.862,3.862,0,0
20060418,3.862,3.883,3.843,3.867,0,0
20060419,3.872,3.874,3.806,3.861,0,0
20060420,3.859,3.869,3.837,3.852,0,0
20060421,3.853,3.872,3.814,3.864,0,0
20060424,3.837,3.865,3.822,3.863,0,0
20060425,3.852,3.941,3.843,3.928,0,0
20060426,3.933,3.943,3.916,3.925,0,0
20060427,3.924,3.962,3.887,3.892,0,0
20060428,3.918,3.928,3.884,3.884,0,0
20060501,3.898,3.908,3.898,3.908,0,0
20060502,3.952,3.952,3.904,3.918,0,0
20060503,3.918,3.943,3.907,3.933,0,0
20060504,3.928,3.976,3.927,3.957,0,0
20060505,3.957,3.975,3.913,3.924,0,0
20060508,3.935,3.935,3.899,3.919,0,0
20060509,3.922,3.948,3.918,3.928,0,0
20060510,3.928,3.954,3.891,3.896,0,0
20060511,3.903,3.975,3.903,3.971,0,0
20060512,3.972,4.001,3.949,3.995,0,0
20060515,3.977,3.994,3.919,3.92,0,0
20060516,3.937,3.937,3.866,3.873,0,0
20060517,3.893,3.956,3.876,3.935,0,0
20060518,3.944,3.944,3.869,3.89,0,0
20060519,3.891,3.914,3.854,3.874,0,0
20060522,3.877,3.877,3.77,3.77,0,0
20060523,3.781,3.816,3.776,3.78,0,0
20060524,3.787,3.791,3.723,3.749,0,0
20060525,3.749,3.751,3.732,3.747,0,0
20060526,3.757,3.787,3.754,3.759,0,0
20060529,3.759,3.788,3.759,3.788,0,0
20060530,3.776,3.873,3.761,3.835,0,0
20060531,3.835,3.906,3.826,3.906,0,0
20060601,3.896,3.949,3.896,3.92,0,0
20060602,3.92,3.949,3.862,3.864,0,0
20060605,3.871,3.928,3.864,3.928,0,0
20060606,3.904,3.98,3.904,3.949,0,0
20060607,3.954,3.973,3.941,3.961,0,0
20060608,3.962,3.962,3.857,3.857,0,0
20060609,3.885,3.905,3.86,3.87,0,0
20060612,3.906,3.906,3.843,3.845,0,0
20060613,3.851,3.851,3.78,3.815,0,0
20060614,3.811,3.844,3.8,3.835,0,0
20060615,3.836,3.883,3.836,3.87,0,0
20060616,3.871,3.882,3.848,3.86,0,0
20060619,3.861,3.896,3.861,3.89,0,0
20060620,3.891,3.946,3.888,3.946,0,0
20060621,3.933,3.983,3.933,3.95,0,0
20060622,3.946,3.998,3.946,3.997,0,0
20060623,3.96,4.029,3.96,4.029,0,0
20060626,3.963,4.038,3.963,4.02,0,0
20060627,4.02,4.036,4.006,4.015,0,0
20060628,4.015,4.039,4.015,4.033,0,0
20060629,4.038,4.051,3.995,4.001,0,0
20060630,4.001,4.049,3.985,4.03,0,0
20060703,4.031,4.036,4.009,4.032,0,0
20060704,4.032,4.035,4.018,4.022,0,0
20060705,4.023,4.08,4.023,4.075,0,0
20060706,4.076,4.086,4.048,4.066,0,0
20060707,4.063,4.07,4.015,4.035,0,0
20060710,4.038,4.053,4.022,4.044,0,0
20060711,4.043,4.043,4.002,4.015,0,0
20060712,4.018,4.062,4.007,4.045,0,0
20060713,4.043,4.043,3.98,3.996,0,0
20060714,3.998,3.998,3.913,3.933,0,0
20060717,3.933,3.941,3.912,3.932,0,0
20060718,3.933,3.958,3.914,3.954,0,0
20060719,3.953,3.986,3.92,3.951,0,0
20060720,3.957,3.957,3.908,3.921,0,0
20060721,3.921,3.923,3.867,3.877,0,0
20060724,3.878,3.897,3.862,3.868,0,0
20060725,3.868,3.878,3.833,3.861,0,0
20060726,3.858,3.907,3.854,3.892,0,0
20060727,3.893,3.893,3.841,3.85,0,0
20060728,3.848,3.881,3.82,3.824,0,0
20060731,3.822,3.865,3.822,3.837,0,0
20060801,3.843,3.871,3.826,3.857,0,0
20060802,3.863,3.872,3.824,3.865,0,0
20060803,3.842,3.908,3.842,3.895,0,0
20060804,3.893,3.911,3.829,3.836,0,0
20060807,3.838,3.878,3.824,3.857,0,0
20060808,3.858,3.862,3.844,3.852,0,0
20060809,3.853,3.902,3.853,3.892,0,0
20060810,3.898,3.898,3.853,3.883,0,0
20060811,3.883,3.931,3.883,3.916,0,0
20060814,3.916,3.95,3.913,3.945,0,0
20060815,3.945,3.962,3.91,3.918,0,0
20060816,3.917,3.933,3.873,3.886,0,0
20060817,3.888,3.888,3.836,3.862,0,0
20060818,3.863,3.888,3.829,3.841,0,0
20060821,3.822,3.834,3.783,3.797,0,0
20060822,3.798,3.798,3.734,3.742,0,0
20060823,3.742,3.778,3.742,3.773,0,0
20060824,3.778,3.803,3.744,3.751,0,0
20060825,3.751,3.784,3.731,3.762,0,0
20060828,3.758,3.777,3.75,3.772,0,0
20060829,3.772,3.793,3.772,3.783,0,0
20060830,3.783,3.788,3.742,3.748,0,0
20060831,3.747,3.756,3.691,3.705,0,0
20060901,3.708,3.71,3.663,3.687,0,0
20060904,3.663,3.693,3.663,3.681,0,0
20060905,3.646,3.74,3.646,3.725,0,0
20060906,3.725,3.805,3.724,3.79,0,0
20060907,3.788,3.808,3.763,3.787,0,0
20060908,3.792,3.792,3.724,3.727,0,0
20060911,3.723,3.758,3.718,3.734,0,0
20060912,3.732,3.775,3.728,3.764,0,0
20060913,3.762,3.762,3.716,3.726,0,0
20060914,3.726,3.774,3.711,3.721,0,0
20060915,3.723,3.747,3.681,3.69,0,0
20060918,3.687,3.755,3.687,3.743,0,0
20060919,3.742,3.746,3.693,3.702,0,0
20060920,3.703,3.707,3.681,3.691,0,0
20060921,3.688,3.715,3.664,3.676,0,0
20060922,3.678,3.678,3.605,3.622,0,0
20060925,3.622,3.622,3.603,3.603,0,0
20060926,3.603,3.635,3.593,3.61,0,0
20060927,3.612,3.638,3.599,3.619,0,0
20060928,3.618,3.655,3.618,3.649,0,0
20060929,3.647,3.671,3.61,3.644,0,0
20061002,3.654,3.7,3.637,3.664,0,0
20061003,3.673,3.692,3.644,3.683,0,0
20061004,3.682,3.708,3.643,3.651,0,0
20061005,3.653,3.67,3.647,3.659,0,0
20061006,3.657,3.707,3.632,3.682,0,0
20061009,3.682,3.707,3.682,3.699,0,0
20061010,3.699,3.759,3.697,3.746,0,0
20061011,3.746,3.77,3.739,3.754,0,0
20061012,3.753,3.788,3.724,3.741,0,0
20061013,3.738,3.765,3.721,3.756,0,0
20061016,3.756,3.773,3.746,3.76,0,0
20061017,3.758,3.76,3.714,3.723,0,0
20061018,3.723,3.75,3.716,3.724,0,0
20061019,3.724,3.775,3.718,3.764,0,0
20061020,3.762,3.77,3.74,3.767,0,0
20061023,3.768,3.811,3.768,3.805,0,0
20061024,3.803,3.817,3.791,3.806,0,0
20061025,3.807,3.845,3.802,3.822,0,0
20061026,3.822,3.822,3.779,3.789,0,0
20061027,3.788,3.796,3.716,3.724,0,0
20061030,3.718,3.729,3.686,3.696,0,0
20061031,3.698,3.698,3.645,3.664,0,0
20061101,3.667,3.667,3.613,3.625,0,0
20061102,3.623,3.673,3.621,3.655,0,0
20061103,3.657,3.69,3.645,3.657,0,0
20061106,3.652,3.726,3.652,3.719,0,0
20061107,3.719,3.722,3.659,3.667,0,0
20061108,3.667,3.688,3.648,3.671,0,0
20061109,3.667,3.68,3.653,3.658,0,0
20061110,3.657,3.657,3.617,3.638,0,0
20061113,3.638,3.654,3.607,3.643,0,0
20061114,3.644,3.67,3.6,3.609,0,0
20061115,3.613,3.623,3.582,3.609,0,0
20061116,3.609,3.618,3.561,3.579,0,0
20061117,3.58,3.616,3.561,3.579,0,0
20061120,3.579,3.583,3.54,3.575,0,0
20061121,3.576,3.583,3.534,3.552,0,0
20061122,3.552,3.57,3.541,3.565,0,0
20061123,3.568,3.605,3.553,3.593,0,0
20061124,3.593,3.596,3.548,3.554,0,0
20061127,3.553,3.595,3.553,3.588,0,0
20061128,3.593,3.593,3.562,3.574,0,0
20061129,3.578,3.602,3.575,3.588,0,0
20061130,3.589,3.61,3.568,3.578,0,0
20061201,3.568,3.586,3.552,3.555,0,0
20061204,3.558,3.563,3.54,3.55,0,0
20061205,3.548,3.549,3.521,3.53,0,0
20061206,3.527,3.539,3.5,3.5,0,0
20061207,3.5,3.53,3.495,3.515,0,0
20061208,3.515,3.557,3.51,3.528,0,0
20061211,3.539,3.589,3.525,3.581,0,0
20061212,3.58,3.596,3.57,3.581,0,0
20061213,3.575,3.603,3.55,3.581,0,0
20061214,3.58,3.64,3.58,3.63,0,0
20061215,3.63,3.664,3.615,3.64,0,0
20061218,3.636,3.691,3.636,3.682,0,0
20061219,3.68,3.724,3.676,3.708,0,0
20061220,3.705,3.717,3.686,3.697,0,0
20061221,3.7,3.716,3.695,3.702,0,0
20061222,3.705,3.718,3.681,3.702,0,0
20061225,3.702,3.705,3.702,3.703,0,0
20061226,3.697,3.703,3.697,3.703,0,0
20061227,3.697,3.747,3.697,3.737,0,0
20061228,3.735,3.792,3.731,3.778,0,0
20061229,3.781,3.796,3.746,3.785,0,0
20070101,3.79,3.79,3.774,3.784,0,0
20070102,3.785,3.8,3.764,3.773,0,0
20070103,3.773,3.789,3.76,3.775,0,0
20070104,3.775,3.781,3.761,3.77,0,0
20070105,3.77,3.82,3.747,3.757,0,0
20070108,3.755,3.814,3.755,3.805,0,0
20070109,3.805,3.846,3.805,3.827,0,0
20070110,3.825,3.865,3.825,3.858,0,0
20070111,3.858,3.886,3.846,3.851,0,0
20070112,3.85,3.916,3.85,3.902,0,0
20070115,3.905,3.916,3.896,3.91,0,0
20070116,3.911,3.922,3.887,3.913,0,0
20070117,3.913,3.916,3.875,3.909,0,0
20070118,3.909,3.99,3.909,3.954,0,0
20070119,3.954,3.954,3.911,3.929,0,0
20070122,3.947,3.954,3.907,3.915,0,0
20070123,3.915,3.92,3.889,3.905,0,0
20070124,3.906,3.932,3.904,3.927,0,0
20070125,3.927,3.988,3.919,3.973,0,0
20070126,3.973,4.012,3.972,3.996,0,0
20070129,3.996,4.027,3.983,4.027,0,0
20070130,4.032,4.059,4.023,4.049,0,0
20070131,4.047,4.064,4.021,4.034,0,0
20070201,4.032,4.047,4.002,4.02,0,0
20070202,4.02,4.065,4.013,4.02,0,0
20070205,4.02,4.02,3.93,3.936,0,0
20070206,3.936,3.95,3.92,3.939,0,0
20070207,3.939,3.949,3.923,3.937,0,0
20070208,3.937,3.968,3.925,3.961,0,0
20070209,3.961,3.986,3.952,3.976,0,0
20070212,3.976,4.005,3.976,3.981,0,0
20070213,3.981,4.009,3.981,3.992,0,0
20070214,3.992,3.995,3.948,3.964,0,0
20070215,3.964,3.967,3.873,3.878,0,0
20070216,3.878,3.879,3.853,3.87,0,0
20070219,3.87,3.897,3.869,3.895,0,0
20070220,3.895,3.937,3.891,3.912,0,0
20070221,3.874,3.903,3.868,3.889,0,0
20070222,3.889,3.926,3.879,3.919,0,0
20070223,3.923,3.945,3.891,3.899,0,0
20070226,3.899,3.902,3.834,3.845,0,0
20070227,3.845,3.845,3.806,3.816,0,0
20070228,3.817,3.817,3.776,3.79,0,0
20070301,3.79,3.808,3.746,3.768,0,0
20070302,3.768,3.78,3.75,3.768,0,0
20070305,3.768,3.768,3.715,3.744,0,0
20070306,3.746,3.767,3.741,3.753,0,0
20070307,3.755,3.787,3.75,3.772,0,0
20070308,3.772,3.78,3.756,3.761,0,0
20070309,3.761,3.796,3.754,3.782,0,0
20070312,3.782,3.811,3.757,3.765,0,0
20070313,3.765,3.768,3.73,3.747,0,0
20070314,3.747,3.747,3.701,3.717,0,0
20070315,3.715,3.746,3.715,3.734,0,0
20070316,3.735,3.749,3.72,3.738,0,0
20070319,3.738,3.763,3.738,3.762,0,0
20070320,3.762,3.771,3.742,3.75,0,0
20070321,3.75,3.774,3.747,3.769,0,0
20070322,3.769,3.791,3.737,3.766,0,0
20070323,3.765,3.833,3.765,3.83,0,0
20070326,3.83,3.869,3.825,3.841,0,0
20070327,3.841,3.891,3.841,3.881,0,0
20070328,3.881,3.895,3.844,3.879,0,0
20070329,3.879,3.913,3.879,3.901,0,0
20070330,3.901,3.928,3.886,3.921,0,0
20070402,3.922,3.931,3.897,3.916,0,0
20070403,3.912,3.955,3.912,3.944,0,0
20070404,3.944,3.969,3.936,3.948,0,0
20070405,3.947,3.969,3.947,3.964,0,0
20070406,3.964,3.966,3.963,3.966,0,0
20070409,3.966,3.966,3.963,3.965,0,0
20070410,3.963,4.02,3.963,4.012,0,0
20070411,4.013,4.028,4.008,4.018,0,0
20070412,4.017,4.05,4.004,4.039,0,0
20070413,4.037,4.074,4.035,4.059,0,0
20070416,4.071,4.126,4.052,4.092,0,0
20070417,4.092,4.137,4.076,4.09,0,0
20070418,4.093,4.1,4.045,4.053,0,0
20070419,4.052,4.078,4.018,4.075,0,0
20070420,4.072,4.106,4.072,4.097,0,0
20070423,4.098,4.098,4.059,4.088,0,0
20070424,4.093,4.093,4.049,4.059,0,0
20070425,4.058,4.072,4.044,4.059,0,0
20070426,4.058,4.122,4.058,4.094,0,0
20070427,4.087,4.122,4.087,4.106,0,0
20070430,4.112,4.112,4.033,4.087,0,0
20070501,4.042,4.087,4.042,4.083,0,0
20070502,4.088,4.093,4.053,4.079,0,0
20070503,4.078,4.091,4.063,4.083,0,0
20070504,4.083,4.087,4.039,4.049,0,0
20070507,4.047,4.077,4.047,4.061,0,0
20070508,4.062,4.066,4.033,4.039,0,0
20070509,4.038,4.071,4.038,4.064,0,0
20070510,4.067,4.098,4.067,4.075,0,0
20070511,4.072,4.08,4.029,4.053,0,0
20070514,4.058,4.132,4.058,4.122,0,0
20070515,4.117,4.172,4.117,4.158,0,0
20070516,4.157,4.171,4.145,4.152,0,0
20070517,4.147,4.186,4.147,4.154,0,0
20070518,4.147,4.191,4.147,4.177,0,0
20070521,4.177,4.208,4.177,4.204,0,0
20070522,4.203,4.21,4.19,4.201,0,0
20070523,4.198,4.236,4.198,4.221,0,0
20070524,4.213,4.24,4.207,4.234,0,0
20070525,4.237,4.267,4.214,4.257,0,0
20070528,4.257,4.272,4.247,4.248,0,0
20070529,4.247,4.262,4.216,4.222,0,0
20070530,4.217,4.244,4.211,4.233,0,0
20070531,4.233,4.273,4.233,4.264,0,0
20070601,4.267,4.305,4.248,4.296,0,0
20070604,4.296,4.306,4.287,4.293,0,0
20070605,4.293,4.336,4.29,4.305,0,0
20070606,4.298,4.339,4.293,4.299,0,0
20070607,4.298,4.395,4.298,4.376,0,0
20070608,4.372,4.475,4.372,4.42,0,0
20070611,4.417,4.425,4.392,4.412,0,0
20070612,4.412,4.451,4.398,4.439,0,0
20070613,4.437,4.517,4.414,4.466,0,0
20070614,4.468,4.483,4.435,4.448,0,0
20070615,4.443,4.502,4.443,4.466,0,0
20070618,4.467,4.48,4.438,4.474,0,0
20070619,4.477,4.477,4.428,4.442,0,0
20070620,4.442,4.532,4.417,4.527,0,0
20070621,4.528,4.577,4.5,4.543,0,0
20070622,4.547,4.552,4.526,4.544,0,0
20070625,4.547,4.547,4.492,4.505,0,0
20070626,4.504,4.513,4.479,4.491,0,0
20070627,4.493,4.493,4.446,4.455,0,0
20070628,4.453,4.509,4.453,4.481,0,0
20070629,4.48,4.509,4.466,4.481,0,0
20070702,4.488,4.488,4.432,4.445,0,0
20070703,4.448,4.488,4.435,4.469,0,0
20070704,4.463,4.535,4.463,4.517,0,0
20070705,4.51,4.561,4.51,4.549,0,0
20070706,4.548,4.587,4.548,4.578,0,0
20070709,4.577,4.601,4.572,4.583,0,0
20070710,4.583,4.592,4.512,4.526,0,0
20070711,4.527,4.527,4.454,4.501,0,0
20070712,4.507,4.562,4.492,4.539,0,0
20070713,4.538,4.585,4.506,4.515,0,0
20070716,4.512,4.543,4.499,4.51,0,0
20070717,4.51,4.539,4.468,4.513,0,0
20070718,4.507,4.507,4.457,4.482,0,0
20070719,4.483,4.501,4.459,4.487,0,0
20070720,4.492,4.492,4.386,4.399,0,0
20070723,4.399,4.408,4.359,4.385,0,0
20070724,4.387,4.395,4.367,4.369,0,0
20070725,4.368,4.368,4.318,4.347,0,0
20070726,4.353,4.357,4.295,4.301,0,0
20070727,4.308,4.316,4.241,4.276,0,0
20070730,4.277,4.282,4.235,4.249,0,0
20070731,4.248,4.312,4.248,4.304,0,0
20070801,4.307,4.307,4.223,4.281,0,0
20070802,4.281,4.322,4.268,4.305,0,0
20070803,4.303,4.312,4.249,4.258,0,0
20070806,4.263,4.27,4.232,4.262,0,0
20070807,4.263,4.3,4.263,4.289,0,0
20070808,4.293,4.369,4.293,4.353,0,0
20070809,4.352,4.352,4.293,4.312,0,0
20070810,4.307,4.319,4.259,4.286,0,0
20070813,4.288,4.323,4.277,4.303,0,0
20070814,4.302,4.35,4.278,4.321,0,0
20070815,4.327,4.327,4.255,4.275,0,0
20070816,4.275,4.275,4.167,4.192,0,0
20070817,4.193,4.237,4.151,4.219,0,0
20070820,4.218,4.245,4.202,4.215,0,0
20070821,4.217,4.217,4.146,4.163,0,0
20070822,4.162,4.256,4.162,4.244,0,0
20070823,4.248,4.282,4.201,4.217,0,0
20070824,4.223,4.223,4.178,4.201,0,0
20070827,4.202,4.243,4.201,4.212,0,0
20070828,4.218,4.218,4.156,4.177,0,0
20070829,4.177,4.183,4.132,4.154,0,0
20070830,4.163,4.19,4.148,4.173,0,0
20070831,4.173,4.245,4.172,4.213,0,0
20070903,4.213,4.223,4.182,4.209,0,0
20070904,4.208,4.234,4.177,4.212,0,0
20070905,4.208,4.229,4.172,4.184,0,0
20070906,4.193,4.203,4.165,4.175,0,0
20070907,4.178,4.197,4.078,4.104,0,0
20070910,4.108,4.108,4.038,4.062,0,0
20070911,4.067,4.077,4.048,4.053,0,0
20070912,4.052,4.12,4.048,4.105,0,0
20070913,4.105,4.158,4.057,4.14,0,0
20070914,4.137,4.165,4.112,4.136,0,0
20070917,4.132,4.165,4.126,4.155,0,0
20070918,4.154,4.213,4.136,4.207,0,0
20070919,4.208,4.282,4.203,4.263,0,0
20070920,4.274,4.327,4.26,4.317,0,0
20070921,4.318,4.359,4.318,4.341,0,0
20070924,4.338,4.363,4.323,4.338,0,0
20070925,4.346,4.347,4.286,4.307,0,0
20070926,4.308,4.354,4.307,4.349,0,0
20070927,4.348,4.372,4.321,4.332,0,0
20070928,4.328,4.337,4.29,4.311,0,0
20071001,4.313,4.329,4.289,4.308,0,0
20071002,4.313,4.332,4.287,4.305,0,0
20071003,4.305,4.329,4.267,4.301,0,0
20071004,4.312,4.331,4.269,4.288,0,0
20071005,4.292,4.355,4.261,4.337,0,0
20071008,4.332,4.362,4.332,4.352,0,0
20071009,4.352,4.367,4.33,4.336,0,0
20071010,4.357,4.378,4.333,4.363,0,0
20071011,4.363,4.4,4.356,4.397,0,0
20071012,4.397,4.424,4.348,4.414,0,0
20071015,4.414,4.454,4.413,4.441,0,0
20071016,4.442,4.442,4.41,4.427,0,0
20071017,4.428,4.428,4.375,4.394,0,0
20071018,4.397,4.397,4.33,4.334,0,0
20071019,4.332,4.332,4.267,4.286,0,0
20071022,4.287,4.301,4.195,4.228,0,0
20071023,4.228,4.254,4.228,4.248,0,0
20071024,4.253,4.253,4.185,4.216,0,0
20071025,4.223,4.229,4.197,4.22,0,0
20071026,4.223,4.244,4.194,4.229,0,0
20071029,4.233,4.237,4.211,4.222,0,0
20071030,4.222,4.241,4.208,4.228,0,0
20071031,4.227,4.278,4.204,4.264,0,0
20071101,4.264,4.352,4.24,4.25,0,0
20071102,4.252,4.285,4.196,4.232,0,0
20071105,4.238,4.238,4.193,4.218,0,0
20071106,4.217,4.263,4.217,4.254,0,0
20071107,4.254,4.257,4.199,4.219,0,0
20071108,4.219,4.235,4.174,4.2,0,0
20071109,4.2,4.223,4.163,4.179,0,0
20071112,4.179,4.223,4.169,4.208,0,0
20071113,4.208,4.253,4.202,4.238,0,0
20071114,4.238,4.289,4.238,4.257,0,0
20071115,4.258,4.271,4.235,4.244,0,0
20071116,4.247,4.255,4.205,4.238,0,0
20071119,4.238,4.251,4.191,4.212,0,0
20071120,4.199,4.233,4.186,4.218,0,0
20071121,4.227,4.227,4.168,4.2,0,0
20071122,4.202,4.211,4.186,4.198,0,0
20071123,4.198,4.24,4.179,4.221,0,0
20071126,4.221,4.249,4.201,4.216,0,0
20071127,4.223,4.223,4.135,4.157,0,0
20071128,4.162,4.216,4.153,4.205,0,0
20071129,4.203,4.228,4.138,4.149,0,0
20071130,4.148,4.224,4.148,4.199,0,0
20071203,4.203,4.213,4.152,4.166,0,0
20071204,4.168,4.17,4.133,4.142,0,0
20071205,4.143,4.176,4.139,4.163,0,0
20071206,4.163,4.217,4.162,4.208,0,0
20071207,4.208,4.296,4.207,4.279,0,0
20071210,4.272,4.347,4.269,4.341,0,0
20071211,4.341,4.365,4.33,4.339,0,0
20071212,4.339,4.428,4.309,4.415,0,0
20071213,4.415,4.423,4.359,4.403,0,0
20071214,4.403,4.419,4.377,4.401,0,0
20071217,4.409,4.409,4.367,4.381,0,0
20071218,4.381,4.402,4.352,4.377,0,0
20071219,4.378,4.378,4.305,4.326,0,0
20071220,4.323,4.327,4.275,4.288,0,0
20071221,4.281,4.335,4.281,4.329,0,0
20071224,4.329,4.332,4.327,4.332,0,0
20071225,4.332,4.332,4.331,4.331,0,0
20071226,4.331,4.331,4.331,4.331,0,0
20071227,4.327,4.374,4.327,4.368,0,0
20071228,4.368,4.373,4.327,4.349,0,0
20071231,4.349,4.349,4.342,4.345,0,0
20080101,4.345,4.345,4.344,4.344,0,0
20080102,4.344,4.377,4.243,4.272,0,0
20080103,4.278,4.287,4.225,4.249,0,0
20080104,4.249,4.252,4.172,4.182,0,0
20080107,4.182,4.231,4.147,4.161,0,0
20080108,4.161,4.204,4.161,4.196,0,0
20080109,4.197,4.202,4.123,4.144,0,0
20080110,4.144,4.162,4.129,4.157,0,0
20080111,4.157,4.198,4.145,4.172,0,0
20080114,4.172,4.172,4.1,4.113,0,0
20080115,4.113,4.115,4.081,4.091,0,0
20080116,4.091,4.093,4.033,4.056,0,0
20080117,4.057,4.086,4.052,4.058,0,0
20080118,4.058,4.058,4.015,4.043,0,0
20080121,4.047,4.047,3.969,3.975,0,0
20080122,3.975,4.006,3.848,3.997,0,0
20080123,4.003,4.003,3.874,3.918,0,0
20080124,3.918,4.026,3.918,4.018,0,0
20080125,4.018,4.082,4.018,4.035,0,0
20080128,4.033,4.043,3.959,3.972,0,0
20080129,3.972,4.022,3.968,4.004,0,0
20080130,3.999,4.076,3.991,4.04,0,0
20080131,4.04,4.04,3.941,3.95,0,0
20080201,3.95,3.994,3.928,3.957,0,0
20080204,3.958,3.997,3.948,3.966,0,0
20080205,3.963,3.983,3.884,3.89,0,0
20080206,3.89,3.931,3.873,3.922,0,0
20080207,3.922,3.93,3.872,3.903,0,0
20080208,3.903,3.973,3.892,3.899,0,0
20080211,3.897,3.921,3.856,3.866,0,0
20080212,3.866,3.963,3.858,3.949,0,0
20080213,3.948,4.034,3.923,4.023,0,0
20080214,4.023,4.123,4.022,4.11,0,0
20080215,4.11,4.145,4.037,4.045,0,0
20080218,4.058,4.098,4.042,4.067,0,0
20080219,4.072,4.097,4.013,4.044,0,0
20080220,4.044,4.1,4.044,4.079,0,0
20080221,4.079,4.136,4.058,4.1,0,0
20080222,4.092,4.107,4.037,4.062,0,0
20080225,4.062,4.104,4.057,4.075,0,0
20080226,4.075,4.127,4.07,4.105,0,0
20080227,4.106,4.144,4.072,4.134,0,0
20080228,4.137,4.155,4.072,4.101,0,0
20080229,4.077,4.108,3.988,4.003,0,0
20080303,4.013,4.023,3.941,4.008,0,0
20080304,4.012,4.012,3.924,3.954,0,0
20080305,3.952,4.02,3.945,4.004,0,0
20080306,4.004,4.009,3.96,3.968,0,0
20080307,3.968,3.994,3.906,3.944,0,0
20080310,3.944,3.944,3.882,3.917,0,0
20080311,3.913,3.96,3.89,3.946,0,0
20080312,3.946,3.972,3.91,3.937,0,0
20080313,3.937,3.94,3.848,3.869,0,0
20080314,3.869,3.903,3.815,3.838,0,0
20080317,3.838,3.838,3.753,3.777,0,0
20080318,3.777,3.836,3.767,3.82,0,0
20080319,3.82,3.843,3.772,3.833,0,0
20080320,3.838,3.863,3.783,3.818,0,0
20080321,3.832,3.832,3.822,3.822,0,0
20080324,3.832,3.832,3.822,3.822,0,0
20080325,3.817,3.961,3.817,3.934,0,0
20080326,3.942,3.965,3.914,3.936,0,0
20080327,3.927,3.991,3.927,3.963,0,0
20080328,3.962,4.02,3.962,3.998,0,0
20080331,3.998,4.011,3.939,3.958,0,0
20080401,3.957,4.023,3.952,4.008,0,0
20080402,4.011,4.039,3.995,4.014,0,0
20080403,4.009,4.032,3.974,3.994,0,0
20080404,3.993,3.999,3.947,3.968,0,0
20080407,3.96,4.029,3.96,4.004,0,0
20080408,3.997,4.03,3.982,4.012,0,0
20080409,4.01,4.038,3.981,4.001,0,0
20080410,4.039,4.039,4.039,4.039,0,0
20080411,4.017,4.017,4.017,4.017,0,0
20080414,4.019,4.045,4,4.04,0,0
20080415,4.044,4.087,4.021,4.064,0,0
20080416,4.061,4.15,4.061,4.115,0,0
20080417,4.117,4.194,4.115,4.167,0,0
20080418,4.167,4.257,4.161,4.218,0,0
20080421,4.219,4.23,4.172,4.195,0,0
20080422,4.19,4.236,4.188,4.22,0,0
20080423,4.22,4.23,4.172,4.188,0,0
20080424,4.184,4.229,4.126,4.19,0,0
20080425,4.186,4.269,4.182,4.202,0,0
20080428,4.207,4.222,4.194,4.209,0,0
20080429,4.21,4.21,4.138,4.151,0,0
20080430,4.142,4.153,4.105,4.113,0,0
20080501,4.106,4.113,4.106,4.113,0,0
20080502,4.106,4.181,4.088,4.173,0,0
20080505,4.175,4.175,4.1,4.13,0,0
20080506,4.135,4.151,4.064,4.071,0,0
20080507,4.073,4.146,4.065,4.13,0,0
20080508,4.13,4.13,4.014,4.07,0,0
20080509,4.065,4.076,3.998,4.015,0,0
20080512,4.015,4.062,3.997,4.039,0,0
20080513,4.04,4.121,4.021,4.109,0,0
20080514,4.101,4.176,4.101,4.176,0,0
20080515,4.135,4.231,4.135,4.168,0,0
20080516,4.195,4.221,4.161,4.171,0,0
20080519,4.135,4.218,4.135,4.218,0,0
20080520,4.2,4.2,4.153,4.163,0,0
20080521,4.167,4.232,4.151,4.224,0,0
20080522,4.214,4.321,4.203,4.315,0,0
20080523,4.305,4.332,4.217,4.234,0,0
20080526,4.235,4.265,4.235,4.262,0,0
20080527,4.251,4.321,4.251,4.316,0,0
20080528,4.316,4.37,4.315,4.362,0,0
20080529,4.362,4.461,4.362,4.449,0,0
20080530,4.449,4.449,4.361,4.387,0,0
20080602,4.387,4.412,4.328,4.35,0,0
20080603,4.35,4.399,4.314,4.388,0,0
20080604,4.388,4.388,4.319,4.339,0,0
20080605,4.339,4.389,4.308,4.336,0,0
20080606,4.336,4.349,4.274,4.337,0,0
20080609,4.295,4.35,4.223,4.328,0,0
20080610,4.33,4.396,4.298,4.336,0,0
20080611,4.323,4.389,4.323,4.374,0,0
20080612,4.374,4.473,4.374,4.442,0,0
20080613,4.442,4.523,4.442,4.48,0,0
20080616,4.487,4.541,4.477,4.531,0,0
20080617,4.532,4.532,4.477,4.498,0,0
20080618,4.498,4.498,4.44,4.46,0,0
20080619,4.46,4.539,4.417,4.473,0,0
20080620,4.474,4.514,4.447,4.466,0,0
20080623,4.466,4.472,4.416,4.438,0,0
20080624,4.438,4.483,4.438,4.453,0,0
20080625,4.459,4.493,4.452,4.478,0,0
20080626,4.478,4.498,4.389,4.446,0,0
20080627,4.422,4.447,4.368,4.429,0,0
20080630,4.429,4.557,4.429,4.518,0,0
20080701,4.527,4.558,4.456,4.485,0,0
20080702,4.487,4.592,4.487,4.562,0,0
20080703,4.557,4.643,4.512,4.539,0,0
20080704,4.547,4.553,4.484,4.49,0,0
20080707,4.49,4.501,4.403,4.415,0,0
20080708,4.415,4.432,4.373,4.41,0,0
20080709,4.41,4.438,4.36,4.369,0,0
20080710,4.369,4.373,4.333,4.345,0,0
20080711,4.345,4.38,4.267,4.296,0,0
20080714,4.309,4.366,4.217,4.231,0,0
20080715,4.231,4.233,4.149,4.161,0,0
20080716,4.16,4.222,4.16,4.217,0,0
20080717,4.217,4.29,4.217,4.268,0,0
20080718,4.268,4.392,4.268,4.361,0,0
20080721,4.367,4.43,4.357,4.415,0,0
20080722,4.415,4.431,4.379,4.428,0,0
20080723,4.427,4.474,4.427,4.464,0,0
20080724,4.463,4.463,4.391,4.405,0,0
20080725,4.383,4.434,4.336,4.404,0,0
20080728,4.437,4.437,4.352,4.376,0,0
20080729,4.372,4.384,4.33,4.374,0,0
20080730,4.367,4.367,4.251,4.291,0,0
20080731,4.287,4.298,4.198,4.216,0,0
20080801,4.209,4.209,4.147,4.18,0,0
20080804,4.18,4.186,4.152,4.168,0,0
20080805,4.161,4.185,4.146,4.174,0,0
20080806,4.174,4.219,4.151,4.181,0,0
20080807,4.188,4.206,4.108,4.135,0,0
20080808,4.135,4.144,4.108,4.13,0,0
20080811,4.13,4.147,4.115,4.14,0,0
20080812,4.14,4.14,4.084,4.092,0,0
20080813,4.092,4.112,4.065,4.095,0,0
20080814,4.09,4.138,4.09,4.106,0,0
20080815,4.106,4.116,4.062,4.095,0,0
20080818,4.09,4.096,4.052,4.075,0,0
20080819,4.075,4.083,4.015,4.048,0,0
20080820,4.045,4.123,4.016,4.044,0,0
20080821,4.044,4.107,4.024,4.09,0,0
20080822,4.09,4.171,4.086,4.145,0,0
20080825,4.145,4.145,4.044,4.074,0,0
20080826,4.075,4.08,4.009,4.06,0,0
20080827,4.06,4.119,4.033,4.11,0,0
20080828,4.11,4.11,4.053,4.1,0,0
20080829,4.1,4.102,4.023,4.065,0,0
20080901,4.065,4.065,4.013,4.021,0,0
20080902,4.021,4.132,4.012,4.072,0,0
20080903,4.07,4.075,3.955,3.965,0,0
20080904,3.96,4.034,3.93,3.959,0,0
20080905,3.952,3.96,3.841,3.86,0,0
20080908,3.859,3.982,3.855,3.889,0,0
20080909,3.889,3.937,3.817,3.859,0,0
20080910,3.865,3.896,3.835,3.88,0,0
20080911,3.88,3.905,3.845,3.871,0,0
20080912,3.871,4.008,3.871,3.925,0,0
20080915,3.925,3.931,3.79,3.809,0,0
20080916,3.805,3.811,3.72,3.724,0,0
20080917,3.723,3.853,3.713,3.768,0,0
20080918,3.768,3.775,3.702,3.762,0,0
20080919,3.76,3.923,3.76,3.922,0,0
20080922,3.92,3.993,3.914,3.985,0,0
20080923,3.976,3.985,3.915,3.949,0,0
20080924,3.949,3.95,3.865,3.891,0,0
20080925,3.88,3.977,3.88,3.977,0,0
20080926,3.972,3.975,3.878,3.934,0,0
20080929,3.93,3.93,3.821,3.829,0,0
20080930,3.83,3.832,3.766,3.822,0,0
20081001,3.822,3.825,3.722,3.769,0,0
20081002,3.769,3.8,3.721,3.753,0,0
20081003,3.753,3.753,3.569,3.631,0,0
20081006,3.649,3.649,3.42,3.436,0,0
20081007,3.435,3.495,3.374,3.433,0,0
20081008,3.449,3.449,3.185,3.239,0,0
20081009,3.239,3.57,3.239,3.474,0,0
20081010,3.47,3.677,3.39,3.6,0,0
20081013,3.6,3.763,3.6,3.69,0,0
20081014,3.69,3.799,3.667,3.681,0,0
20081015,3.68,3.724,3.68,3.723,0,0
20081016,3.723,3.729,3.639,3.683,0,0
20081017,3.661,3.712,3.561,3.603,0,0
20081020,3.603,3.676,3.6,3.652,0,0
20081021,3.625,3.635,3.587,3.635,0,0
20081022,3.635,3.635,3.541,3.582,0,0
20081023,3.581,3.581,3.444,3.484,0,0
20081024,3.484,3.49,3.353,3.404,0,0
20081027,3.427,3.427,3.375,3.379,0,0
20081028,3.379,3.463,3.379,3.394,0,0
20081029,3.393,3.504,3.393,3.485,0,0
20081030,3.485,3.564,3.44,3.518,0,0
20081031,3.53,3.583,3.422,3.501,0,0
20081103,3.505,3.593,3.504,3.542,0,0
20081104,3.545,3.629,3.493,3.628,0,0
20081105,3.628,3.735,3.62,3.681,0,0
20081106,3.681,3.69,3.545,3.67,0,0
20081107,3.67,3.67,3.583,3.602,0,0
20081110,3.6,3.615,3.578,3.578,0,0
20081111,3.578,3.58,3.519,3.524,0,0
20081112,3.524,3.56,3.447,3.456,0,0
20081113,3.455,3.46,3.388,3.415,0,0
20081114,3.415,3.456,3.381,3.391,0,0
20081117,3.39,3.395,3.362,3.374,0,0
20081118,3.38,3.38,3.335,3.357,0,0
20081119,3.355,3.365,3.269,3.323,0,0
20081120,3.323,3.325,3.083,3.083,0,0
20081121,3.083,3.083,2.988,3.067,0,0
20081124,3.067,3.101,3.039,3.101,0,0
20081125,3.08,3.115,3.001,3.059,0,0
20081126,3.058,3.06,2.93,2.93,0,0
20081127,2.93,2.971,2.913,2.952,0,0
20081128,2.955,2.955,2.876,2.906,0,0
20081201,2.906,2.906,2.783,2.81,0,0
20081202,2.81,2.81,2.683,2.707,0,0
20081203,2.706,2.716,2.636,2.652,0,0
20081204,2.652,2.652,2.491,2.564,0,0
20081205,2.564,2.644,2.551,2.631,0,0
20081208,2.636,2.779,2.625,2.729,0,0
20081209,2.725,2.932,2.725,2.884,0,0
20081210,2.883,2.89,2.803,2.836,0,0
20081211,2.836,2.865,2.799,2.849,0,0
20081212,2.849,2.908,2.757,2.87,0,0
20081215,2.869,2.922,2.812,2.819,0,0
20081216,2.819,2.823,2.733,2.743,0,0
20081217,2.742,2.745,2.483,2.496,0,0
20081218,2.495,2.514,2.441,2.504,0,0
20081219,2.502,2.548,2.481,2.518,0,0
20081222,2.515,2.589,2.487,2.496,0,0
20081223,2.495,2.5,2.441,2.442,0,0
20081224,2.442,2.442,2.441,2.441,0,0
20081225,2.441,2.445,2.441,2.445,0,0
20081226,2.445,2.445,2.445,2.445,0,0
20081229,2.444,2.447,2.403,2.405,0,0
20081230,2.405,2.427,2.395,2.415,0,0
20081231,2.415,2.415,2.413,2.413,0,0
20090101,2.413,2.418,2.413,2.418,0,0
20090102,2.417,2.492,2.411,2.427,0,0
20090105,2.426,2.554,2.426,2.531,0,0
20090106,2.537,2.537,2.528,2.528,0,0
20090107,2.527,2.688,2.527,2.653,0,0
20090108,2.644,2.713,2.627,2.635,0,0
20090109,2.635,2.668,2.599,2.617,0,0
20090112,2.617,2.646,2.596,2.621,0,0
20090113,2.63,2.63,2.57,2.597,0,0
20090114,2.595,2.714,2.595,2.686,0,0
20090115,2.686,2.744,2.629,2.636,0,0
20090116,2.641,2.735,2.641,2.721,0,0
20090119,2.715,2.841,2.715,2.76,0,0
20090120,2.76,2.794,2.735,2.781,0,0
20090121,2.78,2.809,2.744,2.801,0,0
20090122,2.801,2.904,2.801,2.862,0,0
20090123,2.862,3.026,2.862,2.98,0,0
20090126,2.98,3.138,2.98,3.127,0,0
20090127,3.126,3.152,3.052,3.07,0,0
20090128,3.07,3.084,3.006,3.026,0,0
20090129,3.026,3.087,3.02,3.06,0,0
20090130,3.059,3.108,3.047,3.096,0,0
20090202,3.095,3.095,3.023,3.062,0,0
20090203,3.062,3.102,3.021,3.021,0,0
20090204,3.02,3.122,3.02,3.108,0,0
20090205,3.108,3.108,3.017,3.021,0,0
20090206,3.021,3.099,3.021,3.087,0,0
20090209,3.086,3.089,3.07,3.086,0,0
20090210,3.086,3.091,2.975,2.994,0,0
20090211,2.993,2.993,2.85,2.901,0,0
20090212,2.901,2.924,2.812,2.887,0,0
20090213,2.887,3.023,2.887,2.988,0,0
20090216,2.988,2.988,2.952,2.975,0,0
20090217,2.975,2.989,2.859,2.865,0,0
20090218,2.864,2.864,2.752,2.799,0,0
20090219,2.799,2.863,2.794,2.85,0,0
20090220,2.85,2.85,2.75,2.776,0,0
20090223,2.776,2.824,2.749,2.757,0,0
20090224,2.757,2.794,2.678,2.696,0,0
20090225,2.694,2.757,2.694,2.728,0,0
20090226,2.728,2.862,2.728,2.841,0,0
20090227,2.841,2.86,2.784,2.802,0,0
20090302,2.802,2.842,2.763,2.782,0,0
20090303,2.782,2.826,2.782,2.813,0,0
20090304,2.812,2.861,2.797,2.829,0,0
20090305,2.828,2.854,2.746,2.797,0,0
20090306,2.796,2.796,2.703,2.725,0,0
20090309,2.724,2.737,2.7,2.723,0,0
20090310,2.723,2.786,2.72,2.769,0,0
20090311,2.768,2.911,2.767,2.878,0,0
20090312,2.878,2.899,2.833,2.862,0,0
20090313,2.862,2.961,2.862,2.897,0,0
20090316,2.897,2.94,2.894,2.904,0,0
20090317,2.903,2.953,2.857,2.918,0,0
20090318,2.917,2.968,2.917,2.948,0,0
20090319,2.948,2.948,2.794,2.837,0,0
20090320,2.837,2.915,2.799,2.881,0,0
20090323,2.88,3.056,2.88,3.049,0,0
20090324,3.049,3.143,3.049,3.128,0,0
20090325,3.127,3.177,3.124,3.138,0,0
20090326,3.138,3.287,3.138,3.21,0,0
20090327,3.21,3.21,3.14,3.157,0,0
20090330,3.161,3.196,3.094,3.105,0,0
20090331,3.105,3.12,2.988,2.991,0,0
20090401,2.99,3.041,2.978,3.022,0,0
20090402,3.021,3.147,3.021,3.118,0,0
20090403,3.115,3.201,3.115,3.175,0,0
20090406,3.174,3.277,3.174,3.239,0,0
20090407,3.238,3.267,3.191,3.243,0,0
20090408,3.243,3.27,3.221,3.241,0,0
20090409,3.24,3.29,3.24,3.258,0,0
20090410,3.258,3.26,3.258,3.26,0,0
20090413,3.26,3.26,3.26,3.26,0,0
20090414,3.26,3.262,3.171,3.192,0,0
20090415,3.195,3.195,3.111,3.119,0,0
20090416,3.118,3.152,3.115,3.133,0,0
20090417,3.135,3.195,3.119,3.176,0,0
20090420,3.175,3.195,3.073,3.094,0,0
20090421,3.1,3.1,3.016,3.047,0,0
20090422,3.046,3.149,3.045,3.127,0,0
20090423,3.127,3.192,3.125,3.17,0,0
20090424,3.165,3.247,3.155,3.243,0,0
20090427,3.245,3.245,3.172,3.182,0,0
20090428,3.181,3.181,3.16,3.172,0,0
20090429,3.172,3.216,3.17,3.189,0,0
20090430,3.189,3.248,3.189,3.244,0,0
20090501,3.244,3.25,3.244,3.25,0,0
20090504,3.25,3.347,3.247,3.332,0,0
20090505,3.332,3.355,3.295,3.342,0,0
20090506,3.341,3.43,3.32,3.406,0,0
20090507,3.406,3.557,3.405,3.54,0,0
20090508,3.54,3.573,3.52,3.533,0,0
20090511,3.533,3.533,3.442,3.45,0,0
20090512,3.45,3.541,3.438,3.531,0,0
20090513,3.53,3.572,3.53,3.544,0,0
20090514,3.544,3.549,3.444,3.483,0,0
20090515,3.483,3.528,3.447,3.517,0,0
20090518,3.517,3.528,3.496,3.517,0,0
20090519,3.516,3.595,3.516,3.577,0,0
20090520,3.576,3.612,3.574,3.61,0,0
20090521,3.61,3.61,3.61,3.61,0,0
20090522,3.61,3.692,3.605,3.677,0,0
20090525,3.677,3.757,3.677,3.69,0,0
20090526,3.69,3.69,3.63,3.641,0,0
20090527,3.641,3.706,3.638,3.688,0,0
20090528,3.688,3.768,3.688,3.738,0,0
20090529,3.738,3.765,3.68,3.753,0,0
20090601,3.753,3.817,3.728,3.804,0,0
20090602,3.804,3.82,3.772,3.785,0,0
20090603,3.785,3.797,3.69,3.711,0,0
20090604,3.711,3.748,3.658,3.718,0,0
20090605,3.718,3.756,3.718,3.72,0,0
20090608,3.72,3.802,3.72,3.745,0,0
20090609,3.745,3.754,3.713,3.721,0,0
20090610,3.72,3.778,3.72,3.747,0,0
20090611,3.746,3.812,3.746,3.77,0,0
20090612,3.77,3.77,3.602,3.621,0,0
20090615,3.621,3.621,3.502,3.509,0,0
20090616,3.508,3.527,3.478,3.52,0,0
20090617,3.52,3.547,3.502,3.509,0,0
20090618,3.508,3.57,3.508,3.552,0,0
20090619,3.552,3.552,3.55,3.55,0,0
20090622,3.55,3.584,3.535,3.547,0,0
20090623,3.547,3.573,3.537,3.541,0,0
20090624,3.541,3.545,3.508,3.522,0,0
20090625,3.522,3.537,3.459,3.479,0,0
20090626,3.479,3.485,3.439,3.457,0,0
20090629,3.457,3.46,3.43,3.44,0,0
20090630,3.44,3.474,3.44,3.465,0,0
20090701,3.464,3.51,3.442,3.492,0,0
20090702,3.492,3.499,3.348,3.352,0,0
20090703,3.352,3.365,3.335,3.356,0,0
20090706,3.36,3.36,3.312,3.34,0,0
20090707,3.34,3.358,3.324,3.334,0,0
20090708,3.335,3.335,3.279,3.293,0,0
20090709,3.295,3.318,3.27,3.306,0,0
20090710,3.306,3.311,3.257,3.277,0,0
20090713,3.277,3.277,3.223,3.234,0,0
20090714,3.233,3.313,3.23,3.292,0,0
20090715,3.291,3.35,3.29,3.341,0,0
20090716,3.341,3.376,3.304,3.321,0,0
20090717,3.321,3.355,3.292,3.338,0,0
20090720,3.349,3.392,3.34,3.378,0,0
20090721,3.378,3.387,3.33,3.359,0,0
20090722,3.359,3.361,3.306,3.357,0,0
20090723,3.357,3.419,3.357,3.398,0,0
20090724,3.398,3.452,3.398,3.438,0,0
20090727,3.438,3.49,3.437,3.476,0,0
20090728,3.476,3.493,3.394,3.41,0,0
20090729,3.409,3.412,3.374,3.385,0,0
20090730,3.385,3.461,3.385,3.427,0,0
20090731,3.427,3.427,3.313,3.336,0,0
20090803,3.335,3.4,3.319,3.397,0,0
20090804,3.397,3.442,3.397,3.438,0,0
20090805,3.43,3.497,3.426,3.439,0,0
20090806,3.434,3.487,3.387,3.451,0,0
20090807,3.451,3.566,3.435,3.523,0,0
20090810,3.523,3.567,3.519,3.531,0,0
20090811,3.531,3.55,3.466,3.475,0,0
20090812,3.48,3.511,3.46,3.504,0,0
20090813,3.504,3.575,3.504,3.541,0,0
20090814,3.54,3.547,3.454,3.461,0,0
20090817,3.461,3.461,3.419,3.434,0,0
20090818,3.434,3.498,3.428,3.449,0,0
20090819,3.448,3.448,3.36,3.375,0,0
20090820,3.375,3.43,3.368,3.377,0,0
20090821,3.377,3.441,3.365,3.429,0,0
20090824,3.429,3.489,3.429,3.47,0,0
20090825,3.47,3.47,3.407,3.448,0,0
20090826,3.448,3.457,3.388,3.403,0,0
20090827,3.403,3.421,3.336,3.343,0,0
20090828,3.375,3.375,3.33,3.355,0,0
20090831,3.354,3.354,3.286,3.313,0,0
20090901,3.312,3.34,3.274,3.334,0,0
20090902,3.333,3.335,3.27,3.309,0,0
20090903,3.309,3.342,3.282,3.317,0,0
20090904,3.317,3.346,3.281,3.303,0,0
20090907,3.302,3.351,3.27,3.28,0,0
20090908,3.28,3.351,3.279,3.351,0,0
20090909,3.35,3.423,3.34,3.41,0,0
20090910,3.41,3.443,3.376,3.384,0,0
20090911,3.384,3.384,3.32,3.335,0,0
20090914,3.334,3.343,3.319,3.332,0,0
20090915,3.332,3.397,3.33,3.366,0,0
20090916,3.366,3.41,3.351,3.396,0,0
20090917,3.396,3.437,3.396,3.412,0,0
20090918,3.412,3.419,3.365,3.404,0,0
20090921,3.404,3.45,3.404,3.434,0,0
20090922,3.434,3.497,3.434,3.46,0,0
20090923,3.46,3.478,3.436,3.446,0,0
20090924,3.446,3.446,3.384,3.405,0,0
20090925,3.404,3.415,3.368,3.39,0,0
20090928,3.39,3.39,3.364,3.374,0,0
20090929,3.374,3.389,3.34,3.365,0,0
20090930,3.364,3.367,3.319,3.326,0,0
20091001,3.326,3.364,3.296,3.302,0,0
20091002,3.302,3.302,3.197,3.226,0,0
20091005,3.226,3.226,3.177,3.186,0,0
20091006,3.186,3.23,3.177,3.185,0,0
20091007,3.185,3.201,3.159,3.172,0,0
20091008,3.172,3.178,3.127,3.132,0,0
20091009,3.132,3.206,3.132,3.198,0,0
20091012,3.198,3.232,3.189,3.195,0,0
20091013,3.195,3.206,3.172,3.186,0,0
20091014,3.18,3.26,3.18,3.239,0,0
20091015,3.239,3.3,3.239,3.282,0,0
20091016,3.281,3.319,3.264,3.272,0,0
20091019,3.271,3.294,3.264,3.272,0,0
20091020,3.272,3.276,3.228,3.236,0,0
20091021,3.235,3.301,3.235,3.297,0,0
20091022,3.297,3.318,3.279,3.287,0,0
20091023,3.287,3.36,3.287,3.349,0,0
20091026,3.349,3.386,3.34,3.362,0,0
20091027,3.362,3.362,3.256,3.266,0,0
20091028,3.266,3.266,3.222,3.236,0,0
20091029,3.236,3.279,3.213,3.275,0,0
20091030,3.275,3.275,3.248,3.25,0,0
20091102,3.249,3.274,3.206,3.22,0,0
20091103,3.22,3.235,3.167,3.214,0,0
20091104,3.214,3.285,3.214,3.271,0,0
20091105,3.271,3.328,3.26,3.297,0,0
20091106,3.297,3.309,3.264,3.3,0,0
20091109,3.3,3.317,3.27,3.273,0,0
20091110,3.273,3.29,3.258,3.274,0,0
20091111,3.273,3.332,3.273,3.311,0,0
20091112,3.311,3.345,3.282,3.338,0,0
20091113,3.338,3.359,3.316,3.338,0,0
20091116,3.338,3.343,3.292,3.294,0,0
20091117,3.294,3.294,3.245,3.254,0,0
20091118,3.253,3.273,3.246,3.257,0,0
20091119,3.257,3.295,3.248,3.266,0,0
20091120,3.265,3.277,3.242,3.277,0,0
20091123,3.277,3.285,3.259,3.275,0,0
20091124,3.275,3.275,3.251,3.259,0,0
20091125,3.258,3.286,3.248,3.267,0,0
20091126,3.267,3.267,3.19,3.199,0,0
20091127,3.199,3.212,3.147,3.199,0,0
20091130,3.198,3.202,3.164,3.191,0,0
20091201,3.191,3.22,3.185,3.201,0,0
20091202,3.2,3.223,3.199,3.209,0,0
20091203,3.209,3.248,3.205,3.234,0,0
20091204,3.233,3.301,3.201,3.286,0,0
20091207,3.285,3.285,3.22,3.225,0,0
20091208,3.225,3.229,3.17,3.182,0,0
20091209,3.181,3.217,3.181,3.191,0,0
20091210,3.19,3.236,3.187,3.224,0,0
20091211,3.224,3.295,3.222,3.276,0,0
20091214,3.275,3.281,3.239,3.259,0,0
20091215,3.259,3.287,3.235,3.26,0,0
20091216,3.259,3.275,3.214,3.223,0,0
20091217,3.223,3.223,3.148,3.156,0,0
20091218,3.156,3.156,3.117,3.129,0,0
20091221,3.128,3.172,3.128,3.166,0,0
20091222,3.166,3.232,3.166,3.227,0,0
20091223,3.227,3.248,3.225,3.229,0,0
20091224,3.229,3.229,3.229,3.229,0,0
20091225,3.229,3.229,3.228,3.228,0,0
20091228,3.227,3.297,3.227,3.282,0,0
20091229,3.282,3.318,3.281,3.291,0,0
20091230,3.29,3.304,3.28,3.289,0,0
20091231,3.289,3.292,3.289,3.292,0,0
20100101,3.292,3.292,3.29,3.29,0,0
20100104,3.29,3.349,3.29,3.33,0,0
20100105,3.33,3.364,3.33,3.355,0,0
20100106,3.355,3.355,3.351,3.351,0,0
20100107,3.35,3.354,3.317,3.325,0,0
20100108,3.325,3.343,3.279,3.313,0,0
20100111,3.319,3.329,3.285,3.292,0,0
20100112,3.291,3.291,3.25,3.259,0,0
20100113,3.259,3.301,3.257,3.272,0,0
20100114,3.272,3.306,3.258,3.285,0,0
20100115,3.285,3.285,3.239,3.241,0,0
20100118,3.241,3.241,3.223,3.23,0,0
20100119,3.23,3.271,3.222,3.263,0,0
20100120,3.263,3.263,3.203,3.214,0,0
20100121,3.213,3.242,3.195,3.218,0,0
20100122,3.218,3.218,3.166,3.173,0,0
20100125,3.173,3.218,3.173,3.189,0,0
20100126,3.189,3.189,3.147,3.173,0,0
20100127,3.173,3.217,3.156,3.161,0,0
20100128,3.161,3.222,3.161,3.182,0,0
20100129,3.182,3.207,3.166,3.181,0,0
20100201,3.18,3.188,3.157,3.182,0,0
20100202,3.181,3.2,3.166,3.176,0,0
20100203,3.176,3.219,3.176,3.196,0,0
20100204,3.196,3.224,3.146,3.146,0,0
20100205,3.25,3.256,3.192,3.201,0,0
20100208,3.205,3.235,3.201,3.218,0,0
20100209,3.217,3.261,3.215,3.238,0,0
20100210,3.237,3.311,3.237,3.272,0,0
20100211,3.27,3.353,3.27,3.339,0,0
20100212,3.338,3.376,3.32,3.353,0,0
20100215,3.355,3.363,3.332,3.342,0,0
20100216,3.341,3.355,3.321,3.328,0,0
20100217,3.327,3.331,3.307,3.308,0,0
20100218,3.316,3.346,3.309,3.334,0,0
20100219,3.333,3.365,3.325,3.339,0,0
20100222,3.339,3.357,3.323,3.339,0,0
20100223,3.339,3.341,3.222,3.229,0,0
20100224,3.227,3.245,3.194,3.199,0,0
20100225,3.2,3.212,3.17,3.202,0,0
20100226,3.202,3.205,3.169,3.174,0,0
20100301,3.174,3.206,3.13,3.133,0,0
20100302,3.133,3.166,3.116,3.137,0,0
20100303,3.136,3.18,3.132,3.146,0,0
20100304,3.145,3.171,3.13,3.137,0,0
20100305,3.137,3.192,3.125,3.188,0,0
20100308,3.187,3.225,3.182,3.212,0,0
20100309,3.211,3.216,3.172,3.177,0,0
20100310,3.175,3.249,3.175,3.244,0,0
20100311,3.244,3.279,3.231,3.256,0,0
20100312,3.256,3.301,3.24,3.281,0,0
20100315,3.285,3.285,3.238,3.247,0,0
20100316,3.247,3.26,3.216,3.225,0,0
20100317,3.224,3.225,3.181,3.194,0,0
20100318,3.195,3.228,3.19,3.217,0,0
20100319,3.216,3.238,3.2,3.207,0,0
20100322,3.205,3.215,3.165,3.171,0,0
20100323,3.175,3.179,3.135,3.137,0,0
20100324,3.136,3.178,3.135,3.155,0,0
20100325,3.154,3.218,3.154,3.191,0,0
20100326,3.191,3.239,3.191,3.216,0,0
20100329,3.215,3.23,3.189,3.197,0,0
20100330,3.195,3.22,3.174,3.189,0,0
20100331,3.179,3.199,3.17,3.173,0,0
20100401,3.17,3.205,3.17,3.199,0,0
20100402,3.199,3.199,3.199,3.199,0,0
20100405,3.225,3.225,3.201,3.201,0,0
20100406,3.202,3.266,3.202,3.231,0,0
20100407,3.22,3.255,3.196,3.204,0,0
20100408,3.178,3.205,3.162,3.176,0,0
20100409,3.189,3.24,3.175,3.234,0,0
20100412,3.241,3.285,3.23,3.236,0,0
20100413,3.235,3.241,3.195,3.205,0,0
20100414,3.205,3.23,3.187,3.205,0,0
20100415,3.205,3.225,3.186,3.213,0,0
20100416,3.215,3.215,3.167,3.186,0,0
20100419,3.186,3.186,3.153,3.165,0,0
20100420,3.174,3.192,3.152,3.165,0,0
20100421,3.163,3.18,3.137,3.148,0,0
20100422,3.146,3.15,3.084,3.091,0,0
20100423,3.085,3.139,3.085,3.103,0,0
20100426,3.105,3.11,3.05,3.062,0,0
20100427,3.06,3.07,2.934,2.986,0,0
20100428,2.995,2.995,2.854,2.938,0,0
20100429,2.94,2.981,2.935,2.969,0,0
20100430,2.963,2.975,2.955,2.968,0,0
20100503,2.943,3.037,2.943,3.027,0,0
20100504,3.03,3.038,2.94,2.952,0,0
20100505,2.94,2.952,2.83,2.846,0,0
20100506,2.837,2.877,2.78,2.789,0,0
20100507,2.738,2.747,2.662,2.681,0,0
20100510,2.743,2.9,2.705,2.887,0,0
20100511,2.866,2.89,2.79,2.837,0,0
20100512,2.811,2.862,2.811,2.835,0,0
20100513,2.842,2.842,2.835,2.835,0,0
20100514,2.822,2.83,2.718,2.727,0,0
20100517,2.72,2.74,2.71,2.726,0,0
20100518,2.734,2.739,2.673,2.677,0,0
20100519,2.676,2.676,2.579,2.612,0,0
20100520,2.613,2.632,2.517,2.529,0,0
20100521,2.532,2.627,2.522,2.592,0,0
20100524,2.602,2.61,2.584,2.61,0,0
20100525,2.605,2.605,2.514,2.536,0,0
20100526,2.539,2.612,2.539,2.605,0,0
20100527,2.598,2.635,2.598,2.635,0,0
20100528,2.635,2.685,2.622,2.682,0,0
20100531,2.683,2.685,2.631,2.636,0,0
20100601,2.641,2.677,2.59,2.633,0,0
20100602,2.642,2.651,2.612,2.632,0,0
20100603,2.641,2.698,2.641,2.673,0,0
20100604,2.639,2.656,2.578,2.601,0,0
20100607,2.573,2.573,2.486,2.496,0,0
20100608,2.496,2.496,2.446,2.446,0,0
20100609,2.47,2.476,2.464,2.476,0,0
20100610,2.469,2.541,2.469,2.53,0,0
20100611,2.535,2.556,2.494,2.517,0,0
20100614,2.473,2.531,2.473,2.509,0,0
20100615,2.471,2.553,2.471,2.541,0,0
20100616,2.558,2.564,2.517,2.564,0,0
20100617,2.571,2.618,2.571,2.594,0,0
20100618,2.586,2.712,2.586,2.697,0,0
20100621,2.725,2.771,2.725,2.749,0,0
20100622,2.738,2.743,2.71,2.724,0,0
20100623,2.697,2.721,2.682,2.682,0,0
20100624,2.647,2.678,2.64,2.643,0,0
20100625,2.67,2.67,2.644,2.644,0,0
20100628,2.663,2.663,2.635,2.635,0,0
20100629,2.608,2.646,2.603,2.636,0,0
20100630,2.617,2.676,2.617,2.666,0,0
20100701,2.662,2.662,2.605,2.623,0,0
20100702,2.645,2.645,2.613,2.622,0,0
20100705,2.608,2.608,2.599,2.599,0,0
20100706,2.605,2.65,2.605,2.643,0,0
20100707,2.641,2.641,2.618,2.634,0,0
20100708,2.644,2.667,2.639,2.662,0,0
20100709,2.673,2.696,2.672,2.675,0,0
20100712,2.674,2.675,2.652,2.659,0,0
20100713,2.67,2.687,2.648,2.685,0,0
20100714,2.705,2.724,2.694,2.697,0,0
20100715,2.679,2.742,2.679,2.713,0,0
20100716,2.713,2.731,2.68,2.704,0,0
20100719,2.696,2.712,2.681,2.698,0,0
20100720,2.703,2.703,2.676,2.677,0,0
20100721,2.701,2.701,2.692,2.692,0,0
20100722,2.672,2.707,2.66,2.688,0,0
20100723,2.689,2.73,2.684,2.719,0,0
20100726,2.758,2.777,2.737,2.764,0,0
20100727,2.753,2.805,2.753,2.795,0,0
20100728,2.794,2.815,2.793,2.801,0,0
20100729,2.791,2.796,2.786,2.789,0,0
20100730,2.782,2.782,2.748,2.753,0,0
20100802,2.751,2.777,2.751,2.777,0,0
20100803,2.793,2.793,2.708,2.708,0,0
20100804,2.7,2.703,2.681,2.694,0,0
20100805,2.696,2.696,2.621,2.633,0,0
20100806,2.632,2.632,2.57,2.581,0,0
20100809,2.582,2.582,2.57,2.58,0,0
20100810,2.585,2.591,2.583,2.583,0,0
20100811,2.528,2.534,2.475,2.49,0,0
20100812,2.49,2.501,2.464,2.464,0,0
20100813,2.471,2.494,2.443,2.448,0,0
20100816,2.437,2.443,2.374,2.374,0,0
20100817,2.369,2.415,2.369,2.401,0,0
20100818,2.4,2.4,2.369,2.376,0,0
20100819,2.337,2.449,2.337,2.391,0,0
20100820,2.39,2.413,2.357,2.364,0,0
20100823,2.37,2.394,2.37,2.388,0,0
20100824,2.381,2.381,2.287,2.288,0,0
20100825,2.297,2.309,2.23,2.247,0,0
20100826,2.264,2.269,2.219,2.24,0,0
20100827,2.217,2.281,2.211,2.224,0,0
20100830,2.246,2.254,2.228,2.239,0,0
20100831,2.222,2.237,2.212,2.233,0,0
20100901,2.234,2.362,2.234,2.344,0,0
20100902,2.344,2.432,2.344,2.421,0,0
20100903,2.42,2.503,2.42,2.486,0,0
20100906,2.485,2.496,2.47,2.482,0,0
20100907,2.481,2.481,2.409,2.415,0,0
20100908,2.407,2.468,2.405,2.465,0,0
20100909,2.454,2.497,2.428,2.497,0,0
20100910,2.512,2.583,2.512,2.571,0,0
20100913,2.574,2.644,2.574,2.629,0,0
20100914,2.609,2.609,2.568,2.579,0,0
20100915,2.572,2.652,2.572,2.617,0,0
20100916,2.634,2.647,2.61,2.637,0,0
20100917,2.637,2.647,2.583,2.601,0,0
20100920,2.611,2.671,2.611,2.651,0,0
20100921,2.635,2.652,2.622,2.634,0,0
20100922,2.633,2.633,2.542,2.558,0,0
20100923,2.572,2.572,2.488,2.496,0,0
20100924,2.504,2.534,2.473,2.523,0,0
20100927,2.525,2.525,2.441,2.447,0,0
20100928,2.443,2.45,2.402,2.419,0,0
20100929,2.412,2.473,2.412,2.465,0,0
20100930,2.468,2.517,2.454,2.517,0,0
20101001,2.51,2.587,2.51,2.565,0,0
20101004,2.56,2.56,2.503,2.51,0,0
20101005,2.495,2.507,2.457,2.49,0,0
20101006,2.5,2.5,2.433,2.443,0,0
20101007,2.454,2.497,2.454,2.483,0,0
20101008,2.483,2.516,2.47,2.486,0,0
20101011,2.486,2.486,2.465,2.48,0,0
20101012,2.483,2.483,2.443,2.469,0,0
20101013,2.519,2.525,2.502,2.509,0,0
20101014,2.503,2.556,2.503,2.555,0,0
20101015,2.582,2.676,2.582,2.648,0,0
20101018,2.674,2.674,2.643,2.65,0,0
20101019,2.659,2.695,2.645,2.67,0,0
20101020,2.651,2.696,2.651,2.691,0,0
20101021,2.688,2.727,2.688,2.72,0,0
20101022,2.72,2.78,2.719,2.772,0,0
20101025,2.763,2.789,2.763,2.789,0,0
20101026,2.789,2.825,2.778,2.802,0,0
20101027,2.806,2.9,2.801,2.877,0,0
20101028,2.876,2.895,2.85,2.875,0,0
20101029,2.864,2.887,2.854,2.858,0,0
20101101,2.842,2.842,2.781,2.804,0,0
20101102,2.803,2.803,2.771,2.777,0,0
20101103,2.797,2.797,2.745,2.753,0,0
20101104,2.758,2.83,2.696,2.737,0,0
20101105,2.724,2.782,2.707,2.71,0,0
20101108,2.704,2.76,2.704,2.743,0,0
20101109,2.742,2.78,2.729,2.751,0,0
20101110,2.789,2.842,2.768,2.772,0,0
20101111,2.771,2.781,2.755,2.772,0,0
20101112,2.772,2.845,2.74,2.829,0,0
20101115,2.882,2.905,2.867,2.896,0,0
20101116,2.936,2.936,2.85,2.894,0,0
20101117,2.87,2.918,2.865,2.884,0,0
20101118,2.901,2.957,2.901,2.951,0,0
20101119,2.944,2.955,2.929,2.952,0,0
20101122,2.965,2.97,2.912,2.918,0,0
20101123,2.946,2.946,2.819,2.823,0,0
20101124,2.851,2.922,2.805,2.903,0,0
20101125,2.914,2.957,2.902,2.934,0,0
20101126,2.934,2.981,2.888,2.981,0,0
20101129,2.986,3.048,2.977,2.989,0,0
20101130,3.003,3.003,2.928,2.943,0,0
20101201,2.962,3.038,2.962,3.018,0,0
20101202,3.037,3.072,3.025,3.072,0,0
20101203,3.071,3.135,3.067,3.116,0,0
20101206,3.115,3.115,3.064,3.08,0,0
20101207,3.085,3.164,3.085,3.15,0,0
20101208,3.205,3.219,3.179,3.204,0,0
20101209,3.184,3.192,3.141,3.168,0,0
20101210,3.144,3.155,3.139,3.155,0,0
20101213,3.183,3.226,3.18,3.2,0,0
20101214,3.175,3.262,3.175,3.245,0,0
20101215,3.263,3.31,3.256,3.265,0,0
20101216,3.291,3.304,3.269,3.3,0,0
20101217,3.25,3.27,3.25,3.263,0,0
20101220,3.23,3.23,3.189,3.19,0,0
20101221,3.205,3.216,3.188,3.214,0,0
20101222,3.213,3.238,3.199,3.223,0,0
20101223,3.223,3.225,3.205,3.216,0,0
20101224,3.216,3.22,3.216,3.22,0,0
20101227,3.22,3.295,3.22,3.291,0,0
20101228,3.249,3.253,3.235,3.253,0,0
20101229,3.254,3.303,3.254,3.301,0,0
20101230,3.265,3.277,3.265,3.273,0,0
20101231,3.273,3.274,3.273,3.274,0,0
20110103,3.263,3.276,3.221,3.273,0,0
20110104,3.239,3.255,3.202,3.217,0,0
20110105,3.207,3.229,3.169,3.17,0,0
20110106,3.215,3.223,3.215,3.223,0,0
20110107,3.199,3.24,3.178,3.215,0,0
20110110,3.201,3.201,3.144,3.167,0,0
20110111,3.151,3.187,3.128,3.185,0,0
20110112,3.171,3.259,3.171,3.248,0,0
20110113,3.23,3.277,3.227,3.23,0,0
20110114,3.24,3.273,3.208,3.218,0,0
20110117,3.22,3.26,3.208,3.225,0,0
20110118,3.251,3.285,3.235,3.255,0,0
20110119,3.251,3.288,3.234,3.236,0,0
20110120,3.241,3.309,3.227,3.281,0,0
20110121,3.301,3.365,3.301,3.346,0,0
20110124,3.351,3.373,3.333,3.347,0,0
20110125,3.358,3.382,3.329,3.353,0,0
20110126,3.353,3.409,3.352,3.402,0,0
20110127,3.43,3.43,3.385,3.413,0,0
20110128,3.391,3.432,3.371,3.373,0,0
20110131,3.401,3.401,3.351,3.358,0,0
20110201,3.381,3.444,3.38,3.419,0,0
20110202,3.421,3.45,3.403,3.44,0,0
20110203,3.431,3.466,3.425,3.439,0,0
20110204,3.441,3.471,3.401,3.468,0,0
20110207,3.461,3.482,3.459,3.46,0,0
20110208,3.461,3.481,3.435,3.47,0,0
20110209,3.471,3.516,3.471,3.495,0,0
20110210,3.481,3.495,3.444,3.485,0,0
20110211,3.471,3.473,3.443,3.453,0,0
20110214,3.461,3.508,3.459,3.506,0,0
20110215,3.501,3.539,3.492,3.502,0,0
20110216,3.501,3.507,3.447,3.46,0,0
20110217,3.46,3.46,3.373,3.382,0,0
20110218,3.371,3.416,3.358,3.415,0,0
20110221,3.381,3.383,3.334,3.337,0,0
20110222,3.351,3.351,3.292,3.324,0,0
20110223,3.331,3.356,3.313,3.324,0,0
20110224,3.311,3.32,3.277,3.279,0,0
20110225,3.288,3.341,3.287,3.341,0,0
20110228,3.321,3.345,3.281,3.335,0,0
20110301,3.336,3.371,3.334,3.348,0,0
20110302,3.371,3.371,3.319,3.361,0,0
20110303,3.361,3.48,3.361,3.456,0,0
20110304,3.451,3.473,3.414,3.423,0,0
20110307,3.421,3.466,3.411,3.466,0,0
20110308,3.431,3.44,3.41,3.433,0,0
20110309,3.431,3.457,3.429,3.447,0,0
20110310,3.441,3.442,3.404,3.424,0,0
20110311,3.401,3.401,3.362,3.372,0,0
20110314,3.371,3.407,3.354,3.369,0,0
20110315,3.351,3.351,3.22,3.257,0,0
20110316,3.261,3.295,3.196,3.198,0,0
20110317,3.208,3.286,3.202,3.276,0,0
20110318,3.262,3.29,3.237,3.283,0,0
20110321,3.291,3.336,3.291,3.316,0,0
20110322,3.346,3.374,3.317,3.353,0,0
20110323,3.341,3.364,3.313,3.344,0,0
20110324,3.321,3.352,3.291,3.345,0,0
20110325,3.331,3.379,3.331,3.375,0,0
20110328,3.361,3.399,3.361,3.375,0,0
20110329,3.371,3.388,3.352,3.385,0,0
20110330,3.371,3.4,3.351,3.362,0,0
20110331,3.361,3.368,3.327,3.348,0,0
20110401,3.341,3.401,3.341,3.381,0,0
20110404,3.371,3.372,3.34,3.344,0,0
20110405,3.341,3.344,3.289,3.299,0,0
20110406,3.301,3.331,3.292,3.319,0,0
20110407,3.311,3.355,3.311,3.338,0,0
20110408,3.341,3.432,3.341,3.427,0,0
20110411,3.414,3.446,3.413,3.433,0,0
20110412,3.411,3.413,3.35,3.361,0,0
20110413,3.361,3.386,3.36,3.362,0,0
20110414,3.351,3.365,3.327,3.362,0,0
20110415,3.351,3.37,3.341,3.351,0,0
20110418,3.351,3.351,3.264,3.28,0,0
20110419,3.261,3.305,3.247,3.251,0,0
20110420,3.261,3.281,3.246,3.258,0,0
20110421,3.261,3.274,3.245,3.271,0,0
20110422,3.271,3.271,3.271,3.271,0,0
20110425,3.271,3.271,3.271,3.271,0,0
20110426,3.241,3.241,3.191,3.212,0,0
20110427,3.201,3.254,3.191,3.242,0,0
20110428,3.221,3.255,3.197,3.206,0,0
20110429,3.211,3.216,3.173,3.18,0,0
20110502,3.201,3.242,3.2,3.204,0,0
20110503,3.214,3.232,3.164,3.197,0,0
20110504,3.191,3.214,3.174,3.191,0,0
20110505,3.201,3.232,3.168,3.176,0,0
20110506,3.161,3.167,3.109,3.148,0,0
20110509,3.128,3.141,3.042,3.064,0,0
20110510,3.061,3.11,3.051,3.056,0,0
20110511,3.071,3.11,3.067,3.072,0,0
20110512,3.091,3.091,3.029,3.063,0,0
20110513,3.062,3.098,3.04,3.047,0,0
20110516,3.041,3.078,3.028,3.067,0,0
20110517,3.071,3.078,3.029,3.034,0,0
20110518,3.046,3.048,2.93,2.954,0,0
20110519,2.961,2.991,2.912,2.951,0,0
20110520,2.961,2.961,2.913,2.913,0,0
20110523,2.911,2.911,2.837,2.862,0,0
20110524,2.872,2.943,2.872,2.923,0,0
20110525,2.919,2.945,2.892,2.911,0,0
20110526,2.911,2.941,2.862,2.87,0,0
20110527,2.871,2.895,2.832,2.871,0,0
20110530,2.873,2.899,2.849,2.852,0,0
20110531,2.851,2.932,2.851,2.907,0,0
20110601,2.911,2.94,2.894,2.909,0,0
20110602,2.909,2.909,2.909,2.909,0,0
20110603,2.91,2.922,2.869,2.906,0,0
20110606,2.911,2.917,2.885,2.909,0,0
20110607,2.903,2.98,2.898,2.976,0,0
20110608,2.971,2.971,2.935,2.947,0,0
20110609,2.951,2.958,2.896,2.909,0,0
20110610,2.908,2.911,2.851,2.855,0,0
20110613,2.871,2.878,2.84,2.865,0,0
20110614,2.871,2.931,2.857,2.929,0,0
20110615,2.901,2.949,2.893,2.896,0,0
20110616,2.847,2.899,2.84,2.859,0,0
20110617,2.866,2.886,2.844,2.871,0,0
20110620,2.866,2.873,2.849,2.861,0,0
20110621,2.86,2.888,2.86,2.874,0,0
20110622,2.874,2.895,2.853,2.854,0,0
20110623,2.857,2.861,2.837,2.844,0,0
20110624,2.844,2.844,2.844,2.844,0,0
20110627,2.848,2.848,2.764,2.793,0,0
20110628,2.792,2.841,2.791,2.831,0,0
20110629,2.83,2.917,2.83,2.892,0,0
20110630,2.892,2.923,2.882,2.9,0,0
20110701,2.901,2.934,2.901,2.928,0,0
20110704,2.925,2.932,2.903,2.925,0,0
20110705,2.93,2.943,2.912,2.929,0,0
20110706,2.93,2.93,2.86,2.867,0,0
20110707,2.865,2.922,2.865,2.913,0,0
20110708,2.917,2.929,2.804,2.806,0,0
20110711,2.821,2.821,2.656,2.657,0,0
20110712,2.674,2.688,2.565,2.688,0,0
20110713,2.657,2.718,2.657,2.699,0,0
20110714,2.695,2.725,2.681,2.715,0,0
20110715,2.706,2.716,2.679,2.688,0,0
20110718,2.701,2.701,2.65,2.684,0,0
20110719,2.669,2.751,2.669,2.73,0,0
20110720,2.73,2.796,2.73,2.791,0,0
20110721,2.786,2.89,2.786,2.887,0,0
20110722,2.885,2.942,2.815,2.818,0,0
20110725,2.811,2.82,2.749,2.763,0,0
20110726,2.759,2.789,2.7,2.71,0,0
20110727,2.703,2.703,2.627,2.632,0,0
20110728,2.625,2.635,2.552,2.559,0,0
20110729,2.576,2.576,2.497,2.506,0,0
20110801,2.506,2.555,2.484,2.484,0,0
20110802,2.5,2.5,2.405,2.449,0,0
20110803,2.451,2.451,2.369,2.428,0,0
20110804,2.436,2.48,2.361,2.371,0,0
20110805,2.373,2.387,2.26,2.361,0,0
20110808,2.361,2.478,2.253,2.253,0,0
20110809,2.271,2.275,2.181,2.222,0,0
20110810,2.231,2.231,2.063,2.067,0,0
20110811,2.053,2.109,2.003,2.081,0,0
20110812,2.072,2.191,2.07,2.176,0,0
20110815,2.162,2.205,2.162,2.193,0,0
20110816,2.192,2.221,2.163,2.21,0,0
20110817,2.201,2.201,2.12,2.149,0,0
20110818,2.146,2.146,1.931,1.933,0,0
20110819,1.965,2.006,1.927,1.984,0,0
20110822,1.995,2.055,1.955,2.01,0,0
20110823,2.02,2.07,2,2.029,0,0
20110824,2.022,2.102,2.022,2.094,0,0
20110825,2.105,2.146,2.078,2.084,0,0
20110826,2.048,2.082,2.031,2.038,0,0
20110829,2.026,2.116,2.026,2.111,0,0
20110830,2.111,2.119,2.062,2.065,0,0
20110831,2.056,2.116,2.056,2.113,0,0
20110901,2.111,2.151,2.084,2.124,0,0
20110902,2.097,2.097,2.004,2.015,0,0
20110905,2.011,2.011,1.899,1.908,0,0
20110906,1.895,1.942,1.855,1.861,0,0
20110907,1.879,1.915,1.875,1.908,0,0
20110908,1.895,1.911,1.852,1.894,0,0
20110909,1.853,1.885,1.795,1.796,0,0
20110912,1.79,1.79,1.689,1.712,0,0
20110913,1.7,1.773,1.692,1.77,0,0
20110914,1.777,1.865,1.735,1.858,0,0
20110915,1.855,1.975,1.855,1.925,0,0
20110916,1.885,1.933,1.863,1.868,0,0
20110919,1.875,1.875,1.764,1.797,0,0
20110920,1.795,1.795,1.754,1.77,0,0
20110921,1.76,1.775,1.753,1.764,0,0
20110922,1.76,1.76,1.669,1.686,0,0
20110923,1.699,1.71,1.624,1.683,0,0
20110926,1.647,1.726,1.646,1.719,0,0
20110927,1.695,1.887,1.695,1.871,0,0
20110928,1.865,1.927,1.828,1.924,0,0
20110929,1.867,1.916,1.807,1.84,0,0
20110930,1.835,1.835,1.726,1.739,0,0
20111003,1.74,1.74,1.663,1.696,0,0
20111004,1.688,1.688,1.6,1.629,0,0
20111005,1.61,1.733,1.61,1.729,0,0
20111006,1.711,1.817,1.711,1.808,0,0
20111007,1.765,1.865,1.765,1.839,0,0
20111010,1.83,1.94,1.81,1.935,0,0
20111011,1.915,1.961,1.907,1.96,0,0
20111012,1.957,2.037,1.921,2.035,0,0
20111013,2.027,2.046,1.953,1.955,0,0
20111014,1.945,2.026,1.945,2.025,0,0
20111017,2.006,2.056,1.936,1.941,0,0
20111018,1.894,1.922,1.856,1.876,0,0
20111019,1.914,1.953,1.881,1.921,0,0
20111020,1.879,1.952,1.869,1.935,0,0
20111021,1.907,1.971,1.881,1.963,0,0
20111024,1.95,1.957,1.91,1.954,0,0
20111025,1.948,2.005,1.942,1.947,0,0
20111026,1.945,1.967,1.921,1.934,0,0
20111027,1.935,2.074,1.935,2.071,0,0
20111028,2.069,2.131,2.052,2.079,0,0
20111031,2.071,2.071,1.93,1.942,0,0
20111101,1.945,1.945,1.696,1.703,0,0
20111102,1.72,1.792,1.718,1.792,0,0
20111103,1.744,1.803,1.719,1.79,0,0
20111104,1.775,1.82,1.768,1.811,0,0
20111107,1.701,1.738,1.676,1.728,0,0
20111108,1.732,1.767,1.701,1.729,0,0
20111109,1.745,1.75,1.611,1.62,0,0
20111110,1.607,1.659,1.593,1.63,0,0
20111111,1.647,1.699,1.633,1.697,0,0
20111114,1.695,1.72,1.647,1.65,0,0
20111115,1.66,1.66,1.587,1.618,0,0
20111116,1.6,1.677,1.6,1.647,0,0
20111117,1.65,1.707,1.616,1.69,0,0
20111118,1.685,1.763,1.671,1.747,0,0
20111121,1.76,1.765,1.658,1.676,0,0
20111122,1.66,1.71,1.66,1.669,0,0
20111123,1.67,1.671,1.63,1.643,0,0
20111124,1.65,1.7,1.589,1.602,0,0
20111125,1.588,1.628,1.564,1.622,0,0
20111128,1.615,1.749,1.61,1.713,0,0
20111129,1.66,1.791,1.655,1.783,0,0
20111130,1.745,1.799,1.737,1.796,0,0
20111201,1.77,1.821,1.77,1.809,0,0
20111202,1.782,1.832,1.759,1.793,0,0
20111205,1.797,1.823,1.786,1.812,0,0
20111206,1.792,1.805,1.772,1.79,0,0
20111207,1.775,1.797,1.705,1.725,0,0
20111208,1.735,1.747,1.65,1.653,0,0
20111209,1.64,1.677,1.63,1.67,0,0
20111212,1.665,1.695,1.604,1.611,0,0
20111213,1.62,1.654,1.606,1.609,0,0
20111214,1.581,1.6,1.55,1.55,0,0
20111215,1.555,1.645,1.542,1.638,0,0
20111216,1.625,1.66,1.588,1.616,0,0
20111219,1.618,1.65,1.584,1.624,0,0
20111220,1.615,1.704,1.613,1.687,0,0
20111221,1.7,1.715,1.675,1.71,0,0
20111222,1.705,1.737,1.705,1.729,0,0
20111223,1.725,1.743,1.711,1.72,0,0
20111227,1.706,1.71,1.666,1.669,0,0
20111228,1.675,1.708,1.665,1.671,0,0
20111229,1.653,1.677,1.618,1.629,0,0
20111230,1.62,1.648,1.62,1.622,0,0
20120102,1.626,1.681,1.625,1.681,0,0
20120103,1.705,1.738,1.69,1.707,0,0
20120104,1.719,1.734,1.697,1.707,0,0
20120105,1.73,1.734,1.69,1.692,0,0
20120109,1.675,1.697,1.673,1.679,0,0
20120110,1.687,1.705,1.668,1.695,0,0
20120111,1.695,1.701,1.675,1.682,0,0
20120112,1.689,1.691,1.627,1.627,0,0
20120113,1.651,1.655,1.587,1.589,0,0
20120116,1.59,1.614,1.59,1.6,0,0
20120117,1.624,1.66,1.604,1.623,0,0
20120118,1.628,1.638,1.616,1.624,0,0
20120119,1.625,1.682,1.625,1.682,0,0
20120120,1.72,1.773,1.709,1.773,0,0
20120123,1.749,1.832,1.749,1.832,0,0
20120124,1.805,1.882,1.805,1.864,0,0
20120125,1.862,1.877,1.826,1.846,0,0
20120126,1.798,1.836,1.788,1.793,0,0
20120127,1.774,1.795,1.762,1.768,0,0
20120130,1.741,1.751,1.703,1.712,0,0
20120131,1.72,1.758,1.717,1.717,0,0
20120201,1.72,1.745,1.71,1.722,0,0
20120202,1.763,1.802,1.739,1.802,0,0
20120203,1.833,1.889,1.774,1.889,0,0
20120206,1.871,1.893,1.852,1.893,0,0
20120207,1.881,1.901,1.867,1.895,0,0
20120208,1.929,1.957,1.911,1.945,0,0
20120209,1.94,1.989,1.915,1.971,0,0
20120210,1.956,1.965,1.866,1.87,0,0
20120213,1.875,1.916,1.875,1.893,0,0
20120214,1.875,1.886,1.855,1.867,0,0
20120215,1.868,1.895,1.836,1.841,0,0
20120216,1.819,1.833,1.788,1.83,0,0
20120217,1.865,1.91,1.858,1.903,0,0
20120220,1.91,1.96,1.909,1.958,0,0
20120221,1.964,1.98,1.946,1.953,0,0
20120222,1.965,1.984,1.919,1.92,0,0
20120223,1.905,1.933,1.896,1.918,0,0
20120224,1.94,1.94,1.914,1.914,0,0
20120227,1.92,1.925,1.872,1.884,0,0
20120228,1.89,1.931,1.89,1.898,0,0
20120229,1.933,1.936,1.871,1.899,0,0
20120301,1.921,1.942,1.9,1.933,0,0
20120302,1.907,1.911,1.842,1.846,0,0
20120305,1.845,1.848,1.804,1.838,0,0
20120306,1.84,1.857,1.813,1.814,0,0
20120307,1.81,1.82,1.786,1.787,0,0
20120308,1.793,1.82,1.788,1.806,0,0
20120309,1.814,1.841,1.813,1.817,0,0
20120312,1.81,1.822,1.776,1.777,0,0
20120313,1.76,1.863,1.76,1.863,0,0
20120314,1.915,1.962,1.914,1.951,0,0
20120315,1.973,1.995,1.95,1.986,0,0
20120316,1.997,2.115,1.993,2.114,0,0
20120319,2.097,2.107,2.078,2.102,0,0
20120320,2.095,2.112,2.08,2.109,0,0
20120321,2.116,2.155,2.076,2.077,0,0
20120322,2.056,2.056,2,2.005,0,0
20120323,2.02,2.02,1.964,1.975,0,0
20120326,1.98,2.043,1.98,2.041,0,0
20120327,2.03,2.08,2.024,2.047,0,0
20120328,2.026,2.076,2.026,2.031,0,0
20120329,2.03,2.049,1.991,1.997,0,0
20120330,2.01,2.027,1.976,1.986,0,0
20120402,2.017,2.044,1.992,1.994,0,0
20120403,1.995,2.002,1.967,1.98,0,0
20120404,2.011,2.027,1.935,1.951,0,0
20120405,1.949,1.952,1.856,1.861,0,0
20120410,1.81,1.818,1.753,1.757,0,0
20120411,1.758,1.806,1.752,1.798,0,0
20120412,1.81,1.823,1.789,1.815,0,0
20120413,1.804,1.81,1.776,1.778,0,0
20120416,1.755,1.773,1.751,1.766,0,0
20120417,1.76,1.836,1.76,1.818,0,0
20120418,1.822,1.87,1.805,1.834,0,0
20120419,1.83,1.85,1.786,1.807,0,0
20120420,1.787,1.811,1.773,1.8,0,0
20120423,1.761,1.762,1.735,1.736,0,0
20120424,1.75,1.799,1.741,1.796,0,0
20120425,1.812,1.852,1.81,1.845,0,0
20120426,1.835,1.88,1.791,1.818,0,0
20120427,1.798,1.825,1.782,1.811,0,0
20120430,1.814,1.814,1.794,1.797,0,0
20120502,1.815,1.828,1.725,1.725,0,0
20120503,1.72,1.741,1.699,1.724,0,0
20120504,1.707,1.72,1.692,1.7,0,0
20120507,1.675,1.684,1.651,1.66,0,0
20120508,1.67,1.678,1.659,1.663,0,0
20120509,1.66,1.662,1.593,1.598,0,0
20120510,1.609,1.618,1.503,1.557,0,0
20120511,1.52,1.548,1.499,1.508,0,0
20120514,1.485,1.487,1.433,1.444,0,0
20120515,1.474,1.506,1.463,1.471,0,0
20120516,1.454,1.488,1.438,1.47,0,0
20120518,1.428,1.446,1.414,1.435,0,0
20120521,1.443,1.504,1.441,1.486,0,0
20120522,1.499,1.548,1.499,1.541,0,0
20120523,1.528,1.544,1.475,1.5,0,0
20120524,1.5,1.5,1.447,1.466,0,0
20120525,1.471,1.494,1.449,1.452,0,0
20120528,1.453,1.454,1.421,1.422,0,0
20120529,1.421,1.45,1.41,1.415,0,0
20120530,1.407,1.439,1.353,1.354,0,0
20120531,1.34,1.363,1.289,1.29,0,0
20120601,1.274,1.274,1.157,1.176,0,0
20120604,1.173,1.173,1.12,1.151,0,0
20120605,1.135,1.141,1.11,1.124,0,0
20120607,1.275,1.486,1.275,1.48,0,0
20120608,1.432,1.442,1.368,1.403,0,0
20120611,1.49,1.511,1.453,1.453,0,0
20120612,1.435,1.52,1.425,1.512,0,0
20120613,1.585,1.619,1.542,1.555,0,0
20120614,1.57,1.581,1.513,1.518,0,0
20120615,1.545,1.585,1.498,1.513,0,0
20120618,1.547,1.555,1.449,1.472,0,0
20120619,1.508,1.522,1.438,1.508,0,0
20120620,1.555,1.561,1.526,1.547,0,0
20120621,1.535,1.539,1.484,1.516,0,0
20120625,1.466,1.47,1.42,1.434,0,0
20120626,1.44,1.513,1.434,1.51,0,0
20120627,1.505,1.555,1.488,1.55,0,0
20120628,1.56,1.562,1.523,1.535,0,0
20120629,1.635,1.686,1.601,1.605,0,0
20120702,1.545,1.597,1.539,1.549,0,0
20120703,1.53,1.564,1.515,1.526,0,0
20120704,1.504,1.526,1.483,1.487,0,0
20120705,1.47,1.475,1.418,1.418,0,0
20120706,1.386,1.396,1.298,1.326,0,0
20120709,1.32,1.342,1.305,1.325,0,0
20120710,1.324,1.345,1.307,1.33,0,0
20120711,1.326,1.338,1.294,1.31,0,0
20120712,1.291,1.296,1.28,1.294,0,0
20120713,1.284,1.29,1.266,1.284,0,0
20120716,1.267,1.289,1.254,1.26,0,0
20120717,1.28,1.31,1.273,1.302,0,0
20120718,1.285,1.293,1.233,1.237,0,0
20120719,1.249,1.268,1.249,1.257,0,0
20120720,1.255,1.257,1.207,1.209,0,0
20120723,1.179,1.198,1.167,1.196,0,0
20120724,1.24,1.264,1.227,1.248,0,0
20120725,1.232,1.288,1.229,1.278,0,0
20120726,1.249,1.352,1.245,1.335,0,0
20120727,1.376,1.423,1.324,1.421,0,0
20120730,1.418,1.493,1.411,1.462,0,0
20120731,1.46,1.46,1.389,1.389,0,0
20120801,1.402,1.41,1.375,1.4,0,0
20120802,1.394,1.4,1.308,1.31,0,0
20120803,1.295,1.377,1.295,1.375,0,0
20120806,1.408,1.416,1.366,1.41,0,0
20120807,1.407,1.472,1.407,1.464,0,0
20120808,1.448,1.448,1.399,1.416,0,0
20120809,1.45,1.471,1.421,1.469,0,0
20120810,1.436,1.441,1.415,1.424,0,0
20120813,1.419,1.463,1.408,1.433,0,0
20120814,1.429,1.471,1.425,1.459,0,0
20120815,1.493,1.507,1.466,1.506,0,0
20120816,1.537,1.541,1.503,1.517,0,0
20120817,1.524,1.545,1.5,1.522,0,0
20120820,1.565,1.574,1.512,1.52,0,0
20120821,1.55,1.577,1.536,1.55,0,0
20120822,1.528,1.541,1.477,1.48,0,0
20120823,1.445,1.473,1.413,1.415,0,0
20120824,1.41,1.416,1.384,1.397,0,0
20120827,1.41,1.42,1.403,1.403,0,0
20120828,1.398,1.403,1.368,1.375,0,0
20120829,1.374,1.4,1.343,1.4,0,0
20120830,1.38,1.393,1.357,1.369,0,0
20120831,1.374,1.44,1.366,1.415,0,0
20120903,1.376,1.394,1.367,1.394,0,0
20120904,1.434,1.455,1.401,1.405,0,0
20120905,1.385,1.45,1.381,1.426,0,0
20120906,1.475,1.503,1.427,1.485,0,0
20120907,1.522,1.559,1.472,1.479,0,0
20120910,1.46,1.5,1.445,1.48,0,0
20120911,1.474,1.481,1.437,1.45,0,0
20120912,1.495,1.545,1.478,1.534,0,0
20120913,1.54,1.54,1.475,1.49,0,0
20120914,1.59,1.626,1.524,1.619,0,0
20120917,1.62,1.65,1.613,1.629,0,0
20120918,1.615,1.625,1.581,1.592,0,0
20120919,1.6,1.65,1.568,1.57,0,0
20120920,1.56,1.57,1.525,1.53,0,0
20120921,1.56,1.585,1.527,1.565,0,0
20120924,1.54,1.56,1.533,1.555,0,0
20120925,1.535,1.545,1.503,1.534,0,0
20120926,1.52,1.538,1.483,1.484,0,0
20120927,1.47,1.495,1.464,1.481,0,0
20120928,1.485,1.499,1.451,1.476,0,0
20121001,1.475,1.507,1.472,1.485,0,0
20121002,1.475,1.512,1.455,1.497,0,0
20121003,1.46,1.485,1.433,1.455,0,0
20121004,1.45,1.492,1.438,1.469,0,0
20121005,1.475,1.53,1.464,1.52,0,0
20121008,1.503,1.503,1.48,1.491,0,0
20121009,1.484,1.495,1.466,1.492,0,0
20121010,1.463,1.505,1.462,1.489,0,0
20121011,1.452,1.49,1.425,1.482,0,0
20121012,1.465,1.495,1.461,1.47,0,0
20121015,1.473,1.52,1.473,1.489,0,0
20121016,1.525,1.575,1.509,1.57,0,0
20121017,1.6,1.645,1.589,1.643,0,0
20121018,1.666,1.69,1.644,1.655,0,0
20121019,1.66,1.675,1.635,1.654,0,0
20121022,1.64,1.664,1.625,1.652,0,0
20121023,1.642,1.655,1.615,1.626,0,0
20121024,1.63,1.63,1.562,1.578,0,0
20121025,1.58,1.623,1.56,1.601,0,0
20121026,1.564,1.575,1.532,1.557,0,0
20121029,1.54,1.565,1.52,1.521,0,0
20121030,1.51,1.54,1.506,1.521,0,0
20121031,1.555,1.577,1.523,1.526,0,0
20121101,1.485,1.523,1.471,1.487,0,0
20121102,1.481,1.486,1.458,1.464,0,0
20121105,1.455,1.465,1.43,1.436,0,0
20121106,1.43,1.45,1.414,1.445,0,0
20121107,1.47,1.47,1.393,1.396,0,0
20121108,1.405,1.42,1.366,1.396,0,0
20121109,1.382,1.385,1.344,1.378,0,0
20121112,1.39,1.41,1.376,1.4,0,0
20121113,1.39,1.41,1.364,1.41,0,0
20121114,1.407,1.445,1.404,1.428,0,0
20121115,1.42,1.45,1.416,1.434,0,0
20121116,1.45,1.456,1.43,1.442,0,0
20121119,1.446,1.46,1.444,1.457,0,0
20121120,1.455,1.51,1.44,1.502,0,0
20121121,1.515,1.535,1.489,1.535,0,0
20121122,1.526,1.565,1.526,1.53,0,0
20121123,1.534,1.555,1.52,1.537,0,0
20121126,1.529,1.532,1.487,1.497,0,0
20121127,1.532,1.535,1.503,1.52,0,0
20121128,1.515,1.515,1.451,1.458,0,0
20121129,1.474,1.486,1.466,1.484,0,0
20121130,1.48,1.504,1.473,1.476,0,0
20121203,1.48,1.54,1.467,1.519,0,0
20121204,1.508,1.535,1.5,1.515,0,0
20121205,1.509,1.511,1.466,1.471,0,0
20121206,1.465,1.475,1.446,1.448,0,0
20121207,1.445,1.465,1.429,1.444,0,0
20121210,1.433,1.44,1.405,1.433,0,0
20121211,1.428,1.465,1.426,1.459,0,0
20121212,1.452,1.475,1.449,1.453,0,0
20121213,1.465,1.465,1.397,1.451,0,0
20121214,1.459,1.5,1.459,1.49,0,0
20121217,1.51,1.511,1.491,1.506,0,0
20121218,1.52,1.558,1.51,1.555,0,0
20121219,1.574,1.63,1.56,1.603,0,0
20121220,1.585,1.62,1.574,1.604,0,0
20121227,1.596,1.6,1.581,1.585,0,0
20121228,1.545,1.549,1.52,1.533,0,0
20130102,1.59,1.645,1.59,1.637,0,0
20130103,1.645,1.675,1.64,1.675,0,0
20130104,1.71,1.755,1.7,1.723,0,0
20130107,1.717,1.755,1.708,1.741,0,0
20130108,1.73,1.745,1.704,1.708,0,0
20130109,1.71,1.73,1.691,1.701,0,0
20130110,1.72,1.795,1.703,1.78,0,0
20130111,1.808,1.836,1.782,1.826,0,0
20130114,1.796,1.81,1.77,1.775,0,0
20130115,1.764,1.775,1.739,1.747,0,0
20130116,1.735,1.745,1.717,1.737,0,0
20130117,1.755,1.82,1.749,1.812,0,0
20130118,1.83,1.835,1.773,1.812,0,0
20130121,1.795,1.84,1.786,1.832,0,0
20130122,1.84,1.865,1.825,1.829,0,0
20130123,1.81,1.825,1.782,1.799,0,0
20130124,1.765,1.787,1.725,1.783,0,0
20130125,1.805,1.865,1.804,1.856,0,0
20130128,1.86,1.93,1.86,1.915,0,0
20130129,1.893,1.935,1.883,1.926,0,0
20130130,1.975,2.005,1.942,2,0,0
20130131,1.955,1.995,1.92,1.989,0,0
20130201,1.983,2.022,1.96,1.966,0,0
20130204,2.027,2.041,1.976,1.992,0,0
20130205,1.946,1.99,1.943,1.987,0,0
20130206,1.97,1.985,1.953,1.966,0,0
20130207,1.97,2.005,1.958,1.967,0,0
20130208,1.95,1.99,1.933,1.973,0,0
20130211,1.945,2.02,1.945,1.999,0,0
20130212,1.996,2.05,1.992,2.039,0,0
20130213,2.05,2.135,2.038,2.121,0,0
20130214,2.11,2.11,2.03,2.048,0,0
20130215,2.01,2.018,1.984,2.005,0,0
20130218,1.998,2.051,1.998,2.037,0,0
20130219,2.033,2.052,2.014,2.044,0,0
20130220,2.055,2.116,2.049,2.082,0,0
20130221,2.055,2.055,1.991,2.016,0,0
20130222,2.015,2.045,2,2.006,0,0
20130225,2.025,2.05,2.002,2.038,0,0
20130226,1.935,1.95,1.911,1.941,0,0
20130227,1.925,1.925,1.855,1.865,0,0
20130228,1.895,1.901,1.876,1.887,0,0
20130301,1.874,1.932,1.867,1.873,0,0
20130304,1.876,1.915,1.862,1.911,0,0
20130305,1.928,1.98,1.928,1.973,0,0
20130306,2.015,2.06,1.993,2.007,0,0
20130307,2,2.005,1.915,1.979,0,0
20130308,1.965,2.03,1.965,2.016,0,0
20130311,2,2.01,1.981,1.984,0,0
20130312,1.97,1.985,1.951,1.963,0,0
20130313,1.965,1.965,1.906,1.946,0,0
20130314,1.965,1.981,1.94,1.961,0,0
20130315,1.974,1.98,1.944,1.952,0,0
20130318,1.895,1.925,1.88,1.887,0,0
20130319,1.879,1.892,1.869,1.875,0,0
20130320,1.97,1.985,1.941,1.963,0,0
20130321,1.965,1.98,1.912,1.913,0,0
20130322,1.895,1.902,1.847,1.891,0,0
20130325,1.913,1.933,1.872,1.872,0,0
20130326,1.87,1.893,1.863,1.874,0,0
20130327,1.85,1.856,1.791,1.821,0,0
20130328,1.82,1.837,1.79,1.809,0,0
20130402,1.835,1.87,1.835,1.863,0,0
20130403,1.87,1.874,1.843,1.843,0,0
20130404,1.827,1.827,1.735,1.767,0,0
20130405,1.733,1.733,1.65,1.653,0,0
20130408,1.664,1.692,1.656,1.664,0,0
20130409,1.67,1.692,1.67,1.672,0,0
20130410,1.68,1.737,1.68,1.733,0,0
20130411,1.721,1.777,1.715,1.746,0,0
20130412,1.73,1.73,1.678,1.698,0,0
20130415,1.675,1.697,1.661,1.674,0,0
20130416,1.665,1.699,1.656,1.698,0,0
20130417,1.705,1.739,1.61,1.622,0,0
20130418,1.585,1.622,1.576,1.583,0,0
20130419,1.572,1.641,1.572,1.61,0,0
20130422,1.625,1.636,1.575,1.581,0,0
20130423,1.575,1.589,1.524,1.562,0,0
20130424,1.575,1.602,1.555,1.561,0,0
20130425,1.555,1.581,1.54,1.562,0,0
20130426,1.565,1.585,1.564,1.571,0,0
20130429,1.562,1.601,1.562,1.583,0,0
20130430,1.591,1.628,1.591,1.607,0,0
20130502,1.605,1.654,1.593,1.599,0,0
20130503,1.606,1.675,1.595,1.67,0,0
20130506,1.67,1.72,1.662,1.716,0,0
20130507,1.695,1.782,1.69,1.768,0,0
20130508,1.759,1.767,1.737,1.762,0,0
20130510,1.775,1.805,1.771,1.788,0,0
20130513,1.79,1.797,1.767,1.781,0,0
20130514,1.78,1.797,1.741,1.759,0,0
20130515,1.765,1.812,1.76,1.777,0,0
20130516,1.78,1.81,1.76,1.768,0,0
20130517,1.745,1.76,1.719,1.736,0,0
20130520,1.759,1.816,1.759,1.8,0,0
20130521,1.829,1.85,1.799,1.84,0,0
20130522,1.826,1.84,1.779,1.797,0,0
20130523,1.825,1.847,1.785,1.83,0,0
20130524,1.85,1.857,1.8,1.823,0,0
20130527,1.816,1.828,1.787,1.828,0,0
20130528,1.841,1.845,1.818,1.834,0,0
20130529,1.905,1.945,1.881,1.922,0,0
20130530,1.904,1.941,1.9,1.906,0,0
20130531,1.885,1.923,1.868,1.911,0,0
20130603,1.93,2.008,1.919,1.984,0,0
20130604,1.98,1.985,1.959,1.976,0,0
20130605,1.955,1.96,1.94,1.954,0,0
20130607,1.925,1.938,1.885,1.932,0,0
20130610,1.937,1.963,1.91,1.945,0,0
20130611,1.98,2.021,1.955,1.991,0,0
20130612,1.985,1.998,1.962,1.992,0,0
20130613,1.945,1.96,1.93,1.949,0,0
20130614,1.92,1.94,1.916,1.924,0,0
20130617,1.944,1.946,1.91,1.924,0,0
20130618,1.93,1.985,1.93,1.98,0,0
20130619,1.956,2.02,1.945,2.015,0,0
20130620,2.1,2.157,2.08,2.15,0,0
20130624,2.265,2.298,2.205,2.288,0,0
20130625,2.24,2.271,2.221,2.267,0,0
20130626,2.264,2.264,2.214,2.229,0,0
20130627,2.214,2.22,2.156,2.166,0,0
20130628,2.166,2.23,2.158,2.22,0,0
20130701,2.215,2.239,2.209,2.236,0,0
20130702,2.24,2.245,2.204,2.211,0,0
20130703,2.175,2.175,2.134,2.157,0,0
20130704,2.18,2.211,2.1,2.124,0,0
20130705,2.16,2.243,2.155,2.24,0,0
20130708,2.242,2.265,2.23,2.242,0,0
20130709,2.241,2.241,2.189,2.194,0,0
20130710,2.16,2.19,2.16,2.188,0,0
20130711,2.154,2.17,2.144,2.156,0,0
20130712,2.133,2.14,2.085,2.092,0,0
20130715,2.11,2.145,2.101,2.127,0,0
20130716,2.13,2.133,2.092,2.101,0,0
20130717,2.098,2.125,2.075,2.081,0,0
20130718,2.067,2.08,2.045,2.063,0,0
20130719,2.065,2.105,2.051,2.088,0,0
20130722,2.08,2.123,2.08,2.102,0,0
20130723,2.105,2.148,2.104,2.146,0,0
20130724,2.15,2.182,2.145,2.176,0,0
20130725,2.2,2.22,2.175,2.214,0,0
20130726,2.2,2.211,2.179,2.191,0,0
20130729,2.18,2.22,2.174,2.209,0,0
20130730,2.202,2.214,2.175,2.182,0,0
20130731,2.199,2.22,2.15,2.19,0,0
20130801,2.138,2.173,2.12,2.169,0,0
20130802,2.195,2.225,2.169,2.169,0,0
20130805,2.155,2.186,2.145,2.183,0,0
20130806,2.195,2.212,2.18,2.196,0,0
20130807,2.18,2.218,2.168,2.193,0,0
20130808,2.165,2.21,2.165,2.195,0,0
20130809,2.198,2.217,2.193,2.204,0,0
20130812,2.205,2.227,2.184,2.196,0,0
20130813,2.226,2.285,2.226,2.283,0,0
20130814,2.327,2.331,2.295,2.323,0,0
20130815,2.32,2.408,2.309,2.403,0,0
20130816,2.377,2.398,2.37,2.395,0,0
20130819,2.426,2.435,2.396,2.431,0,0
20130820,2.415,2.418,2.386,2.388,0,0
20130821,2.392,2.411,2.381,2.411,0,0
20130822,2.405,2.51,2.405,2.484,0,0
20130823,2.5,2.55,2.5,2.542,0,0
20130826,2.51,2.52,2.48,2.488,0,0
20130827,2.485,2.498,2.436,2.445,0,0
20130828,2.44,2.497,2.44,2.49,0,0
20130829,2.5,2.505,2.469,2.477,0,0
20130830,2.46,2.462,2.43,2.459,0,0
20130902,2.482,2.526,2.482,2.519,0,0
20130903,2.528,2.565,2.528,2.565,0,0
20130904,2.574,2.62,2.562,2.581,0,0
20130905,2.625,2.745,2.61,2.728,0,0
20130906,2.748,2.748,2.655,2.66,0,0
20130909,2.663,2.682,2.649,2.653,0,0
20130910,2.69,2.746,2.69,2.743,0,0
20130911,2.725,2.737,2.698,2.724,0,0
20130912,2.7,2.729,2.685,2.695,0,0
20130913,2.735,2.746,2.66,2.666,0,0
20130916,2.61,2.633,2.587,2.597,0,0
20130917,2.61,2.65,2.595,2.647,0,0
20130918,2.649,2.681,2.629,2.664,0,0
20130919,2.555,2.59,2.54,2.58,0,0
20130920,2.58,2.618,2.568,2.605,0,0
20130923,2.602,2.63,2.576,2.577,0,0
20130924,2.575,2.577,2.515,2.541,0,0
20130925,2.493,2.493,2.45,2.478,0,0
20130926,2.467,2.481,2.444,2.475,0,0
20130927,2.478,2.488,2.445,2.454,0,0
20130930,2.42,2.449,2.42,2.445,0,0
20131001,2.455,2.506,2.45,2.496,0,0
20131002,2.49,2.526,2.474,2.507,0,0
20131003,2.517,2.547,2.51,2.521,0,0
20131004,2.523,2.541,2.498,2.519,0,0
20131007,2.51,2.51,2.485,2.492,0,0
20131008,2.511,2.511,2.487,2.499,0,0
20131009,2.49,2.49,2.438,2.47,0,0
20131010,2.498,2.5,2.445,2.495,0,0
20131011,2.482,2.51,2.46,2.481,0,0
20131014,2.472,2.488,2.465,2.483,0,0
20131015,2.52,2.535,2.5,2.507,0,0
20131016,2.526,2.557,2.522,2.555,0,0
20131017,2.511,2.525,2.488,2.493,0,0
20131018,2.485,2.485,2.429,2.452,0,0
20131021,2.459,2.46,2.42,2.431,0,0
20131022,2.434,2.435,2.375,2.381,0,0
20131023,2.345,2.375,2.335,2.366,0,0
20131024,2.35,2.375,2.328,2.337,0,0
20131025,2.347,2.37,2.34,2.36,0,0
20131028,2.355,2.361,2.305,2.307,0,0
20131029,2.299,2.317,2.286,2.303,0,0
20131030,2.278,2.288,2.255,2.263,0,0
20131031,2.266,2.281,2.205,2.278,0,0
20131101,2.287,2.299,2.256,2.287,0,0
20131104,2.3,2.315,2.288,2.294,0,0
20131105,2.306,2.375,2.304,2.371,0,0
20131106,2.365,2.405,2.347,2.401,0,0
20131107,2.402,2.41,2.33,2.361,0,0
20131108,2.35,2.4,2.309,2.396,0,0
20131111,2.397,2.412,2.38,2.412,0,0
20131112,2.433,2.445,2.375,2.378,0,0
20131113,2.368,2.375,2.317,2.319,0,0
20131114,2.309,2.32,2.28,2.285,0,0
20131115,2.282,2.282,2.255,2.272,0,0
20131118,2.266,2.27,2.219,2.219,0,0
20131119,2.205,2.232,2.194,2.212,0,0
20131120,2.225,2.256,2.2,2.205,0,0
20131121,2.244,2.29,2.225,2.283,0,0
20131122,2.255,2.321,2.255,2.306,0,0
20131125,2.307,2.307,2.275,2.285,0,0
20131126,2.278,2.295,2.265,2.284,0,0
20131127,2.271,2.271,2.24,2.252,0,0
20131128,2.26,2.286,2.22,2.23,0,0
20131129,2.235,2.266,2.225,2.254,0,0
20131202,2.265,2.306,2.265,2.306,0,0
20131203,2.295,2.346,2.295,2.317,0,0
20131204,2.335,2.36,2.33,2.354,0,0
20131205,2.36,2.4,2.326,2.382,0,0
20131206,2.385,2.423,2.375,2.386,0,0
20131209,2.37,2.378,2.33,2.35,0,0
20131210,2.352,2.355,2.315,2.33,0,0
20131211,2.341,2.354,2.324,2.341,0,0
20131212,2.36,2.37,2.31,2.354,0,0
20131213,2.355,2.37,2.339,2.346,0,0
20131216,2.329,2.34,2.316,2.322,0,0
20131217,2.329,2.36,2.295,2.356,0,0
20131218,2.36,2.404,2.35,2.403,0,0
20131219,2.43,2.475,2.41,2.455,0,0
20131220,2.45,2.482,2.449,2.452,0,0
20131223,2.436,2.471,2.432,2.456,0,0
20131227,2.48,2.521,2.479,2.518,0,0
20131230,2.521,2.535,2.517,2.525,0,0
20140102,2.523,2.533,2.511,2.518,0,0
20140103,2.514,2.52,2.487,2.506,0,0
20140106,2.512,2.523,2.431,2.431,0,0
20140107,2.446,2.454,2.446,2.454,0,0
20140108,2.419,2.434,2.419,2.434,0,0
20140109,2.469,2.469,2.45,2.45,0,0
20140110,2.468,2.468,2.424,2.424,0,0
20140113,2.387,2.387,2.384,2.384,0,0
20140114,2.402,2.405,2.402,2.405,0,0
20140115,2.411,2.428,2.411,2.428,0,0
20140116,2.411,2.411,2.394,2.394,0,0
20140117,2.394,2.394,2.372,2.375,0,0
20140120,2.366,2.366,2.354,2.354,0,0
20140121,2.351,2.351,2.341,2.341,0,0
20140122,2.349,2.368,2.349,2.368,0,0
20140123,2.343,2.343,2.333,2.333,0,0
20140124,2.268,2.269,2.268,2.269,0,0
20140127,2.29,2.29,2.288,2.288,0,0
20140128,2.309,2.309,2.309,2.309,0,0
20140129,2.304,2.304,2.276,2.276,0,0
20140130,2.239,2.255,2.239,2.255,0,0
20140131,2.214,2.214,2.209,2.209,0,0
20140203,2.221,2.221,2.221,2.221,0,0
20140204,2.215,2.218,2.215,2.218,0,0
20140205,2.19,2.204,2.19,2.204,0,0
20140206,2.241,2.274,2.241,2.274,0,0
20140207,2.247,2.247,2.23,2.23,0,0
20140210,2.224,2.232,2.224,2.232,0,0
20140211,2.251,2.263,2.251,2.263,0,0
20140212,2.264,2.268,2.264,2.266,0,0
20140213,2.25,2.251,2.25,2.251,0,0
20140214,2.258,2.26,2.258,2.26,0,0
20140217,2.282,2.282,2.277,2.277,0,0
20140218,2.22,2.224,2.22,2.224,0,0
20140219,2.166,2.166,2.151,2.151,0,0
20140220,2.162,2.182,2.162,2.182,0,0
20140221,2.181,2.192,2.181,2.192,0,0
20140224,2.209,2.22,2.209,2.22,0,0
20140225,2.227,2.227,2.219,2.219,0,0
20140226,2.221,2.221,2.194,2.194,0,0
20140227,2.128,2.151,2.128,2.151,0,0
20140228,2.204,2.228,2.204,2.228,0,0
20140303,2.159,2.159,2.143,2.143,0,0
20140304,2.187,2.187,2.183,2.183,0,0
20140305,2.195,2.195,2.195,2.195,0,0
20140306,2.206,2.226,2.206,2.226,0,0
20140307,2.198,2.231,2.198,2.231,0,0
20140310,2.195,2.195,2.192,2.192,0,0
20140311,2.172,2.172,2.172,2.172,0,0
20140312,2.131,2.131,2.127,2.127,0,0
20140313,2.11,2.11,2.106,2.106,0,0
20140314,2.079,2.079,2.079,2.079,0,0
20140317,2.088,2.118,2.088,2.118,0,0
20140318,2.124,2.132,2.108,2.117,0,0
20140319,2.122,2.151,2.118,2.144,0,0
20140320,2.183,2.227,2.183,2.22,0,0
20140321,2.207,2.216,2.196,2.209,0,0
20140324,2.223,2.228,2.188,2.189,0,0
20140325,2.172,2.187,2.156,2.16,0,0
20140326,2.159,2.16,2.124,2.136,0,0
20140327,2.128,2.128,2.111,2.112,0,0
20140328,2.11,2.141,2.094,2.133,0,0
20140331,2.126,2.15,2.125,2.13,0,0
20140401,2.137,2.143,2.123,2.136,0,0
20140402,2.145,2.165,2.142,2.158,0,0
20140403,2.167,2.182,2.147,2.148,0,0
20140404,2.157,2.174,2.127,2.135,0,0
20140407,2.114,2.12,2.09,2.097,0,0
20140408,2.105,2.117,2.088,2.11,0,0
20140409,2.124,2.144,2.118,2.139,0,0
20140410,2.099,2.103,2.065,2.084,0,0
20140411,2.079,2.079,2.017,2.036,0,0
20140414,2.031,2.038,2.018,2.027,0,0
20140415,2.025,2.028,1.968,1.968,0,0
20140416,1.976,2.006,1.976,2.005,0,0
20140417,2,2.024,1.998,2.024,0,0
20140422,2.035,2.069,2.028,2.069,0,0
20140423,2.046,2.062,2.03,2.04,0,0
20140424,2.042,2.063,2.017,2.03,0,0
20140425,2.021,2.022,1.977,1.983,0,0
20140428,1.989,2.015,1.983,2.011,0,0
20140429,2.014,2.045,1.986,1.986,0,0
20140430,1.972,2.001,1.972,1.987,0,0
20140502,1.949,1.982,1.945,1.962,0,0
20140505,1.939,1.943,1.912,1.919,0,0
20140506,1.926,1.952,1.925,1.945,0,0
20140507,1.938,1.965,1.926,1.949,0,0
20140508,1.944,1.958,1.914,1.929,0,0
20140509,1.925,1.927,1.906,1.908,0,0
20140512,1.924,1.935,1.92,1.935,0,0
20140513,1.932,1.946,1.897,1.898,0,0
20140514,1.897,1.897,1.846,1.849,0,0
20140515,1.853,1.853,1.797,1.808,0,0
20140516,1.809,1.842,1.809,1.834,0,0
20140519,1.826,1.836,1.817,1.829,0,0
20140520,1.836,1.854,1.836,1.849,0,0
20140521,1.839,1.872,1.835,1.867,0,0
20140522,1.866,1.875,1.856,1.866,0,0
20140523,1.86,1.861,1.836,1.838,0,0
20140526,1.843,1.861,1.841,1.85,0,0
20140527,1.869,1.869,1.831,1.839,0,0
20140528,1.829,1.829,1.811,1.816,0,0
20140529,1.817,1.82,1.807,1.815,0,0
20140530,1.827,1.827,1.804,1.806,0,0
20140602,1.806,1.822,1.792,1.821,0,0
20140603,1.818,1.862,1.816,1.86,0,0
20140604,1.853,1.883,1.853,1.881,0,0
20140605,1.873,1.884,1.865,1.875,0,0
20140606,1.873,1.884,1.854,1.876,0,0
20140609,1.833,1.833,1.805,1.824,0,0
20140610,1.826,1.826,1.813,1.824,0,0
20140611,1.839,1.849,1.818,1.818,0,0
20140612,1.826,1.832,1.797,1.8,0,0
20140613,1.811,1.833,1.804,1.818,0,0
20140616,1.797,1.802,1.778,1.785,0,0
20140617,1.786,1.831,1.786,1.83,0,0
20140618,1.973,1.987,1.969,1.984,0,0
20140619,1.965,1.968,1.943,1.966,0,0
20140620,1.956,1.962,1.945,1.949,0,0
20140623,1.974,1.977,1.94,1.942,0,0
20140624,1.948,1.953,1.935,1.939,0,0
20140625,1.93,1.93,1.88,1.882,0,0
20140626,1.887,1.887,1.85,1.852,0,0
20140627,1.855,1.866,1.85,1.863,0,0
20140630,1.873,1.875,1.85,1.852,0,0
20140701,1.856,1.865,1.846,1.847,0,0
20140702,1.86,1.879,1.835,1.877,0,0
20140703,1.883,1.89,1.815,1.87,0,0
20140704,1.864,1.865,1.818,1.82,0,0
20140707,1.825,1.829,1.799,1.801,0,0
20140708,1.803,1.803,1.78,1.784,0,0
20140709,1.784,1.791,1.784,1.788,0,0
20140710,1.77,1.788,1.764,1.774,0,0
20140711,1.773,1.781,1.751,1.756,0,0
20140714,1.755,1.755,1.744,1.75,0,0
20140715,1.74,1.742,1.725,1.741,0,0
20140716,1.737,1.739,1.72,1.723,0,0
20140717,1.718,1.718,1.678,1.683,0,0
20140718,1.68,1.68,1.655,1.665,0,0
20140721,1.666,1.666,1.654,1.655,0,0
20140722,1.667,1.681,1.66,1.681,0,0
20140723,1.665,1.671,1.656,1.659,0,0
20140724,1.663,1.685,1.659,1.684,0,0
20140725,1.676,1.688,1.663,1.666,0,0
20140728,1.667,1.674,1.666,1.671,0,0
20140729,1.679,1.68,1.645,1.65,0,0
20140730,1.646,1.679,1.635,1.677,0,0
20140731,1.697,1.728,1.685,1.72,0,0
20140801,1.707,1.733,1.704,1.704,0,0
20140804,1.697,1.7,1.69,1.692,0,0
20140805,1.7,1.733,1.7,1.731,0,0
20140806,1.714,1.715,1.663,1.669,0,0
20140807,1.652,1.652,1.624,1.624,0,0
20140808,1.569,1.601,1.543,1.584,0,0
20140811,1.602,1.63,1.602,1.618,0,0
20140812,1.626,1.633,1.615,1.622,0,0
20140813,1.635,1.65,1.616,1.616,0,0
20140814,1.598,1.61,1.585,1.606,0,0
20140815,1.599,1.605,1.593,1.595,0,0
20140818,1.584,1.609,1.584,1.605,0,0
20140819,1.61,1.611,1.57,1.571,0,0
20140820,1.579,1.585,1.55,1.551,0,0
20140821,1.563,1.59,1.563,1.569,0,0
20140822,1.568,1.57,1.55,1.567,0,0
20140825,1.54,1.545,1.505,1.514,0,0
20140826,1.516,1.516,1.485,1.489,0,0
20140827,1.483,1.489,1.42,1.43,0,0
20140828,1.426,1.437,1.391,1.397,0,0
20140829,1.389,1.418,1.389,1.398,0,0
20140901,1.393,1.409,1.39,1.405,0,0
20140902,1.417,1.458,1.417,1.457,0,0
20140903,1.452,1.48,1.452,1.466,0,0
20140904,1.466,1.481,1.436,1.469,0,0
20140905,1.464,1.47,1.409,1.418,0,0
20140908,1.417,1.421,1.409,1.418,0,0
20140909,1.456,1.5,1.456,1.481,0,0
20140910,1.489,1.517,1.487,1.511,0,0
20140911,1.495,1.514,1.48,1.508,0,0
20140912,1.52,1.579,1.52,1.573,0,0
20140915,1.585,1.613,1.585,1.593,0,0
20140916,1.581,1.581,1.55,1.573,0,0
20140917,1.578,1.587,1.55,1.559,0,0
20140918,1.57,1.607,1.57,1.602,0,0
20140919,1.611,1.617,1.569,1.583,0,0
20140922,1.556,1.569,1.553,1.564,0,0
20140923,1.534,1.549,1.527,1.549,0,0
20140924,1.553,1.555,1.531,1.533,0,0
20140925,1.536,1.536,1.505,1.506,0,0
20140926,1.494,1.5,1.474,1.496,0,0
20140929,1.499,1.523,1.499,1.501,0,0
20140930,1.507,1.523,1.496,1.497,0,0
20141001,1.485,1.502,1.447,1.45,0,0
20141002,1.453,1.468,1.448,1.466,0,0
20141003,1.463,1.486,1.461,1.486,0,0
20141006,1.462,1.462,1.452,1.453,0,0
20141007,1.445,1.456,1.423,1.424,0,0
20141008,1.411,1.418,1.408,1.411,0,0
20141009,1.398,1.399,1.368,1.389,0,0
20141010,1.397,1.402,1.369,1.374,0,0
20141013,1.375,1.389,1.375,1.38,0,0
20141014,1.381,1.381,1.273,1.284,0,0
20141015,1.28,1.28,1.134,1.14,0,0
20141016,1.161,1.161,1.123,1.152,0,0
20141017,1.186,1.238,1.177,1.238,0,0
20141020,1.228,1.228,1.21,1.221,0,0
20141021,1.209,1.241,1.207,1.234,0,0
20141022,1.232,1.247,1.218,1.243,0,0
20141023,1.232,1.286,1.219,1.283,0,0
20141024,1.285,1.286,1.254,1.264,0,0
20141027,1.289,1.289,1.255,1.26,0,0
20141028,1.258,1.258,1.207,1.214,0,0
20141029,1.213,1.213,1.165,1.183,0,0
20141030,1.183,1.185,1.153,1.168,0,0
20141031,1.176,1.197,1.168,1.189,0,0
20141103,1.187,1.242,1.185,1.241,0,0
20141104,1.239,1.239,1.19,1.198,0,0
20141105,1.203,1.22,1.199,1.213,0,0
20141106,1.221,1.223,1.2,1.208,0,0
20141107,1.218,1.232,1.205,1.206,0,0
20141110,1.194,1.201,1.184,1.196,0,0
20141111,1.204,1.223,1.162,1.162,0,0
20141112,1.154,1.154,1.13,1.141,0,0
20141113,1.153,1.164,1.137,1.148,0,0
20141114,1.148,1.15,1.132,1.14,0,0
20141117,1.125,1.143,1.118,1.141,0,0
20141118,1.136,1.136,1.113,1.114,0,0
20141119,1.116,1.157,1.11,1.15,0,0
20141120,1.151,1.156,1.119,1.124,0,0
20141121,1.125,1.13,1.098,1.101,0,0
20141124,1.1,1.115,1.098,1.105,0,0
20141125,1.098,1.098,1.074,1.077,0,0
20141126,1.07,1.07,1.048,1.052,0,0
20141127,1.039,1.039,1.02,1.02,0,0
20141128,1.018,1.043,1.018,1.024,0,0
20141201,1.023,1.047,1.023,1.045,0,0
20141202,1.071,1.083,1.056,1.079,0,0
20141203,1.084,1.093,1.069,1.087,0,0
20141204,1.084,1.107,1.08,1.097,0,0
20141205,1.098,1.105,1.092,1.1,0,0
20141208,1.103,1.109,1.061,1.069,0,0
20141209,1.052,1.065,1.037,1.04,0,0
20141210,1.027,1.033,1.016,1.021,0,0
20141211,0.999,1.009,0.992,0.999,0,0
20141212,0.991,0.991,0.963,0.975,0,0
20141215,0.972,0.988,0.968,0.968,0,0
20141216,0.962,0.965,0.901,0.912,0,0
20141217,0.918,0.935,0.91,0.912,0,0
20141218,0.913,0.985,0.908,0.985,0,0
20141219,0.981,1.004,0.98,1.001,0,0
20141222,1.002,1.012,0.999,1.006,0,0
20141223,1.003,1.004,0.978,0.985,0,0
20141229,0.987,0.994,0.956,0.957,0,0
20141230,0.96,0.963,0.924,0.925,0,0
20150101,0.929,0.929,0.929,0.929,0,0
