Date,Open,High,Low,Close,Volume,OpenInt
20101221,31.357,31.357,31.357,31.357,0,0
20101222,30.404,31.876,26.939,30.404,0,0
20101223,29.191,31.01,24.341,24.341,0,0
20101227,24.861,24.861,22.175,22.175,0,0
20101228,21.568,21.568,19.403,20.529,0,0
20101229,20.528,21.566,19.488,19.841,0,0
20101230,20.096,20.528,19.488,20.528,0,0
20101231,20.528,20.958,20.528,20.958,0,0
20110103,20.962,20.962,20.962,20.962,0,0
20110104,20.962,20.962,19.49,20.442,0,0
20110105,19.316,19.923,18.884,19.923,0,0
20110107,19.663,19.663,19.403,19.49,0,0
20110110,18.796,19.49,17.67,18.45,0,0
20110111,18.45,18.45,16.718,17.064,0,0
20110112,17.064,18.018,17.064,18.018,0,0
20110113,16.718,16.718,16.198,16.284,0,0
20110114,17.238,17.238,17.238,17.238,0,0
20110117,17.238,17.238,16.112,16.112,0,0
20110118,16.198,16.804,16.198,16.804,0,0
20110119,16.804,17.151,16.804,17.151,0,0
20110120,17.151,17.151,17.064,17.064,0,0
20110121,17.064,17.064,17.064,17.064,0,0
20110124,17.064,17.064,15.332,15.418,0,0
20110125,15.332,18.364,15.332,18.364,0,0
20110126,18.364,18.364,18.364,18.364,0,0
20110127,18.364,18.364,18.364,18.364,0,0
20110128,18.277,18.277,18.277,18.277,0,0
20110131,18.449,18.449,18.361,18.361,0,0
20110201,18.277,18.277,15.852,15.852,0,0
20110203,16.458,16.458,15.852,16.458,0,0
20110207,16.458,16.458,16.458,16.458,0,0
20110209,16.458,16.458,15.852,15.852,0,0
20110210,15.852,15.852,15.852,15.852,0,0
20110211,15.852,15.938,15.505,15.505,0,0
20110214,15.505,15.505,10.308,10.308,0,0
20110215,10.308,11.001,9.875,10.914,0,0
20110216,10.395,11.347,10.395,11.261,0,0
20110217,10.395,10.395,10.395,10.395,0,0
20110218,10.308,10.308,9.615,9.615,0,0
20110221,9.615,11.087,9.615,10.741,0,0
20110222,10.567,10.567,9.961,9.961,0,0
20110223,9.615,11.434,9.615,11.347,0,0
20110224,11.347,11.521,10.655,11.434,0,0
20110225,11.434,12.82,11.434,12.82,0,0
20110228,12.734,12.909,12.734,12.822,0,0
20110301,12.993,12.993,11.867,12.907,0,0
20110302,12.993,12.993,11.867,12.82,0,0
20110307,12.3,13.08,11.434,12.993,0,0
20110308,12.647,13.513,10.741,13.513,0,0
20110309,13.426,13.426,12.907,13.34,0,0
20110310,13.34,13.859,13.166,13.859,0,0
20110314,13.859,14.033,13.859,14.033,0,0
20110315,13.686,13.686,13.08,13.599,0,0
20110316,13.599,14.119,13.599,14.033,0,0
20110322,13.859,13.859,13.859,13.859,0,0
20110323,12.387,12.733,11.087,12.733,0,0
20110324,12.3,12.3,12.3,12.3,0,0
20110325,12.3,12.3,11.954,11.954,0,0
20110328,11.867,11.867,10.741,11.174,0,0
20110329,11.174,11.174,11.174,11.174,0,0
20110330,10.827,11.174,10.827,11.174,0,0
20110331,10.744,11.175,10.479,11.175,0,0
20110401,10.914,11.434,10.741,11.434,0,0
20110404,11.087,11.607,10.741,11.174,0,0
20110405,11.174,11.174,10.567,10.567,0,0
20110406,10.655,10.741,10.655,10.741,0,0
20110407,10.827,10.914,10.741,10.914,0,0
20110412,10.655,81.337,10.655,81.337,0,0
20110414,81.25,81.423,81.25,81.423,0,0
20110415,81.423,81.51,81.423,81.51,0,0
20110418,81.683,84.975,81.683,84.975,0,0
20110420,84.975,86.794,84.975,84.975,0,0
20110421,83.763,83.763,81.943,81.943,0,0
20110426,81.943,81.943,10.741,10.741,0,0
20110427,10.741,10.741,10.655,10.655,0,0
20110428,10.655,10.655,10.655,10.655,0,0
20110429,10.656,10.656,10.479,10.567,0,0
20110502,10.567,12.56,10.567,12.56,0,0
20110504,12.647,12.647,12.647,12.647,0,0
20110505,12.647,12.993,12.56,12.56,0,0
20110506,12.56,12.56,12.56,12.56,0,0
20110510,12.56,12.56,12.214,12.214,0,0
20110513,12.214,12.214,12.04,12.04,0,0
20110516,12.04,12.04,12.04,12.04,0,0
20110517,12.04,12.473,12.04,12.04,0,0
20110519,11.954,11.954,11.954,11.954,0,0
20110520,11.954,12.3,11.954,11.954,0,0
20110523,12.04,12.3,11.954,12.3,0,0
20110524,12.473,13.166,11.867,11.867,0,0
20110525,11.867,13.166,11.261,13.166,0,0
20110526,13.08,13.08,12.733,12.733,0,0
20110527,12.647,12.733,12.647,12.733,0,0
20110530,12.733,12.907,12.733,12.907,0,0
20110601,12.993,12.993,12.04,12.56,0,0
20110602,12.127,12.56,12.127,12.56,0,0
20110603,12.56,12.56,12.56,12.56,0,0
20110606,12.56,12.56,12.3,12.56,0,0
20110607,12.302,12.302,12.302,12.302,0,0
20110609,12.302,12.302,12.302,12.302,0,0
20110610,12.469,12.469,12.469,12.469,0,0
20110613,12.3,12.3,12.3,12.3,0,0
20110614,12.3,12.3,12.3,12.3,0,0
20110615,12.3,12.3,12.04,12.04,0,0
20110616,12.214,12.214,12.214,12.214,0,0
20110617,12.214,12.822,12.214,12.734,0,0
20110620,12.82,13.253,12.82,13.253,0,0
20110621,13.254,13.254,13.254,13.254,0,0
20110624,13.254,13.254,12.822,13.077,0,0
20110627,13.077,13.077,11.871,12.39,0,0
20110630,12.302,12.734,12.302,12.734,0,0
20110704,12.505,12.505,12.505,12.505,0,0
20110713,12.681,12.681,12.593,12.593,0,0
20110714,12.328,12.681,12.328,12.593,0,0
20110718,12.328,12.505,12.328,12.505,0,0
20110719,12.065,12.065,12.065,12.065,0,0
20110720,12.505,12.505,12.416,12.416,0,0
20110721,11.8,11.888,11.8,11.888,0,0
20110722,12.416,12.416,12.416,12.416,0,0
20110727,11.8,12.416,11.8,12.416,0,0
20110729,11.096,11.096,11.096,11.096,0,0
20110804,11.184,11.184,10.832,10.832,0,0
20110805,10.567,10.567,9.511,10.039,0,0
20110808,9.511,9.511,8.5419,8.5419,0,0
20110809,8.9828,10.039,8.9828,10.039,0,0
20110811,8.0136,11.448,8.0136,11.448,0,0
20110812,11.36,11.36,11.272,11.272,0,0
20110816,11.272,11.272,10.832,10.832,0,0
20110818,10.832,10.832,10.303,10.303,0,0
20110831,10.479,11.272,10.479,11.272,0,0
20110901,11.272,11.272,11.272,11.272,0,0
20110902,11.272,11.272,11.272,11.272,0,0
20110905,11.272,11.272,11.272,11.272,0,0
20110906,11.272,11.272,9.4228,11.272,0,0
20110907,11.272,11.272,11.272,11.272,0,0
20110908,11.007,11.007,11.007,11.007,0,0
20110922,11.007,11.007,9.4228,9.511,0,0
20110926,9.511,9.511,8.4539,9.07,0,0
20110928,8.6299,8.6299,7.3971,8.3658,0,0
20111003,8.1897,8.3658,8.1897,8.3658,0,0
20111004,8.1897,8.6299,8.1897,8.6299,0,0
20111010,8.6299,8.6299,8.3658,8.3658,0,0
20111011,8.2777,8.2777,8.2777,8.2777,0,0
20111013,8.2777,8.6299,8.2777,8.6299,0,0
20111028,8.8946,8.8946,8.8946,8.8946,0,0
20111102,8.8946,8.8946,8.1897,8.6299,0,0
20111104,8.6299,9.07,8.6299,9.07,0,0
20111107,9.07,9.951,9.07,9.863,0,0
20111122,9.863,9.863,9.863,9.863,0,0
20111123,9.775,9.775,9.511,9.511,0,0
20111124,9.511,9.511,9.511,9.511,0,0
20111125,9.511,9.511,9.511,9.511,0,0
20111128,9.511,9.511,9.511,9.511,0,0
20111129,9.511,9.511,9.511,9.511,0,0
20111130,9.511,9.511,9.511,9.511,0,0
20111207,9.511,9.775,9.511,9.775,0,0
20111209,9.599,9.599,9.511,9.511,0,0
20111212,9.511,9.511,9.511,9.511,0,0
20111213,9.511,9.511,9.511,9.511,0,0
20111214,9.511,9.511,9.511,9.511,0,0
20111215,9.511,9.511,9.511,9.511,0,0
20111216,9.511,9.511,9.511,9.511,0,0
20111219,9.511,9.511,9.511,9.511,0,0
20111220,9.511,9.511,9.511,9.511,0,0
20111221,9.511,9.511,9.511,9.511,0,0
20111222,9.511,9.511,9.511,9.511,0,0
20111223,9.511,9.511,9.511,9.511,0,0
20111227,9.511,9.511,8.718,8.718,0,0
20111229,8.9828,9.2464,8.9828,9.1582,0,0
20111230,9.2492,9.2492,9.2492,9.2492,0,0
20120102,9.2464,9.2464,9.2464,9.2464,0,0
20120103,9.4228,9.4228,9.4228,9.4228,0,0
20120104,9.4228,9.4228,9.4228,9.4228,0,0
20120105,9.4228,9.4228,9.4228,9.4228,0,0
20120109,9.4228,9.4228,8.6299,8.6299,0,0
20120110,8.718,9.1582,8.718,9.1582,0,0
20120111,9.1582,9.1582,9.1582,9.1582,0,0
20120112,9.3346,9.3346,8.6299,8.6299,0,0
20120117,8.6299,8.6299,8.5419,8.6299,0,0
20120120,8.806,9.3346,8.806,9.2464,0,0
20120124,9.3346,9.4228,9.3346,9.4228,0,0
20120126,9.4228,9.4228,9.4228,9.4228,0,0
20120127,9.4228,9.4228,9.4228,9.4228,0,0
20120130,9.2464,9.2464,8.8946,8.8946,0,0
20120131,8.89,8.89,8.89,8.89,0,0
20120201,8.8946,8.8946,8.8946,8.8946,0,0
20120203,8.8946,8.8946,8.8946,8.8946,0,0
20120206,8.8946,8.9828,8.8946,8.9828,0,0
20120207,8.9828,8.9828,8.9828,8.9828,0,0
20120208,8.9828,8.9828,8.9828,8.9828,0,0
20120209,8.9828,8.9828,8.9828,8.9828,0,0
20120210,8.9828,9.686,8.9828,9.2464,0,0
20120213,9.3346,9.3346,9.3346,9.3346,0,0
20120214,9.3346,11.36,9.3346,11.36,0,0
20120215,11.36,12.769,11.36,12.681,0,0
20120216,12.153,12.153,12.153,12.153,0,0
20120217,12.153,12.153,12.153,12.153,0,0
20120220,12.153,12.153,12.153,12.153,0,0
20120222,12.153,12.153,12.153,12.153,0,0
20120223,12.153,12.153,12.065,12.153,0,0
20120224,12.153,12.153,12.153,12.153,0,0
20120302,12.065,12.065,12.065,12.065,0,0
20120305,11.976,11.976,11.976,11.976,0,0
20120307,12.153,12.153,12.153,12.153,0,0
20120308,12.153,12.153,11.448,11.712,0,0
20120309,11.712,11.712,11.712,11.712,0,0
20120312,11.536,11.536,10.127,10.127,0,0
20120313,10.567,11.625,10.567,11.184,0,0
20120319,11.007,11.007,11.007,11.007,0,0
20120323,11.096,11.184,11.096,11.184,0,0
20120328,11.184,11.184,11.184,11.184,0,0
20120329,11.184,11.184,11.184,11.184,0,0
20120330,11.097,11.097,10.828,10.828,0,0
20120410,10.832,10.832,10.656,10.656,0,0
20120411,10.744,10.832,10.744,10.832,0,0
20120413,10.744,10.744,10.391,10.479,0,0
20120417,10.479,10.479,10.391,10.479,0,0
20120427,10.479,10.479,10.479,10.479,0,0
20120504,10.216,10.216,9.1582,9.951,0,0
20120508,9.951,10.127,9.951,10.127,0,0
20120510,10.127,10.919,10.127,10.919,0,0
20120511,10.832,10.832,10.391,10.391,0,0
20120515,10.567,10.832,10.567,10.744,0,0
20120516,10.656,10.656,10.567,10.656,0,0
20120517,10.656,10.656,10.656,10.656,0,0
20120518,10.567,10.567,10.479,10.479,0,0
20120523,10.479,10.479,10.303,10.303,0,0
20120525,10.391,10.391,10.127,10.127,0,0
20120608,10.218,10.218,9.949,9.949,0,0
20120612,10.127,10.127,10.127,10.127,0,0
20120618,9.949,9.949,9.599,9.599,0,0
20120619,9.599,10.128,9.599,10.128,0,0
20120622,10.128,10.128,9.949,9.949,0,0
20120629,10.227,10.227,10.227,10.227,0,0
20120710,10.047,10.047,8.2532,9.509,0,0
20120716,9.2399,9.2399,9.0608,9.0608,0,0
20120717,9.1508,9.2399,9.1508,9.2399,0,0
20120718,9.2399,10.047,9.2399,9.688,0,0
20120725,9.599,9.599,9.599,9.599,0,0
20120806,12.29,12.29,11.752,11.752,0,0
20120820,11.931,11.931,11.931,11.931,0,0
20120827,11.752,11.752,11.752,11.752,0,0
20120828,11.752,11.752,11.124,11.124,0,0
20120831,11.303,11.752,11.303,11.752,0,0
20120906,11.931,12.469,11.931,12.469,0,0
20120907,12.469,12.829,12.469,12.829,0,0
20120910,12.469,12.469,12.38,12.38,0,0
20120911,12.38,12.38,12.38,12.38,0,0
20120912,12.38,12.38,12.38,12.38,0,0
20120913,12.38,12.38,12.38,12.38,0,0
20120914,12.38,12.38,12.38,12.38,0,0
20120917,12.38,12.38,12.38,12.38,0,0
20120918,12.38,12.38,12.38,12.38,0,0
20120919,12.38,12.38,12.38,12.38,0,0
20120920,12.38,12.38,12.38,12.38,0,0
20120928,12.38,13.098,12.38,13.008,0,0
20121002,12.918,12.918,12.918,12.918,0,0
20121003,12.918,12.918,12.918,12.918,0,0
20121004,12.918,12.918,12.918,12.918,0,0
20121005,13.008,13.098,13.008,13.098,0,0
20121018,13.008,13.008,12.829,12.829,0,0
20121019,12.829,12.829,12.829,12.829,0,0
20121022,12.829,12.829,12.829,12.829,0,0
20121113,12.739,12.739,12.739,12.739,0,0
20121114,12.739,12.739,12.739,12.739,0,0
20121115,12.739,12.739,12.739,12.739,0,0
20121116,12.739,12.739,12.739,12.739,0,0
20121119,12.829,12.918,12.829,12.918,0,0
20121204,12.918,12.918,12.559,12.649,0,0
20121205,12.649,12.649,12.649,12.649,0,0
20121206,12.649,12.649,12.649,12.649,0,0
20121207,12.649,12.649,12.649,12.649,0,0
20121212,12.649,12.649,12.649,12.649,0,0
20121213,12.649,12.649,12.649,12.649,0,0
20121214,12.649,12.649,12.649,12.649,0,0
20121217,12.649,12.649,12.649,12.649,0,0
20121218,12.649,12.649,12.649,12.649,0,0
20121219,12.649,12.649,12.649,12.649,0,0
20121220,12.649,12.649,12.649,12.649,0,0
20121221,12.649,12.649,12.649,12.649,0,0
20121227,12.649,12.649,12.649,12.649,0,0
20121228,12.649,12.649,12.649,12.649,0,0
20130102,12.649,12.649,12.649,12.649,0,0
20130103,12.649,12.649,12.649,12.649,0,0
20130104,12.649,12.739,12.649,12.739,0,0
20130108,12.829,13.277,12.829,13.277,0,0
20130110,13.367,13.815,13.367,13.815,0,0
20130111,13.905,13.905,13.187,13.187,0,0
20130114,13.187,13.546,13.187,13.456,0,0
20130123,13.456,14.354,13.456,13.725,0,0
20130130,13.546,13.546,13.098,13.187,0,0
20130131,13.098,13.098,12.739,12.739,0,0
20130205,12.739,12.739,12.29,12.29,0,0
20130206,12.29,12.469,12.29,12.469,0,0
20130207,12.559,12.559,12.29,12.29,0,0
20130222,10.765,10.765,10.765,10.765,0,0
20130225,10.765,10.765,10.138,10.138,0,0
20130226,10.047,10.047,9.778,9.778,0,0
20130227,9.778,10.047,9.778,10.047,0,0
20130311,10.138,10.138,10.138,10.138,0,0
20130315,10.047,10.138,10.047,10.138,0,0
20130318,10.138,10.138,10.138,10.138,0,0
20130319,10.138,10.138,10.138,10.138,0,0
20130320,10.138,10.138,10.138,10.138,0,0
20130321,10.138,10.138,10.138,10.138,0,0
20130322,10.138,10.138,10.138,10.138,0,0
20130325,10.138,10.138,10.138,10.138,0,0
20130326,10.138,10.138,10.138,10.138,0,0
20130327,10.138,10.138,10.138,10.138,0,0
20130328,10.138,10.138,10.138,10.138,0,0
20130402,10.138,10.138,10.138,10.138,0,0
20130403,10.138,10.138,10.138,10.138,0,0
20130404,10.138,10.138,10.138,10.138,0,0
20130405,10.138,10.138,10.138,10.138,0,0
20130408,10.138,10.138,10.138,10.138,0,0
20130409,10.138,10.138,10.138,10.138,0,0
20130410,10.138,10.138,10.138,10.138,0,0
20130411,10.138,10.138,10.138,10.138,0,0
20130412,10.138,10.586,10.138,10.586,0,0
20130417,10.586,11.034,10.586,11.034,0,0
20130418,11.034,11.034,11.034,11.034,0,0
20130419,11.034,11.034,11.034,11.034,0,0
20130422,11.034,11.034,11.034,11.034,0,0
20130423,11.034,11.931,11.034,11.931,0,0
20130430,11.39,11.39,11.39,11.39,0,0
20130502,11.39,11.39,11.39,11.39,0,0
20130506,11.393,11.393,11.393,11.393,0,0
20130507,11.393,11.393,11.393,11.393,0,0
20130508,11.39,11.39,11.39,11.39,0,0
20130509,11.39,11.39,11.39,11.39,0,0
20130510,11.393,11.393,11.393,11.393,0,0
20130513,11.393,11.393,11.393,11.393,0,0
20130514,11.393,11.393,11.393,11.393,0,0
20130515,11.393,11.393,11.393,11.393,0,0
20130516,11.393,11.393,11.393,11.393,0,0
20130517,11.39,11.39,11.39,11.39,0,0
20130520,11.393,11.393,11.393,11.393,0,0
20130521,11.393,11.752,11.393,11.752,0,0
20130522,11.842,11.842,11.842,11.842,0,0
20130625,11.789,11.789,11.232,11.325,0,0
20130701,11.418,11.51,11.418,11.51,0,0
20130704,11.603,11.603,11.603,11.603,0,0
20130705,11.603,11.603,11.603,11.603,0,0
20130708,11.603,11.603,11.603,11.603,0,0
20130709,11.603,11.603,11.603,11.603,0,0
20130710,11.603,11.603,11.603,11.603,0,0
20130711,11.603,11.603,11.603,11.603,0,0
20130712,11.603,11.603,11.603,11.603,0,0
20130715,11.603,11.603,11.603,11.603,0,0
20130716,11.603,11.603,11.603,11.603,0,0
20130717,11.603,11.603,11.046,11.603,0,0
20130718,11.603,11.603,11.603,11.603,0,0
20130719,11.603,11.603,11.603,11.603,0,0
20130722,11.603,11.603,11.603,11.603,0,0
20130723,11.603,11.603,11.603,11.603,0,0
20130724,11.603,11.603,11.51,11.51,0,0
20130725,11.603,11.603,11.603,11.603,0,0
20130726,11.603,11.603,11.603,11.603,0,0
20130729,11.603,11.603,9.1898,9.1898,0,0
20130730,9.1898,9.747,9.1898,9.747,0,0
20130808,9.747,9.747,9.747,9.747,0,0
20130809,9.747,9.747,9.747,9.747,0,0
20130812,9.747,9.747,9.747,9.747,0,0
20130813,9.747,9.747,9.747,9.747,0,0
20130814,9.747,9.747,9.654,9.654,0,0
20130816,9.654,9.654,9.654,9.654,0,0
20130819,9.747,10.489,9.747,10.489,0,0
20130826,10.489,10.768,10.489,10.768,0,0
20130827,10.768,11.418,10.768,11.418,0,0
20130828,11.418,11.418,11.325,11.325,0,0
20130829,11.325,11.696,11.325,11.696,0,0
20130902,11.603,11.603,11.232,11.232,0,0
20130904,11.139,11.139,10.211,10.211,0,0
20130906,10.211,10.211,9.932,10.025,0,0
20130909,10.025,10.025,10.025,10.025,0,0
20130910,10.025,10.025,10.025,10.025,0,0
20130911,10.025,10.025,8.1687,9.097,0,0
20130912,9.097,9.4683,9.097,9.4683,0,0
20130917,9.4683,9.4683,9.097,9.1898,0,0
20130919,9.2826,9.4683,9.2826,9.4683,0,0
20131008,9.4683,9.747,9.4683,9.747,0,0
20131009,9.747,9.747,9.654,9.747,0,0
20131010,9.747,9.747,9.747,9.747,0,0
20131011,9.747,9.84,9.747,9.747,0,0
20131015,9.84,9.84,9.84,9.84,0,0
20131016,9.84,10.118,9.84,10.118,0,0
20131017,10.025,10.118,10.025,10.118,0,0
20131018,10.118,10.211,10.118,10.211,0,0
20131021,10.211,10.489,10.211,10.489,0,0
20131022,10.489,10.489,9.932,9.932,0,0
20131024,9.932,10.211,9.932,10.211,0,0
20131025,10.211,10.489,10.211,10.489,0,0
20131028,10.489,10.489,10.489,10.489,0,0
20131029,10.489,10.489,10.489,10.489,0,0
20131030,10.489,10.489,10.489,10.489,0,0
20131031,10.489,10.489,10.489,10.489,0,0
20131104,10.489,10.489,10.489,10.489,0,0
20131105,10.489,10.489,10.489,10.489,0,0
20131106,10.489,10.489,9.747,9.84,0,0
20131113,9.747,9.747,9.1898,9.1898,0,0
20131114,9.2826,9.561,9.2826,9.561,0,0
20131118,9.561,9.561,9.3754,9.3754,0,0
20131127,9.3754,9.561,9.2826,9.561,0,0
20131128,9.561,9.561,9.561,9.561,0,0
20131129,9.4683,9.4683,9.1898,9.1898,0,0
20131218,9.2826,9.654,9.2826,9.654,0,0
20140113,9.654,9.654,9.3754,9.3754,0,0
20140120,9.4683,9.84,9.4683,9.561,0,0
20140121,9.561,9.561,9.561,9.561,0,0
20140122,9.561,9.561,9.3754,9.3754,0,0
20140124,9.3754,9.3754,9.1898,9.1898,0,0
20140127,9.1898,9.1898,9.1898,9.1898,0,0
20140128,9.1898,9.2826,9.1898,9.2826,0,0
20140129,9.2826,9.2826,9.1898,9.1898,0,0
20140131,9.1898,9.2826,9.1898,9.2826,0,0
20140203,9.2826,9.2826,9.2826,9.2826,0,0
20140210,9.2826,9.2826,9.1898,9.1898,0,0
20140211,9.1898,9.2826,9.1898,9.2826,0,0
20140212,9.2826,9.561,9.2826,9.4683,0,0
20140214,9.4683,10.118,9.4683,10.025,0,0
20140217,10.025,10.025,9.747,9.84,0,0
20140218,9.84,10.397,9.84,10.304,0,0
20140221,10.304,10.397,8.8185,8.8185,0,0
20140224,8.8185,8.8185,8.0759,8.0759,0,0
20140225,8.0759,8.4472,8.0759,8.3543,0,0
20140226,8.3543,8.3543,8.3543,8.3543,0,0
20140227,8.3543,8.7257,8.3543,8.7257,0,0
20140228,8.7257,8.8185,8.7257,8.8185,0,0
20140303,8.8185,8.8185,8.8185,8.8185,0,0
20140304,8.8185,8.8185,8.8185,8.8185,0,0
20140305,8.8185,8.8185,8.8185,8.8185,0,0
20140306,8.8185,8.8185,8.8185,8.8185,0,0
20140307,8.8185,8.8185,8.7257,8.7257,0,0
20140310,8.7257,8.7257,8.3543,8.3543,0,0
20140311,8.4472,8.7257,8.4472,8.7257,0,0
20140312,8.7257,8.7257,8.7257,8.7257,0,0
20140313,8.7257,8.7257,8.7257,8.7257,0,0
20140314,8.6328,8.6328,8.6328,8.6328,0,0
20140317,8.7257,9.097,8.7257,9.097,0,0
20140318,9.097,9.097,9.097,9.097,0,0
20140319,9.097,9.097,9.097,9.097,0,0
20140321,9.0041,9.0041,8.9113,8.9113,0,0
20140324,9.0041,9.747,9.0041,9.654,0,0
20140325,9.2826,9.2826,9.2826,9.2826,0,0
20140326,9.1898,9.1898,8.9113,9.097,0,0
20140402,8.8185,8.8185,8.8185,8.8185,0,0
20140403,8.8185,8.8185,8.8185,8.8185,0,0
20140407,8.8185,8.8185,8.8185,8.8185,0,0
20140408,8.8185,8.9113,8.8185,8.9113,0,0
20140409,8.9113,8.9113,8.9113,8.9113,0,0
20140410,8.9113,9.1898,8.9113,9.1898,0,0
20140414,9.097,9.097,8.9113,8.9113,0,0
20140415,8.9113,9.3754,8.9113,9.3754,0,0
20140416,9.4683,9.4683,9.3754,9.3754,0,0
20140417,9.4683,9.4683,9.4683,9.4683,0,0
20140422,9.1898,9.1898,9.097,9.097,0,0
20140425,9.0041,9.0041,8.9113,8.9113,0,0
20140428,8.9113,8.9113,8.9113,8.9113,0,0
20140429,8.9113,9.3754,8.9113,9.3754,0,0
20140430,9.3754,9.3754,9.3754,9.3754,0,0
20140502,9.3754,9.932,9.3754,9.932,0,0
20140505,9.932,9.932,9.932,9.932,0,0
20140506,9.932,9.932,9.84,9.84,0,0
20140507,9.84,9.84,9.84,9.84,0,0
20140508,9.84,9.84,9.654,9.654,0,0
20140512,9.747,9.747,9.747,9.747,0,0
20140513,9.84,9.84,9.84,9.84,0,0
20140515,9.84,9.84,9.84,9.84,0,0
20140516,9.84,9.84,9.84,9.84,0,0
20140520,9.932,10.118,9.932,10.025,0,0
20140521,10.025,10.025,9.932,9.932,0,0
20140522,10.025,10.397,10.025,10.397,0,0
20140523,10.211,10.211,9.84,9.84,0,0
20140527,9.84,9.932,9.84,9.932,0,0
20140528,9.932,9.932,9.932,9.932,0,0
20140529,9.932,10.118,9.932,10.118,0,0
20140530,10.304,10.304,10.304,10.304,0,0
20140602,10.304,10.304,10.304,10.304,0,0
20140603,10.397,10.489,10.397,10.397,0,0
20140604,10.397,10.397,10.397,10.397,0,0
20140605,10.397,10.397,10.397,10.397,0,0
20140606,10.397,10.861,10.397,10.861,0,0
20140610,10.953,10.953,10.953,10.953,0,0
20140613,10.953,11.046,10.953,11.046,0,0
20140624,11.1,11.1,10.9,10.9,0,0
20140704,10.9,11.5,10.9,11.4,0,0
20140707,11.4,11.4,11.2,11.2,0,0
20140709,11.2,11.2,11.2,11.2,0,0
20140710,11.2,11.2,11.2,11.2,0,0
20140714,11.2,11.2,11.2,11.2,0,0
20140715,11.2,11.2,11.2,11.2,0,0
20140716,11.2,11.2,11,11,0,0
20140723,11,11,10.8,10.8,0,0
20140724,10.8,10.8,10.8,10.8,0,0
20140731,10.8,10.8,10.6,10.6,0,0
20140814,10.6,10.9,10.6,10.9,0,0
20140819,10.9,10.9,10.9,10.9,0,0
20140902,10.8,10.9,10.8,10.9,0,0
20140903,10.9,10.9,10.9,10.9,0,0
20140904,10.9,10.9,10.9,10.9,0,0
20140905,10.9,10.9,10.9,10.9,0,0
20140909,10.9,10.9,10.4,10.4,0,0
20140910,10.5,10.5,10.5,10.5,0,0
20140911,10.5,10.5,10.5,10.5,0,0
20140912,10.5,10.5,10.5,10.5,0,0
20140918,10.7,10.7,10.7,10.7,0,0
20140919,10.8,11.2,10.8,11.2,0,0
20141003,11.2,11.6,11.2,11.6,0,0
20141006,11.7,11.7,11.6,11.6,0,0
20141007,11.7,11.7,11.1,11.1,0,0
20141010,11.2,11.2,11.2,11.2,0,0
20141013,11.1,11.2,11.1,11.2,0,0
20141014,11.2,11.3,11.2,11.3,0,0
20141015,11.3,11.3,11.2,11.2,0,0
20141016,11.2,11.2,11.2,11.2,0,0
20141017,11.3,11.3,11.3,11.3,0,0
20141020,11.2,11.2,11.2,11.2,0,0
20141021,11.2,11.2,11.2,11.2,0,0
20141022,11.2,11.8,11.2,11.8,0,0
20141023,12,12,11.3,11.3,0,0
20141030,12.7,12.7,12.7,12.7,0,0
20141031,12.7,12.7,12.7,12.7,0,0
20141104,12.8,13.5,12.8,13.3,0,0
20141113,13.3,13.3,12.7,12.7,0,0
20141114,13.2,13.2,12.7,12.7,0,0
20141117,12.7,12.8,12.7,12.8,0,0
20141118,12.8,12.8,12.8,12.8,0,0
20141119,12.8,12.8,12.8,12.8,0,0
20141120,12.8,12.8,12.8,12.8,0,0
20141121,12.8,12.8,12.8,12.8,0,0
20141125,12.8,12.8,12.6,12.6,0,0
20141126,12.6,12.6,12.6,12.6,0,0
20141128,12.5,12.7,12.5,12.7,0,0
20141201,12.9,12.9,12.9,12.9,0,0
20141202,12.9,12.9,12.9,12.9,0,0
20141203,12.9,12.9,12.9,12.9,0,0
20141204,12.9,12.9,12.9,12.9,0,0
20141205,12.9,12.9,12.9,12.9,0,0
20141208,12.9,12.9,12.9,12.9,0,0
20141209,12.9,12.9,12.9,12.9,0,0
20141210,12.9,12.9,12.9,12.9,0,0
20141211,12.9,12.9,12.9,12.9,0,0
20141212,12.9,12.9,12.9,12.9,0,0
20141215,12.9,12.9,12.3,12.3,0,0
20141217,12.2,12.2,12.2,12.2,0,0
20141218,12.2,12.6,12.2,12.6,0,0
20141219,12.6,12.6,12.6,12.6,0,0
