Date,Open,High,Low,Close,Volume,OpenInt
20080107,10.43,10.43,10.43,10.43,0,0
20080108,9.72,10.01,9.72,9.99,0,0
20080111,9.68,9.7,9.68,9.7,0,0
20080114,9.63,9.63,9.63,9.63,0,0
20080115,8.75,9.62,8.75,9.62,0,0
20080116,8.91,9.46,8.83,9.46,0,0
20080117,8.58,9.39,8.58,9.39,0,0
20080118,8.81,9.31,8.81,9.31,0,0
20080121,8.5,8.87,8.5,8.87,0,0
20080123,8.5,8.58,8.1,8.58,0,0
20080125,8.1,8.58,8.1,8.1,0,0
20080129,8.08,8.1,8.08,8.1,0,0
20080130,8.16,8.16,8.16,8.16,0,0
20080201,8.1,8.1,8.1,8.1,0,0
20080204,8.07,8.07,8.07,8.07,0,0
20080205,8.05,8.05,7.63,8.05,0,0
20080206,7.45,8.08,7.45,8.08,0,0
20080207,7.61,8.07,7.45,8.07,0,0
20080211,7.45,8.02,7.45,8.02,0,0
20080212,8.05,8.05,7.61,7.92,0,0
20080213,7.98,7.98,7.96,7.96,0,0
20080214,7.53,8.16,7.45,8.16,0,0
20080218,7.72,7.9,7.28,7.85,0,0
20080219,7.9,7.9,7.84,7.84,0,0
20080221,7.47,7.81,7.45,7.81,0,0
20080222,8.08,8.08,8.08,8.08,0,0
20080227,7.45,7.84,7.45,7.84,0,0
20080228,7.43,7.84,7.43,7.84,0,0
20080229,7.45,7.93,7.43,7.93,0,0
20080306,7.92,7.92,7.92,7.92,0,0
20080311,7.29,7.45,7.29,7.45,0,0
20080312,7.61,7.61,7.45,7.45,0,0
20080313,7.2,7.51,7.2,7.51,0,0
20080318,6.64,6.8,6.48,6.79,0,0
20080319,6.48,6.48,6.48,6.48,0,0
20080320,6.48,6.62,6.15,6.62,0,0
20080325,6.56,6.56,6.48,6.48,0,0
20080326,6.51,6.51,6.51,6.51,0,0
20080327,6.18,6.48,5.34,5.99,0,0
20080328,5.96,6.07,5.91,5.91,0,0
20080402,5.83,5.83,5.83,5.83,0,0
20080403,5.83,6.63,5.83,6.31,0,0
20080404,6.46,6.46,6.46,6.46,0,0
20080407,6.48,6.48,6.48,6.48,0,0
20080408,6.48,6.62,6.48,6.62,0,0
20080409,6.61,6.61,6.61,6.61,0,0
20080410,6.32,6.46,6.32,6.46,0,0
20080411,6.38,6.38,6.38,6.38,0,0
20080414,6.31,6.31,6.31,6.31,0,0
20080415,6.33,6.45,6.33,6.45,0,0
20080416,6.16,6.4,1.28,1.28,0,0
20080417,1.27,1.27,1.19,1.19,0,0
20080418,1.24,1.24,1.19,1.19,0,0
20080421,1.19,1.19,1.17,1.17,0,0
20080422,1.22,1.22,1.22,1.22,0,0
20080423,1.22,1.22,1.22,1.22,0,0
20080424,1.22,1.22,1.22,1.22,0,0
20080425,1.22,1.33,1.22,1.33,0,0
20080428,1.27,1.27,1.27,1.27,0,0
20080429,1.27,1.27,1.27,1.27,0,0
20080430,1.27,1.27,1.27,1.27,0,0
20080505,1.27,1.3,1.27,1.3,0,0
20080507,1.27,1.27,1.27,1.27,0,0
20080508,1.28,1.28,1.28,1.28,0,0
20080509,1.27,1.27,1.21,1.21,0,0
20080513,1.19,1.19,1.17,1.17,0,0
20080514,1.17,1.17,1.08,1.08,0,0
20080515,1.07,1.07,1.07,1.07,0,0
20080519,1.01,1.06,1.01,1.06,0,0
20080521,1.07,1.07,1.07,1.07,0,0
20080523,1.07,1.07,1.07,1.07,0,0
20080526,1.07,1.07,1.07,1.07,0,0
20080527,1.07,1.07,0.98,1.06,0,0
20080603,1.07,1.07,1.07,1.07,0,0
20080605,1.07,1.07,0.98,1.07,0,0
20080606,1.07,1.07,1.07,1.07,0,0
20080610,1.06,1.06,0.98,0.98,0,0
20080611,0.98,0.98,0.98,0.98,0,0
20080612,1.04,1.04,1.04,1.04,0,0
20080613,0.94,0.98,0.94,0.98,0,0
20080618,0.88,0.98,0.88,0.98,0,0
20080619,0.88,0.97,0.88,0.97,0,0
20080624,0.85,0.91,0.85,0.91,0,0
20080627,0.91,0.91,0.91,0.91,0,0
20080630,0.91,0.91,0.91,0.91,0,0
20080701,0.81,0.91,0.81,0.91,0,0
20080716,0.91,0.91,0.91,0.91,0,0
20080721,0.91,0.91,0.91,0.91,0,0
20080723,0.91,0.91,0.91,0.91,0,0
20080725,0.85,0.85,0.85,0.85,0,0
20080728,0.91,0.91,0.91,0.91,0,0
20080729,0.89,0.89,0.89,0.89,0,0
20080730,0.89,0.89,0.89,0.89,0,0
20080801,0.83,0.83,0.83,0.83,0,0
20080804,0.75,0.81,0.75,0.81,0,0
20080805,0.73,0.78,0.73,0.78,0,0
20080806,0.78,0.79,0.73,0.78,0,0
20080812,0.68,0.77,0.65,0.77,0,0
20080813,0.75,0.75,0.75,0.75,0,0
20080819,0.65,0.65,0.62,0.62,0,0
20080820,0.62,0.68,0.52,0.52,0,0
20080821,0.52,0.52,0.46,0.48,0,0
20080822,0.48,0.48,0.48,0.48,0,0
20080825,0.48,0.48,0.48,0.48,0,0
20080826,0.48,0.49,0.48,0.49,0,0
20080827,0.49,0.49,0.49,0.49,0,0
20080828,0.49,0.54,0.49,0.54,0,0
20080829,0.54,0.54,0.54,0.54,0,0
20080901,0.54,0.54,0.54,0.54,0,0
20080902,0.54,0.57,0.54,0.57,0,0
20080903,0.57,0.57,0.57,0.57,0,0
20080904,0.57,0.59,0.51,0.51,0,0
20080905,0.51,0.51,0.51,0.51,0,0
20080908,0.51,0.57,0.51,0.57,0,0
20080909,0.56,0.56,0.51,0.51,0,0
20080910,0.56,0.6,0.56,0.6,0,0
20080911,0.6,0.64,0.6,0.64,0,0
20080912,0.64,0.64,0.64,0.64,0,0
20080915,0.64,0.64,0.64,0.64,0,0
20080916,0.64,0.64,0.64,0.64,0,0
20080917,0.63,0.63,0.63,0.63,0,0
20080918,0.64,0.64,0.64,0.64,0,0
20080919,0.64,0.64,0.62,0.62,0,0
20080924,0.64,0.74,0.64,0.74,0,0
20080925,0.74,0.8,0.62,0.74,0,0
20080926,0.74,0.74,0.62,0.71,0,0
20080929,0.65,0.65,0.62,0.62,0,0
20081001,0.65,0.65,0.65,0.65,0,0
20081006,0.65,0.65,0.64,0.64,0,0
20081007,0.64,0.64,0.64,0.64,0,0
20081008,0.62,0.62,0.62,0.62,0,0
20081009,0.62,0.62,0.62,0.62,0,0
20081010,0.6,0.6,0.57,0.57,0,0
20081013,0.54,0.54,0.54,0.54,0,0
20081016,0.59,0.59,0.52,0.54,0,0
20081020,0.59,0.59,0.59,0.59,0,0
20081021,0.59,0.59,0.55,0.55,0,0
20081022,0.57,0.57,0.57,0.57,0,0
20081023,0.57,0.57,0.57,0.57,0,0
20081024,0.57,0.59,0.57,0.59,0,0
20081027,0.59,0.59,0.59,0.59,0,0
20081028,0.58,0.58,0.58,0.58,0,0
20081029,0.58,0.58,0.58,0.58,0,0
20081030,0.58,0.58,0.58,0.58,0,0
20081031,0.58,0.58,0.58,0.58,0,0
20081103,0.57,0.57,0.57,0.57,0,0
20081104,0.57,0.57,0.57,0.57,0,0
20081105,0.57,0.57,0.49,0.49,0,0
20081106,0.46,0.46,0.39,0.39,0,0
20081107,0.46,0.47,0.46,0.47,0,0
20081110,0.47,0.49,0.47,0.49,0,0
20081113,0.44,0.44,0.44,0.44,0,0
20081114,0.43,0.46,0.43,0.46,0,0
20081121,0.52,0.52,0.52,0.52,0,0
20081124,0.52,0.52,0.52,0.52,0,0
20081125,0.52,0.52,0.52,0.52,0,0
20081126,0.42,0.49,0.42,0.49,0,0
20081128,0.52,0.52,0.52,0.52,0,0
20081201,0.51,0.51,0.51,0.51,0,0
20081202,0.51,0.51,0.44,0.48,0,0
20081204,0.39,0.39,0.39,0.39,0,0
20081205,0.39,0.39,0.36,0.36,0,0
20081208,0.36,0.42,0.36,0.42,0,0
20081209,0.39,0.39,0.39,0.39,0,0
20081210,0.33,0.36,0.33,0.34,0,0
20081211,0.33,0.33,0.33,0.33,0,0
20081217,0.36,0.37,0.33,0.33,0,0
20081218,0.36,0.39,0.29,0.39,0,0
20081219,0.41,0.41,0.31,0.31,0,0
20081222,0.31,0.32,0.31,0.32,0,0
20081223,0.31,0.31,0.31,0.31,0,0
20081229,0.31,0.31,0.31,0.31,0,0
20081230,0.31,0.31,0.31,0.31,0,0
20081231,0.31,0.37,0.31,0.37,0,0
20090105,0.4,0.4,0.4,0.4,0,0
20090106,0.4,0.4,0.33,0.37,0,0
20090109,0.37,0.37,0.37,0.37,0,0
20090112,0.38,0.38,0.38,0.38,0,0
20090114,0.4,0.4,0.4,0.4,0,0
20090115,0.4,0.4,0.4,0.4,0,0
20090116,0.4,0.4,0.4,0.4,0,0
20090119,0.4,0.4,0.4,0.4,0,0
20090120,0.4,0.4,0.32,0.34,0,0
20090121,0.34,0.34,0.34,0.34,0,0
20090122,0.34,0.34,0.34,0.34,0,0
20090123,0.34,0.34,0.34,0.34,0,0
20090126,0.34,0.34,0.34,0.34,0,0
20090127,0.34,0.34,0.34,0.34,0,0
20090128,0.34,0.34,0.34,0.34,0,0
20090129,0.34,0.34,0.34,0.34,0,0
20090130,0.34,0.34,0.34,0.34,0,0
20090202,0.34,0.34,0.34,0.34,0,0
20090203,0.34,0.34,0.34,0.34,0,0
20090204,0.34,0.34,0.34,0.34,0,0
20090205,0.34,0.34,0.34,0.34,0,0
20090206,0.34,0.34,0.34,0.34,0,0
20090209,0.34,0.34,0.34,0.34,0,0
20090210,0.34,0.34,0.34,0.34,0,0
20090211,0.34,0.34,0.34,0.34,0,0
20090212,0.34,0.34,0.34,0.34,0,0
20090218,0.33,0.33,0.29,0.29,0,0
20090219,0.29,0.29,0.29,0.29,0,0
20090220,0.29,0.29,0.29,0.29,0,0
20090223,0.3,0.33,0.3,0.3,0,0
20090224,0.3,0.3,0.3,0.3,0,0
20090225,0.3,0.33,0.3,0.33,0,0
20090226,0.33,0.33,0.33,0.33,0,0
20090227,0.33,0.33,0.33,0.33,0,0
20090305,0.3,0.3,0.3,0.3,0,0
20090306,0.3,0.3,0.3,0.3,0,0
20090309,0.3,0.3,0.3,0.3,0,0
20090310,0.3,0.3,0.3,0.3,0,0
20090311,0.3,0.3,0.3,0.3,0,0
20090312,0.3,0.3,0.3,0.3,0,0
20090313,0.3,0.3,0.3,0.3,0,0
20090316,0.3,0.3,0.3,0.3,0,0
20090317,0.3,0.3,0.3,0.3,0,0
20090318,0.3,0.3,0.3,0.3,0,0
20090319,0.3,0.3,0.3,0.3,0,0
20090320,0.3,0.3,0.3,0.3,0,0
20090323,0.33,0.33,0.33,0.33,0,0
20090324,0.33,0.33,0.33,0.33,0,0
20090325,0.33,0.42,0.33,0.42,0,0
20090326,0.46,0.51,0.46,0.51,0,0
20090327,0.54,0.64,0.54,0.64,0,0
20090330,0.64,0.64,0.61,0.61,0,0
20090331,0.63,0.63,0.55,0.61,0,0
20090401,0.63,0.63,0.62,0.62,0,0
20090402,0.63,0.63,0.63,0.63,0,0
20090403,0.63,0.65,0.63,0.65,0,0
20090406,0.65,0.75,0.65,0.75,0,0
20090407,0.78,0.78,0.78,0.78,0,0
20090408,0.77,0.77,0.77,0.77,0,0
20090409,0.77,0.77,0.76,0.76,0,0
20090414,0.66,0.75,0.55,0.75,0,0
20090415,0.75,0.78,0.75,0.78,0,0
20090416,0.79,0.95,0.79,0.95,0,0
20090417,0.97,0.97,0.97,0.97,0,0
20090420,0.98,0.98,0.98,0.98,0,0
20090421,0.98,0.98,0.98,0.98,0,0
20090422,0.98,0.98,0.98,0.98,0,0
20090423,0.98,0.98,0.98,0.98,0,0
20090424,0.98,0.98,0.98,0.98,0,0
20090427,0.98,0.98,0.98,0.98,0,0
20090428,0.98,0.98,0.98,0.98,0,0
20090429,0.98,0.98,0.98,0.98,0,0
20090430,0.98,0.98,0.98,0.98,0,0
20090504,0.98,0.98,0.8,0.8,0,0
20090505,0.8,0.8,0.8,0.8,0,0
20090507,0.83,0.85,0.83,0.85,0,0
20090512,0.91,0.96,0.91,0.96,0,0
20090513,0.94,0.94,0.94,0.94,0,0
20090514,0.94,0.94,0.87,0.87,0,0
20090515,0.87,0.94,0.87,0.94,0,0
20090518,0.91,0.91,0.91,0.91,0,0
20090519,0.94,0.94,0.8,0.8,0,0
20090520,0.76,0.76,0.76,0.76,0,0
20090521,0.76,0.76,0.76,0.76,0,0
20090522,0.76,0.76,0.76,0.76,0,0
20090525,0.76,0.76,0.76,0.76,0,0
20090526,0.76,0.76,0.76,0.76,0,0
20090527,0.76,0.76,0.74,0.74,0,0
20090528,0.76,0.76,0.76,0.76,0,0
20090601,0.61,0.61,0.61,0.61,0,0
20090602,0.62,0.72,0.62,0.72,0,0
20090603,0.72,0.8,0.72,0.8,0,0
20090604,0.81,0.81,0.76,0.76,0,0
20090609,0.76,0.76,0.64,0.72,0,0
20090610,0.72,0.72,0.72,0.72,0,0
20090612,0.74,0.74,0.74,0.74,0,0
20090615,0.74,0.74,0.64,0.73,0,0
20090616,0.73,0.74,0.73,0.74,0,0
20090617,0.74,0.74,0.74,0.74,0,0
20090618,0.73,0.73,0.73,0.73,0,0
20090619,0.73,0.73,0.73,0.73,0,0
20090622,0.72,0.72,0.61,0.61,0,0
20090623,0.64,0.68,0.64,0.68,0,0
20090624,0.66,0.66,0.55,0.62,0,0
20090625,0.62,0.62,0.62,0.62,0,0
20090629,0.61,0.61,0.61,0.61,0,0
20090630,0.61,0.61,0.61,0.61,0,0
20090701,0.61,0.61,0.61,0.61,0,0
20090702,0.61,0.61,0.61,0.61,0,0
20090703,0.61,0.61,0.61,0.61,0,0
20090706,0.61,0.61,0.61,0.61,0,0
20090707,0.59,0.59,0.59,0.59,0,0
20090708,0.59,0.64,0.59,0.64,0,0
20090709,0.64,0.64,0.64,0.64,0,0
20090710,0.64,0.64,0.64,0.64,0,0
20090713,0.64,0.64,0.64,0.64,0,0
20090714,0.64,0.64,0.64,0.64,0,0
20090715,0.64,0.64,0.64,0.64,0,0
20090716,0.64,0.64,0.64,0.64,0,0
20090717,0.64,0.64,0.64,0.64,0,0
20090720,0.57,0.68,0.57,0.67,0,0
20090721,0.66,0.66,0.66,0.66,0,0
20090722,0.66,0.66,0.66,0.66,0,0
20090723,0.66,0.66,0.66,0.66,0,0
20090724,0.66,0.66,0.58,0.58,0,0
20090727,0.58,0.58,0.58,0.58,0,0
20090728,0.6,0.61,0.6,0.61,0,0
20090729,0.67,0.67,0.67,0.67,0,0
20090730,0.67,0.75,0.67,0.75,0,0
20090731,0.75,0.76,0.75,0.76,0,0
20090803,0.76,0.76,0.76,0.76,0,0
20090804,0.74,0.78,0.74,0.78,0,0
20090805,0.78,0.78,0.78,0.78,0,0
20090806,0.76,0.76,0.76,0.76,0,0
20090810,0.79,0.83,0.79,0.83,0,0
20090811,0.79,0.79,0.76,0.79,0,0
20090812,0.78,0.78,0.78,0.78,0,0
20090813,0.81,0.81,0.81,0.81,0,0
20090814,0.81,0.81,0.81,0.81,0,0
20090817,0.81,0.81,0.78,0.78,0,0
20090818,0.78,0.78,0.78,0.78,0,0
20090819,0.77,0.83,0.7,0.83,0,0
20090820,0.83,0.85,0.74,0.78,0,0
20090821,0.8,0.8,0.8,0.8,0,0
20090825,0.78,0.78,0.78,0.78,0,0
20090826,0.81,0.85,0.81,0.85,0,0
20090827,0.85,0.85,0.85,0.85,0,0
20090828,0.84,0.84,0.84,0.84,0,0
20090831,0.84,0.85,0.84,0.85,0,0
20090901,0.85,0.89,0.85,0.89,0,0
20090902,0.89,0.89,0.89,0.89,0,0
20090903,0.89,0.89,0.89,0.89,0,0
20090904,0.89,0.89,0.89,0.89,0,0
20090907,0.89,0.89,0.78,0.85,0,0
20090908,0.81,0.89,0.81,0.89,0,0
20090909,0.89,0.89,0.89,0.89,0,0
20090910,0.89,0.89,0.89,0.89,0,0
20090911,0.89,0.89,0.89,0.89,0,0
20090914,0.89,0.89,0.89,0.89,0,0
20090915,0.89,0.89,0.89,0.89,0,0
20090916,0.89,0.89,0.89,0.89,0,0
20090917,0.89,0.89,0.89,0.89,0,0
20090918,0.76,0.88,0.76,0.88,0,0
20090923,0.81,0.81,0.81,0.81,0,0
20090925,0.78,0.78,0.78,0.78,0,0
20090928,0.76,0.85,0.76,0.85,0,0
20090929,0.84,0.88,0.76,0.88,0,0
20090930,0.88,0.88,0.88,0.88,0,0
20091001,0.88,0.88,0.88,0.88,0,0
20091002,0.88,0.88,0.78,0.78,0,0
20091005,0.78,0.78,0.78,0.78,0,0
20091006,0.85,0.85,0.85,0.85,0,0
20091007,0.85,0.85,0.85,0.85,0,0
20091008,0.85,0.85,0.85,0.85,0,0
20091009,0.85,0.85,0.85,0.85,0,0
20091012,0.85,0.85,0.85,0.85,0,0
20091013,0.85,0.85,0.85,0.85,0,0
20091014,0.79,0.79,0.79,0.79,0,0
20091015,0.78,0.78,0.78,0.78,0,0
20091016,0.78,0.78,0.78,0.78,0,0
20091019,0.78,0.85,0.78,0.85,0,0
20091020,0.85,0.85,0.77,0.77,0,0
20091021,0.77,0.77,0.77,0.77,0,0
20091022,0.76,0.76,0.76,0.76,0,0
20091023,0.76,0.84,0.76,0.84,0,0
20091026,0.84,0.84,0.84,0.84,0,0
20091027,0.84,0.84,0.84,0.84,0,0
20091028,0.84,0.84,0.73,0.73,0,0
20091029,0.73,0.73,0.73,0.73,0,0
20091030,0.76,0.76,0.67,0.74,0,0
20091103,0.66,0.72,0.66,0.72,0,0
20091105,0.72,0.72,0.72,0.72,0,0
20091106,0.66,0.72,0.66,0.72,0,0
20091109,0.72,0.72,0.7,0.71,0,0
20091110,0.71,0.71,0.71,0.71,0,0
20091112,0.72,0.72,0.72,0.72,0,0
20091113,0.72,0.77,0.72,0.77,0,0
20091117,0.77,0.77,0.77,0.77,0,0
20091118,0.77,0.77,0.7,0.71,0,0
20091119,0.71,0.71,0.71,0.71,0,0
20091120,0.71,0.76,0.71,0.76,0,0
20091123,0.74,0.74,0.74,0.74,0,0
20091124,0.74,0.74,0.74,0.74,0,0
20091125,0.78,0.82,0.78,0.82,0,0
20091126,0.81,0.81,0.81,0.81,0,0
20091127,0.8,0.8,0.8,0.8,0,0
20091130,0.8,0.8,0.71,0.71,0,0
20091201,0.71,0.8,0.71,0.8,0,0
20091202,0.8,0.84,0.8,0.84,0,0
20091203,0.84,0.84,0.82,0.83,0,0
20091204,0.83,0.89,0.83,0.83,0,0
20091207,0.83,0.86,0.83,0.86,0,0
20091209,0.85,0.85,0.83,0.83,0,0
20091210,0.83,0.83,0.83,0.83,0,0
20091211,0.83,0.94,0.83,0.94,0,0
20091214,0.94,0.94,0.84,0.84,0,0
20091215,0.84,0.9,0.82,0.88,0,0
20091216,0.9,0.9,0.9,0.9,0,0
20091217,0.88,0.88,0.88,0.88,0,0
20091218,0.9,0.9,0.85,0.85,0,0
20091221,0.85,0.85,0.85,0.85,0,0
20091222,0.85,0.85,0.85,0.85,0,0
20091223,0.9,0.9,0.83,0.83,0,0
20091228,0.88,0.88,0.88,0.88,0,0
20091229,0.88,0.88,0.88,0.88,0,0
20091230,0.88,0.88,0.88,0.88,0,0
20091231,0.88,0.94,0.84,0.9,0,0
20100104,0.92,0.92,0.92,0.92,0,0
20100105,0.92,0.92,0.92,0.92,0,0
20100106,0.92,0.92,0.92,0.92,0,0
20100107,0.92,0.92,0.92,0.92,0,0
20100108,0.92,0.92,0.83,0.92,0,0
20100111,0.92,0.92,0.82,0.83,0,0
20100112,0.86,0.86,0.86,0.86,0,0
20100113,0.86,0.86,0.79,0.79,0,0
20100114,0.79,0.9,0.79,0.9,0,0
20100115,0.9,0.9,0.9,0.9,0,0
20100118,0.9,0.9,0.8,0.83,0,0
20100119,0.83,0.89,0.83,0.84,0,0
20100120,0.85,0.93,0.85,0.93,0,0
20100121,0.92,0.97,0.92,0.97,0,0
20100122,0.96,1.09,0.96,1.08,0,0
20100125,1.08,1.11,1.08,1.11,0,0
20100126,1.11,1.17,1.11,1.14,0,0
20100127,1.14,1.15,0.99,0.99,0,0
20100128,0.99,0.99,0.84,0.85,0,0
20100129,0.92,0.94,0.87,0.9,0,0
20100201,0.89,0.93,0.89,0.93,0,0
20100202,0.9,0.9,0.9,0.9,0,0
20100203,0.9,0.9,0.9,0.9,0,0
20100204,0.9,0.9,0.83,0.84,0,0
20100205,0.84,0.84,0.84,0.84,0,0
20100208,0.84,0.84,0.84,0.84,0,0
20100209,0.84,0.84,0.84,0.84,0,0
20100210,0.84,0.86,0.8,0.85,0,0
20100211,0.86,0.86,0.86,0.86,0,0
20100212,0.8,0.8,0.8,0.8,0,0
20100216,0.8,0.83,0.8,0.83,0,0
20100217,0.83,0.83,0.83,0.83,0,0
20100218,0.83,0.83,0.83,0.83,0,0
20100219,0.83,0.83,0.83,0.83,0,0
20100222,0.83,0.83,0.83,0.83,0,0
20100223,0.83,0.83,0.83,0.83,0,0
20100224,0.83,0.93,0.83,0.93,0,0
20100225,0.93,1,0.93,1,0,0
20100226,1,1,1,1,0,0
20100301,1,1.12,1,1.12,0,0
20100302,1.12,1.12,1.05,1.07,0,0
20100303,1.01,1.01,1,1,0,0
20100304,1,1,1,1,0,0
20100305,1,1,1,1,0,0
20100308,1,1,1,1,0,0
20100309,1,1.04,0.97,1,0,0
20100311,0.97,0.97,0.97,0.97,0,0
20100312,0.94,0.94,0.94,0.94,0,0
20100315,0.95,1.04,0.95,1.04,0,0
20100316,1.11,1.12,1.08,1.12,0,0
20100317,1.12,1.19,1.12,1.19,0,0
20100318,1.18,1.18,1.04,1.13,0,0
20100319,1.17,1.17,1.05,1.05,0,0
20100325,1.05,1.11,1.05,1.11,0,0
20100326,1.13,1.29,1.13,1.21,0,0
20100329,1.21,1.21,1.11,1.16,0,0
20100330,1.21,1.21,1.14,1.2,0,0
20100331,1.19,1.21,1.17,1.18,0,0
20100401,1.21,1.21,1.19,1.19,0,0
20100406,1.17,1.18,1.17,1.18,0,0
20100407,1.18,1.2,1.15,1.18,0,0
20100408,1.18,1.35,1.18,1.35,0,0
20100409,1.38,1.48,1.35,1.42,0,0
20100412,1.35,1.42,1.27,1.42,0,0
20100413,1.42,1.42,1.29,1.29,0,0
20100414,1.29,1.48,1.29,1.41,0,0
20100415,1.48,1.48,1.43,1.43,0,0
20100416,1.41,1.46,1.41,1.46,0,0
20100419,1.39,1.48,1.39,1.44,0,0
20100420,1.42,1.45,1.41,1.45,0,0
20100421,1.45,1.49,1.45,1.49,0,0
20100422,1.48,1.48,1.33,1.33,0,0
20100423,1.33,1.33,1.32,1.32,0,0
20100426,1.37,1.43,1.31,1.43,0,0
20100427,1.45,1.45,1.41,1.41,0,0
20100428,1.38,1.38,1.29,1.29,0,0
20100429,1.3,1.49,1.3,1.49,0,0
20100430,1.49,1.49,1.49,1.49,0,0
20100504,1.49,1.61,1.43,1.43,0,0
20100505,1.43,1.43,1.43,1.43,0,0
20100506,1.43,1.43,1.42,1.42,0,0
20100507,1.37,1.44,1.37,1.44,0,0
20100510,1.42,1.51,1.42,1.51,0,0
20100511,1.47,1.55,1.47,1.53,0,0
20100512,1.51,1.61,1.51,1.61,0,0
20100513,1.61,1.61,1.52,1.57,0,0
20100514,1.61,1.61,1.49,1.52,0,0
20100517,1.52,1.52,1.41,1.49,0,0
20100518,1.49,1.49,1.49,1.49,0,0
20100519,1.45,1.46,1.41,1.46,0,0
20100520,1.46,1.46,1.27,1.3,0,0
20100521,1.32,1.37,1.32,1.32,0,0
20100524,1.3,1.3,1.27,1.27,0,0
20100525,1.27,1.28,1.27,1.28,0,0
20100526,1.27,1.3,1.27,1.3,0,0
20100527,1.3,1.41,1.29,1.3,0,0
20100528,1.34,1.4,1.34,1.4,0,0
20100531,1.34,1.34,1.34,1.34,0,0
20100601,1.35,1.38,1.35,1.38,0,0
20100602,1.36,1.36,1.36,1.36,0,0
20100604,1.4,1.4,1.4,1.4,0,0
20100607,1.38,1.38,1.35,1.38,0,0
20100608,1.38,1.39,1.38,1.39,0,0
20100609,1.39,1.53,1.39,1.52,0,0
20100610,1.52,1.55,1.52,1.55,0,0
20100611,1.57,1.59,1.55,1.55,0,0
20100614,1.57,1.57,1.53,1.54,0,0
20100615,1.54,1.54,1.54,1.54,0,0
20100616,1.54,1.54,1.51,1.54,0,0
20100617,1.51,1.51,1.5,1.5,0,0
20100618,1.5,1.5,1.47,1.49,0,0
20100621,1.49,1.88,1.49,1.88,0,0
20100622,1.87,1.87,1.7,1.78,0,0
20100623,1.77,1.84,1.77,1.84,0,0
20100624,1.81,1.81,1.72,1.72,0,0
20100625,1.72,1.72,1.72,1.72,0,0
20100628,1.7,1.77,1.7,1.7,0,0
20100629,1.67,1.67,1.67,1.67,0,0
20100630,1.68,1.68,1.65,1.65,0,0
20100701,1.65,1.65,1.61,1.61,0,0
20100702,1.62,1.62,1.62,1.62,0,0
20100705,1.65,1.65,1.65,1.65,0,0
20100706,1.65,1.65,1.57,1.57,0,0
20100707,1.56,1.56,1.56,1.56,0,0
20100708,1.56,1.56,1.53,1.53,0,0
20100709,1.57,1.57,1.57,1.57,0,0
20100712,1.57,1.57,1.57,1.57,0,0
20100713,1.57,1.57,1.57,1.57,0,0
20100714,1.59,1.59,1.45,1.45,0,0
20100715,1.45,1.45,1.45,1.45,0,0
20100716,1.45,1.45,1.45,1.45,0,0
20100719,1.45,1.45,1.39,1.39,0,0
20100720,1.39,1.39,1.35,1.35,0,0
20100721,1.35,1.35,1.35,1.35,0,0
20100722,1.35,1.49,1.35,1.49,0,0
20100723,1.51,1.51,1.45,1.45,0,0
20100726,1.45,1.45,1.3,1.3,0,0
20100727,1.36,1.36,1.3,1.3,0,0
20100728,1.3,1.3,1.3,1.3,0,0
20100729,1.3,1.3,1.3,1.3,0,0
20100730,1.3,1.32,1.3,1.3,0,0
20100802,1.28,1.34,1.28,1.3,0,0
20100803,1.31,1.31,1.3,1.3,0,0
20100804,1.3,1.3,1.3,1.3,0,0
20100805,1.28,1.31,1.28,1.3,0,0
20100806,1.3,1.36,1.3,1.36,0,0
20100809,1.32,1.34,1.32,1.34,0,0
20100810,1.35,1.36,1.35,1.36,0,0
20100811,1.38,1.38,1.38,1.38,0,0
20100812,1.4,1.4,1.4,1.4,0,0
20100813,1.41,1.49,1.41,1.49,0,0
20100816,1.49,1.49,1.34,1.34,0,0
20100817,1.4,1.4,1.27,1.34,0,0
20100818,1.34,1.34,1.2,1.2,0,0
20100819,1.2,1.24,1.2,1.24,0,0
20100820,1.2,1.29,1.2,1.29,0,0
20100823,1.29,1.29,1.29,1.29,0,0
20100824,1.25,1.25,1.25,1.25,0,0
20100825,1.23,1.23,1.23,1.23,0,0
20100826,1.19,1.19,1.19,1.19,0,0
20100827,1.19,1.19,1.19,1.19,0,0
20100830,1.19,1.24,1.19,1.24,0,0
20100831,1.24,1.24,1.24,1.24,0,0
20100901,1.25,1.25,1.25,1.25,0,0
20100903,1.23,1.23,1.23,1.23,0,0
20100906,1.23,1.26,1.23,1.26,0,0
20100908,1.27,1.27,1.25,1.25,0,0
20100910,1.25,1.25,1.25,1.25,0,0
20100913,1.25,1.25,1.25,1.25,0,0
20100915,1.26,1.4,1.21,1.38,0,0
20100916,1.44,1.44,1.44,1.44,0,0
20100917,1.42,1.42,1.37,1.37,0,0
20100920,1.36,1.36,1.24,1.24,0,0
20100921,1.24,1.25,1.24,1.24,0,0
20100922,1.21,1.21,1.21,1.21,0,0
20100923,1.2,1.2,1.11,1.16,0,0
20100924,1.15,1.16,1.15,1.16,0,0
20100927,1.15,1.15,1.15,1.15,0,0
20100928,1.15,1.17,1.15,1.17,0,0
20100929,1.16,1.17,1.16,1.17,0,0
20100930,1.16,1.19,1.16,1.16,0,0
20101004,1.18,1.18,1.18,1.18,0,0
20101005,1.18,1.18,1.12,1.18,0,0
20101006,1.18,1.19,1.18,1.18,0,0
20101007,1.2,1.2,1.2,1.2,0,0
20101008,1.22,1.22,1.15,1.17,0,0
20101012,1.15,1.15,1.11,1.11,0,0
20101013,1.09,1.13,1.09,1.13,0,0
20101015,1.13,1.14,1.13,1.14,0,0
20101018,1.13,1.13,1.07,1.07,0,0
20101019,1.09,1.09,1.09,1.09,0,0
20101021,1.1,1.11,1.1,1.11,0,0
20101022,1.12,1.12,1.12,1.12,0,0
20101025,1.11,1.11,1.11,1.11,0,0
20101026,1.11,1.11,1.11,1.11,0,0
20101027,1.13,1.14,1.13,1.14,0,0
20101029,1.14,1.14,1.14,1.14,0,0
20101102,1.14,1.14,1.06,1.06,0,0
20101105,1.04,1.04,1.04,1.04,0,0
20101108,1.06,1.06,1.06,1.06,0,0
20101109,1.07,1.07,1.04,1.04,0,0
20101110,1.04,1.29,1.04,1.29,0,0
20101112,1.29,1.34,1.29,1.3,0,0
20101115,1.29,1.32,1.25,1.25,0,0
20101116,1.25,1.25,1.19,1.19,0,0
20101117,1.22,1.22,1.17,1.22,0,0
20101118,1.22,1.22,1.2,1.2,0,0
20101119,1.19,1.19,1.19,1.19,0,0
20101122,1.19,1.19,1.19,1.19,0,0
20101123,1.19,1.19,1.1,1.1,0,0
20101124,1.12,1.24,1.12,1.24,0,0
20101125,1.24,1.24,1.24,1.24,0,0
20101126,1.24,1.24,1.24,1.24,0,0
20101129,1.22,1.22,1.18,1.18,0,0
20101130,1.2,1.2,1.2,1.2,0,0
20101201,1.17,1.17,1.14,1.14,0,0
20101202,1.14,1.14,1.14,1.14,0,0
20101203,1.14,1.14,1.14,1.14,0,0
20101206,1.1,1.1,1.03,1.06,0,0
20101207,1.02,1.08,1.02,1.02,0,0
20101208,1.04,1.04,1.04,1.04,0,0
20101209,1.04,1.04,1.02,1.02,0,0
20101210,1.02,1.02,0.96,0.96,0,0
20101213,0.96,0.99,0.96,0.96,0,0
20101214,0.99,1.05,0.96,0.96,0,0
20101215,1,1.05,0.99,0.99,0,0
20101216,0.96,0.98,0.95,0.98,0,0
20101220,1,1,0.98,0.98,0,0
20101221,1,1,0.95,0.95,0,0
20101222,0.95,1,0.95,1,0,0
20101223,0.98,1.1,0.98,1.08,0,0
20101227,1.04,1.04,0.96,0.96,0,0
20101228,0.96,1,0.95,0.95,0,0
20101229,0.95,0.95,0.95,0.95,0,0
20101230,0.98,1.02,0.96,1.02,0,0
20101231,1.03,1.04,0.99,1.04,0,0
20110103,1.08,1.08,1.02,1.02,0,0
20110104,1.01,1.01,0.99,0.99,0,0
20110105,0.96,0.96,0.96,0.96,0,0
20110107,0.99,1.09,0.99,1.09,0,0
20110110,1.05,1.05,1.02,1.02,0,0
20110111,1.04,1.05,1.04,1.05,0,0
20110112,1.05,1.05,1.05,1.05,0,0
20110113,1.07,1.09,1.07,1.09,0,0
20110114,1.09,1.12,1.08,1.1,0,0
20110117,1.1,1.1,1.06,1.09,0,0
20110118,1.09,1.09,1.06,1.06,0,0
20110119,1.06,1.06,1.04,1.04,0,0
20110120,1.03,1.03,1.03,1.03,0,0
20110121,1.03,1.03,1.03,1.03,0,0
20110124,1.06,1.06,1.06,1.06,0,0
20110125,1.04,1.04,1.01,1.01,0,0
20110126,0.98,0.98,0.98,0.98,0,0
20110127,0.98,0.98,0.98,0.98,0,0
20110128,0.98,0.98,0.98,0.98,0,0
20110131,0.98,0.98,0.96,0.96,0,0
20110201,0.98,0.98,0.98,0.98,0,0
20110202,0.98,0.98,0.97,0.98,0,0
20110203,0.98,0.98,0.98,0.98,0,0
20110204,0.98,0.98,0.97,0.98,0,0
20110207,0.98,0.98,0.98,0.98,0,0
20110208,0.98,0.98,0.98,0.98,0,0
20110209,0.98,0.98,0.95,0.95,0,0
20110210,0.98,0.98,0.95,0.95,0,0
20110211,0.98,0.98,0.96,0.96,0,0
20110214,0.95,0.96,0.95,0.96,0,0
20110215,0.96,0.96,0.96,0.96,0,0
20110216,0.96,0.96,0.95,0.95,0,0
20110217,0.95,0.95,0.95,0.95,0,0
20110218,0.94,0.94,0.94,0.94,0,0
20110221,0.94,0.94,0.94,0.94,0,0
20110224,0.92,0.92,0.92,0.92,0,0
20110225,0.92,0.92,0.92,0.92,0,0
20110228,0.92,0.92,0.87,0.87,0,0
20110301,0.87,0.88,0.87,0.88,0,0
20110302,0.88,0.88,0.88,0.88,0,0
20110303,0.88,0.9,0.88,0.9,0,0
20110304,0.91,0.97,0.91,0.97,0,0
20110307,0.97,1.05,0.97,0.99,0,0
20110308,1.04,1.04,1,1,0,0
20110310,1,1.01,0.98,0.98,0,0
20110314,0.98,0.98,0.98,0.98,0,0
20110315,0.99,0.99,0.98,0.99,0,0
20110316,0.98,0.98,0.98,0.98,0,0
20110317,0.99,0.99,0.99,0.99,0,0
20110318,0.98,1.12,0.98,1.05,0,0
20110321,1.05,1.12,1.05,1.09,0,0
20110322,1.12,1.12,1.1,1.1,0,0
20110323,1.12,1.12,1.11,1.11,0,0
20110324,1.12,1.12,1.1,1.11,0,0
20110325,1.12,1.12,1.1,1.11,0,0
20110328,1.12,1.12,1.12,1.12,0,0
20110329,1.12,1.12,1.1,1.1,0,0
20110330,1.12,1.12,1.12,1.12,0,0
20110331,1.12,1.12,1.12,1.12,0,0
20110401,1.12,1.12,1.12,1.12,0,0
20110404,1.12,1.12,1.12,1.12,0,0
20110405,1.12,1.12,1.1,1.1,0,0
20110406,1.12,1.12,1.07,1.07,0,0
20110407,1.08,1.08,1.06,1.06,0,0
20110411,1.09,1.09,1.07,1.07,0,0
20110412,1.07,1.07,1.07,1.07,0,0
20110413,1.08,1.08,1.01,1.01,0,0
20110414,1,1,1,1,0,0
20110415,0.98,1,0.97,0.97,0,0
20110418,0.96,0.99,0.96,0.96,0,0
20110419,0.96,0.96,0.96,0.96,0,0
20110420,0.96,0.97,0.96,0.97,0,0
20110421,1,1,1,1,0,0
20110426,1,1,1,1,0,0
20110427,1,1,1,1,0,0
20110428,1,1,1,1,0,0
20110429,1,1,0.98,0.98,0,0
20110504,0.98,0.98,0.98,0.98,0,0
20110506,1.01,1.01,0.98,0.98,0,0
20110509,1.01,1.06,1,1.01,0,0
20110510,1,1.01,0.9,0.9,0,0
20110511,0.9,0.9,0.9,0.9,0,0
20110512,0.9,0.9,0.9,0.9,0,0
20110513,0.9,0.9,0.9,0.9,0,0
20110516,0.9,0.9,0.9,0.9,0,0
20110517,0.88,0.88,0.88,0.88,0,0
20110518,0.86,0.89,0.86,0.89,0,0
20110520,0.88,0.88,0.88,0.88,0,0
20110523,0.88,0.88,0.84,0.84,0,0
20110524,0.84,0.84,0.81,0.81,0,0
20110525,0.81,0.84,0.81,0.84,0,0
20110530,0.82,0.82,0.77,0.79,0,0
20110531,0.79,0.81,0.79,0.81,0,0
20110601,0.81,0.82,0.81,0.82,0,0
20110602,0.82,0.88,0.82,0.87,0,0
20110603,0.88,0.88,0.84,0.84,0,0
20110606,0.84,0.87,0.84,0.87,0,0
20110607,0.88,0.91,0.84,0.86,0,0
20110608,0.87,0.87,0.84,0.84,0,0
20110609,0.84,0.84,0.84,0.84,0,0
20110610,0.84,0.93,0.84,0.89,0,0
20110613,0.91,0.91,0.86,0.86,0,0
20110614,0.86,0.88,0.84,0.86,0,0
20110615,0.84,0.84,0.84,0.84,0,0
20110616,0.84,0.84,0.84,0.84,0,0
20110617,0.82,0.82,0.76,0.76,0,0
20110620,0.78,0.78,0.73,0.73,0,0
20110621,0.73,0.73,0.73,0.73,0,0
20110622,0.74,0.74,0.74,0.74,0,0
20110624,0.75,0.75,0.75,0.75,0,0
20110627,0.74,0.74,0.74,0.74,0,0
20110628,0.75,0.78,0.75,0.78,0,0
20110629,0.76,0.86,0.76,0.86,0,0
20110630,0.85,0.85,0.81,0.81,0,0
20110701,0.81,0.86,0.81,0.86,0,0
20110704,0.86,0.96,0.86,0.96,0,0
20110705,0.91,0.91,0.91,0.91,0,0
20110706,0.88,0.88,0.88,0.88,0,0
20110707,0.88,0.88,0.76,0.76,0,0
20110708,0.83,0.83,0.82,0.83,0,0
20110711,0.83,0.83,0.83,0.83,0,0
20110712,0.83,0.85,0.79,0.85,0,0
20110713,0.81,0.83,0.8,0.83,0,0
20110714,0.83,0.83,0.8,0.81,0,0
20110715,0.81,0.81,0.76,0.81,0,0
20110718,0.79,0.79,0.73,0.73,0,0
20110719,0.75,0.77,0.72,0.77,0,0
20110720,0.76,0.76,0.76,0.76,0,0
20110721,0.76,0.76,0.67,0.67,0,0
20110722,0.69,0.69,0.67,0.67,0,0
20110725,0.66,0.66,0.65,0.65,0,0
20110726,0.66,0.76,0.66,0.76,0,0
20110727,0.76,0.76,0.72,0.72,0,0
20110728,0.73,0.75,0.7,0.75,0,0
20110801,0.71,0.71,0.71,0.71,0,0
20110803,0.71,0.71,0.71,0.71,0,0
20110804,0.73,0.73,0.73,0.73,0,0
20110805,0.7,0.7,0.63,0.63,0,0
20110808,0.63,0.73,0.61,0.61,0,0
20110809,0.63,0.65,0.61,0.61,0,0
20110810,0.63,0.66,0.63,0.66,0,0
20110811,0.66,0.66,0.64,0.65,0,0
20110812,0.64,0.64,0.6,0.6,0,0
20110816,0.63,0.66,0.62,0.62,0,0
20110817,0.65,0.65,0.64,0.64,0,0
20110823,0.66,0.66,0.66,0.66,0,0
20110824,0.63,0.63,0.61,0.61,0,0
20110825,0.6,0.6,0.6,0.6,0,0
20110829,0.61,0.61,0.61,0.61,0,0
20110830,0.6,0.6,0.6,0.6,0,0
20110831,0.61,0.61,0.61,0.61,0,0
20110901,0.61,0.61,0.61,0.61,0,0
20110902,0.62,0.63,0.62,0.63,0,0
20110907,0.63,0.63,0.63,0.63,0,0
20110908,0.62,0.62,0.59,0.59,0,0
20110909,0.6,0.6,0.6,0.6,0,0
20110915,0.59,0.59,0.56,0.56,0,0
20110916,0.58,0.58,0.58,0.58,0,0
20110919,0.58,0.58,0.58,0.58,0,0
20110920,0.58,0.58,0.58,0.58,0,0
20110921,0.58,0.59,0.58,0.58,0,0
20110922,0.56,0.56,0.55,0.55,0,0
20110923,0.55,0.57,0.55,0.57,0,0
20110926,0.56,0.56,0.55,0.55,0,0
20110927,0.56,0.6,0.56,0.6,0,0
20110929,0.56,0.56,0.56,0.56,0,0
20110930,0.56,0.56,0.56,0.56,0,0
20111003,0.55,0.56,0.54,0.56,0,0
20111004,0.56,0.56,0.53,0.53,0,0
20111006,0.52,0.52,0.51,0.51,0,0
20111007,0.5,0.5,0.46,0.46,0,0
20111010,0.46,0.48,0.46,0.48,0,0
20111012,0.49,0.49,0.49,0.49,0,0
20111013,0.49,0.56,0.49,0.52,0,0
20111014,0.52,0.52,0.52,0.52,0,0
20111017,0.52,0.56,0.52,0.56,0,0
20111018,0.56,0.56,0.56,0.56,0,0
20111019,0.55,0.55,0.5,0.5,0,0
20111020,0.52,0.52,0.48,0.48,0,0
20111021,0.48,0.48,0.44,0.44,0,0
20111024,0.5,0.5,0.46,0.5,0,0
20111027,0.5,0.5,0.5,0.5,0,0
20111028,0.5,0.52,0.5,0.52,0,0
20111031,0.51,0.53,0.51,0.53,0,0
20111103,0.48,0.48,0.48,0.48,0,0
20111107,0.48,0.57,0.48,0.57,0,0
20111108,0.56,0.59,0.56,0.59,0,0
20111110,0.58,0.58,0.56,0.56,0,0
20111114,0.56,0.56,0.56,0.56,0,0
20111115,0.56,0.56,0.56,0.56,0,0
20111116,0.56,0.56,0.54,0.54,0,0
20111117,0.53,0.53,0.51,0.52,0,0
20111124,0.52,0.53,0.52,0.53,0,0
20111201,0.52,0.52,0.52,0.52,0,0
20111202,0.49,0.49,0.46,0.47,0,0
20111205,0.46,0.51,0.46,0.51,0,0
20111207,0.51,0.51,0.48,0.48,0,0
20111212,0.49,0.49,0.47,0.48,0,0
20111213,0.47,0.48,0.47,0.48,0,0
20111214,0.49,0.51,0.49,0.51,0,0
20111215,0.5,0.5,0.47,0.47,0,0
20111219,0.47,0.47,0.47,0.47,0,0
20111220,0.47,0.47,0.47,0.47,0,0
20111221,0.47,0.47,0.47,0.47,0,0
20111222,0.47,0.47,0.45,0.45,0,0
20111223,0.45,0.46,0.45,0.46,0,0
20111227,0.45,0.45,0.45,0.45,0,0
20111228,0.45,0.5,0.45,0.5,0,0
20111229,0.5,0.5,0.48,0.5,0,0
20111230,0.5,0.52,0.5,0.52,0,0
20120103,0.53,0.56,0.53,0.56,0,0
20120104,0.55,0.55,0.52,0.52,0,0
20120105,0.52,0.52,0.49,0.49,0,0
20120110,0.48,0.48,0.48,0.48,0,0
20120111,0.48,0.48,0.48,0.48,0,0
20120113,0.48,0.48,0.48,0.48,0,0
20120116,0.48,0.48,0.48,0.48,0,0
20120117,0.48,0.48,0.48,0.48,0,0
20120118,0.47,0.47,0.47,0.47,0,0
20120119,0.48,0.48,0.48,0.48,0,0
20120120,0.45,0.49,0.45,0.49,0,0
20120124,0.5,0.59,0.5,0.59,0,0
20120125,0.6,0.64,0.59,0.62,0,0
20120126,0.62,0.7,0.62,0.7,0,0
20120127,0.67,0.67,0.61,0.61,0,0
20120130,0.64,0.67,0.62,0.65,0,0
20120131,0.64,0.74,0.64,0.74,0,0
20120201,0.73,0.73,0.73,0.73,0,0
20120202,0.71,0.71,0.66,0.66,0,0
20120203,0.66,0.67,0.63,0.67,0,0
20120206,0.67,0.7,0.66,0.7,0,0
20120207,0.69,0.74,0.69,0.73,0,0
20120208,0.74,0.76,0.74,0.76,0,0
20120209,0.76,0.76,0.7,0.7,0,0
20120210,0.7,0.74,0.69,0.74,0,0
20120213,0.7,0.7,0.63,0.67,0,0
20120214,0.67,0.67,0.61,0.61,0,0
20120215,0.62,0.7,0.59,0.7,0,0
20120216,0.7,0.71,0.69,0.69,0,0
20120217,0.69,0.78,0.68,0.68,0,0
20120220,0.69,0.72,0.68,0.71,0,0
20120221,0.71,0.71,0.71,0.71,0,0
20120222,0.71,0.71,0.67,0.67,0,0
20120223,0.66,0.66,0.66,0.66,0,0
20120224,0.66,0.69,0.65,0.69,0,0
20120227,0.69,0.69,0.69,0.69,0,0
20120228,0.69,0.71,0.69,0.71,0,0
20120229,0.71,0.71,0.71,0.71,0,0
20120301,0.69,0.69,0.65,0.67,0,0
20120302,0.67,0.69,0.67,0.69,0,0
20120305,0.68,0.68,0.68,0.68,0,0
20120306,0.68,0.68,0.64,0.64,0,0
20120307,0.65,0.65,0.65,0.65,0,0
20120308,0.64,0.64,0.63,0.63,0,0
20120309,0.62,0.63,0.62,0.63,0,0
20120312,0.64,0.66,0.64,0.66,0,0
20120313,0.66,0.66,0.66,0.66,0,0
20120314,0.67,0.67,0.67,0.67,0,0
20120315,0.64,0.64,0.64,0.64,0,0
20120316,0.64,0.64,0.6,0.6,0,0
20120319,0.6,0.6,0.6,0.6,0,0
20120320,0.6,0.6,0.57,0.57,0,0
20120321,0.58,0.6,0.58,0.6,0,0
20120323,0.59,0.6,0.58,0.58,0,0
20120326,0.61,0.61,0.59,0.59,0,0
20120327,0.58,0.58,0.58,0.58,0,0
20120328,0.59,0.59,0.59,0.59,0,0
20120329,0.59,0.59,0.59,0.59,0,0
20120330,0.58,0.58,0.55,0.57,0,0
20120402,0.56,0.56,0.55,0.55,0,0
20120403,0.56,0.56,0.56,0.56,0,0
20120404,0.55,0.55,0.55,0.55,0,0
20120405,0.53,0.53,0.51,0.51,0,0
20120410,0.53,0.53,0.53,0.53,0,0
20120411,0.54,0.54,0.52,0.52,0,0
20120412,0.52,0.52,0.43,0.5,0,0
20120413,0.49,0.49,0.45,0.45,0,0
20120416,0.48,0.48,0.46,0.46,0,0
20120417,0.46,0.46,0.43,0.46,0,0
20120418,0.46,0.5,0.46,0.5,0,0
20120419,0.46,0.46,0.44,0.44,0,0
20120420,0.47,0.47,0.47,0.47,0,0
20120423,0.46,0.46,0.43,0.46,0,0
20120424,0.46,0.47,0.46,0.47,0,0
20120426,0.47,0.48,0.47,0.48,0,0
20120427,0.48,0.48,0.48,0.48,0,0
20120430,0.45,0.51,0.45,0.51,0,0
20120502,0.51,0.51,0.51,0.51,0,0
20120504,0.51,0.51,0.51,0.51,0,0
20120507,0.52,0.62,0.52,0.62,0,0
20120508,0.6,0.6,0.57,0.59,0,0
20120509,0.58,0.58,0.57,0.58,0,0
20120510,0.54,0.58,0.46,0.46,0,0
20120511,0.49,0.5,0.45,0.49,0,0
20120514,0.47,0.57,0.47,0.57,0,0
20120515,0.58,0.77,0.57,0.66,0,0
20120516,0.72,0.74,0.58,0.58,0,0
20120517,0.63,0.65,0.5,0.51,0,0
20120518,0.48,0.56,0.46,0.52,0,0
20120521,0.49,0.56,0.49,0.53,0,0
20120522,0.53,0.54,0.48,0.51,0,0
20120523,0.49,0.51,0.48,0.49,0,0
20120524,0.5,0.52,0.46,0.49,0,0
20120525,0.49,0.49,0.46,0.49,0,0
20120528,0.49,0.49,0.49,0.49,0,0
20120529,0.49,0.58,0.49,0.58,0,0
20120530,0.6,0.61,0.49,0.53,0,0
20120531,0.51,0.51,0.48,0.49,0,0
20120601,0.49,0.51,0.49,0.51,0,0
20120604,0.49,0.52,0.48,0.52,0,0
20120605,0.48,0.49,0.46,0.49,0,0
20120606,0.47,0.49,0.47,0.49,0,0
20120608,0.48,0.49,0.46,0.49,0,0
20120611,0.5,0.5,0.5,0.5,0,0
20120612,0.5,0.5,0.46,0.48,0,0
20120613,0.48,0.49,0.46,0.46,0,0
20120614,0.46,0.51,0.46,0.49,0,0
20120615,0.49,0.49,0.49,0.49,0,0
20120618,0.49,0.51,0.46,0.46,0,0
20120619,0.46,0.46,0.45,0.45,0,0
20120620,0.46,0.46,0.45,0.45,0,0
20120621,0.45,0.47,0.45,0.47,0,0
20120622,0.45,0.49,0.45,0.49,0,0
20120625,0.49,0.49,0.45,0.48,0,0
20120626,0.48,0.48,0.45,0.48,0,0
20120627,0.45,0.48,0.44,0.48,0,0
20120628,0.49,0.49,0.44,0.44,0,0
20120629,0.46,0.46,0.38,0.41,0,0
20120702,0.4,0.42,0.39,0.42,0,0
20120703,0.42,0.45,0.42,0.45,0,0
20120704,0.41,0.41,0.37,0.39,0,0
20120705,0.37,0.39,0.37,0.39,0,0
20120706,0.39,0.4,0.39,0.4,0,0
20120709,0.39,0.39,0.39,0.39,0,0
20120710,0.37,0.37,0.33,0.37,0,0
20120711,0.33,0.39,0.32,0.39,0,0
20120713,0.35,0.35,0.34,0.34,0,0
20120716,0.33,0.37,0.32,0.32,0,0
20120717,0.34,0.35,0.32,0.35,0,0
20120718,0.34,0.34,0.34,0.34,0,0
20120719,0.32,0.32,0.32,0.32,0,0
20120720,0.34,0.37,0.3,0.34,0,0
20120723,0.33,0.34,0.33,0.34,0,0
20120724,0.33,0.35,0.33,0.35,0,0
20120725,0.33,0.37,0.33,0.37,0,0
20120726,0.37,0.38,0.35,0.35,0,0
20120727,0.38,0.39,0.38,0.39,0,0
20120730,0.35,0.36,0.32,0.36,0,0
20120731,0.32,0.35,0.31,0.35,0,0
20120801,0.35,0.38,0.35,0.38,0,0
20120802,0.39,0.44,0.36,0.37,0,0
20120803,0.37,0.41,0.37,0.41,0,0
20120806,0.39,0.4,0.39,0.4,0,0
20120807,0.4,0.4,0.38,0.38,0,0
20120808,0.37,0.37,0.35,0.35,0,0
20120809,0.35,0.37,0.34,0.37,0,0
20120810,0.35,0.35,0.33,0.33,0,0
20120813,0.33,0.33,0.33,0.33,0,0
20120814,0.33,0.33,0.33,0.33,0,0
20120816,0.33,0.33,0.33,0.33,0,0
20120817,0.33,0.35,0.32,0.35,0,0
20120820,0.33,0.34,0.33,0.34,0,0
20120821,0.34,0.36,0.34,0.36,0,0
20120822,0.34,0.34,0.33,0.34,0,0
20120823,0.33,0.33,0.33,0.33,0,0
20120824,0.32,0.38,0.32,0.35,0,0
20120827,0.37,0.39,0.35,0.37,0,0
20120828,0.39,0.39,0.35,0.37,0,0
20120829,0.36,0.36,0.35,0.35,0,0
20120830,0.35,0.37,0.35,0.37,0,0
20120831,0.34,0.37,0.34,0.37,0,0
20120903,0.35,0.35,0.32,0.35,0,0
20120904,0.33,0.34,0.3,0.33,0,0
20120905,0.34,0.37,0.33,0.33,0,0
20120907,0.32,0.36,0.32,0.33,0,0
20120910,0.33,0.33,0.33,0.33,0,0
20120911,0.32,0.39,0.32,0.35,0,0
20120912,0.35,0.42,0.33,0.42,0,0
20120913,0.41,0.44,0.39,0.41,0,0
20120914,0.41,0.41,0.39,0.39,0,0
20120917,0.39,0.48,0.35,0.43,0,0
20120918,0.45,0.49,0.45,0.45,0,0
20120919,0.44,0.44,0.41,0.44,0,0
20120920,0.44,0.47,0.4,0.42,0,0
20120921,0.44,0.44,0.44,0.44,0,0
20120924,0.44,0.44,0.39,0.39,0,0
20120925,0.4,0.44,0.37,0.44,0,0
20120926,0.41,0.42,0.37,0.41,0,0
20120927,0.39,0.39,0.36,0.38,0,0
20120928,0.39,0.45,0.39,0.42,0,0
20121001,0.44,0.45,0.41,0.44,0,0
20121002,0.43,0.43,0.39,0.39,0,0
20121003,0.39,0.41,0.38,0.41,0,0
20121004,0.4,0.4,0.35,0.39,0,0
20121005,0.38,0.38,0.34,0.35,0,0
20121008,0.35,0.39,0.35,0.39,0,0
20121009,0.39,0.4,0.37,0.37,0,0
20121010,0.37,0.38,0.37,0.38,0,0
20121012,0.36,0.39,0.36,0.36,0,0
20121015,0.37,0.37,0.37,0.37,0,0
20121016,0.37,0.39,0.37,0.39,0,0
20121017,0.37,0.39,0.36,0.39,0,0
20121018,0.39,0.39,0.36,0.36,0,0
20121019,0.38,0.38,0.32,0.34,0,0
20121022,0.33,0.34,0.31,0.32,0,0
20121023,0.32,0.35,0.32,0.34,0,0
20121024,0.33,0.36,0.33,0.36,0,0
20121025,0.34,0.34,0.33,0.33,0,0
20121026,0.33,0.34,0.33,0.33,0,0
20121029,0.34,0.36,0.34,0.36,0,0
20121030,0.37,0.37,0.33,0.36,0,0
20121031,0.36,0.36,0.36,0.36,0,0
20121102,0.37,0.37,0.37,0.37,0,0
20121105,0.36,0.37,0.35,0.35,0,0
20121106,0.35,0.36,0.32,0.33,0,0
20121107,0.33,0.33,0.33,0.33,0,0
20121108,0.33,0.33,0.33,0.33,0,0
20121109,0.33,0.35,0.33,0.35,0,0
20121112,0.36,0.36,0.36,0.36,0,0
20121113,0.36,0.36,0.36,0.36,0,0
20121114,0.36,0.36,0.36,0.36,0,0
20121115,0.36,0.36,0.34,0.34,0,0
20121116,0.34,0.36,0.32,0.32,0,0
20121119,0.33,0.33,0.33,0.33,0,0
20121120,0.34,0.34,0.32,0.32,0,0
20121121,0.31,0.33,0.31,0.33,0,0
20121122,0.33,0.34,0.33,0.34,0,0
20121123,0.34,0.34,0.34,0.34,0,0
20121126,0.34,0.34,0.34,0.34,0,0
20121127,0.34,0.34,0.34,0.34,0,0
20121128,0.32,0.34,0.3,0.32,0,0
20121129,0.32,0.32,0.31,0.32,0,0
20121130,0.32,0.32,0.32,0.32,0,0
20121203,0.32,0.32,0.32,0.32,0,0
20121204,0.32,0.34,0.32,0.34,0,0
20121206,0.32,0.32,0.31,0.32,0,0
20121207,0.32,0.32,0.32,0.32,0,0
20121210,0.31,0.32,0.3,0.32,0,0
20121211,0.32,0.32,0.32,0.32,0,0
20121212,0.31,0.32,0.31,0.32,0,0
20121213,0.32,0.32,0.31,0.31,0,0
20121214,0.32,0.32,0.3,0.3,0,0
20121217,0.3,0.32,0.3,0.32,0,0
20121218,0.32,0.32,0.3,0.3,0,0
20121219,0.31,0.34,0.31,0.32,0,0
20121220,0.33,0.33,0.31,0.31,0,0
20121221,0.33,0.33,0.33,0.33,0,0
20121227,0.33,0.33,0.33,0.33,0,0
20121228,0.33,0.33,0.32,0.32,0,0
20130102,0.33,0.33,0.33,0.33,0,0
20130103,0.34,0.34,0.34,0.34,0,0
20130104,0.34,0.34,0.32,0.32,0,0
20130107,0.32,0.32,0.32,0.32,0,0
20130108,0.32,0.32,0.32,0.32,0,0
20130109,0.31,0.32,0.31,0.32,0,0
20130110,0.32,0.32,0.31,0.31,0,0
20130111,0.31,0.31,0.3,0.31,0,0
20130114,0.32,0.32,0.32,0.32,0,0
20130115,0.31,0.34,0.31,0.34,0,0
20130116,0.32,0.32,0.32,0.32,0,0
20130117,0.33,0.34,0.33,0.34,0,0
20130118,0.34,0.34,0.32,0.32,0,0
20130121,0.32,0.32,0.31,0.32,0,0
20130122,0.32,0.32,0.32,0.32,0,0
20130123,0.32,0.34,0.32,0.33,0,0
20130124,0.33,0.38,0.33,0.37,0,0
20130125,0.36,0.39,0.33,0.37,0,0
20130128,0.33,0.36,0.32,0.34,0,0
20130129,0.33,0.34,0.32,0.34,0,0
20130130,0.34,0.34,0.32,0.32,0,0
20130131,0.33,0.33,0.32,0.32,0,0
20130201,0.31,0.34,0.31,0.34,0,0
20130204,0.34,0.37,0.34,0.34,0,0
20130205,0.34,0.35,0.33,0.33,0,0
20130206,0.33,0.37,0.33,0.36,0,0
20130207,0.38,0.38,0.32,0.36,0,0
20130208,0.36,0.36,0.36,0.36,0,0
20130211,0.36,0.36,0.36,0.36,0,0
20130212,0.36,0.36,0.33,0.34,0,0
20130213,0.33,0.34,0.32,0.34,0,0
20130214,0.34,0.34,0.32,0.32,0,0
20130215,0.32,0.34,0.32,0.33,0,0
20130218,0.32,0.32,0.32,0.32,0,0
20130219,0.32,0.34,0.32,0.33,0,0
20130220,0.33,0.36,0.33,0.36,0,0
20130221,0.36,0.39,0.36,0.37,0,0
20130222,0.37,0.38,0.37,0.38,0,0
20130225,0.38,0.39,0.35,0.36,0,0
20130226,0.35,0.35,0.35,0.35,0,0
20130227,0.34,0.35,0.34,0.35,0,0
20130228,0.34,0.35,0.34,0.35,0,0
20130301,0.36,0.37,0.36,0.37,0,0
20130304,0.36,0.36,0.34,0.34,0,0
20130305,0.34,0.36,0.34,0.36,0,0
20130306,0.36,0.36,0.36,0.36,0,0
20130307,0.36,0.37,0.34,0.36,0,0
20130308,0.36,0.37,0.36,0.37,0,0
20130311,0.37,0.39,0.37,0.39,0,0
20130312,0.38,0.42,0.34,0.41,0,0
20130313,0.41,0.43,0.39,0.43,0,0
20130314,0.43,0.43,0.43,0.43,0,0
20130315,0.38,0.42,0.38,0.38,0,0
20130318,0.38,0.38,0.36,0.38,0,0
20130319,0.38,0.38,0.38,0.38,0,0
20130320,0.38,0.38,0.34,0.35,0,0
20130321,0.34,0.36,0.34,0.36,0,0
20130322,0.35,0.35,0.35,0.35,0,0
20130325,0.34,0.35,0.34,0.35,0,0
20130326,0.34,0.35,0.34,0.34,0,0
20130327,0.33,0.33,0.33,0.33,0,0
20130328,0.33,0.33,0.33,0.33,0,0
20130403,0.32,0.33,0.32,0.33,0,0
20130404,0.34,0.34,0.34,0.34,0,0
20130405,0.33,0.33,0.31,0.31,0,0
20130408,0.31,0.34,0.31,0.34,0,0
20130409,0.34,0.34,0.34,0.34,0,0
20130411,0.32,0.32,0.31,0.32,0,0
20130412,0.32,0.33,0.32,0.33,0,0
20130415,0.34,0.34,0.34,0.34,0,0
20130417,0.32,0.32,0.32,0.32,0,0
20130418,0.32,0.32,0.32,0.32,0,0
20130419,0.32,0.32,0.32,0.32,0,0
20130422,0.32,0.32,0.32,0.32,0,0
20130423,0.32,0.32,0.31,0.32,0,0
20130424,0.32,0.32,0.31,0.32,0,0
20130425,0.31,0.32,0.31,0.31,0,0
20130426,0.31,0.32,0.31,0.32,0,0
20130429,0.32,0.32,0.32,0.32,0,0
20130430,0.33,0.34,0.32,0.34,0,0
20130502,0.34,0.35,0.34,0.34,0,0
20130506,0.35,0.36,0.35,0.36,0,0
20130507,0.36,0.36,0.32,0.34,0,0
20130508,0.34,0.35,0.33,0.33,0,0
20130509,0.34,0.34,0.33,0.34,0,0
20130510,0.34,0.34,0.34,0.34,0,0
20130513,0.34,0.34,0.32,0.34,0,0
20130514,0.34,0.34,0.32,0.34,0,0
20130515,0.34,0.34,0.32,0.32,0,0
20130516,0.33,0.33,0.33,0.33,0,0
20130517,0.32,0.32,0.32,0.32,0,0
20130520,0.31,0.33,0.31,0.33,0,0
20130521,0.34,0.34,0.33,0.34,0,0
20130522,0.34,0.34,0.34,0.34,0,0
20130523,0.32,0.34,0.32,0.34,0,0
20130524,0.32,0.33,0.32,0.33,0,0
20130527,0.32,0.32,0.32,0.32,0,0
20130528,0.34,0.34,0.32,0.32,0,0
20130529,0.32,0.34,0.32,0.34,0,0
20130531,0.34,0.34,0.34,0.34,0,0
20130604,0.32,0.32,0.32,0.32,0,0
20130605,0.33,0.33,0.32,0.32,0,0
20130606,0.32,0.32,0.32,0.32,0,0
20130607,0.32,0.32,0.32,0.32,0,0
20130610,0.32,0.32,0.32,0.32,0,0
20130611,0.32,0.32,0.32,0.32,0,0
20130612,0.33,0.35,0.33,0.35,0,0
20130613,0.35,0.36,0.34,0.34,0,0
20130614,0.33,0.35,0.33,0.34,0,0
20130618,0.34,0.34,0.34,0.34,0,0
20130621,0.32,0.32,0.32,0.32,0,0
20130624,0.34,0.34,0.32,0.32,0,0
20130625,0.32,0.36,0.32,0.36,0,0
20130626,0.35,0.35,0.35,0.35,0,0
20130627,0.34,0.36,0.34,0.36,0,0
20130628,0.36,0.36,0.35,0.35,0,0
20130703,0.34,0.34,0.31,0.32,0,0
20130704,0.33,0.33,0.33,0.33,0,0
20130705,0.32,0.32,0.31,0.31,0,0
20130709,0.31,0.31,0.26,0.3,0,0
20130710,0.3,0.3,0.3,0.3,0,0
20130711,0.3,0.3,0.3,0.3,0,0
20130712,0.29,0.29,0.28,0.28,0,0
20130716,0.28,0.28,0.28,0.28,0,0
20130717,0.28,0.3,0.26,0.29,0,0
20130718,0.29,0.29,0.29,0.29,0,0
20130722,0.27,0.27,0.27,0.27,0,0
20130723,0.3,0.3,0.3,0.3,0,0
20130724,0.28,0.29,0.27,0.29,0,0
20130725,0.27,0.28,0.27,0.28,0,0
20130726,0.26,0.26,0.26,0.26,0,0
20130729,0.28,0.28,0.28,0.28,0,0
20130730,0.28,0.28,0.28,0.28,0,0
20130731,0.28,0.28,0.28,0.28,0,0
20130801,0.28,0.28,0.28,0.28,0,0
20130802,0.28,0.28,0.28,0.28,0,0
20130805,0.27,0.32,0.27,0.31,0,0
20130806,0.31,0.32,0.3,0.32,0,0
20130807,0.31,0.36,0.31,0.36,0,0
20130808,0.34,0.34,0.32,0.34,0,0
20130809,0.34,0.34,0.32,0.33,0,0
20130812,0.33,0.35,0.32,0.35,0,0
20130813,0.34,0.34,0.34,0.34,0,0
20130814,0.32,0.35,0.32,0.35,0,0
20130816,0.35,0.35,0.35,0.35,0,0
20130819,0.34,0.34,0.33,0.33,0,0
20130820,0.34,0.34,0.32,0.32,0,0
20130821,0.32,0.34,0.32,0.32,0,0
20130822,0.32,0.33,0.3,0.3,0,0
20130823,0.33,0.33,0.32,0.33,0,0
20130826,0.33,0.33,0.33,0.33,0,0
20130827,0.33,0.33,0.33,0.33,0,0
20130828,0.32,0.33,0.31,0.33,0,0
20130829,0.33,0.34,0.31,0.31,0,0
20130830,0.32,0.32,0.32,0.32,0,0
20130902,0.3,0.34,0.3,0.32,0,0
20130903,0.32,0.32,0.28,0.29,0,0
20130904,0.27,0.29,0.27,0.27,0,0
20130905,0.26,0.26,0.26,0.26,0,0
20130906,0.28,0.29,0.28,0.28,0,0
20130909,0.3,0.3,0.28,0.29,0,0
20130910,0.3,0.3,0.29,0.29,0,0
20130911,0.29,0.3,0.29,0.3,0,0
20130912,0.29,0.29,0.29,0.29,0,0
20130913,0.3,0.3,0.3,0.3,0,0
20130916,0.3,0.31,0.3,0.31,0,0
20130917,0.31,0.31,0.31,0.31,0,0
20130918,0.31,0.32,0.31,0.32,0,0
20130919,0.3,0.32,0.3,0.32,0,0
20130920,0.32,0.32,0.32,0.32,0,0
20130925,0.32,0.33,0.32,0.33,0,0
20130927,0.32,0.32,0.32,0.32,0,0
20130930,0.32,0.32,0.32,0.32,0,0
20131001,0.32,0.32,0.31,0.31,0,0
20131002,0.3,0.31,0.3,0.31,0,0
20131003,0.31,0.34,0.3,0.3,0,0
20131004,0.32,0.32,0.3,0.3,0,0
20131007,0.29,0.31,0.29,0.31,0,0
20131008,0.3,0.31,0.3,0.31,0,0
20131010,0.31,0.34,0.31,0.33,0,0
20131011,0.33,0.36,0.33,0.36,0,0
20131014,0.35,0.35,0.34,0.34,0,0
20131015,0.34,0.36,0.34,0.36,0,0
20131017,0.36,0.36,0.34,0.34,0,0
20131018,0.34,0.34,0.34,0.34,0,0
20131021,0.34,0.35,0.34,0.35,0,0
20131022,0.35,0.35,0.35,0.35,0,0
20131023,0.36,0.36,0.36,0.36,0,0
20131024,0.36,0.36,0.34,0.36,0,0
20131025,0.36,0.4,0.36,0.4,0,0
20131028,0.39,0.41,0.39,0.41,0,0
20131029,0.38,0.39,0.38,0.39,0,0
20131030,0.38,0.39,0.38,0.39,0,0
20131031,0.36,0.38,0.35,0.36,0,0
20131105,0.34,0.34,0.34,0.34,0,0
20131106,0.34,0.35,0.34,0.34,0,0
20131107,0.35,0.39,0.35,0.39,0,0
20131113,0.39,0.39,0.36,0.39,0,0
20131114,0.39,0.39,0.39,0.39,0,0
20131115,0.37,0.37,0.34,0.36,0,0
20131120,0.35,0.35,0.35,0.35,0,0
20131121,0.34,0.36,0.33,0.36,0,0
20131122,0.36,0.36,0.31,0.34,0,0
20131125,0.34,0.34,0.34,0.34,0,0
20131127,0.34,0.36,0.34,0.35,0,0
20131128,0.36,0.38,0.36,0.38,0,0
20131129,0.36,0.38,0.36,0.38,0,0
20131202,0.36,0.36,0.35,0.36,0,0
20131203,0.36,0.36,0.34,0.34,0,0
20131204,0.35,0.36,0.35,0.36,0,0
20131205,0.35,0.36,0.35,0.36,0,0
20131209,0.34,0.36,0.34,0.36,0,0
20131210,0.35,0.36,0.35,0.36,0,0
20131212,0.35,0.36,0.35,0.36,0,0
20131213,0.35,0.36,0.34,0.36,0,0
20131216,0.35,0.36,0.34,0.36,0,0
20131217,0.36,0.36,0.34,0.36,0,0
20131218,0.36,0.36,0.34,0.34,0,0
20131219,0.34,0.36,0.34,0.36,0,0
20131220,0.36,0.36,0.32,0.32,0,0
20131223,0.35,0.36,0.34,0.36,0,0
20131227,0.36,0.36,0.36,0.36,0,0
20131230,0.36,0.36,0.36,0.36,0,0
20140107,0.33,0.33,0.33,0.33,0,0
20140108,0.35,0.35,0.35,0.35,0,0
20140109,0.35,0.35,0.35,0.35,0,0
20140113,0.33,0.33,0.33,0.33,0,0
20140114,0.33,0.33,0.33,0.33,0,0
20140115,0.33,0.33,0.33,0.33,0,0
20140116,0.32,0.32,0.32,0.32,0,0
20140117,0.32,0.33,0.32,0.33,0,0
20140120,0.33,0.33,0.33,0.33,0,0
20140121,0.33,0.33,0.33,0.33,0,0
20140122,0.33,0.33,0.33,0.33,0,0
20140123,0.33,0.33,0.33,0.33,0,0
20140124,0.32,0.32,0.32,0.32,0,0
20140129,0.31,0.31,0.31,0.31,0,0
20140131,0.32,0.32,0.32,0.32,0,0
20140204,0.32,0.32,0.31,0.32,0,0
20140205,0.32,0.32,0.32,0.32,0,0
20140206,0.32,0.33,0.31,0.33,0,0
20140207,0.33,0.33,0.33,0.33,0,0
20140210,0.32,0.35,0.32,0.32,0,0
20140211,0.35,0.35,0.35,0.35,0,0
20140212,0.35,0.47,0.35,0.47,0,0
20140213,0.42,0.45,0.42,0.45,0,0
20140214,0.44,0.53,0.39,0.53,0,0
20140217,0.44,0.52,0.44,0.52,0,0
20140218,0.49,0.49,0.44,0.46,0,0
20140219,0.44,0.46,0.44,0.46,0,0
20140220,0.45,0.49,0.45,0.49,0,0
20140221,0.48,0.48,0.48,0.48,0,0
20140224,0.47,0.49,0.47,0.49,0,0
20140225,0.47,0.47,0.47,0.47,0,0
20140226,0.47,0.47,0.47,0.47,0,0
20140227,0.47,0.47,0.45,0.47,0,0
20140228,0.45,0.46,0.44,0.44,0,0
20140303,0.46,0.46,0.44,0.44,0,0
20140304,0.42,0.42,0.42,0.42,0,0
20140305,0.42,0.42,0.41,0.41,0,0
20140306,0.41,0.41,0.41,0.41,0,0
20140307,0.42,0.42,0.42,0.42,0,0
20140311,0.39,0.41,0.36,0.41,0,0
20140313,0.42,0.42,0.42,0.42,0,0
20140319,0.4,0.4,0.4,0.4,0,0
20140320,0.41,0.41,0.39,0.39,0,0
20140321,0.39,0.42,0.39,0.42,0,0
20140324,0.42,0.42,0.39,0.39,0,0
20140325,0.39,0.4,0.37,0.39,0,0
20140326,0.39,0.41,0.39,0.41,0,0
20140327,0.37,0.37,0.37,0.37,0,0
20140328,0.38,0.39,0.38,0.39,0,0
20140331,0.37,0.41,0.37,0.37,0,0
20140401,0.41,0.41,0.4,0.4,0,0
20140402,0.41,0.48,0.41,0.48,0,0
20140403,0.47,0.47,0.44,0.44,0,0
20140404,0.44,0.44,0.38,0.38,0,0
20140407,0.43,0.43,0.39,0.42,0,0
20140408,0.4,0.45,0.38,0.45,0,0
20140409,0.42,0.45,0.41,0.45,0,0
20140410,0.44,0.44,0.44,0.44,0,0
20140411,0.43,0.43,0.43,0.43,0,0
20140414,0.42,0.42,0.41,0.42,0,0
20140416,0.41,0.41,0.41,0.41,0,0
20140417,0.41,0.41,0.41,0.41,0,0
20140422,0.41,0.41,0.4,0.4,0,0
20140423,0.4,0.41,0.39,0.41,0,0
20140424,0.41,0.41,0.41,0.41,0,0
20140425,0.41,0.41,0.41,0.41,0,0
20140429,0.4,0.42,0.38,0.42,0,0
20140505,0.4,0.55,0.37,0.53,0,0
20140506,0.51,0.55,0.42,0.5,0,0
20140507,0.5,0.5,0.42,0.47,0,0
20140508,0.44,0.46,0.44,0.46,0,0
20140509,0.45,0.51,0.45,0.51,0,0
20140512,0.49,0.51,0.46,0.51,0,0
20140513,0.51,0.51,0.42,0.44,0,0
20140514,0.44,0.44,0.4,0.42,0,0
20140515,0.42,0.48,0.39,0.48,0,0
20140516,0.47,0.47,0.43,0.43,0,0
20140519,0.42,0.42,0.41,0.41,0,0
20140520,0.41,0.41,0.41,0.41,0,0
20140521,0.4,0.43,0.39,0.43,0,0
20140523,0.42,0.42,0.38,0.42,0,0
20140526,0.42,0.42,0.42,0.42,0,0
20140527,0.4,0.44,0.4,0.43,0,0
20140528,0.42,0.42,0.42,0.42,0,0
20140529,0.43,0.43,0.43,0.43,0,0
20140530,0.42,0.45,0.4,0.45,0,0
20140602,0.45,0.47,0.45,0.47,0,0
20140604,0.47,0.49,0.47,0.49,0,0
20140605,0.49,0.51,0.49,0.51,0,0
20140606,0.47,0.52,0.47,0.52,0,0
20140609,0.53,0.53,0.49,0.53,0,0
20140610,0.5,0.5,0.5,0.5,0,0
20140611,0.5,0.53,0.5,0.53,0,0
20140612,0.53,0.53,0.53,0.53,0,0
20140613,0.53,0.54,0.53,0.54,0,0
20140616,0.53,0.53,0.53,0.53,0,0
20140617,0.53,0.53,0.46,0.46,0,0
20140618,0.47,0.5,0.47,0.5,0,0
20140620,0.5,0.5,0.5,0.5,0,0
20140623,0.5,0.52,0.5,0.52,0,0
20140624,0.53,0.53,0.51,0.52,0,0
20140625,0.52,0.52,0.52,0.52,0,0
20140626,0.52,0.52,0.51,0.51,0,0
20140627,0.5,0.53,0.49,0.53,0,0
20140630,0.53,0.57,0.53,0.57,0,0
20140701,0.57,0.57,0.5,0.5,0,0
20140702,0.51,0.51,0.46,0.5,0,0
20140703,0.5,0.51,0.46,0.47,0,0
20140707,0.46,0.54,0.46,0.54,0,0
20140708,0.53,0.53,0.53,0.53,0,0
20140709,0.53,0.53,0.53,0.53,0,0
20140710,0.53,0.53,0.53,0.53,0,0
20140711,0.53,0.53,0.53,0.53,0,0
20140715,0.53,0.58,0.53,0.58,0,0
20140716,0.58,0.58,0.58,0.58,0,0
20140717,0.56,0.56,0.54,0.54,0,0
20140718,0.54,0.54,0.54,0.54,0,0
20140721,0.54,0.54,0.53,0.53,0,0
20140722,0.54,0.54,0.54,0.54,0,0
20140728,0.52,0.52,0.5,0.5,0,0
20140729,0.53,0.56,0.53,0.56,0,0
20140731,0.54,0.56,0.54,0.56,0,0
20140801,0.56,0.56,0.56,0.56,0,0
20140804,0.56,0.56,0.56,0.56,0,0
20140806,0.51,0.56,0.51,0.56,0,0
20140807,0.53,0.56,0.53,0.56,0,0
20140811,0.53,0.56,0.51,0.54,0,0
20140812,0.53,0.54,0.47,0.52,0,0
20140813,0.5,0.52,0.5,0.52,0,0
20140814,0.5,0.5,0.5,0.5,0,0
20140818,0.5,0.5,0.5,0.5,0,0
20140819,0.5,0.5,0.5,0.5,0,0
20140820,0.48,0.48,0.41,0.42,0,0
20140821,0.43,0.43,0.43,0.43,0,0
20140822,0.41,0.41,0.41,0.41,0,0
20140825,0.42,0.42,0.42,0.42,0,0
20140826,0.41,0.41,0.41,0.41,0,0
20140827,0.42,0.43,0.42,0.43,0,0
20140829,0.42,0.43,0.41,0.43,0,0
20140902,0.41,0.43,0.41,0.43,0,0
20140903,0.43,0.43,0.43,0.43,0,0
20140904,0.43,0.43,0.42,0.43,0,0
20140905,0.41,0.43,0.4,0.43,0,0
20140909,0.4,0.44,0.4,0.44,0,0
20140910,0.43,0.43,0.39,0.39,0,0
20140911,0.39,0.39,0.38,0.38,0,0
20140912,0.4,0.4,0.4,0.4,0,0
20140915,0.4,0.4,0.39,0.39,0,0
20140916,0.4,0.4,0.4,0.4,0,0
20140917,0.4,0.41,0.4,0.41,0,0
20140918,0.41,0.42,0.41,0.42,0,0
20140919,0.42,0.44,0.42,0.44,0,0
20140922,0.4,0.4,0.4,0.4,0,0
20140923,0.41,0.41,0.41,0.41,0,0
20140924,0.39,0.39,0.39,0.39,0,0
20140925,0.38,0.43,0.38,0.43,0,0
20141002,0.4,0.41,0.38,0.38,0,0
20141006,0.38,0.41,0.38,0.41,0,0
20141007,0.41,0.41,0.41,0.41,0,0
20141010,0.41,0.42,0.39,0.42,0,0
20141013,0.41,0.41,0.4,0.4,0,0
20141014,0.41,0.41,0.41,0.41,0,0
20141021,0.38,0.44,0.38,0.44,0,0
20141024,0.41,0.41,0.39,0.39,0,0
20141027,0.41,0.41,0.41,0.41,0,0
20141029,0.41,0.41,0.41,0.41,0,0
20141030,0.4,0.4,0.4,0.4,0,0
20141031,0.41,0.41,0.41,0.41,0,0
20141103,0.41,0.41,0.41,0.41,0,0
20141104,0.41,0.42,0.41,0.42,0,0
20141106,0.41,0.47,0.41,0.45,0,0
20141107,0.43,0.43,0.43,0.43,0,0
20141110,0.44,0.46,0.44,0.46,0,0
20141112,0.47,0.47,0.43,0.43,0,0
20141113,0.44,0.44,0.43,0.43,0,0
20141114,0.43,0.45,0.41,0.45,0,0
20141117,0.45,0.45,0.45,0.45,0,0
20141118,0.43,0.43,0.41,0.41,0,0
20141119,0.43,0.43,0.43,0.43,0,0
20141120,0.41,0.41,0.41,0.41,0,0
20141121,0.41,0.41,0.4,0.41,0,0
20141124,0.41,0.41,0.41,0.41,0,0
20141125,0.42,0.42,0.39,0.41,0,0
20141126,0.41,0.41,0.41,0.41,0,0
20141127,0.41,0.41,0.41,0.41,0,0
20141128,0.41,0.41,0.41,0.41,0,0
20141201,0.42,0.42,0.42,0.42,0,0
20141202,0.41,0.43,0.38,0.43,0,0
20141204,0.41,0.41,0.41,0.41,0,0
20141205,0.39,0.41,0.39,0.41,0,0
20141209,0.41,0.42,0.41,0.42,0,0
20141210,0.43,0.43,0.43,0.43,0,0
20141211,0.43,0.44,0.43,0.44,0,0
20141212,0.43,0.43,0.43,0.43,0,0
20141215,0.42,0.42,0.42,0.42,0,0
20141216,0.42,0.43,0.42,0.43,0,0
20141217,0.43,0.43,0.43,0.43,0,0
20141218,0.41,0.44,0.41,0.44,0,0
20141219,0.43,0.43,0.43,0.43,0,0
20141222,0.42,0.42,0.42,0.42,0,0
20141223,0.41,0.41,0.41,0.41,0,0
