Date,Open,High,Low,Close,Volume,OpenInt
20110627,29.28,29.28,29.28,29.28,0,0
20110628,29.28,29.28,25.95,28.88,0,0
20110629,28.08,30.79,26.28,30.62,0,0
20110630,30.62,31.06,29.94,30.61,0,0
20110701,30.98,30.99,29.01,30.59,0,0
20110704,30.61,30.61,29.28,29.28,0,0
20110705,29.02,29.28,27.31,27.31,0,0
20110706,28.98,28.98,27.31,28.75,0,0
20110707,26.62,29.01,26.62,29.01,0,0
20110708,28.59,29.01,26.9,27.95,0,0
20110711,26.75,28.33,26.75,27.02,0,0
20110712,27.95,27.95,25.95,26.62,0,0
20110713,26.88,27.88,25.62,26.62,0,0
20110714,26.62,27.53,26.62,27.12,0,0
20110715,27.55,27.55,26.62,27.16,0,0
20110718,27.27,27.27,23.95,26.62,0,0
20110719,28.35,28.35,24.62,26.62,0,0
20110720,26.62,26.62,25.28,25.28,0,0
20110721,26.6,26.6,25.03,25.82,0,0
20110722,26.47,28.48,26.46,27.68,0,0
20110725,28.21,29.01,27.95,28.88,0,0
20110726,27.95,27.95,27.95,27.95,0,0
20110727,26.63,28.75,25.95,26.08,0,0
20110728,27.28,28.88,25.55,28.86,0,0
20110729,27.95,28.86,26.64,28.86,0,0
20110801,28.86,29.94,28.86,29.93,0,0
20110802,29.94,30.74,28.88,28.88,0,0
20110803,27.95,29.28,26.22,29.28,0,0
20110804,29.28,29.28,25.28,25.28,0,0
20110805,27.28,29.28,26.08,29.28,0,0
20110808,29.96,29.96,26.22,27.95,0,0
20110809,29.93,29.93,25.95,27.02,0,0
20110810,26.88,27.28,25.55,26.62,0,0
20110811,25.95,29.86,25.95,29.2,0,0
20110812,29.18,29.78,29.18,29.69,0,0
20110816,27.95,29.28,27.95,29.28,0,0
20110817,29.28,29.28,27.68,29.13,0,0
20110818,29.21,29.21,26.04,28.6,0,0
20110819,28.6,28.6,25.74,28.59,0,0
20110822,28.55,28.55,27.28,28.53,0,0
20110823,28.53,28.53,25.95,28.41,0,0
20110824,27.95,30.34,27.95,30.34,0,0
20110825,28.67,29.28,28.63,28.75,0,0
20110826,29.42,29.42,25.96,28.48,0,0
20110829,26.76,28.94,26.76,28.94,0,0
20110830,28.86,28.86,27.28,28.35,0,0
20110831,28.35,28.61,27.93,28.61,0,0
20110901,28.59,28.59,28.59,28.59,0,0
20110902,27.95,28.52,27.95,28.52,0,0
20110905,27.35,28.07,26.32,28.07,0,0
20110906,27.95,27.95,26.48,27.27,0,0
20110907,27.27,28.05,26.43,26.43,0,0
20110908,27.81,27.81,27.81,27.81,0,0
20110909,27.93,27.93,25.3,25.3,0,0
20110912,26.87,26.87,25.28,25.28,0,0
20110913,26.6,26.6,23.95,25.28,0,0
20110914,25.95,26.6,23.95,26.6,0,0
20110915,26.48,26.48,25.55,26.48,0,0
20110916,26.6,26.6,26.48,26.48,0,0
20110919,26.6,26.6,24.62,25.95,0,0
20110920,26.6,26.6,25.55,25.55,0,0
20110921,26.6,26.6,26.6,26.6,0,0
20110922,26.59,26.59,24.49,25.82,0,0
20110923,25.28,25.82,23.3,25.79,0,0
20110926,25.8,25.8,24.49,24.49,0,0
20110927,25.8,25.82,24.62,25.82,0,0
20110928,23.97,25.15,23.97,25.15,0,0
20110929,25.8,25.8,24.22,25.28,0,0
20110930,25.28,25.28,23.95,25.02,0,0
20111003,23.82,24.49,23.29,24.49,0,0
20111004,24.49,24.49,22.22,23.22,0,0
20111005,22.22,22.89,22.22,22.89,0,0
20111006,22.96,23.29,22.62,23.22,0,0
20111007,23.41,25.55,23.41,24.22,0,0
20111010,25.42,25.42,23.29,24.15,0,0
20111011,23.95,24.21,23.02,24.21,0,0
20111012,24.87,24.87,24.87,24.87,0,0
20111013,24.62,24.62,24.62,24.62,0,0
20111014,25.95,25.95,25.94,25.94,0,0
20111017,26.34,26.34,23.95,25.95,0,0
20111018,26.31,26.31,25.02,25.95,0,0
20111019,26.08,26.08,25.95,26.02,0,0
20111020,26.08,26.08,26.08,26.08,0,0
20111021,26.08,26.08,24.89,26.08,0,0
20111024,26.35,26.35,26.35,26.35,0,0
20111025,26.34,26.35,24.35,26.35,0,0
20111026,26.62,27.28,25.75,26.35,0,0
20111027,27.28,29.21,25.28,26.48,0,0
20111028,26.62,27.55,26.62,27.55,0,0
20111031,27.68,27.79,26.76,27.79,0,0
20111102,26.62,27.28,26.62,27.28,0,0
20111103,26.62,27.61,26.62,27.61,0,0
20111104,27.61,27.68,26.64,27.68,0,0
20111107,26.62,27.55,26.62,26.82,0,0
20111108,27.68,28.61,26.82,27.95,0,0
20111109,27.37,29.06,27.37,28.23,0,0
20111110,29.14,29.14,27.28,28.48,0,0
20111114,28.84,28.84,26.75,28.07,0,0
20111115,27.95,28.41,27.95,28.41,0,0
20111116,27.68,28.4,27.68,28.39,0,0
20111117,28.39,28.4,27.95,27.95,0,0
20111118,27.43,27.95,27.43,27.95,0,0
20111121,27.95,28.53,27.28,27.28,0,0
20111122,27.52,28.23,27.52,27.75,0,0
20111123,27.79,28.19,27.79,28.17,0,0
20111124,27.8,28.15,27.8,28.15,0,0
20111125,28.15,28.15,27.07,28.13,0,0
20111128,28.15,28.15,26.62,27.95,0,0
20111129,27.95,27.95,26.35,27.95,0,0
20111130,27.95,28.08,26.78,27.55,0,0
20111201,27.55,27.55,27.55,27.55,0,0
20111202,28.08,28.21,28.08,28.21,0,0
20111205,27.95,27.96,27.95,27.95,0,0
20111206,27.95,28.39,27.95,28.39,0,0
20111207,27.6,28.39,27.6,28.37,0,0
20111208,27.95,28.24,27.95,28.24,0,0
20111209,27.95,27.95,27.95,27.95,0,0
20111212,28.21,28.21,28.21,28.21,0,0
20111213,27.95,28.21,27.95,27.95,0,0
20111214,28.24,28.27,27.15,27.28,0,0
20111215,27.95,27.95,26.62,27.4,0,0
20111216,27.41,27.41,26.55,27.4,0,0
20111219,27.41,27.41,26.22,27.28,0,0
20111220,27.41,27.41,24.95,27.13,0,0
20111221,27.41,27.75,27.41,27.75,0,0
20111222,26.88,27.77,25.55,27.77,0,0
20111223,27.95,27.95,27.77,27.77,0,0
20111227,26.55,27.27,26.55,27.27,0,0
20111228,27.55,27.55,27.55,27.55,0,0
20111229,27.95,27.95,27.95,27.95,0,0
20111230,27.28,27.28,27.28,27.28,0,0
20120102,26.35,26.35,26.22,26.22,0,0
20120103,26.88,26.88,26.88,26.88,0,0
20120104,26.62,26.62,25.95,25.95,0,0
20120105,26.88,26.88,23.02,26.35,0,0
20120109,26.88,26.88,25.48,25.48,0,0
20120110,26.82,26.82,24.62,26.62,0,0
20120111,26.75,26.75,21.29,25.28,0,0
20120112,25.68,25.68,25.28,25.28,0,0
20120113,25.68,25.95,25.68,25.95,0,0
20120116,25.95,25.95,21.29,25.94,0,0
20120117,25.68,25.68,25.68,25.68,0,0
20120118,25.67,25.67,24.49,25.28,0,0
20120119,25.27,25.62,24.49,25.62,0,0
20120120,25.62,25.62,24.35,25.62,0,0
20120123,26.48,26.95,25.82,25.95,0,0
20120124,26.47,26.48,25.55,26.08,0,0
20120125,26.35,26.35,25.44,26.35,0,0
20120126,26.35,26.48,26.35,26.48,0,0
20120127,26.48,27.28,25.95,26.62,0,0
20120130,27.07,27.07,25.3,26.62,0,0
20120131,27.05,27.05,26.62,27.05,0,0
20120201,27.03,27.05,26.75,27.05,0,0
20120202,27,27,26.75,26.88,0,0
20120203,26.88,26.88,25.28,26.6,0,0
20120206,26.6,26.6,25.28,25.94,0,0
20120207,25.28,25.95,23.95,25.95,0,0
20120208,25.95,25.95,24.75,25.68,0,0
20120209,25.95,25.95,25.15,25.15,0,0
20120210,25.94,25.94,25.94,25.94,0,0
20120213,25.92,25.92,24.22,25.4,0,0
20120214,25.86,25.86,25.86,25.86,0,0
20120215,25.84,25.84,24.29,25.26,0,0
20120216,25.75,25.75,24.3,24.42,0,0
20120217,25.72,25.95,25.72,25.95,0,0
20120220,25.95,26.56,24.82,26.48,0,0
20120221,26.58,29.14,25.88,27.8,0,0
20120222,27.89,27.95,26.75,27.05,0,0
20120223,27.28,27.28,26.35,26.86,0,0
20120224,27.13,27.13,26.02,26.02,0,0
20120227,26.99,26.99,25.28,25.28,0,0
20120228,26.52,26.58,26.51,26.58,0,0
20120229,26.55,26.55,26.55,26.55,0,0
20120301,26.54,26.54,26.22,26.35,0,0
20120302,26.35,26.35,25.28,26.35,0,0
20120305,26.19,26.2,26.19,26.2,0,0
20120306,26.08,26.08,26.08,26.08,0,0
20120307,26.31,26.31,25.17,26.07,0,0
20120308,26.07,26.07,25.15,26.03,0,0
20120309,26.02,26.02,24.69,24.77,0,0
20120312,25.27,25.27,24.62,24.62,0,0
20120313,25.27,25.27,25.27,25.27,0,0
20120314,25.27,25.27,24.22,24.22,0,0
20120315,25.27,25.27,25.27,25.27,0,0
20120316,25.02,25.02,25.02,25.02,0,0
20120319,25.28,25.28,25.28,25.28,0,0
20120320,25.21,25.21,23.95,25.15,0,0
20120321,25.01,25.01,25.01,25.01,0,0
20120322,25.01,25.01,24.09,24.62,0,0
20120323,24.09,25.01,23.82,24.61,0,0
20120326,24.61,24.61,23.83,24.61,0,0
20120327,23.42,24.35,23.42,24.35,0,0
20120328,24.54,24.54,23.69,24.15,0,0
20120329,24.14,24.14,24.14,24.14,0,0
20120330,24.15,24.15,24.15,24.15,0,0
20120402,24.14,24.15,22.82,23.95,0,0
20120403,23.95,23.95,21.96,21.96,0,0
20120404,22.81,22.82,22.04,22.81,0,0
20120405,22.69,22.69,22.61,22.61,0,0
20120410,22.69,22.69,21.16,21.16,0,0
20120411,22.6,22.6,18.1,18.58,0,0
20120412,19.63,19.63,18.63,18.63,0,0
20120413,18.63,18.9,18.63,18.9,0,0
20120416,17.7,18.36,17.7,18.36,0,0
20120417,17.57,17.83,17.57,17.83,0,0
20120418,17.78,17.78,15.97,15.97,0,0
20120419,16.28,16.74,16.24,16.24,0,0
20120420,16.1,16.1,15.3,15.77,0,0
20120423,15.96,15.96,12.64,13.17,0,0
20120424,13.17,13.71,13.17,13.31,0,0
20120425,13.97,14.64,13.84,14.64,0,0
20120426,15.3,15.3,15.3,15.3,0,0
20120427,15.36,15.36,15.22,15.22,0,0
20120430,15.24,15.24,12.54,14.64,0,0
20120502,13.97,14.64,13.97,14.64,0,0
20120504,14.64,14.64,14.64,14.64,0,0
20120507,13.87,13.87,13.87,13.87,0,0
20120508,13.97,13.97,13.57,13.84,0,0
20120510,13.84,14.64,13.84,14.44,0,0
20120511,14.44,14.44,14.44,14.44,0,0
20120514,13.81,13.97,13.31,13.57,0,0
20120515,13.31,13.57,13.31,13.57,0,0
20120516,12.94,13.17,12.18,12.78,0,0
20120517,12.31,12.51,11.8,12.51,0,0
20120518,11.79,12.24,10.67,11.84,0,0
20120522,10.85,11.98,10.83,11.98,0,0
20120523,11.98,12.64,10.91,12.51,0,0
20120524,12.64,12.64,12.64,12.64,0,0
20120529,12.76,12.76,11.98,12.76,0,0
20120531,13.95,13.95,13.95,13.95,0,0
20120604,14.64,14.64,14.64,14.64,0,0
20120606,14.64,14.64,13.97,13.97,0,0
20120608,13.97,13.97,13.97,13.97,0,0
20120611,13.97,13.97,13.97,13.97,0,0
20120612,13.57,13.97,13.57,13.97,0,0
20120613,13.97,13.97,13.97,13.97,0,0
20120614,13.97,13.97,13.97,13.97,0,0
20120615,13.97,13.97,13.97,13.97,0,0
20120618,13.97,13.97,13.97,13.97,0,0
20120619,13.97,13.97,13.97,13.97,0,0
20120620,13.97,13.97,13.97,13.97,0,0
20120626,13.97,13.97,13.97,13.97,0,0
20120627,13.97,13.97,13.97,13.97,0,0
20120628,13.97,13.97,13.97,13.97,0,0
20120629,13.97,13.97,13.97,13.97,0,0
20120702,11.25,13.31,11.25,13.31,0,0
20120703,13.23,13.23,13.17,13.17,0,0
20120704,13.04,13.04,13.04,13.04,0,0
20120706,12.71,12.71,12.36,12.36,0,0
20120711,11.98,12.43,11.98,12.43,0,0
20120712,12.55,12.55,10.65,11.98,0,0
20120713,12.44,12.44,12.44,12.44,0,0
20120718,12.32,12.32,11.31,12.19,0,0
20120720,10.51,12.44,10.51,10.91,0,0
20120723,10.65,10.65,10.65,10.65,0,0
20120724,10.63,10.63,10.63,10.63,0,0
20120725,10.63,10.63,10.63,10.63,0,0
20120726,9.98,9.98,9.45,9.98,0,0
20120727,9.45,9.71,9.45,9.71,0,0
20120730,9.85,9.85,9.45,9.85,0,0
20120801,9.17,10.05,9.17,10.05,0,0
20120803,9.17,9.25,8.61,9.12,0,0
20120806,8.61,9.25,8.61,9.25,0,0
20120807,8.69,8.69,8.69,8.69,0,0
20120808,8.92,8.92,8.92,8.92,0,0
20120809,8.9,8.9,8.9,8.9,0,0
20120810,8.92,8.92,7.92,8.5,0,0
20120813,7.59,7.59,7.31,7.31,0,0
20120814,7.32,7.32,7.32,7.32,0,0
20120816,7.45,7.45,6.95,7.31,0,0
20120821,6.8,7.28,6.65,7.28,0,0
20120822,6.65,7.28,6.65,7.28,0,0
20120824,6.65,7.28,6.12,7.28,0,0
20120827,6.32,6.61,5.99,6.61,0,0
20120828,6.61,6.61,6.61,6.61,0,0
20120829,6.2,6.2,6.2,6.2,0,0
20120830,6.24,6.28,5.84,6.28,0,0
20120831,5.52,5.58,5.52,5.52,0,0
20120903,5.56,5.56,5.32,5.56,0,0
20120905,4.98,5.47,4.79,5.47,0,0
20120906,5.36,6.56,5.36,6.49,0,0
20120907,6.83,6.84,6.37,6.37,0,0
20120910,6.56,7.28,6.56,7.28,0,0
20120911,7.28,8.36,7.28,8.36,0,0
20120912,8.38,8.38,7.98,8.36,0,0
20120913,8.36,8.36,6.85,7.41,0,0
20120914,7.41,8.5,7.41,8.5,0,0
20120917,8.52,8.52,8.52,8.52,0,0
20120918,8.52,8.98,8.52,8.69,0,0
20120919,8.78,9.12,8.78,9.12,0,0
20120920,9.28,9.28,8.54,8.54,0,0
20120921,8.78,8.78,7.98,8.25,0,0
20120924,7.79,8.25,7.79,8.25,0,0
20120925,7.85,8.25,7.85,8.25,0,0
20120926,8.29,8.29,8.29,8.29,0,0
20120927,8.29,8.29,8.29,8.29,0,0
20120928,8.29,8.29,8.29,8.29,0,0
20121001,8.29,8.29,8.29,8.29,0,0
20121002,8.29,8.32,8.29,8.32,0,0
20121003,8.5,8.5,8.5,8.5,0,0
20121004,9.14,9.14,8.25,8.25,0,0
20121008,7.93,8.52,7.92,8.52,0,0
20121009,8.65,8.86,8.45,8.45,0,0
20121010,8.58,8.58,8.05,8.05,0,0
20121011,8.58,8.58,8.05,8.58,0,0
20121012,8.58,8.58,8.58,8.58,0,0
20121015,8.5,8.5,8.5,8.5,0,0
20121016,8.5,8.5,7.41,7.41,0,0
20121017,7.94,7.94,7.94,7.94,0,0
20121018,7.92,7.92,7.92,7.92,0,0
20121019,7.94,7.94,7.41,7.85,0,0
20121023,7.85,7.85,7.85,7.85,0,0
20121024,7.85,7.85,7.85,7.85,0,0
20121025,7.41,7.41,7.32,7.32,0,0
20121029,6.81,6.92,6.32,6.64,0,0
20121030,6.64,6.64,6.31,6.52,0,0
20121031,6.64,6.64,6.63,6.63,0,0
20121102,6.56,6.56,6.56,6.56,0,0
20121105,6.19,6.63,6.19,6.57,0,0
20121106,6.52,6.52,6.52,6.52,0,0
20121109,6.19,6.4,6.19,6.4,0,0
20121112,6.8,8.16,6.8,8.16,0,0
20121113,7.98,8.73,7.98,8.73,0,0
20121114,8.74,8.74,7.93,8.38,0,0
20121116,8.38,8.38,8.38,8.38,0,0
20121119,8.32,8.32,8.32,8.32,0,0
20121120,8.4,8.4,8.18,8.18,0,0
20121121,8.12,8.36,8.12,8.25,0,0
20121122,8.18,8.18,8.12,8.12,0,0
20121126,8.25,8.38,8.25,8.38,0,0
20121127,8.74,8.74,7.8,7.8,0,0
20121128,7.45,7.8,7.45,7.79,0,0
20121130,7.52,7.85,7.39,7.85,0,0
20121203,7.85,7.92,7.47,7.92,0,0
20121207,7.98,7.98,7.98,7.98,0,0
20121210,7.98,7.98,7.47,7.93,0,0
20121211,7.47,7.92,7.41,7.92,0,0
20121212,7.85,7.92,7.85,7.92,0,0
20121213,7.92,7.92,7.92,7.92,0,0
20121214,7.85,7.92,7.79,7.84,0,0
20121217,7.92,8.74,7.73,8.25,0,0
20121218,7.94,8.72,7.94,8.45,0,0
20121219,8.74,8.92,8.45,8.5,0,0
20121220,8.45,8.69,8.45,8.69,0,0
20121221,8.68,8.68,8.68,8.68,0,0
20121228,8.52,8.69,8.52,8.69,0,0
20130102,8.97,8.97,8.97,8.97,0,0
20130103,8.82,8.82,8.36,8.68,0,0
20130107,8.68,8.68,8.68,8.68,0,0
20130109,8.38,8.38,7.98,8.24,0,0
20130110,7.98,7.98,7.98,7.98,0,0
20130111,7.97,8.24,7.97,8.12,0,0
20130114,8.12,8.12,8.12,8.12,0,0
20130115,7.65,7.85,7.63,7.85,0,0
20130117,7.32,7.64,6.88,7.64,0,0
20130118,7.12,7.92,7.12,7.59,0,0
20130121,7.71,7.71,7.19,7.71,0,0
20130122,7.71,7.71,7.71,7.71,0,0
20130123,7.19,7.71,7.19,7.71,0,0
20130124,7.71,7.71,7.71,7.71,0,0
20130125,7.71,7.71,7.59,7.59,0,0
20130128,7.71,7.71,7.71,7.71,0,0
20130131,7.71,7.71,7.71,7.71,0,0
20130201,8.33,8.33,8.33,8.33,0,0
20130204,7.98,8.24,7.59,8.24,0,0
20130205,8.13,8.13,8.13,8.13,0,0
20130206,7.72,7.97,7.72,7.97,0,0
20130207,7.98,7.98,7.98,7.98,0,0
20130208,7.96,7.96,7.96,7.96,0,0
20130211,7.96,7.96,7.96,7.96,0,0
20130212,7.92,7.93,7.92,7.93,0,0
20130213,7.92,7.92,7.72,7.72,0,0
20130214,7.72,7.72,7.72,7.72,0,0
20130215,7.65,7.65,7.59,7.59,0,0
20130218,7.45,7.79,7.41,7.79,0,0
20130219,7.77,7.77,7.77,7.77,0,0
20130220,7.41,7.79,7.41,7.79,0,0
20130221,7.79,7.79,7.79,7.79,0,0
20130222,7.88,7.88,7.88,7.88,0,0
20130225,7.88,7.88,7.88,7.88,0,0
20130226,7.88,7.88,7.88,7.88,0,0
20130227,7.41,7.41,7.05,7.05,0,0
20130228,7.04,7.04,6.56,6.56,0,0
20130301,6.65,6.65,6.65,6.65,0,0
20130305,6.65,7.05,6.45,6.91,0,0
20130306,6.92,7.65,6.52,6.52,0,0
20130307,6.87,7.05,6.87,7.04,0,0
20130311,7.32,7.65,6.99,7.32,0,0
20130312,6.99,7.32,6.99,7.32,0,0
20130314,7.32,7.32,7.32,7.32,0,0
20130318,7.07,7.15,6.33,7.15,0,0
20130319,6.79,7.15,6.79,7.15,0,0
20130320,7.19,7.32,7.05,7.32,0,0
20130322,7.05,7.51,7.05,7.51,0,0
20130325,7.05,7.45,6.72,6.72,0,0
20130326,7.61,7.61,6.65,6.65,0,0
20130408,7.37,7.37,6.65,6.65,0,0
20130409,6.71,6.71,6.71,6.71,0,0
20130419,6.25,6.71,6.2,6.25,0,0
20130424,6.12,6.12,6.12,6.12,0,0
20130426,6.29,6.65,6.29,6.65,0,0
20130430,6.57,7.32,6.57,7.32,0,0
20130502,6.59,6.65,6.59,6.65,0,0
20130506,6.32,6.32,6.32,6.32,0,0
20130509,6.45,6.75,6.45,6.75,0,0
20130510,6.71,6.85,6.71,6.85,0,0
20130513,6.83,6.85,6.83,6.85,0,0
20130514,6.99,6.99,6.99,6.99,0,0
20130516,6.72,6.92,6.72,6.92,0,0
20130517,6.92,7.01,6.92,7.01,0,0
20130520,7.15,7.19,7.15,7.19,0,0
20130521,7.32,7.61,7.32,7.61,0,0
20130522,7.61,7.61,7.61,7.61,0,0
20130524,7.61,7.61,7.61,7.61,0,0
20130527,7.6,7.6,7.33,7.33,0,0
20130529,7.57,7.57,7.57,7.57,0,0
20130604,7.57,7.57,7.57,7.57,0,0
20130606,7.56,7.72,7.56,7.72,0,0
20130607,7.81,11.01,7.81,11.01,0,0
20130610,11.56,12.06,10.9,11.01,0,0
20130611,10.78,10.78,10.38,10.58,0,0
20130612,10.58,11.71,10.51,10.65,0,0
20130613,10.85,11.05,10.18,10.18,0,0
20130614,10.38,10.65,10.38,10.65,0,0
20130617,10.19,10.19,9.32,9.32,0,0
20130618,9.98,10.07,9.98,10.05,0,0
20130619,10.05,10.14,10.05,10.14,0,0
20130620,10.05,10.05,9.78,9.78,0,0
20130621,9.98,10.43,9.98,10.11,0,0
20130624,10.11,11.68,10.11,11.11,0,0
20130625,11.22,11.31,11.18,11.31,0,0
20130626,11.31,11.71,11.31,11.31,0,0
20130627,11.05,11.18,10.45,10.45,0,0
20130628,10.91,11.18,10.91,11.18,0,0
20130702,10.65,10.65,10.65,10.65,0,0
20130703,10.51,10.51,10.51,10.51,0,0
20130704,10.13,10.13,9.58,9.98,0,0
20130708,9.98,10.23,9.98,10.23,0,0
20130711,10.47,10.65,10.47,10.65,0,0
20130712,10.65,10.65,10.65,10.65,0,0
20130715,10.26,10.63,10.11,10.63,0,0
20130717,10.13,10.87,10.11,10.85,0,0
20130718,10.85,12.35,10.85,12.31,0,0
20130719,12.31,12.62,12.31,12.31,0,0
20130722,12.31,12.84,12.31,12.83,0,0
20130723,12.71,13,12.71,13,0,0
20130724,12.64,12.64,11.4,12.02,0,0
20130725,12.02,12.98,12.02,12.12,0,0
20130726,12.24,13.08,12.24,13.08,0,0
20130729,12.64,12.64,12.51,12.51,0,0
20130730,11.98,12.88,11.42,12.51,0,0
20130731,12.51,12.51,11.72,12.42,0,0
20130801,11.71,12.1,10.89,11.78,0,0
20130802,11.78,11.78,11.06,11.64,0,0
20130805,11.64,11.64,11.44,11.44,0,0
20130806,11.44,11.98,11.44,11.98,0,0
20130807,11.71,11.71,11.71,11.71,0,0
20130808,11.64,11.71,11.44,11.71,0,0
20130809,11.4,11.71,11.05,11.71,0,0
20130812,11.47,11.84,11.44,11.84,0,0
20130813,11.51,11.83,11.31,11.82,0,0
20130814,11.84,11.98,11.44,11.66,0,0
20130816,11.66,11.71,11.66,11.71,0,0
20130819,11.94,11.94,11.74,11.74,0,0
20130820,11.74,11.75,10.65,10.65,0,0
20130821,10.65,11.11,10.65,11.11,0,0
20130822,11.18,11.29,11.18,11.29,0,0
20130823,10.74,11.26,10.69,11.26,0,0
20130826,11.15,11.15,11.15,11.15,0,0
20130827,10.65,10.91,10.33,10.91,0,0
20130828,10.9,10.9,10.9,10.9,0,0
20130829,10.33,10.59,10.25,10.59,0,0
20130830,10.59,10.78,10.38,10.38,0,0
20130902,10.63,10.63,10.14,10.63,0,0
20130903,10.63,10.63,10.63,10.63,0,0
20130904,10.58,10.58,10.58,10.58,0,0
20130905,10.45,10.58,10.01,10.58,0,0
20130906,10.58,10.58,10.58,10.58,0,0
20130909,10.57,10.57,10.57,10.57,0,0
20130910,10.57,10.57,10.57,10.57,0,0
20130911,10.13,10.71,10.13,10.7,0,0
20130912,10.58,10.7,10.58,10.7,0,0
20130913,10.11,10.22,9.91,10.22,0,0
20130916,9.98,9.99,9.52,9.52,0,0
20130917,9.52,9.98,9.38,9.98,0,0
20130918,9.52,10.01,9.52,10.01,0,0
20130920,9.98,10.01,9.32,10.01,0,0
20130923,9.71,9.98,9.58,9.58,0,0
20130924,9.59,9.98,9.32,9.94,0,0
20130925,9.91,10.65,9.66,10.65,0,0
20130926,10.65,11.58,10.65,11.31,0,0
20130927,11.05,11.31,11.05,11.31,0,0
20130930,10.65,10.65,10.58,10.63,0,0
20131001,10.51,10.51,10.18,10.38,0,0
20131002,10.38,10.38,10.19,10.34,0,0
20131003,10.25,10.38,9.77,10.38,0,0
20131004,10.38,10.38,9.98,10.35,0,0
20131007,10.34,10.55,9.93,10.55,0,0
20131008,10.55,10.55,9.74,10.37,0,0
20131009,10.23,10.58,10.23,10.58,0,0
20131010,10.13,10.55,10.11,10.38,0,0
20131011,10.15,10.25,9.98,10.25,0,0
20131014,10.25,10.25,10.25,10.25,0,0
20131015,9.99,10.11,9.99,10.11,0,0
20131016,9.53,10.11,9.53,10.11,0,0
20131018,9.91,9.91,9.58,9.71,0,0
20131021,9.91,9.91,9.38,9.91,0,0
20131022,9.91,9.91,9.91,9.91,0,0
20131023,9.45,9.85,9.29,9.29,0,0
20131024,9.45,9.58,9.29,9.58,0,0
20131025,9.58,9.83,9.58,9.58,0,0
20131028,9.91,9.98,9.53,9.98,0,0
20131029,9.85,9.85,9.85,9.85,0,0
20131030,9.86,11.71,9.86,11.25,0,0
20131031,11.31,11.31,10.29,11.27,0,0
20131104,10.91,10.91,10.65,10.65,0,0
20131105,10.65,10.65,10.31,10.65,0,0
20131106,10.83,10.83,10.83,10.83,0,0
20131107,10.82,10.82,10.39,10.79,0,0
20131108,10.39,10.65,10.27,10.65,0,0
20131112,10.3,10.3,9.66,9.86,0,0
20131113,9.86,9.86,9.12,9.45,0,0
20131114,9.58,10.25,9.58,10.25,0,0
20131115,10.25,10.25,9.52,9.52,0,0
20131118,9.56,10.41,9.54,10.41,0,0
20131119,9.78,10.31,9.78,10.31,0,0
20131120,9.59,10.05,9.58,10.05,0,0
20131121,10.11,10.11,10.09,10.09,0,0
20131122,10.09,10.21,10.09,10.21,0,0
20131125,10.21,10.21,10.18,10.18,0,0
20131126,10.22,11.38,10.22,11.18,0,0
20131127,11.17,11.31,10.65,11.17,0,0
20131128,11.17,13.39,11.17,13.28,0,0
20131129,13.28,13.97,13.07,13.83,0,0
20131202,14.04,15.94,14.04,14.94,0,0
20131203,14.31,14.77,13.97,14.11,0,0
20131204,14.37,14.37,13.64,14.31,0,0
20131205,13.64,13.97,13.44,13.97,0,0
20131206,14.11,15.74,13.84,15.69,0,0
20131209,15.81,17.74,15.44,17.7,0,0
20131210,17.7,18.23,17.17,17.82,0,0
20131211,17.97,18.23,17.03,17.03,0,0
20131212,17.63,17.63,15.64,15.97,0,0
20131213,14.9,16.63,14.9,16.5,0,0
20131216,16.63,16.63,15.97,16.63,0,0
20131217,15.37,16.87,15.37,16.87,0,0
20131218,16.63,16.63,16.1,16.63,0,0
20131219,16.01,16.44,15.97,15.97,0,0
20131220,15.97,15.97,14.77,15.84,0,0
20131223,15.64,16.44,15.64,16.44,0,0
20131227,16.3,16.54,15.57,16.54,0,0
20131230,16.3,16.36,15.76,16.36,0,0
20140102,16.34,16.36,16.17,16.36,0,0
20140103,16.3,18.3,16.1,16.9,0,0
20140107,16.83,17.17,16.06,17.17,0,0
20140108,15.97,16.37,15.24,16.3,0,0
20140109,15.44,16.45,15.17,16.45,0,0
20140110,16.45,17.77,15.74,17.3,0,0
20140113,17.69,17.69,14.64,16.37,0,0
20140114,15.57,15.57,15.24,15.5,0,0
20140115,15.24,15.73,15.21,15.73,0,0
20140116,14.64,15.97,14.64,15.97,0,0
20140117,14.64,15.66,14.64,15.66,0,0
20140120,15.57,15.66,14.64,15.66,0,0
20140121,15.84,15.84,14.97,14.97,0,0
20140122,15.84,16.49,15.7,16.24,0,0
20140123,16.49,16.49,15.7,16.3,0,0
20140124,16.41,16.5,15.97,16.24,0,0
20140127,15.97,15.97,14.64,15.29,0,0
20140128,15.29,15.3,14.37,15.14,0,0
20140129,14.98,14.98,12.11,13.69,0,0
20140130,13.51,13.69,13.04,13.69,0,0
20140131,13.93,15.09,13.93,15.09,0,0
20140203,13.93,14.17,12.98,14.17,0,0
20140204,13.97,13.97,13.31,13.31,0,0
20140205,13.36,13.96,13.36,13.96,0,0
20140206,13.96,13.96,13.59,13.96,0,0
20140207,13.59,14.51,13.59,14.51,0,0
20140210,14.51,14.51,14.04,14.39,0,0
20140211,14.44,15.13,14.44,14.64,0,0
20140212,14.53,14.9,14.51,14.88,0,0
20140213,14.88,14.88,14.13,14.13,0,0
20140214,14.11,14.64,13.63,14.64,0,0
20140217,12.52,14.85,12.52,13.35,0,0
20140218,13.71,13.71,13.23,13.23,0,0
20140219,13.24,13.24,13.17,13.17,0,0
20140220,13.24,14.77,13.24,14.07,0,0
20140221,14.85,15.57,14.28,15.3,0,0
20140224,15.29,15.66,15.29,15.65,0,0
20140225,15.65,15.66,15.17,15.44,0,0
20140226,14.97,14.97,14.65,14.93,0,0
20140227,14.45,15.09,14.45,15.09,0,0
20140228,13.17,13.29,10.54,13.04,0,0
20140303,12.27,12.94,11.47,12.58,0,0
20140304,12.44,12.44,10.79,11.18,0,0
20140305,11.19,11.8,10.91,11.56,0,0
20140306,11.56,11.56,10.78,11.55,0,0
20140307,10.93,11.43,10.91,11.43,0,0
20140310,11.43,11.43,10.41,10.78,0,0
20140311,10.78,10.9,10.65,10.77,0,0
20140312,10.78,10.78,10.05,10.39,0,0
20140313,10.58,10.65,10.58,10.65,0,0
20140314,10.05,10.18,9.67,9.85,0,0
20140317,9.69,9.85,9.69,9.85,0,0
20140318,9.83,9.83,9.67,9.67,0,0
20140319,9.83,9.83,9.83,9.83,0,0
20140320,9.53,9.53,9.32,9.32,0,0
20140321,9.4,9.58,9.4,9.58,0,0
20140324,9.95,10.71,9.95,10.71,0,0
20140325,10.71,10.71,10.7,10.7,0,0
20140326,10.7,10.7,10.7,10.7,0,0
20140327,10.63,10.63,9.32,10.11,0,0
20140328,9.46,10.11,9.46,10.11,0,0
20140401,9.78,10.07,9.41,10.07,0,0
20140402,9.85,10.65,9.85,10.65,0,0
20140403,10.71,10.71,10.65,10.65,0,0
20140404,10.25,10.85,10.25,10.85,0,0
20140407,10.31,10.31,9.85,9.85,0,0
20140408,9.85,10.3,9.85,10.3,0,0
20140409,10.3,10.78,10.11,10.11,0,0
20140410,10.18,10.65,10.18,10.65,0,0
20140411,10.65,10.78,10.46,10.65,0,0
20140414,10.77,11.18,10.77,11.18,0,0
20140415,11.22,11.22,10.91,10.91,0,0
20140416,10.91,11.07,10.65,11.07,0,0
20140417,11.07,11.07,11.07,11.07,0,0
20140422,11.07,11.07,10.65,10.65,0,0
20140423,11.06,11.06,10.18,10.65,0,0
20140424,10.65,10.65,10.65,10.65,0,0
20140425,10.38,10.38,9.71,10.37,0,0
20140428,10.37,10.37,10.37,10.37,0,0
20140429,9.71,9.71,9.29,9.52,0,0
20140430,9.32,9.32,8.28,9.3,0,0
20140502,9.3,9.3,8.92,8.92,0,0
20140505,8.52,8.52,8.5,8.5,0,0
20140506,8.65,8.65,8.13,8.64,0,0
20140507,8.64,8.64,8.12,8.58,0,0
20140508,8.58,8.58,8.05,8.58,0,0
20140509,8.58,8.98,8.45,8.45,0,0
20140512,8.58,8.92,8.3,8.3,0,0
20140513,8.93,9.98,8.93,9.65,0,0
20140514,9.44,9.44,9.29,9.29,0,0
20140515,9.12,9.56,9.08,9.56,0,0
20140516,9.54,10.87,9.54,10.38,0,0
20140519,10.98,11.91,10.91,11.91,0,0
20140520,12.11,13.04,12.11,12.38,0,0
20140521,12.87,12.87,11.51,11.98,0,0
20140522,12.64,12.64,10.53,11.8,0,0
20140523,11.8,12.34,11.58,11.84,0,0
20140526,11.83,11.83,10.85,11.1,0,0
20140527,10.58,11.17,10.53,11.17,0,0
20140528,10.54,10.57,10.51,10.51,0,0
20140529,11.02,11.02,10.01,10.61,0,0
20140530,9.98,10.61,9.98,10.61,0,0
20140602,10.45,10.51,10.05,10.51,0,0
20140603,10.51,10.51,10.51,10.51,0,0
20140604,10.5,10.99,10.5,10.99,0,0
20140605,11.01,11.01,10.85,10.85,0,0
20140606,10.63,10.63,10.63,10.63,0,0
20140609,11.05,11.05,10.14,10.22,0,0
20140610,10.75,10.75,10.75,10.75,0,0
20140611,10.75,10.99,10.31,10.82,0,0
20140612,10.99,10.99,10.98,10.99,0,0
20140613,10.99,10.99,10.31,10.98,0,0
20140616,10.89,10.89,10.82,10.82,0,0
20140618,10.57,10.59,10.57,10.59,0,0
20140620,10.31,10.34,10.31,10.34,0,0
20140623,10.27,10.27,10.14,10.14,0,0
20140624,9.98,9.98,9.45,9.97,0,0
20140625,9.58,9.93,9.52,9.52,0,0
20140626,9.45,9.58,9.32,9.32,0,0
20140627,9.58,9.58,9.18,9.57,0,0
20140630,9.57,9.57,9.57,9.57,0,0
20140701,9.57,10.62,9.57,10.62,0,0
20140702,10.07,10.07,10.05,10.05,0,0
20140703,9.78,10.25,9.78,10.25,0,0
20140704,10.25,10.47,10.25,10.47,0,0
20140707,11.3,13.24,11.3,12.91,0,0
20140708,12.64,12.95,11.8,12.5,0,0
20140709,12.38,12.5,11.64,12.5,0,0
20140710,11.98,11.98,11.46,11.98,0,0
20140711,11.44,12.38,11.31,12.38,0,0
20140714,12.24,14.35,12.24,13.71,0,0
20140715,13.71,14.37,13.31,14.23,0,0
20140716,13.71,14.11,13.17,13.95,0,0
20140717,13.31,13.53,12.71,13.53,0,0
20140718,13.53,13.53,12.78,13.53,0,0
20140721,12.75,13.51,12.75,13.31,0,0
20140722,13.51,13.51,12.71,13.31,0,0
20140723,12.64,13.31,12.64,13.31,0,0
20140724,13.37,13.37,12.91,13.31,0,0
20140725,13.31,13.96,13.31,13.96,0,0
20140728,13.89,14.37,13.89,14.31,0,0
20140729,14.37,14.37,13.73,13.84,0,0
20140730,14.17,14.17,14.11,14.11,0,0
20140731,13.84,13.97,12.64,13.84,0,0
20140801,13.44,13.91,12.51,13.91,0,0
20140804,12.64,13.89,12.64,13.89,0,0
20140805,13.57,13.91,13.57,13.91,0,0
20140806,13.97,13.97,13.31,13.57,0,0
20140807,13.56,14.05,13.31,13.31,0,0
20140808,13.64,13.64,12.91,13.56,0,0
20140811,12.7,13.56,12.7,13.49,0,0
20140812,13.49,13.49,13.49,13.49,0,0
20140813,12.5,12.5,10.38,10.79,0,0
20140814,10.91,11.25,10.25,10.67,0,0
20140818,11.01,11.44,10.98,11.44,0,0
20140819,11.44,11.44,11.44,11.44,0,0
20140820,11.44,11.56,10.98,11.18,0,0
20140821,11.63,11.7,11.02,11.44,0,0
20140822,11.05,11.63,10.98,11.18,0,0
20140825,11.62,11.71,11.62,11.62,0,0
20140826,11.7,11.71,11.31,11.31,0,0
20140827,11.67,11.68,11.44,11.44,0,0
20140828,11.18,11.18,11.05,11.05,0,0
20140829,11.05,11.44,11.05,11.44,0,0
20140901,11.64,11.64,11.09,11.51,0,0
20140902,11.6,11.6,11.25,11.31,0,0
20140903,11.56,11.58,11.18,11.18,0,0
20140904,11.31,11.67,11.31,11.58,0,0
20140905,11.46,11.46,11.31,11.31,0,0
20140908,11.64,11.67,11.64,11.67,0,0
20140909,11.71,11.98,11.71,11.98,0,0
20140910,11.71,11.71,11.71,11.71,0,0
20140911,11.71,11.71,11.42,11.51,0,0
20140912,11.42,11.63,11.09,11.63,0,0
20140915,11.31,11.31,10.98,10.98,0,0
20140916,10.65,11.98,9.98,10.65,0,0
20140917,10.65,11.25,10.65,11.18,0,0
20140918,11.18,11.42,11.18,11.18,0,0
20140919,11.58,11.58,11.58,11.58,0,0
20140922,11.51,11.51,11.11,11.31,0,0
20140923,11.44,11.44,11.11,11.31,0,0
20140924,11.71,12.96,11.71,12.38,0,0
20140925,12.64,12.76,12.12,12.64,0,0
20140926,12.38,12.76,12.38,12.38,0,0
20140929,12.38,13.24,11.84,12.72,0,0
20140930,12.71,12.71,12.24,12.64,0,0
20141001,12.38,12.91,12.38,12.91,0,0
20141002,12.64,12.64,11.64,12.18,0,0
20141006,11.98,12.36,11.98,12.36,0,0
20141007,11.98,12.23,11.58,11.78,0,0
20141008,11.58,12.11,11.44,12.11,0,0
20141009,11.31,12.1,11.31,12.1,0,0
20141010,11.33,11.71,11.31,11.71,0,0
20141013,11.91,12.35,11.31,12.22,0,0
20141014,12.22,12.22,12.22,12.22,0,0
20141015,12.18,13.13,12.18,13.13,0,0
20141016,12.98,12.98,12.32,12.32,0,0
20141017,12.64,12.64,12.64,12.64,0,0
20141020,12.98,12.98,12.44,12.78,0,0
20141021,12.64,12.64,12.54,12.54,0,0
20141022,12.78,12.78,12.34,12.76,0,0
20141023,12.76,12.76,11.98,12.76,0,0
20141024,12.51,12.51,12.51,12.51,0,0
20141027,12.51,12.51,12.51,12.51,0,0
20141028,12.44,12.44,11.87,12.24,0,0
20141029,11.88,12.26,11.71,12.26,0,0
20141030,11.98,12.15,11.31,12.11,0,0
20141031,11.38,12.5,11.38,12.5,0,0
20141103,12.5,12.54,11.99,12.38,0,0
20141104,11.99,12.48,11.99,12.38,0,0
20141105,12.52,12.52,11.84,11.98,0,0
20141106,11.44,11.98,11.44,11.98,0,0
20141107,11.98,12.5,11.98,12.5,0,0
20141110,12.12,12.5,12.12,12.18,0,0
20141112,12.94,15.3,12.94,14.51,0,0
20141113,14.49,14.49,13.51,13.96,0,0
20141114,13.44,14.16,13.31,14.16,0,0
20141117,14.13,14.71,14.13,14.57,0,0
20141118,14.51,14.51,13.31,13.84,0,0
20141119,13.91,16.89,13.91,16.89,0,0
20141120,16.9,22.96,16.9,22.6,0,0
20141121,22.36,22.36,19.96,20.67,0,0
20141124,20.79,22.62,20.79,21.79,0,0
20141125,19.96,21.82,19.96,21.82,0,0
20141126,21.43,23.95,20.92,23.82,0,0
20141127,23.29,24.61,21.82,23.29,0,0
20141128,22.76,23.21,21.96,23.05,0,0
20141201,23.09,23.09,21.96,21.98,0,0
20141202,21.96,22.6,20.65,21.76,0,0
20141203,21.16,21.76,20.64,21.4,0,0
20141204,20.77,23.69,20.77,23.26,0,0
20141205,23.22,23.69,21.96,23.09,0,0
20141208,23.4,27.95,23.4,26.55,0,0
20141209,26.54,28.59,24.63,25.28,0,0
20141210,25.26,32.34,23.97,31.94,0,0
20141211,33.27,34.73,30.94,31.02,0,0
20141212,31.61,32.74,29.94,31.27,0,0
20141215,30.61,33.8,30.61,31.91,0,0
20141216,31.67,33.27,28.94,32.07,0,0
20141217,32.07,33.2,31.14,31.93,0,0
20141218,31.91,31.94,30.21,30.99,0,0
20141219,30.25,30.25,23.95,24.94,0,0
20141222,24.94,26.35,24.1,25.07,0,0
20141223,24.11,24.89,23.09,24.73,0,0
20141229,23.95,25.01,23.1,24.73,0,0
20141230,24.82,25.42,23.44,24.06,0,0
