Date,Open,High,Low,Close,Volume,OpenInt
20120214,571.3,571.3,571.3,571.3,0,0
20120215,578.2,578.2,578.1,578.1,0,0
20120216,578.2,578.2,578.1,578.1,0,0
20120217,578.2,578.2,576.7,576.7,0,0
20120221,576.9,576.9,574.7,574.7,0,0
20120222,574.1,574.8,574.1,574.7,0,0
20120223,574.8,574.8,574.7,574.7,0,0
20120224,574.8,574.8,574.7,574.7,0,0
20120227,574.8,574.8,574.7,574.7,0,0
20120228,574.8,574.8,574.7,574.7,0,0
20120229,574.8,574.8,533.9,533.9,0,0
20120301,544.2,544.2,543.4,543.4,0,0
20120306,544.2,544.2,544.1,544.1,0,0
20120309,544.2,544.2,544.1,544.1,0,0
20120312,544.2,544.2,544.1,544.1,0,0
20120314,544.2,544.2,544.1,544.1,0,0
20120315,544.2,544.2,492.5,499.9,0,0
20120316,486.4,486.4,455.7,455.7,0,0
20120319,476.2,523.8,476.2,523.7,0,0
20120321,510.2,510.2,486.3,486.3,0,0
20120322,476.9,477.6,476.9,477.4,0,0
20120326,483,489.1,483,489,0,0
20120327,489.1,489.1,489,489,0,0
20120328,483,483,482.9,482.9,0,0
20120329,483,510.2,483,496.5,0,0
20120330,496.6,544.1,496.6,544.1,0,0
20120410,523.8,523.8,523.7,523.7,0,0
20120411,523.8,530.6,520.3,520.3,0,0
20120418,517,517,486.3,486.3,0,0
20120420,503.4,503.4,503.3,503.3,0,0
20120423,496.6,506.8,489.7,489.7,0,0
20120424,486.4,506.8,486.4,506.7,0,0
20120425,506.8,513.6,506.8,513.5,0,0
20120430,496.6,496.6,489.7,489.7,0,0
20120510,489.8,489.8,473.5,474.7,0,0
20120511,474.1,486.4,474.1,486.3,0,0
20120514,486.4,544.2,486.4,544.1,0,0
20120515,523.8,523.8,523.7,523.7,0,0
20120517,500,523.8,500,510.1,0,0
20120518,500,510.2,493.2,510.1,0,0
20120521,510.2,510.2,469.4,476.1,0,0
20120522,476.2,476.2,476.1,476.1,0,0
20120523,476.2,488.4,435.4,488.3,0,0
20120524,476.2,476.2,476.2,476.2,0,0
20120823,1733.4,1733.4,1733.4,1733.4,0,0
20120824,1750,1750,1729.9,1729.9,0,0
20120827,1750,1750,1733.4,1733.4,0,0
20120828,1750,1750,1642.9,1698.1,0,0
20120829,1714.3,1714.3,1642.9,1694.5,0,0
20120830,1710.7,1750,1642.9,1729.9,0,0
20120831,1746.4,1960.7,1732.1,1942.2,0,0
20120903,1964.3,1964.3,1942.2,1942.2,0,0
20120904,1964.3,2446.4,1964.3,2405.6,0,0
20120905,2428.6,2428.6,2370.2,2370.2,0,0
20120906,2392.9,2428.6,2387.9,2387.9,0,0
20120907,2428.6,2428.6,2357.1,2398.5,0,0
20120910,2392.9,2392.9,2370.2,2370.2,0,0
20120911,2392.9,2392.9,2366.7,2366.7,0,0
20120912,2389.3,2389.3,2366.7,2366.7,0,0
20120913,2392.9,2392.9,2370.2,2370.2,0,0
20120914,2392.9,2417.9,2392.9,2395,0,0
20120917,2425,2425,2370.2,2370.2,0,0
20120918,2392.9,2392.9,2366.7,2366.7,0,0
20120919,2392.9,2392.9,2370.2,2370.2,0,0
20120920,2392.9,2392.9,2370.2,2370.2,0,0
20120921,2389.3,2392.9,2357.1,2366.7,0,0
20120924,2389.3,2389.3,2366.7,2366.7,0,0
20120925,2389.3,2389.3,2366.7,2366.7,0,0
20120926,2392.9,2392.9,2370.2,2370.2,0,0
20120927,2392.9,2392.9,2370.2,2370.2,0,0
20120928,2392.9,2392.9,2370.2,2370.2,0,0
20121001,2375,2375,2334.9,2334.9,0,0
20121002,2321.4,2321.4,2142.9,2211,0,0
20121004,2232.1,2232.1,2211,2211,0,0
20121005,2232.1,2232.1,2211,2211,0,0
20121008,2232.1,2232.1,2211,2211,0,0
20121009,2232.1,2232.1,2182.7,2182.7,0,0
20121010,2203.6,2203.6,2182.7,2182.7,0,0
20121011,2203.6,2232.1,2182.7,2182.7,0,0
20121012,2203.6,2203.6,2182.7,2182.7,0,0
20121016,2232.1,2232.1,2087.2,2087.2,0,0
20121017,2107.1,2107.1,2055.4,2055.4,0,0
20121018,2107.1,2107.1,1977.5,1977.5,0,0
20121019,1964.3,2103.6,1928.6,2083.7,0,0
20121022,2103.6,2103.6,1988.2,1988.2,0,0
20121023,1989.3,2017.9,1989.3,1998.8,0,0
20121024,2035.7,2035.7,2016.5,2016.5,0,0
20121025,2035.7,2035.7,2016.5,2016.5,0,0
20121031,1996.4,2000,1981.1,1981.1,0,0
20121102,2000,2000,1981.1,1981.1,0,0
20121105,1928.6,1964.3,1928.6,1945.7,0,0
20121106,1946.4,1946.4,1910.3,1910.3,0,0
20121107,1928.6,1928.6,1768.8,1768.8,0,0
20121108,1785.7,1821.4,1764.3,1768.8,0,0
20121109,1785.7,1828.6,1768.8,1768.8,0,0
20121112,1785.7,1785.7,1768.8,1768.8,0,0
20121113,1785.7,1842.9,1768.8,1768.8,0,0
20121114,1785.7,1785.7,1768.8,1768.8,0,0
20121116,1785.7,1785.7,1768.8,1768.8,0,0
20121119,1785.7,1785.7,1646.4,1705.1,0,0
20121120,1767.9,1767.9,1642.9,1733.4,0,0
20121121,1750,1750,1698.1,1698.1,0,0
20121122,1714.3,1785.7,662.6,662.6,0,0
20121123,682.7,682.7,649.3,649.3,0,0
20121126,654.7,654.7,650.6,650.6,0,0
20121127,654.7,654.7,650.6,650.6,0,0
20121128,660,666.7,650.6,662.6,0,0
20121129,668,706.7,668,695.7,0,0
20121130,700,700,630.7,630.7,0,0
20121203,634.7,652,609.5,609.5,0,0
20121204,613.3,625.3,613.3,621.5,0,0
20121205,626.7,626.7,620,622.8,0,0
20121206,626.7,626.7,622.8,622.8,0,0
20121207,626.7,633.3,626.7,629.4,0,0
20121210,633.3,640,633.3,636,0,0
20121211,640,640,636,636,0,0
20121212,650.7,650.7,646.6,646.6,0,0
20121213,644,644,640,640,0,0
20121214,644,644,640,640,0,0
20121217,644,658.7,644,654.6,0,0
20121218,653.3,653.3,629.4,629.4,0,0
20121219,634.7,634.7,630.7,630.7,0,0
20121220,634.7,634.7,630.7,630.7,0,0
20121221,640,640,636,636,0,0
20121227,646.7,654.6,646.7,654.6,0,0
20121228,658.7,658.7,613.3,654.6,0,0
20130102,665.3,666.7,661.2,661.2,0,0
20130103,666.7,666.7,662.6,662.6,0,0
20130104,666.7,682.7,662.6,662.6,0,0
20130107,666.7,666.7,662.6,662.6,0,0
20130108,661.3,661.3,657.2,657.2,0,0
20130109,661.3,661.3,657.2,657.2,0,0
20130110,665.3,665.3,661.2,661.2,0,0
20130111,665.3,666.7,649.3,662.6,0,0
20130114,666.7,674.7,666.7,670.5,0,0
20130115,678.7,678.7,674.5,674.5,0,0
20130116,674.5,674.5,674.5,674.5,0,0
20130117,678.7,678.7,674.5,674.5,0,0
20130118,680,680,680,680,0,0
20130121,680,680,666.7,675.8,0,0
20130122,678.7,678.7,650.6,650.6,0,0
20130123,654.7,654.7,629.4,629.4,0,0
20130124,633.3,633.3,629.4,629.4,0,0
20130125,633.3,633.3,629.4,629.4,0,0
20130130,633.3,633.3,624.1,624.1,0,0
20130131,628,640,628,636,0,0
20130204,653.3,676,653.3,671.8,0,0
20130205,673.3,673.3,669.2,669.2,0,0
20130206,672,672,637.3,645.3,0,0
20130207,653.3,673.3,636,636,0,0
20130211,649.3,673.3,644,649.3,0,0
20130212,665.3,665.3,614.7,658.6,0,0
20130213,662.7,664,649.3,649.3,0,0
20130214,665.3,665.3,622.7,653.3,0,0
20130215,662.7,662.7,614.7,629.4,0,0
20130218,633.3,633.3,581.3,609.5,0,0
20130219,613.3,613.3,609.5,609.5,0,0
20130220,613.3,613.3,556.5,556.5,0,0
20130221,553.3,581.3,466.7,498.2,0,0
20130222,520,533.3,513.3,530,0,0
20130225,533.3,581.3,533.3,577.7,0,0
20130226,586.7,586.7,538.7,565.8,0,0
20130227,572,609.3,572,605.6,0,0
20130228,613.3,624,596,609.5,0,0
20130301,626.7,630.7,626.7,626.8,0,0
20130304,613.3,633.3,605.3,629.4,0,0
20130305,621.3,649.3,612,649.3,0,0
20130306,653.3,661.3,626.7,649.3,0,0
20130307,640,666.7,640,662.6,0,0
20130308,666.7,666.7,633.3,653.3,0,0
20130311,666.7,666.7,636,636,0,0
20130314,634.7,634.7,605.3,605.3,0,0
20130315,640,662.7,633.3,633.3,0,0
20140404,59.9,59.9,59.9,59.9,0,0
20140407,58.3,60.1,58.1,60.1,0,0
20140408,59.9,59.9,58.1,58.1,0,0
20140409,58.1,58.1,58.1,58.1,0,0
20140410,58.1,58.1,58.1,58.1,0,0
20140416,57.7,57.7,57.2,57.2,0,0
20140417,57.2,57.2,55,55,0,0
20140422,56.3,56.3,55.4,55.4,0,0
20140423,55.4,55.4,55.4,55.4,0,0
20140424,55.4,55.4,55.4,55.4,0,0
20140425,54.4,54.4,50.5,50.5,0,0
20140429,50,57.1,50,55.6,0,0
20140430,55.5,56.4,55.5,56.3,0,0
20140502,56.3,56.3,56.3,56.3,0,0
20140505,57.5,57.5,56.3,56.3,0,0
20140506,56.3,56.3,52.3,52.3,0,0
20140508,51.7,51.7,51.7,51.7,0,0
20140509,51.7,51.7,51.7,51.7,0,0
20140512,51.7,51.7,51.7,51.7,0,0
20140513,51.7,51.7,51.7,51.7,0,0
20140514,51.7,54.2,51.7,54.2,0,0
20140515,54,54,54,54,0,0
20140516,54,54,54,54,0,0
20140519,54,54,52.5,52.5,0,0
20140520,52.5,52.5,47.3,47.3,0,0
20140521,48,48.9,48,48.9,0,0
20140522,60,60,54.9,54.9,0,0
20140523,54.4,54.4,54.4,54.4,0,0
20140528,54.4,55.5,53,53,0,0
20140529,53,53,53,53,0,0
20140530,52.1,52.1,51.7,51.7,0,0
20140603,51.1,51.1,46.2,46.2,0,0
20140604,46.4,47.3,44.7,47.3,0,0
20140605,47.3,47.3,47.3,47.3,0,0
20140606,49.3,52.1,49.3,52.1,0,0
20140609,52.1,52.1,52.1,52.1,0,0
20140610,56.1,56.1,56.1,56.1,0,0
20140611,56.4,56.4,56.2,56.2,0,0
20140612,55.9,55.9,53.2,53.2,0,0
20140613,53.2,56.8,53,56.8,0,0
20140616,57.8,57.8,49.8,53.8,0,0
20140617,54.2,70.5,54.2,70.5,0,0
20140618,71.5,71.5,71.5,71.5,0,0
20140620,73.2,73.2,73.2,73.2,0,0
20140623,73.2,73.2,73.2,73.2,0,0
20140624,73.2,73.2,73.2,73.2,0,0
20140625,73.2,73.2,73.2,73.2,0,0
20140626,73.2,74.4,70.7,70.7,0,0
20140627,71,71,68.8,68.8,0,0
20140702,68.5,68.5,66.3,66.4,0,0
20140703,66.1,66.1,62,62,0,0
20140708,63.4,64.6,63.4,64.6,0,0
20140709,64.6,64.6,62.4,62.5,0,0
20140711,62.4,68.1,62.4,68.1,0,0
20140714,73.9,88.3,73.2,73.2,0,0
20140715,87.8,87.8,70,70,0,0
20140716,70,80.5,68.3,73.2,0,0
20140717,73.4,73.4,67.1,73.4,0,0
20140718,72.2,72.4,67.1,70.5,0,0
20140721,70.5,70.5,70.5,70.5,0,0
20140722,69.8,69.8,64.6,67.8,0,0
20140723,68.3,68.3,68.3,68.3,0,0
20140725,69,81.7,69,79.3,0,0
20140728,77.8,77.8,77.8,77.8,0,0
20140729,75.6,75.6,72,72,0,0
20140730,72,72,67.1,67.1,0,0
20140731,67.8,68.3,67.8,68.3,0,0
20140801,68.3,70.7,68.3,70.7,0,0
20140804,73.2,73.2,67.6,69,0,0
20140805,69,72.9,67.6,69,0,0
20140806,67.3,69.3,67.3,69.3,0,0
20140808,69.3,70.7,69.3,70.7,0,0
20140813,70.7,76.3,70.7,71.7,0,0
20140814,71.5,71.5,66.3,66.4,0,0
20140818,66.3,68.3,66.3,68.3,0,0
20140821,67.1,67.6,64.9,67.6,0,0
20140822,68.8,70,68.8,70,0,0
20140826,70.2,70.2,61,61,0,0
20140827,61.2,65.9,61.2,65.9,0,0
20140828,64.9,71.6,64.9,71.6,0,0
20140829,71.5,71.5,57.3,63.3,0,0
20140901,63.3,63.3,63.3,63.3,0,0
20140902,64.4,64.4,64.3,64.3,0,0
20140903,69.9,70,69.9,70,0,0
20140904,71.4,71.7,69.7,69.7,0,0
20140905,69.6,72.1,69.6,72.1,0,0
20140908,71.5,71.5,68.5,68.9,0,0
20140909,69.9,72.7,69.9,72.7,0,0
20140910,72.8,73.6,68.7,73.5,0,0
20140911,70.6,71.2,70,70,0,0
20140912,72.5,72.5,69.4,69.4,0,0
20140916,69.9,73.5,69.9,73.5,0,0
20140917,73.6,80.6,73.6,76.7,0,0
20140918,76.6,79.8,73.7,77.2,0,0
20140919,75.8,75.8,73.9,74,0,0
20140922,75.3,75.3,69.4,69.4,0,0
20140923,70.2,72.7,70.2,72.7,0,0
20140925,71.7,71.7,71.6,71.6,0,0
20140926,69.9,74.3,69.6,74.3,0,0
20140929,74.4,74.4,74.3,74.3,0,0
20140930,74.4,74.7,74.4,74.6,0,0
20141001,74.7,76.3,74.7,76.2,0,0
20141002,74.7,74.7,74.6,74.6,0,0
20141003,74.7,83.3,74.7,79.4,0,0
20141006,80.1,80.1,76.1,76.2,0,0
20141007,76,76,72.7,72.7,0,0
20141008,71.7,71.7,70.3,70.3,0,0
20141009,70.1,75.2,70.1,75.1,0,0
20141010,75.5,75.5,75.3,75.4,0,0
20141013,77.6,77.6,74.1,76.2,0,0
20141014,76.3,77.1,76.3,77,0,0
20141015,77.1,77.1,74.4,76.7,0,0
20141016,76.6,76.6,75.3,75.4,0,0
20141017,74.4,74.4,72.9,72.9,0,0
20141020,72.8,72.9,72.8,72.9,0,0
20141021,74.2,76.7,72.6,76.7,0,0
20141022,76.6,76.6,72.3,74,0,0
20141023,75.8,75.8,75.5,75.5,0,0
20141024,74.2,74.2,71.2,72.3,0,0
20141027,73.9,74,73.9,74,0,0
20141029,76.3,76.3,71.2,73.1,0,0
20141030,73.4,73.5,73.4,73.5,0,0
20141031,72.8,80.1,72.8,75.4,0,0
20141103,75.5,75.5,75.4,75.4,0,0
20141104,75.5,75.5,75.4,75.4,0,0
20141106,74.1,74.1,73,74,0,0
20141107,73.9,74,73.9,74,0,0
20141110,73.9,74,73.9,74,0,0
20141112,73.9,73.9,71.2,71.3,0,0
20141113,73.7,74,73.7,74,0,0
20141114,73.9,74,73.9,74,0,0
20141117,73.4,73.5,73.4,73.5,0,0
20141118,74.1,74.1,74,74,0,0
20141119,73.9,73.9,72.6,72.7,0,0
20141120,72.8,73.6,72.8,73.5,0,0
20141121,74.1,74.1,74,74,0,0
20141124,73.9,74,73.9,74,0,0
20141125,73.9,74,73.9,74,0,0
20141126,71.5,71.5,69.9,70,0,0
20141127,70.4,70.4,70.4,70.4,0,0
