Date,Open,High,Low,Close,Volume,OpenInt
20101223,2.63,2.63,2.63,2.63,0,0
20101227,3.15,3.77,2.72,3.77,0,0
20101228,3.73,3.73,3.01,3.01,0,0
20101229,3.15,3.25,2.67,3.21,0,0
20101230,3.14,3.37,2.81,3.18,0,0
20101231,3.31,3.67,3.1,3.67,0,0
20110103,3.37,3.63,3.06,3.34,0,0
20110104,3.28,3.28,2.78,3.1,0,0
20110105,2.91,2.91,2.63,2.77,0,0
20110107,2.64,2.82,2.64,2.7,0,0
20110110,2.72,2.72,2.66,2.66,0,0
20110111,2.66,2.85,2.66,2.85,0,0
20110112,2.91,3.15,2.68,3.05,0,0
20110113,3.15,3.15,2.86,2.96,0,0
20110114,3.1,3.27,2.81,3.16,0,0
20110117,3.16,3.29,2.97,3.16,0,0
20110118,3.04,3.16,3.04,3.16,0,0
20110119,3.14,3.16,3.04,3.11,0,0
20110120,3.14,3.14,2.91,3.04,0,0
20110121,3.04,3.1,2.91,3.06,0,0
20110124,3.06,3.14,3.01,3.01,0,0
20110125,3.14,3.16,3.1,3.16,0,0
20110126,3.19,3.19,3.05,3.16,0,0
20110127,3.16,3.43,3.16,3.43,0,0
20110128,3.29,3.29,3.29,3.29,0,0
20110131,3.14,3.14,2.95,3.04,0,0
20110201,3.16,3.29,2.91,2.92,0,0
20110202,2.92,3.04,2.9,3.02,0,0
20110203,3.02,3.02,2.78,2.78,0,0
20110204,2.77,2.91,2.66,2.9,0,0
20110207,2.77,3.02,2.77,3.02,0,0
20110208,3.02,3.02,2.66,2.78,0,0
20110209,2.67,2.68,2.61,2.66,0,0
20110210,2.63,2.68,2.53,2.68,0,0
20110211,2.68,2.78,2.68,2.78,0,0
20110214,2.66,2.95,2.66,2.82,0,0
20110215,2.73,2.75,2.63,2.75,0,0
20110216,2.63,2.73,2.12,2.12,0,0
20110217,2.02,2.05,2,2.04,0,0
20110218,2.1,2.2,2.04,2.13,0,0
20110221,2.1,2.19,2.1,2.19,0,0
20110222,2.2,2.24,2.15,2.24,0,0
20110223,2.26,2.35,2.16,2.35,0,0
20110224,2.34,2.52,2.32,2.52,0,0
20110225,2.5,2.6,2.5,2.6,0,0
20110228,2.59,2.65,2.56,2.6,0,0
20110301,2.6,2.65,2.5,2.53,0,0
20110302,2.53,2.65,2.53,2.64,0,0
20110303,2.63,2.65,2.51,2.61,0,0
20110304,2.61,2.61,2.51,2.58,0,0
20110307,2.5,2.6,2.2,2.45,0,0
20110308,2.38,2.45,2.38,2.45,0,0
20110309,2.49,2.5,2.46,2.46,0,0
20110310,2.37,2.45,2.28,2.36,0,0
20110311,2.39,2.39,2.37,2.37,0,0
20110314,2.37,2.37,2.37,2.37,0,0
20110315,2.38,2.44,2.19,2.44,0,0
20110316,2.42,2.42,2.42,2.42,0,0
20110317,2.42,2.49,2.24,2.49,0,0
20110318,2.49,2.5,2.33,2.49,0,0
20110321,2.5,2.5,2.4,2.4,0,0
20110322,2.4,2.49,2.29,2.32,0,0
20110323,2.3,2.45,2.3,2.45,0,0
20110324,2.5,2.52,2.38,2.48,0,0
20110325,2.45,2.45,2.32,2.42,0,0
20110328,2.42,2.46,2.32,2.46,0,0
20110329,2.3,2.44,2.3,2.44,0,0
20110330,2.42,2.42,2.37,2.37,0,0
20110331,2.28,2.37,2.01,2.01,0,0
20110401,2.09,2.17,2.07,2.13,0,0
20110404,2.16,2.18,2.16,2.16,0,0
20110405,2.16,2.16,2,2.07,0,0
20110406,2.12,2.12,1.99,2.06,0,0
20110407,2.09,2.09,2.06,2.09,0,0
20110408,2.1,2.1,2,2.05,0,0
20110411,2.05,2.05,2.05,2.05,0,0
20110412,1.99,1.99,1.9,1.91,0,0
20110413,1.9,1.91,1.9,1.91,0,0
20110414,1.9,1.95,1.9,1.95,0,0
20110415,1.94,1.95,1.94,1.94,0,0
20110418,1.93,1.94,1.88,1.94,0,0
20110419,1.94,1.95,1.94,1.94,0,0
20110420,1.91,1.95,1.87,1.93,0,0
20110421,1.92,1.95,1.86,1.89,0,0
20110426,1.89,1.93,1.87,1.92,0,0
20110427,1.85,1.88,1.85,1.88,0,0
20110428,1.88,1.89,1.88,1.89,0,0
20110429,1.88,1.9,1.88,1.89,0,0
20110502,1.9,1.9,1.84,1.88,0,0
20110504,1.88,1.88,1.88,1.88,0,0
20110505,1.88,1.88,1.8,1.8,0,0
20110506,1.8,1.8,1.74,1.74,0,0
20110509,1.67,1.81,1.67,1.81,0,0
20110510,1.81,1.81,1.8,1.8,0,0
20110511,1.84,1.84,1.81,1.81,0,0
20110512,1.81,1.81,1.8,1.8,0,0
20110513,1.77,1.77,1.7,1.76,0,0
20110516,1.72,1.72,1.7,1.71,0,0
20110517,1.7,1.7,1.59,1.59,0,0
20110518,1.6,1.6,1.59,1.59,0,0
20110519,1.59,1.66,1.59,1.62,0,0
20110520,1.65,1.71,1.64,1.7,0,0
20110523,1.75,1.77,1.73,1.73,0,0
20110524,1.75,1.81,1.75,1.75,0,0
20110525,1.73,1.73,1.71,1.71,0,0
20110526,1.71,1.71,1.54,1.71,0,0
20110527,1.74,1.74,1.71,1.73,0,0
20110530,1.69,1.95,1.69,1.76,0,0
20110531,1.72,1.82,1.72,1.82,0,0
20110601,1.89,1.9,1.89,1.9,0,0
20110602,1.83,1.83,1.8,1.8,0,0
20110603,1.81,1.81,1.71,1.71,0,0
20110606,1.69,1.7,1.59,1.59,0,0
20110607,1.62,1.69,1.62,1.66,0,0
20110608,1.71,1.71,1.7,1.7,0,0
20110609,1.71,1.79,1.71,1.78,0,0
20110610,1.7,1.9,1.7,1.74,0,0
20110613,1.81,1.85,1.58,1.7,0,0
20110614,1.67,1.7,1.67,1.7,0,0
20110615,1.7,1.71,1.58,1.66,0,0
20110616,1.68,1.73,1.63,1.65,0,0
20110617,1.61,1.72,1.61,1.7,0,0
20110620,1.68,1.73,1.68,1.73,0,0
20110621,1.72,1.79,1.72,1.75,0,0
20110622,1.75,1.8,1.75,1.75,0,0
20110624,1.79,1.8,1.79,1.8,0,0
20110627,1.8,2.12,1.8,2,0,0
20110628,1.95,2,1.9,1.9,0,0
20110629,1.9,1.9,1.8,1.8,0,0
20110630,1.84,2.09,1.78,2.04,0,0
20110701,1.99,1.99,1.86,1.89,0,0
20110704,1.91,1.98,1.89,1.9,0,0
20110705,1.9,1.9,1.88,1.88,0,0
20110706,1.88,1.91,1.82,1.89,0,0
20110707,1.89,1.89,1.89,1.89,0,0
20110708,1.9,1.99,1.9,1.92,0,0
20110711,1.96,1.99,1.84,1.92,0,0
20110712,1.95,1.97,1.85,1.88,0,0
20110713,1.89,1.89,1.86,1.86,0,0
20110714,1.89,1.89,1.8,1.83,0,0
20110715,1.84,1.86,1.84,1.86,0,0
20110718,1.89,1.89,1.75,1.84,0,0
20110719,1.76,1.96,1.76,1.84,0,0
20110720,1.84,1.84,1.82,1.82,0,0
20110721,1.84,1.84,1.8,1.84,0,0
20110722,1.87,1.87,1.79,1.84,0,0
20110725,1.84,1.84,1.84,1.84,0,0
20110726,1.84,1.84,1.83,1.83,0,0
20110727,1.83,1.83,1.78,1.83,0,0
20110728,1.77,1.83,1.77,1.82,0,0
20110729,1.83,1.83,1.81,1.81,0,0
20110801,1.81,1.81,1.72,1.81,0,0
20110802,1.77,1.77,1.77,1.77,0,0
20110803,1.78,1.82,1.78,1.8,0,0
20110804,1.75,1.79,1.75,1.77,0,0
20110805,1.7,1.77,1.7,1.71,0,0
20110808,1.7,1.7,1.64,1.65,0,0
20110809,1.64,1.69,1.61,1.62,0,0
20110810,1.62,1.67,1.54,1.54,0,0
20110811,1.62,1.62,1.56,1.56,0,0
20110812,1.62,1.62,1.59,1.59,0,0
20110816,1.56,1.64,1.54,1.62,0,0
20110817,1.56,1.69,1.56,1.65,0,0
20110818,1.56,1.64,1.55,1.63,0,0
20110819,1.53,1.61,1.53,1.61,0,0
20110822,1.61,1.61,1.6,1.6,0,0
20110823,1.6,1.6,1.51,1.52,0,0
20110824,1.51,1.62,1.51,1.59,0,0
20110825,1.58,1.58,1.43,1.51,0,0
20110826,1.48,1.58,1.48,1.52,0,0
20110829,1.51,1.6,1.51,1.6,0,0
20110830,1.62,1.62,1.62,1.62,0,0
20110831,1.62,1.7,1.59,1.7,0,0
20110901,1.77,1.81,1.71,1.81,0,0
20110902,1.78,1.81,1.73,1.75,0,0
20110905,1.78,1.9,1.76,1.76,0,0
20110906,1.84,1.84,1.77,1.77,0,0
20110907,1.86,1.88,1.77,1.88,0,0
20110908,1.89,1.9,1.89,1.9,0,0
20110909,1.9,1.91,1.83,1.91,0,0
20110912,1.9,1.92,1.9,1.92,0,0
20110913,1.91,1.91,1.9,1.9,0,0
20110914,1.91,2.04,1.91,1.94,0,0
20110915,1.94,1.94,1.94,1.94,0,0
20110916,1.95,1.95,1.94,1.95,0,0
20110919,1.96,1.96,1.96,1.96,0,0
20110920,1.98,1.98,1.98,1.98,0,0
20110921,1.98,1.98,1.86,1.91,0,0
20110922,1.89,1.9,1.89,1.89,0,0
20110923,1.89,1.89,1.86,1.86,0,0
20110926,1.89,1.89,1.81,1.81,0,0
20110927,1.81,1.81,1.81,1.81,0,0
20110928,1.86,1.87,1.82,1.82,0,0
20110929,1.86,1.86,1.85,1.85,0,0
20110930,1.87,1.87,1.6,1.7,0,0
20111003,1.59,1.59,1.38,1.38,0,0
20111004,1.39,1.39,1.25,1.26,0,0
20111005,1.24,1.24,1.08,1.1,0,0
20111006,1.14,1.14,0.9,0.99,0,0
20111007,0.98,1.06,0.97,1.06,0,0
20111010,1.1,1.12,1.04,1.11,0,0
20111011,1.1,1.11,1.1,1.1,0,0
20111012,1.1,1.1,1.08,1.08,0,0
20111013,1.05,1.08,1.05,1.07,0,0
20111014,1.07,1.07,1.07,1.07,0,0
20111017,1.06,1.1,1.02,1.09,0,0
20111018,1.08,1.08,1.03,1.07,0,0
20111019,1.1,1.31,1.1,1.13,0,0
20111020,1.19,1.19,1.11,1.12,0,0
20111021,1.18,1.18,1.11,1.12,0,0
20111024,1.15,1.15,1.12,1.12,0,0
20111025,1.18,1.18,1.03,1.03,0,0
20111026,1.1,1.1,1.06,1.06,0,0
20111027,1.09,1.09,1.03,1.03,0,0
20111028,1.05,1.07,1.02,1.02,0,0
20111031,1.04,1.05,1.02,1.02,0,0
20111102,1.02,1.03,1.02,1.03,0,0
20111103,1.02,1.03,0.96,1.02,0,0
20111104,1.03,1.03,1.03,1.03,0,0
20111107,1.1,1.1,1.04,1.04,0,0
20111108,1.05,1.05,1.02,1.04,0,0
20111109,1.03,1.03,1.02,1.02,0,0
20111110,1.02,1.03,1.02,1.03,0,0
20111114,1.03,1.03,1.03,1.03,0,0
20111115,1.03,1.03,1.03,1.03,0,0
20111116,1.12,1.61,1.05,1.61,0,0
20111117,1.71,1.92,1.52,1.86,0,0
20111118,1.9,1.97,1.76,1.97,0,0
20111121,1.95,1.95,1.79,1.87,0,0
20111122,1.86,2.04,1.78,1.95,0,0
20111123,1.97,1.97,1.8,1.91,0,0
20111124,1.92,2.04,1.88,1.88,0,0
20111125,1.91,1.92,1.76,1.89,0,0
20111128,1.8,2.02,1.8,2.01,0,0
20111129,2.01,2.01,1.93,1.93,0,0
20111130,1.92,1.98,1.91,1.91,0,0
20111201,1.92,1.93,1.8,1.91,0,0
20111202,1.91,1.91,1.89,1.9,0,0
20111205,1.91,1.91,1.9,1.9,0,0
20111206,1.89,1.89,1.83,1.85,0,0
20111207,1.86,1.9,1.79,1.79,0,0
20111208,1.79,1.8,1.72,1.79,0,0
20111209,1.79,1.79,1.69,1.78,0,0
20111212,1.76,1.78,1.76,1.77,0,0
20111213,1.77,1.88,1.77,1.88,0,0
20111214,1.86,1.87,1.81,1.87,0,0
20111215,1.88,1.88,1.81,1.81,0,0
20111216,1.86,2.15,1.85,2.05,0,0
20111219,2.04,2.24,1.96,2.12,0,0
20111220,2.12,2.45,2.12,2.34,0,0
20111221,2.33,2.44,2.21,2.26,0,0
20111222,2.26,2.39,2.13,2.17,0,0
20111223,2.09,2.16,2.04,2.07,0,0
20111227,2.09,2.11,2.09,2.09,0,0
20111228,2.1,2.1,1.77,1.77,0,0
20111229,1.84,1.98,1.84,1.98,0,0
20111230,1.96,1.98,1.78,1.78,0,0
20120102,1.87,1.87,1.76,1.76,0,0
20120103,1.77,1.77,1.61,1.61,0,0
20120104,1.65,1.76,1.57,1.74,0,0
20120105,1.75,1.75,1.66,1.74,0,0
20120109,1.73,1.74,1.73,1.73,0,0
20120110,1.73,1.73,1.63,1.73,0,0
20120111,1.73,1.76,1.68,1.76,0,0
20120112,1.75,1.76,1.58,1.69,0,0
20120113,1.69,1.72,1.69,1.72,0,0
20120116,1.71,1.71,1.71,1.71,0,0
20120117,1.7,1.71,1.7,1.71,0,0
20120118,1.68,1.68,1.68,1.68,0,0
20120119,1.68,1.68,1.6,1.6,0,0
20120120,1.69,1.79,1.61,1.62,0,0
20120123,1.69,1.7,1.69,1.7,0,0
20120124,1.7,1.7,1.7,1.7,0,0
20120125,1.7,1.7,1.58,1.69,0,0
20120126,1.62,1.66,1.62,1.66,0,0
20120127,1.68,1.68,1.62,1.67,0,0
20120130,1.68,1.68,1.6,1.68,0,0
20120131,1.6,1.63,1.58,1.63,0,0
20120201,1.63,1.63,1.62,1.62,0,0
20120202,1.61,1.61,1.61,1.61,0,0
20120203,1.61,1.61,1.61,1.61,0,0
20120206,1.55,1.61,1.55,1.61,0,0
20120207,1.61,1.69,1.61,1.66,0,0
20120208,1.66,1.66,1.62,1.62,0,0
20120209,1.64,1.64,1.64,1.64,0,0
20120210,1.64,1.64,1.64,1.64,0,0
20120213,1.61,1.63,1.61,1.63,0,0
20120214,1.61,1.61,1.6,1.61,0,0
20120215,1.62,1.62,1.62,1.62,0,0
20120216,1.61,1.61,1.54,1.54,0,0
20120217,1.57,1.57,1.57,1.57,0,0
20120220,1.57,1.57,1.5,1.57,0,0
20120221,1.55,1.55,1.55,1.55,0,0
20120222,1.55,1.57,1.55,1.57,0,0
20120223,1.57,1.57,1.49,1.53,0,0
20120224,1.52,1.56,1.42,1.52,0,0
20120227,1.52,1.52,1.52,1.52,0,0
20120228,1.52,1.61,1.52,1.61,0,0
20120229,1.6,1.6,1.54,1.58,0,0
20120301,1.57,1.6,1.56,1.6,0,0
20120302,1.59,1.59,1.53,1.59,0,0
20120305,1.59,1.59,1.58,1.58,0,0
20120306,1.58,1.58,1.58,1.58,0,0
20120307,1.57,1.57,1.57,1.57,0,0
20120308,1.56,1.56,1.56,1.56,0,0
20120309,1.56,1.59,1.53,1.59,0,0
20120312,1.57,1.57,1.57,1.57,0,0
20120313,1.57,1.57,1.57,1.57,0,0
20120314,1.58,1.59,1.53,1.53,0,0
20120315,1.58,1.6,1.58,1.6,0,0
20120316,1.58,1.59,1.58,1.59,0,0
20120319,1.58,1.58,1.53,1.53,0,0
20120320,1.54,1.58,1.52,1.53,0,0
20120321,1.53,1.57,1.53,1.53,0,0
20120322,1.55,1.55,1.53,1.53,0,0
20120323,1.49,1.57,1.49,1.53,0,0
20120326,1.56,1.57,1.51,1.51,0,0
20120327,1.51,1.55,1.51,1.51,0,0
20120328,1.52,1.56,1.5,1.54,0,0
20120329,1.47,1.54,1.47,1.52,0,0
20120330,1.53,1.53,1.53,1.53,0,0
20120402,1.53,1.53,1.53,1.53,0,0
20120403,1.46,1.53,1.46,1.53,0,0
20120404,1.52,1.52,1.52,1.52,0,0
20120405,1.5,1.51,1.38,1.38,0,0
20120410,1.39,1.4,1.39,1.4,0,0
20120411,1.39,1.39,1.39,1.39,0,0
20120412,1.38,1.38,1.38,1.38,0,0
20120413,1.37,1.42,1.37,1.4,0,0
20120416,1.38,1.38,1.28,1.37,0,0
20120417,1.37,1.54,1.37,1.54,0,0
20120418,1.46,1.56,1.44,1.56,0,0
20120419,1.53,1.54,1.45,1.53,0,0
20120420,1.53,1.53,1.53,1.53,0,0
20120423,1.53,1.53,1.53,1.53,0,0
20120424,1.52,1.53,1.52,1.53,0,0
20120425,1.52,1.52,1.52,1.52,0,0
20120426,1.51,1.53,1.51,1.53,0,0
20120427,1.53,1.53,1.53,1.53,0,0
20120430,1.53,1.54,1.53,1.54,0,0
20120502,1.53,1.54,1.53,1.54,0,0
20120504,1.53,1.53,1.53,1.53,0,0
20120507,1.53,1.53,1.53,1.53,0,0
20120508,1.53,1.59,1.53,1.59,0,0
20120509,1.59,1.59,1.59,1.59,0,0
20120510,1.58,1.59,1.58,1.59,0,0
20120511,1.55,1.56,1.55,1.56,0,0
20120514,1.55,1.55,1.53,1.53,0,0
20120515,1.53,1.53,1.53,1.53,0,0
20120516,1.6,1.6,1.59,1.59,0,0
20120517,1.6,1.67,1.59,1.59,0,0
20120518,1.58,1.58,1.58,1.58,0,0
20120521,1.57,1.63,1.43,1.63,0,0
20120522,1.56,1.57,1.48,1.56,0,0
20120523,1.56,1.56,1.56,1.56,0,0
20120524,1.56,1.56,1.56,1.56,0,0
20120525,1.54,1.56,1.54,1.56,0,0
20120528,1.57,1.66,1.57,1.65,0,0
20120529,1.65,1.66,1.62,1.62,0,0
20120530,1.62,1.63,1.62,1.63,0,0
20120531,1.62,1.62,1.62,1.62,0,0
20120601,1.6,1.6,1.6,1.6,0,0
20120604,1.6,1.67,1.6,1.67,0,0
20120605,1.66,1.74,1.66,1.74,0,0
20120606,1.74,1.82,1.74,1.82,0,0
20120608,1.82,1.85,1.82,1.85,0,0
20120611,1.83,1.87,1.83,1.87,0,0
20120612,1.86,1.86,1.82,1.82,0,0
20120613,1.81,1.81,1.81,1.81,0,0
20120614,1.8,1.81,1.8,1.81,0,0
20120615,1.8,1.8,1.73,1.73,0,0
20120618,1.72,1.72,1.72,1.72,0,0
20120619,1.72,1.81,1.72,1.81,0,0
20120620,1.81,1.84,1.81,1.84,0,0
20120621,1.82,1.82,1.82,1.82,0,0
20120622,1.81,1.81,1.81,1.81,0,0
20120625,1.74,1.81,1.74,1.81,0,0
20120626,1.8,1.8,1.8,1.8,0,0
20120627,1.79,1.81,1.79,1.81,0,0
20120628,1.8,1.8,1.8,1.8,0,0
20120629,1.79,1.79,1.72,1.72,0,0
20120702,1.73,1.79,1.73,1.79,0,0
20120703,1.79,1.8,1.64,1.72,0,0
20120704,1.74,1.79,1.45,1.78,0,0
20120705,1.57,1.78,1.55,1.78,0,0
20120706,1.74,1.74,1.61,1.74,0,0
20120709,1.73,1.73,1.48,1.48,0,0
20120710,1.5,1.5,1.37,1.37,0,0
20120711,1.33,1.6,1.33,1.6,0,0
20120712,1.49,1.5,1.49,1.5,0,0
20120713,1.49,1.49,1.24,1.24,0,0
20120716,1.25,1.25,1.25,1.25,0,0
20120717,1.25,1.25,1.25,1.25,0,0
20120718,1.19,1.3,1.04,1.04,0,0
20120719,1.08,1.08,0.96,1.03,0,0
20120720,1.02,1.06,0.89,1.06,0,0
20120723,0.89,0.96,0.89,0.96,0,0
20120724,0.96,1.05,0.96,1.05,0,0
20120725,1.05,1.06,0.96,1.06,0,0
20120726,1.03,1.05,0.96,1.05,0,0
20120727,1.06,1.06,1.06,1.06,0,0
20120730,1.06,1.06,1.06,1.06,0,0
20120731,1.06,1.06,1.06,1.06,0,0
20120801,1.06,1.06,1.06,1.06,0,0
20120802,1.06,1.06,1.06,1.06,0,0
20120803,1.06,1.06,1.06,1.06,0,0
20120806,1.06,1.06,1.06,1.06,0,0
20120807,1.06,1.06,1.06,1.06,0,0
20120808,1.06,1.06,1.06,1.06,0,0
20120809,1.06,1.06,1.06,1.06,0,0
20120810,1.06,1.06,0.95,1.06,0,0
20120813,1.06,1.06,1.06,1.06,0,0
20120814,1.04,1.04,1.04,1.04,0,0
20120816,1.04,1.06,1.04,1.06,0,0
20120817,1.06,1.06,1.06,1.06,0,0
20120820,0.96,1.06,0.96,1.06,0,0
20120821,1.06,1.06,1.06,1.06,0,0
20120822,1.06,1.1,1.06,1.1,0,0
20120823,1.14,1.19,1.05,1.14,0,0
20120824,1.15,1.18,1.15,1.17,0,0
20120827,1.13,1.13,1.07,1.07,0,0
20120828,1.07,1.07,1.07,1.07,0,0
20120829,1.07,1.08,1.07,1.08,0,0
20120830,1.07,1.09,1.07,1.09,0,0
20120831,1.08,1.09,1.08,1.08,0,0
20120903,1.08,1.09,1.08,1.09,0,0
20120904,1.08,1.12,1.08,1.12,0,0
20120905,1.14,1.14,1.12,1.12,0,0
20120906,1.14,1.14,1.14,1.14,0,0
20120907,1.15,1.2,1.15,1.2,0,0
20120910,1.26,1.28,1.23,1.26,0,0
20120911,1.28,1.28,1.28,1.28,0,0
20120912,1.28,1.39,1.28,1.33,0,0
20120913,1.35,1.47,1.35,1.47,0,0
20120914,1.47,1.53,1.45,1.53,0,0
20120917,1.44,1.53,1.44,1.53,0,0
20120918,1.51,1.51,1.51,1.51,0,0
20120919,1.5,1.5,1.5,1.5,0,0
20120920,1.41,1.5,1.41,1.41,0,0
20120921,1.5,1.5,1.5,1.5,0,0
20120924,1.4,1.48,1.4,1.48,0,0
20120925,1.48,1.49,1.48,1.49,0,0
20120926,1.48,1.62,1.48,1.62,0,0
20120927,1.6,1.66,1.6,1.66,0,0
20120928,1.66,1.98,1.4,1.96,0,0
20121001,1.68,1.68,1.56,1.61,0,0
20121002,1.6,1.6,1.6,1.6,0,0
20121003,1.58,1.58,1.58,1.58,0,0
20121004,1.6,1.6,1.5,1.5,0,0
20121005,1.53,1.53,1.5,1.5,0,0
20121008,1.53,1.53,1.53,1.53,0,0
20121009,1.53,1.56,1.53,1.56,0,0
20121010,1.59,1.59,1.4,1.4,0,0
20121011,1.4,1.4,1.4,1.4,0,0
20121012,1.4,1.4,1.4,1.4,0,0
20121015,1.4,1.4,1.4,1.4,0,0
20121016,1.4,1.4,1.4,1.4,0,0
20121017,1.28,1.39,1.14,1.25,0,0
20121018,1.25,1.25,1.14,1.24,0,0
20121019,1.15,1.15,1.15,1.15,0,0
20121022,1.14,1.14,1.14,1.14,0,0
20121023,1.14,1.14,0.92,1.03,0,0
20121024,1.05,1.05,0.95,0.95,0,0
20121025,1.05,1.15,1.05,1.15,0,0
20121026,1.15,1.15,1.15,1.15,0,0
20121029,1.05,1.05,1.05,1.05,0,0
20121030,1.13,1.13,1.05,1.05,0,0
20121031,1.04,1.16,1.04,1.04,0,0
20121102,1.05,1.13,1.03,1.03,0,0
20121105,1.05,1.15,0.95,1.15,0,0
20121106,1.15,1.16,1.15,1.15,0,0
20121107,1.15,1.25,1.15,1.25,0,0
20121108,1.24,1.4,1.24,1.27,0,0
20121109,1.26,1.39,1.14,1.25,0,0
20121112,1.33,1.34,1.33,1.34,0,0
20121113,1.33,1.33,1.22,1.22,0,0
20121114,1.22,1.3,1.22,1.3,0,0
20121115,1.29,1.29,1.29,1.29,0,0
20121116,1.26,1.29,1.18,1.26,0,0
20121119,1.29,1.35,1.29,1.35,0,0
20121120,1.35,1.38,1.35,1.38,0,0
20121121,1.37,1.38,1.34,1.38,0,0
20121122,1.37,1.42,1.37,1.42,0,0
20121123,1.42,1.42,1.41,1.41,0,0
20121126,1.4,1.48,1.4,1.48,0,0
20121127,1.46,1.47,1.36,1.47,0,0
20121128,1.37,1.47,1.37,1.46,0,0
20121129,1.46,1.46,1.45,1.45,0,0
20121130,1.45,1.45,1.44,1.45,0,0
20121203,1.46,1.46,1.46,1.46,0,0
20121204,1.45,1.45,1.43,1.45,0,0
20121205,1.46,1.46,1.46,1.46,0,0
20121206,1.46,1.46,1.46,1.46,0,0
20121207,1.45,1.45,1.39,1.4,0,0
20121210,1.36,1.36,1.36,1.36,0,0
20121211,1.36,1.37,1.36,1.37,0,0
20121212,1.36,1.36,1.36,1.36,0,0
20121213,1.36,1.36,1.32,1.32,0,0
20121214,1.32,1.32,1.31,1.31,0,0
20121217,1.33,1.33,1.32,1.32,0,0
20121218,1.32,1.42,1.32,1.4,0,0
20121219,1.33,1.51,1.33,1.51,0,0
20121220,1.48,1.69,1.48,1.69,0,0
20121221,1.69,1.76,1.36,1.76,0,0
20121227,1.76,1.76,1.76,1.76,0,0
20121228,1.76,1.84,1.68,1.68,0,0
20130102,1.79,1.84,1.75,1.75,0,0
20130103,1.79,1.79,1.72,1.72,0,0
20130104,1.73,1.73,1.73,1.73,0,0
20130107,1.73,1.73,1.61,1.61,0,0
20130108,1.61,1.61,1.58,1.58,0,0
20130109,1.57,1.6,1.57,1.6,0,0
20130110,1.61,1.61,1.61,1.61,0,0
20130111,1.61,1.61,1.61,1.61,0,0
20130114,1.61,1.61,1.61,1.61,0,0
20130115,1.61,1.61,1.61,1.61,0,0
20130117,1.54,1.54,1.48,1.51,0,0
20130118,1.5,1.5,1.5,1.5,0,0
20130121,1.51,1.58,1.51,1.57,0,0
20130122,1.56,1.56,1.55,1.55,0,0
20130123,1.57,1.57,1.54,1.54,0,0
20130124,1.55,1.55,1.49,1.49,0,0
20130125,1.53,1.53,1.53,1.53,0,0
20130128,1.51,1.51,1.41,1.48,0,0
20130129,1.41,1.43,1.4,1.4,0,0
20130130,1.36,1.41,1.36,1.41,0,0
20130131,1.43,1.43,1.42,1.42,0,0
20130201,1.43,1.49,1.43,1.49,0,0
20130204,1.48,1.48,1.48,1.48,0,0
20130205,1.48,1.54,1.48,1.54,0,0
20130206,1.55,1.56,1.55,1.56,0,0
20130207,1.55,1.55,1.49,1.49,0,0
20130208,1.53,1.54,1.53,1.54,0,0
20130211,1.54,1.55,1.48,1.55,0,0
20130212,1.55,1.55,1.49,1.55,0,0
20130213,1.55,1.58,1.55,1.58,0,0
20130214,1.62,1.62,1.62,1.62,0,0
20130215,1.63,1.84,1.63,1.75,0,0
20130218,1.75,1.75,1.54,1.63,0,0
20130219,1.54,1.65,1.54,1.63,0,0
20130220,1.54,1.83,1.54,1.76,0,0
20130221,1.75,1.75,1.67,1.73,0,0
20130222,1.73,1.73,1.72,1.72,0,0
20130225,1.67,1.67,1.67,1.67,0,0
20130226,1.67,1.67,1.67,1.67,0,0
20130227,1.71,1.71,1.7,1.7,0,0
20130228,1.67,1.76,1.62,1.66,0,0
20130301,1.7,1.73,1.7,1.72,0,0
20130304,1.77,1.78,1.7,1.77,0,0
20130305,1.77,1.79,1.77,1.79,0,0
20130306,1.79,1.81,1.79,1.81,0,0
20130307,1.81,1.82,1.81,1.82,0,0
20130308,1.82,1.87,1.82,1.87,0,0
20130311,1.87,1.88,1.87,1.88,0,0
20130312,1.83,1.91,1.83,1.91,0,0
20130313,1.92,1.92,1.92,1.92,0,0
20130314,1.92,1.96,1.92,1.96,0,0
20130315,1.96,2.04,1.92,2.04,0,0
20130318,1.94,2.09,1.94,2.09,0,0
20130319,2.1,2.1,2.06,2.1,0,0
20130320,2.1,2.1,2.1,2.1,0,0
20130321,2.1,2.18,1.99,2.18,0,0
20130322,2.21,2.27,2.21,2.27,0,0
20130325,2.27,2.34,2.16,2.31,0,0
20130326,2.34,2.46,2.33,2.46,0,0
20130327,2.45,2.54,2.3,2.3,0,0
20130328,2.29,2.76,1.84,2.76,0,0
20130402,2.6,2.6,2.6,2.6,0,0
20130403,2.59,2.59,2.43,2.55,0,0
20130404,2.59,2.59,2.59,2.59,0,0
20130405,2.55,2.55,2.55,2.55,0,0
20130408,2.55,2.55,2.53,2.53,0,0
20130409,2.54,2.6,2.54,2.6,0,0
20130410,2.59,2.59,2.59,2.59,0,0
20130411,2.59,2.6,2.59,2.6,0,0
20130412,2.71,2.73,2.64,2.64,0,0
20130415,2.73,2.73,2.73,2.73,0,0
20130417,2.73,2.73,2.57,2.57,0,0
20130418,2.62,2.63,2.62,2.63,0,0
20130419,2.62,2.62,2.62,2.62,0,0
20130422,2.59,2.59,2.59,2.59,0,0
20130423,2.6,2.6,2.6,2.6,0,0
20130424,2.58,2.58,2.58,2.58,0,0
20130425,2.56,2.56,2.56,2.56,0,0
20130426,2.56,2.56,2.56,2.56,0,0
20130429,2.56,2.56,2.56,2.56,0,0
20130430,2.56,2.56,2.56,2.56,0,0
20130502,2.56,2.57,2.56,2.57,0,0
20130506,2.58,2.58,2.58,2.58,0,0
20130507,2.58,2.58,2.58,2.58,0,0
20130508,2.58,2.59,2.58,2.59,0,0
20130509,2.59,2.59,2.48,2.59,0,0
20130510,2.59,2.6,2.59,2.59,0,0
20130513,2.59,2.59,2.59,2.59,0,0
20130514,2.58,2.58,2.58,2.58,0,0
20130515,2.57,2.68,2.57,2.68,0,0
20130516,2.68,2.68,2.68,2.68,0,0
20130517,2.68,2.69,2.57,2.69,0,0
20130520,2.68,2.68,2.68,2.68,0,0
20130521,2.69,2.69,2.69,2.69,0,0
20130522,2.69,2.69,2.6,2.69,0,0
20130523,2.68,2.7,2.6,2.7,0,0
20130524,2.68,2.7,2.6,2.7,0,0
20130527,2.68,2.68,2.68,2.68,0,0
20130528,2.7,2.7,2.7,2.7,0,0
20130529,2.69,2.69,2.69,2.69,0,0
20130531,2.68,2.68,2.68,2.68,0,0
20130603,2.66,2.66,2.66,2.66,0,0
20130604,2.66,2.66,2.66,2.66,0,0
20130605,2.68,2.68,2.68,2.68,0,0
20130606,2.68,2.68,2.68,2.68,0,0
20130607,2.65,2.69,2.49,2.49,0,0
20130610,2.51,2.51,2.37,2.5,0,0
20130611,2.54,2.54,2.54,2.54,0,0
20130612,2.54,2.63,2.54,2.63,0,0
20130613,2.69,2.81,2.69,2.77,0,0
20130614,2.83,2.85,2.77,2.85,0,0
20130617,2.91,2.92,2.91,2.92,0,0
20130618,2.94,3,2.92,3,0,0
20130619,3,3.04,3,3.03,0,0
20130620,3.05,3.08,3.05,3.08,0,0
20130621,3.09,3.17,3.09,3.17,0,0
20130624,3.17,3.17,3.17,3.17,0,0
20130625,3.16,3.16,3.02,3.15,0,0
20130626,3.14,3.14,3.02,3.12,0,0
20130627,3.12,3.12,3.12,3.12,0,0
20130628,3.09,3.21,2.63,3.21,0,0
20130701,3.15,3.15,3.14,3.14,0,0
20130702,3.13,3.15,3.13,3.15,0,0
20130703,3.13,3.13,3.12,3.12,0,0
20130704,3.11,3.11,3.1,3.1,0,0
20130705,3.11,3.13,3.11,3.13,0,0
20130708,3.13,3.13,3.12,3.12,0,0
20130709,3.13,3.13,3.13,3.13,0,0
20130710,3.14,3.14,3.13,3.13,0,0
20130711,3.12,3.14,3.12,3.14,0,0
20130712,3.12,3.12,3.11,3.11,0,0
20130715,3.08,3.15,3.08,3.15,0,0
20130716,3.15,3.21,3.15,3.21,0,0
20130717,3.21,3.25,3.21,3.25,0,0
20130718,3.25,3.3,3.25,3.29,0,0
20130719,3.28,3.42,3.28,3.42,0,0
20130722,3.39,3.41,3.39,3.41,0,0
20130723,3.42,3.51,3.42,3.51,0,0
20130724,3.54,3.6,3.54,3.6,0,0
20130725,3.63,3.67,3.63,3.67,0,0
20130726,3.71,3.74,3.71,3.74,0,0
20130729,3.76,3.77,3.76,3.77,0,0
20130730,3.71,3.71,3.71,3.71,0,0
20130731,3.75,3.87,3.75,3.85,0,0
20130801,3.8,3.87,3.8,3.87,0,0
20130802,3.91,3.91,3.91,3.91,0,0
20130805,3.93,3.95,3.93,3.95,0,0
20130806,4.03,4.03,4.03,4.03,0,0
20130807,4.07,4.07,4.07,4.07,0,0
20130808,4.03,4.03,3.99,3.99,0,0
20130809,3.96,3.96,3.96,3.96,0,0
20130812,3.95,3.95,3.95,3.95,0,0
20130813,3.87,3.91,3.87,3.91,0,0
20130814,3.95,3.95,3.95,3.95,0,0
20130816,3.83,3.83,3.8,3.83,0,0
20130819,3.78,3.78,3.74,3.74,0,0
20130820,3.82,3.82,3.78,3.78,0,0
20130821,3.85,3.85,3.74,3.74,0,0
20130822,3.73,3.73,3.59,3.71,0,0
20130823,3.7,3.7,3.7,3.7,0,0
20130826,3.7,3.7,3.7,3.7,0,0
20130827,3.73,3.8,3.73,3.8,0,0
20130828,3.8,3.92,3.8,3.92,0,0
20130829,3.92,3.99,3.91,3.99,0,0
20130830,3.99,4.09,3.91,4.09,0,0
20130902,4.07,4.07,4.07,4.07,0,0
20130903,4.11,4.11,4.11,4.11,0,0
20130904,4.18,4.26,4.18,4.26,0,0
20130905,4.26,4.3,4.26,4.3,0,0
20130906,4.3,4.3,4.3,4.3,0,0
20130909,4.26,4.26,4.26,4.26,0,0
20130910,4.26,4.34,4.26,4.26,0,0
20130911,4.3,4.42,4.3,4.42,0,0
20130912,4.34,4.59,4.34,4.52,0,0
20130913,4.62,4.62,4.47,4.47,0,0
20130916,4.51,4.59,4.51,4.59,0,0
20130917,4.66,4.66,4.66,4.66,0,0
20130918,4.66,4.66,4.66,4.66,0,0
20130919,4.74,4.78,4.74,4.78,0,0
20130920,4.82,4.82,4.81,4.82,0,0
20130923,4.82,4.85,4.82,4.85,0,0
20130924,4.85,4.88,4.85,4.88,0,0
20130925,4.89,4.89,4.85,4.89,0,0
20130926,4.97,4.97,4.97,4.97,0,0
20130927,5.01,5.01,5,5,0,0
20130930,5.01,5.01,4.97,4.97,0,0
20131001,4.97,4.97,4.97,4.97,0,0
20131002,4.89,4.89,4.78,4.82,0,0
20131003,4.72,4.72,4.72,4.72,0,0
20131004,4.59,4.59,4.33,4.59,0,0
20131007,4.59,4.59,4.59,4.59,0,0
20131008,4.62,4.63,4.62,4.62,0,0
20131009,4.62,4.62,4.62,4.62,0,0
20131010,4.62,4.62,4.62,4.62,0,0
20131011,4.62,4.63,4.62,4.63,0,0
20131014,4.63,4.63,4.62,4.62,0,0
20131015,4.59,4.59,4.57,4.57,0,0
20131016,4.57,4.62,4.57,4.62,0,0
20131017,4.63,4.63,4.62,4.62,0,0
20131018,4.61,4.61,4.61,4.61,0,0
20131021,4.62,4.62,4.62,4.62,0,0
20131022,4.59,4.59,4.59,4.59,0,0
20131023,4.57,4.57,4.57,4.57,0,0
20131024,4.56,4.56,4.27,4.39,0,0
20131025,4.43,4.43,4.39,4.39,0,0
20131028,4.36,4.36,4.36,4.36,0,0
20131029,4.28,4.28,4.23,4.23,0,0
20131030,4.2,4.2,4.19,4.19,0,0
20131031,4.13,4.13,4.13,4.13,0,0
20131104,4.2,4.2,4.09,4.09,0,0
20131105,3.05,3.29,3.05,3.29,0,0
20131106,3.25,3.59,3.25,3.59,0,0
20131107,3.59,3.59,3.59,3.59,0,0
20131108,3.59,3.59,3.59,3.59,0,0
20131112,3.59,3.59,3.59,3.59,0,0
20131113,3.38,3.59,3.35,3.59,0,0
20131114,3.66,3.75,3.66,3.75,0,0
20131115,3.82,3.86,3.82,3.86,0,0
20131118,3.86,3.9,3.86,3.9,0,0
20131119,3.9,3.9,3.88,3.88,0,0
20131120,3.86,3.86,3.7,3.86,0,0
20131121,3.86,3.86,3.86,3.86,0,0
20131122,3.86,3.86,3.86,3.86,0,0
20131125,3.86,3.86,3.86,3.86,0,0
20131126,3.85,3.85,3.85,3.85,0,0
20131127,3.85,3.85,3.85,3.85,0,0
20131128,3.86,3.86,3.86,3.86,0,0
20131129,3.88,3.88,3.87,3.87,0,0
20131202,3.82,3.9,3.64,3.75,0,0
20131203,3.75,3.75,3.71,3.71,0,0
20131204,3.75,3.75,3.44,3.65,0,0
20131205,3.71,3.71,3.44,3.7,0,0
20131206,3.68,3.68,3.44,3.68,0,0
20131209,3.68,3.68,3.44,3.63,0,0
20131210,3.71,3.71,3.44,3.68,0,0
20131211,3.67,3.67,3.44,3.66,0,0
20131212,3.67,3.67,3.44,3.61,0,0
20131213,3.67,3.67,3.44,3.65,0,0
20131216,3.63,3.63,3.63,3.63,0,0
20131217,3.64,3.64,3.21,3.63,0,0
20131218,3.65,3.65,3.65,3.65,0,0
20131219,3.65,3.65,3.65,3.65,0,0
20131220,3.59,3.59,3.06,3.59,0,0
20131223,3.65,3.65,3.62,3.62,0,0
20131227,3.59,3.59,3.59,3.59,0,0
20131230,3.63,3.65,3.39,3.63,0,0
20140102,3.61,3.61,3.29,3.59,0,0
20140103,3.61,3.61,3.21,3.55,0,0
20140107,3.52,3.52,3.52,3.52,0,0
20140108,3.48,3.55,3.06,3.53,0,0
20140109,3.51,3.52,3.51,3.52,0,0
20140110,3.52,3.52,3.52,3.52,0,0
20140113,3.52,3.52,3.5,3.5,0,0
20140114,3.52,3.52,3.52,3.52,0,0
20140115,3.4,3.4,3.4,3.4,0,0
20140116,3.38,3.38,3.08,3.33,0,0
20140117,3.28,3.29,2.64,3.21,0,0
20140120,3.21,3.21,3.13,3.17,0,0
20140121,3.13,3.13,3.13,3.13,0,0
20140122,3.1,3.1,2.75,2.75,0,0
20140123,2.75,3.02,2.68,3.02,0,0
20140124,3,3.06,2.68,3.06,0,0
20140127,2.98,2.98,2.98,2.98,0,0
20140128,2.97,2.97,2.97,2.97,0,0
20140129,2.98,3.02,2.98,3.02,0,0
20140130,2.98,3.02,2.98,3.01,0,0
20140131,3.02,3.02,2.87,2.87,0,0
20140203,2.87,2.87,2.83,2.83,0,0
20140204,2.83,2.84,2.83,2.84,0,0
20140205,2.86,2.87,2.54,2.54,0,0
20140206,2.61,2.63,2.25,2.63,0,0
20140207,2.68,2.68,2.67,2.67,0,0
20140210,2.67,2.67,2.67,2.67,0,0
20140211,2.68,2.68,2.68,2.68,0,0
20140212,2.68,2.68,2.68,2.68,0,0
20140213,2.61,2.61,2.61,2.61,0,0
20140214,2.47,2.47,2.47,2.47,0,0
20140217,2.58,2.58,2.58,2.58,0,0
20140218,2.36,2.54,2.36,2.53,0,0
20140219,2.52,2.53,2.52,2.53,0,0
20140220,2.54,2.54,2.54,2.54,0,0
20140221,2.54,2.54,2.54,2.54,0,0
20140224,2.53,2.53,2.53,2.53,0,0
20140225,2.36,2.53,2.36,2.53,0,0
20140226,2.47,2.47,2.47,2.47,0,0
20140227,2.48,2.48,2.48,2.48,0,0
20140228,2.46,2.48,2.46,2.48,0,0
20140303,2.47,2.47,2.47,2.47,0,0
20140304,2.45,2.46,2.45,2.45,0,0
20140305,2.42,2.43,2.18,2.42,0,0
20140306,2.4,2.4,2.4,2.4,0,0
20140307,2.4,2.4,2.39,2.39,0,0
20140310,2.39,2.39,2.39,2.39,0,0
20140311,2.39,2.39,2.39,2.39,0,0
20140312,2.38,2.38,2.38,2.38,0,0
20140313,2.39,2.39,2.39,2.39,0,0
20140314,2.45,2.45,2.45,2.45,0,0
20140317,2.4,2.4,2.4,2.4,0,0
20140318,2.45,2.45,2.45,2.45,0,0
20140319,2.42,2.43,1.96,1.96,0,0
20140320,2.16,2.44,2.16,2.44,0,0
20140321,2.43,2.87,2.43,2.87,0,0
20140324,2.9,3.27,2.9,3.27,0,0
20140325,3.27,3.27,3.27,3.27,0,0
20140326,3.23,3.3,3.23,3.3,0,0
20140327,3.27,3.27,3.1,3.27,0,0
20140328,3.3,3.3,3.3,3.3,0,0
20140331,3.27,3.3,3.1,3.3,0,0
20140401,3.27,3.27,3.27,3.27,0,0
20140402,3.3,3.3,3.3,3.3,0,0
20140403,3.3,3.3,3.3,3.3,0,0
20140404,3.32,3.32,3.29,3.29,0,0
20140407,3.27,3.27,3.27,3.27,0,0
20140408,3.27,3.27,3.27,3.27,0,0
20140409,3.27,3.27,3.27,3.27,0,0
20140410,3.28,3.28,2.94,3.19,0,0
20140411,3.19,3.19,3.19,3.19,0,0
20140414,3.23,3.23,3.19,3.19,0,0
20140415,3.22,3.22,3.22,3.22,0,0
20140416,3.21,3.34,3.19,3.34,0,0
20140417,3.34,3.34,3.34,3.34,0,0
20140422,3.29,3.29,2.96,2.96,0,0
20140423,2.96,3.87,2.42,3.87,0,0
20140424,3.82,3.82,3.8,3.8,0,0
20140425,3.82,3.95,3.65,3.95,0,0
20140428,3.87,4.33,3.87,4.33,0,0
20140429,4.59,4.59,4.33,4.44,0,0
20140430,4.61,4.77,4.61,4.77,0,0
20140502,5.09,5.81,4.77,4.9,0,0
20140505,5.14,5.14,4.9,5.13,0,0
20140506,4.9,4.9,4.3,4.3,0,0
20140507,4.44,4.44,4.27,4.44,0,0
20140508,4.44,4.44,4.44,4.44,0,0
20140509,4.44,4.44,4.44,4.44,0,0
20140512,4.44,4.44,4.44,4.44,0,0
20140513,4.39,4.45,4.39,4.45,0,0
20140514,4.33,4.33,4.16,4.16,0,0
20140515,4.04,4.27,3.99,4.27,0,0
20140516,4.33,4.5,4.33,4.5,0,0
20140519,4.5,4.85,4.5,4.85,0,0
20140520,4.85,5.01,4.85,5.01,0,0
20140521,5.02,5.2,5.02,5.2,0,0
20140522,5.2,5.43,5.2,5.43,0,0
20140523,5.43,5.71,5.27,5.41,0,0
20140526,5.41,5.41,5.41,5.41,0,0
20140527,5.49,5.49,5.49,5.49,0,0
20140528,5.43,5.43,5.43,5.43,0,0
20140529,5.43,5.43,4.81,5.16,0,0
20140530,5.2,5.31,4.94,4.94,0,0
20140602,5.02,5.02,4.47,4.74,0,0
20140603,4.74,4.74,4.74,4.74,0,0
20140604,4.68,4.68,4.68,4.68,0,0
20140605,4.62,4.62,4.62,4.62,0,0
20140606,4.6,4.6,4.03,4.33,0,0
20140609,4.3,4.3,4.3,4.3,0,0
20140610,4.32,4.32,4.32,4.32,0,0
20140611,4.27,4.27,4.27,4.27,0,0
20140612,4.31,4.32,4.31,4.32,0,0
20140613,4.32,4.32,4.32,4.32,0,0
20140616,4.3,4.3,4.3,4.3,0,0
20140617,4.27,4.27,4.27,4.27,0,0
20140618,4.32,4.32,4.32,4.32,0,0
20140620,4.32,4.32,4.32,4.32,0,0
20140623,4.27,4.27,4.27,4.27,0,0
20140624,4.3,4.3,4.3,4.3,0,0
20140625,4.3,4.3,4.3,4.3,0,0
20140626,4.1,4.68,4.1,4.67,0,0
20140627,4.67,4.97,3.46,3.46,0,0
20140630,3.5,3.5,2.9,3.18,0,0
20140701,3.14,3.14,3.14,3.14,0,0
20140702,3.22,3.22,3.14,3.2,0,0
20140703,3.14,3.14,3.14,3.14,0,0
20140704,3.06,3.06,3.06,3.06,0,0
20140707,2.98,2.98,2.85,2.85,0,0
20140708,2.85,2.85,2.65,2.65,0,0
20140709,2.58,2.58,2.54,2.54,0,0
20140710,2.54,2.82,2.54,2.82,0,0
20140711,2.86,2.9,2.86,2.9,0,0
20140714,2.87,2.87,2.87,2.87,0,0
20140715,2.87,2.87,2.87,2.87,0,0
20140716,2.87,2.87,2.87,2.87,0,0
20140717,2.87,2.87,2.87,2.87,0,0
20140718,2.87,2.87,2.87,2.87,0,0
20140721,2.87,2.87,2.74,2.74,0,0
20140722,2.74,2.74,2.57,2.57,0,0
20140723,2.57,2.57,2.57,2.57,0,0
20140724,2.57,2.57,2.57,2.57,0,0
20140725,2.57,2.57,2.57,2.57,0,0
20140728,2.58,2.58,2.58,2.58,0,0
20140729,2.54,2.54,2.54,2.54,0,0
20140730,2.58,2.58,2.58,2.58,0,0
20140731,2.54,2.54,2.54,2.54,0,0
20140801,2.49,2.49,2.49,2.49,0,0
20140804,2.49,2.49,2.49,2.49,0,0
20140805,2.49,2.49,2.49,2.49,0,0
20140806,2.49,2.49,2.49,2.49,0,0
20140807,2.54,2.54,2.54,2.54,0,0
20140808,2.53,2.53,2.49,2.49,0,0
20140811,2.49,2.49,2.45,2.45,0,0
20140812,2.49,2.49,2.45,2.45,0,0
20140813,2.49,2.49,2.49,2.49,0,0
20140814,2.49,2.49,2.49,2.49,0,0
20140818,2.49,2.49,2.49,2.49,0,0
20140819,2.45,2.45,2.45,2.45,0,0
20140820,2.45,2.45,2.45,2.45,0,0
20140821,2.45,2.45,2.45,2.45,0,0
20140822,2.45,2.45,2.45,2.45,0,0
20140825,2.44,2.45,2.44,2.45,0,0
20140826,2.45,2.45,2.45,2.45,0,0
20140827,2.45,2.66,2.45,2.66,0,0
20140828,2.7,2.78,2.7,2.78,0,0
20140829,2.82,2.9,2.82,2.9,0,0
20140901,2.89,3.03,2.89,3.03,0,0
20140902,3.04,3.18,3.04,3.11,0,0
20140903,3.11,3.29,3.11,3.29,0,0
20140904,3.23,3.41,3.23,3.41,0,0
20140905,3.46,3.62,3.46,3.62,0,0
20140908,3.62,3.78,3.62,3.78,0,0
20140909,3.7,3.89,3.15,3.49,0,0
20140910,3.49,3.54,3.45,3.54,0,0
20140911,3.56,3.58,3.56,3.57,0,0
20140912,3.56,3.56,3.54,3.54,0,0
20140915,3.54,3.62,3.54,3.61,0,0
20140916,3.62,3.62,3.15,3.34,0,0
20140917,3.3,3.3,3.3,3.3,0,0
20140918,3.34,3.34,3.31,3.31,0,0
20140919,3.31,3.31,3.31,3.31,0,0
20140922,3.31,3.34,3.12,3.34,0,0
20140923,3.34,3.34,3.34,3.34,0,0
20140924,3.34,3.34,3.34,3.34,0,0
20140925,3.33,3.33,3.33,3.33,0,0
20140926,3.34,3.34,3.34,3.34,0,0
20140929,3.33,3.33,3.33,3.33,0,0
20140930,3.34,3.34,3.34,3.34,0,0
20141001,3.33,3.33,3.23,3.23,0,0
20141002,3.26,3.26,3.26,3.26,0,0
20141003,3.24,3.27,3.24,3.27,0,0
20141006,3.26,3.26,3.26,3.26,0,0
20141007,3.26,3.26,3.12,3.12,0,0
20141008,3.13,3.13,2.64,2.65,0,0
20141009,2.66,2.66,2.66,2.66,0,0
20141010,2.66,2.66,2.54,2.54,0,0
20141013,2.52,2.52,2.52,2.52,0,0
20141014,2.56,2.56,2.56,2.56,0,0
20141015,2.56,2.67,2.56,2.67,0,0
20141016,2.6,2.91,2.6,2.91,0,0
20141017,2.89,3.15,2.89,3.15,0,0
20141020,3.15,3.46,3.15,3.46,0,0
20141021,3.45,3.79,3.38,3.7,0,0
20141022,3.74,3.74,3.4,3.62,0,0
20141023,3.68,3.68,3.68,3.68,0,0
20141024,3.15,3.49,3.05,3.15,0,0
20141027,3.13,3.13,3.01,3.01,0,0
20141028,3.05,3.05,3.05,3.05,0,0
20141029,3.04,3.04,2.92,2.92,0,0
20141030,2.95,2.95,2.95,2.95,0,0
20141031,2.95,2.95,2.95,2.95,0,0
20141103,2.95,2.95,2.95,2.95,0,0
20141104,2.95,2.95,2.95,2.95,0,0
20141105,2.95,2.95,2.95,2.95,0,0
20141106,2.95,2.95,2.95,2.95,0,0
20141107,2.67,2.96,2.67,2.96,0,0
20141110,2.9,2.9,2.9,2.9,0,0
20141112,2.89,2.89,2.89,2.89,0,0
20141113,2.89,2.89,2.89,2.89,0,0
20141114,2.89,2.89,2.89,2.89,0,0
20141117,2.89,2.89,2.89,2.89,0,0
20141118,2.89,2.89,2.68,2.68,0,0
20141119,2.89,2.89,2.89,2.89,0,0
20141120,2.87,2.87,2.87,2.87,0,0
20141121,2.89,2.89,2.89,2.89,0,0
20141124,2.89,2.9,2.89,2.9,0,0
20141125,2.9,2.9,2.72,2.72,0,0
20141126,2.89,2.89,2.89,2.89,0,0
20141127,2.89,2.89,2.89,2.89,0,0
20141128,2.89,2.89,2.89,2.89,0,0
20141201,2.89,2.89,2.89,2.89,0,0
20141202,2.89,2.89,2.89,2.89,0,0
20141203,2.87,2.87,2.87,2.87,0,0
20141204,2.86,2.86,2.86,2.86,0,0
20141205,2.82,2.82,2.76,2.76,0,0
20141208,2.79,2.79,2.79,2.79,0,0
20141209,2.79,2.79,2.79,2.79,0,0
20141210,2.79,2.79,2.79,2.79,0,0
20141211,2.79,2.79,2.79,2.79,0,0
20141212,2.79,2.79,2.79,2.79,0,0
20141215,2.79,2.79,2.76,2.76,0,0
20141216,2.76,2.76,2.76,2.76,0,0
20141217,2.79,2.79,2.79,2.79,0,0
20141218,2.78,2.78,2.78,2.78,0,0
20141219,2.8,2.8,2.8,2.8,0,0
20141222,2.84,2.84,2.82,2.82,0,0
20141223,2.82,2.82,2.82,2.82,0,0
20141229,2.72,2.72,2.69,2.69,0,0
20141230,2.71,2.71,2.71,2.71,0,0
