Date,Open,High,Low,Close,Volume,OpenInt
20100218,11.54,11.54,11.54,11.54,0,0
20100219,10.38,11.54,9.23,10.38,0,0
20100222,9.23,10.38,9.23,9.23,0,0
20100223,10.38,10.38,9.23,9.23,0,0
20100224,9.23,10.38,9.23,9.23,0,0
20100225,9.23,10.38,9.23,9.23,0,0
20100226,9.23,10.38,9.23,9.23,0,0
20100301,9.23,9.23,8.08,9.23,0,0
20100302,8.08,9.23,8.08,9.23,0,0
20100303,9.23,9.23,8.08,8.08,0,0
20100304,9.23,10.38,9.23,9.23,0,0
20100305,10.38,10.38,9.23,9.23,0,0
20100308,8.08,10.38,8.08,9.23,0,0
20100309,9.23,9.23,8.08,9.23,0,0
20100310,9.23,9.23,8.08,9.23,0,0
20100311,9.23,9.23,8.08,8.08,0,0
20100312,8.08,9.23,8.08,9.23,0,0
20100315,8.08,9.23,8.08,8.08,0,0
20100316,8.08,9.23,8.08,9.23,0,0
20100317,8.08,9.23,8.08,9.23,0,0
20100318,8.08,9.23,8.08,8.08,0,0
20100319,8.08,8.08,8.08,8.08,0,0
20100322,8.08,9.23,8.08,8.08,0,0
20100323,8.08,9.23,8.08,8.08,0,0
20100324,8.08,9.23,8.08,9.23,0,0
20100325,8.08,9.23,8.08,9.23,0,0
20100326,8.08,9.23,8.08,8.08,0,0
20100329,8.08,9.23,8.08,8.08,0,0
20100330,8.08,8.08,8.08,8.08,0,0
20100331,8.08,8.08,6.92,8.08,0,0
20100401,8.08,8.08,6.92,6.92,0,0
20100406,8.08,8.08,8.08,8.08,0,0
20100407,8.08,8.08,8.08,8.08,0,0
20100408,8.08,8.08,8.08,8.08,0,0
20100409,8.08,8.08,8.08,8.08,0,0
20100412,8.08,8.08,6.92,6.92,0,0
20100413,8.08,8.08,6.92,8.08,0,0
20100414,8.08,8.08,8.08,8.08,0,0
20100415,8.08,8.08,6.92,8.08,0,0
20100416,8.08,8.08,6.92,8.08,0,0
20100419,8.08,8.08,6.92,6.92,0,0
20100420,8.08,8.08,6.92,8.08,0,0
20100421,6.92,8.08,6.92,6.92,0,0
20100422,6.92,6.92,6.92,6.92,0,0
20100423,6.92,6.92,6.92,6.92,0,0
20100426,6.92,6.92,6.92,6.92,0,0
20100427,5.77,8.08,5.77,8.08,0,0
20100428,6.92,6.92,6.92,6.92,0,0
20100429,6.92,6.92,5.77,6.92,0,0
20100430,6.92,6.92,6.92,6.92,0,0
20100504,6.92,6.92,6.92,6.92,0,0
20100505,8.08,8.08,6.92,6.92,0,0
20100507,5.77,6.92,5.77,6.92,0,0
20100510,5.77,5.77,4.61,5.77,0,0
20100511,4.61,5.77,4.61,5.77,0,0
20100512,4.61,5.77,4.61,5.77,0,0
20100513,5.77,5.77,4.61,4.61,0,0
20100514,4.61,4.61,4.61,4.61,0,0
20100517,4.61,5.77,4.61,5.77,0,0
20100518,4.61,5.77,4.61,5.77,0,0
20100519,5.77,5.77,3.94,3.94,0,0
20100520,4.93,4.93,3.94,4.93,0,0
20100521,4.93,4.93,3.94,3.94,0,0
20100524,3.94,3.94,3.94,3.94,0,0
20100525,3.94,3.94,3.94,3.94,0,0
20100526,3.94,4.93,3.94,4.93,0,0
20100527,3.94,3.94,3.94,3.94,0,0
20100528,3.94,3.94,3.94,3.94,0,0
20100531,3.94,4.93,3.94,4.93,0,0
20100601,3.94,3.94,3.94,3.94,0,0
20100602,3.94,3.94,3.94,3.94,0,0
20100604,3.94,3.94,3.94,3.94,0,0
20100607,3.94,3.94,3.94,3.94,0,0
20100608,3.94,3.94,3.94,3.94,0,0
20100609,3.94,3.94,2.96,3.94,0,0
20100610,3.94,3.94,3.94,3.94,0,0
20100611,3.94,3.94,2.96,3.94,0,0
20100614,2.96,2.96,2.96,2.96,0,0
20100615,2.96,2.96,2.96,2.96,0,0
20100616,2.96,2.96,2.96,2.96,0,0
20100617,2.96,2.96,1.97,1.97,0,0
20100618,1.97,1.97,1.97,1.97,0,0
20100621,1.97,1.97,1.97,1.97,0,0
20100622,1.97,2.96,1.97,1.97,0,0
20100623,1.97,1.97,1.97,1.97,0,0
20100624,1.97,1.97,1.97,1.97,0,0
20100625,1.97,1.97,1.97,1.97,0,0
20100628,2.96,2.96,2.96,2.96,0,0
20100629,2.96,2.96,2.96,2.96,0,0
20100630,2.96,2.96,2.96,2.96,0,0
20100701,1.97,2.96,1.97,2.96,0,0
20100702,2.96,2.96,1.97,2.96,0,0
20100705,1.97,2.96,1.97,2.96,0,0
20100706,2.96,2.96,2.96,2.96,0,0
20100707,2.96,2.96,1.97,2.96,0,0
20100708,1.97,2.96,1.97,1.97,0,0
20100709,1.97,2.96,1.97,1.97,0,0
20100712,1.97,2.96,1.97,2.96,0,0
20100713,2.96,2.96,2.96,2.96,0,0
20100714,2.96,2.96,2.96,2.96,0,0
20100715,2.96,2.96,2.96,2.96,0,0
20100716,2.96,2.96,1.97,2.96,0,0
20100719,2.96,2.96,2.96,2.96,0,0
20100720,2.96,2.96,2.96,2.96,0,0
20100721,2.96,2.96,2.96,2.96,0,0
20100722,2.96,2.96,2.96,2.96,0,0
20100723,2.96,2.96,2.96,2.96,0,0
20100726,2.96,2.96,2.96,2.96,0,0
20100727,2.96,2.96,2.96,2.96,0,0
20100728,2.96,3.05,1.97,3.05,0,0
20100729,3.05,3.05,2.03,3.05,0,0
20100730,3.05,3.05,3.05,3.05,0,0
20100802,3.05,3.05,3.05,3.05,0,0
20100803,3.05,4.07,3.05,3.05,0,0
20100804,4.07,5.08,4.07,4.07,0,0
20100805,4.07,4.07,4.07,4.07,0,0
20100806,4.07,4.07,4.07,4.07,0,0
20100809,4.07,4.07,4.07,4.07,0,0
20100810,4.07,4.07,4.07,4.07,0,0
20100811,4.07,4.07,4.07,4.07,0,0
20100812,4.07,5.08,4.07,5.08,0,0
20100813,5.08,7.13,4.07,7.13,0,0
20100816,5.7,7.13,5.7,7.13,0,0
20100817,7.13,7.13,5.7,7.13,0,0
20100818,7.13,7.13,5.7,7.13,0,0
20100819,7.13,7.13,5.7,5.7,0,0
20100820,5.7,5.7,5.7,5.7,0,0
20100823,5.7,7.13,5.7,7.13,0,0
20100824,7.13,7.13,5.7,7.13,0,0
20100825,5.7,7.13,5.7,7.13,0,0
20100826,7.13,7.13,5.7,7.13,0,0
20100827,5.7,7.13,5.7,5.7,0,0
20100830,5.7,7.13,5.7,5.7,0,0
20100831,5.7,5.7,5.7,5.7,0,0
20100901,5.7,5.7,5.7,5.7,0,0
20100902,5.7,5.7,5.7,5.7,0,0
20100903,5.7,5.7,5.7,5.7,0,0
20100906,5.7,5.7,5.7,5.7,0,0
20100907,7.13,7.13,5.7,7.13,0,0
20100908,7.13,7.13,5.7,5.7,0,0
20100909,5.7,5.7,5.7,5.7,0,0
20100910,5.7,5.7,5.7,5.7,0,0
20100913,5.7,5.7,5.7,5.7,0,0
20100914,5.7,7.13,5.7,5.7,0,0
20100915,5.7,5.7,5.7,5.7,0,0
20100916,5.7,7.13,5.7,5.7,0,0
20100917,5.7,7.13,5.7,7.13,0,0
20100920,7.13,8.56,5.7,8.56,0,0
20100921,8.56,9.98,8.56,8.56,0,0
20100922,8.56,9.98,7.13,9.98,0,0
20100923,9.98,9.98,8.56,8.56,0,0
20100924,8.56,8.56,7.13,7.13,0,0
20100927,8.56,8.56,7.13,7.13,0,0
20100928,7.13,7.13,5.7,7.13,0,0
20100929,7.13,7.13,5.7,7.13,0,0
20100930,7.13,7.13,5.7,7.13,0,0
20101001,5.7,7.13,5.7,7.13,0,0
20101004,7.13,7.13,5.7,7.13,0,0
20101005,7.13,7.13,5.7,7.13,0,0
20101006,7.13,7.13,5.7,7.13,0,0
20101007,5.7,7.13,5.7,7.13,0,0
20101008,5.7,7.13,5.7,7.13,0,0
20101011,7.13,8.56,7.13,7.13,0,0
20101012,8.56,8.56,7.13,8.56,0,0
20101013,7.13,8.56,7.13,8.56,0,0
20101014,7.13,8.56,7.13,8.56,0,0
20101015,7.13,7.13,7.13,7.13,0,0
20101018,7.13,8.56,7.13,8.56,0,0
20101019,7.13,8.56,7.13,7.13,0,0
20101020,7.13,8.56,7.13,8.56,0,0
20101021,7.13,8.56,7.13,7.13,0,0
20101022,7.13,8.56,7.13,8.56,0,0
20101025,8.56,8.56,7.13,8.56,0,0
20101026,7.13,8.56,7.13,8.56,0,0
20101027,8.56,9.98,8.56,8.56,0,0
20101028,8.56,9.98,8.56,9.98,0,0
20101029,11.41,12.83,9.98,9.98,0,0
20101102,11.41,11.41,9.98,11.41,0,0
20101103,11.41,11.41,9.98,11.41,0,0
20101104,11.41,12.83,11.41,11.41,0,0
20101105,11.41,14.26,11.41,14.26,0,0
20101108,14.26,14.26,12.83,14.26,0,0
20101109,14.26,14.26,12.83,12.83,0,0
20101110,14.26,14.26,12.83,14.26,0,0
20101112,14.26,17.47,12.83,17.47,0,0
20101115,17.47,20.22,15.73,20.22,0,0
20101116,20.22,22.46,20.22,22.46,0,0
20101117,22.46,24.71,22.46,24.71,0,0
20101118,24.71,24.71,22.46,24.71,0,0
20101119,22.46,24.71,22.46,24.71,0,0
20101122,22.46,22.46,20.22,20.22,0,0
20101123,22.46,22.46,20.22,22.46,0,0
20101124,22.46,22.46,20.22,20.22,0,0
20101125,20.22,22.46,20.22,22.46,0,0
20101126,20.22,22.46,20.22,22.46,0,0
20101129,20.22,22.46,20.22,20.22,0,0
20101130,22.46,22.46,17.97,20.22,0,0
20101201,20.22,22.46,20.22,22.46,0,0
20101202,22.46,24.71,20.22,22.46,0,0
20101203,22.46,24.71,22.46,22.46,0,0
20101206,22.46,22.46,20.22,22.46,0,0
20101207,22.46,22.46,20.22,22.46,0,0
20101208,22.46,22.46,20.22,22.46,0,0
20101209,22.46,22.46,17.97,22.46,0,0
20101210,20.22,22.46,20.22,22.46,0,0
20101213,20.22,22.46,20.22,20.22,0,0
20101214,22.46,22.46,17.97,22.46,0,0
20101215,20.22,22.46,20.22,22.46,0,0
20101216,20.22,22.46,20.22,22.46,0,0
20101217,20.22,22.46,20.22,22.46,0,0
20101220,22.46,22.46,17.97,17.97,0,0
20101221,20.22,20.22,17.97,20.22,0,0
20101222,17.97,20.22,17.97,20.22,0,0
20101223,20.22,20.22,17.97,17.97,0,0
20101227,17.97,20.22,17.97,17.97,0,0
20101228,20.22,22.46,20.22,22.46,0,0
20101229,20.22,20.22,17.97,17.97,0,0
20101230,20.22,20.22,20.22,20.22,0,0
20101231,20.22,20.22,17.97,17.97,0,0
20110103,20.22,20.22,20.22,20.22,0,0
20110104,20.22,20.22,17.97,17.97,0,0
20110105,20.22,20.22,17.97,20.22,0,0
20110107,20.22,20.22,17.97,20.22,0,0
20110110,20.22,20.22,17.97,20.22,0,0
20110111,20.22,20.22,20.22,20.22,0,0
20110112,20.22,20.22,20.22,20.22,0,0
20110113,20.22,20.22,17.97,20.22,0,0
20110114,20.22,20.22,17.97,20.22,0,0
20110117,20.22,20.22,17.97,20.22,0,0
20110118,17.97,20.22,17.97,20.22,0,0
20110119,20.22,20.22,17.97,20.22,0,0
20110120,20.22,20.22,17.97,17.97,0,0
20110121,17.97,17.97,15.72,17.97,0,0
20110124,17.97,20.22,17.97,20.22,0,0
20110125,20.22,20.22,20.22,20.22,0,0
20110126,17.97,17.97,17.97,17.97,0,0
20110127,17.97,17.97,15.72,17.97,0,0
20110128,17.97,17.97,17.97,17.97,0,0
20110131,15.72,15.72,15.72,15.72,0,0
20110201,15.72,17.97,15.72,17.97,0,0
20110202,17.97,17.97,17.97,17.97,0,0
20110203,15.72,17.97,15.72,17.97,0,0
20110204,15.72,20.15,15.72,20.15,0,0
20110207,17.63,20.15,17.63,20.15,0,0
20110208,17.63,20.15,17.63,20.15,0,0
20110209,20.15,20.15,17.63,20.15,0,0
20110210,17.63,20.15,17.63,20.15,0,0
20110211,17.63,20.15,17.63,20.15,0,0
20110214,20.15,20.15,17.63,20.15,0,0
20110215,17.63,20.15,17.63,17.63,0,0
20110216,17.63,20.15,15.3,15.3,0,0
20110217,15.3,15.3,13.39,15.3,0,0
20110218,15.3,15.3,15.3,15.3,0,0
20110221,13.39,15.3,13.39,15.3,0,0
20110222,15.3,15.3,13.39,15.3,0,0
20110223,15.3,17.21,13.39,17.21,0,0
20110224,17.21,19.13,17.21,19.13,0,0
20110225,17.21,19.13,17.21,19.13,0,0
20110228,19.13,22.95,19.13,22.95,0,0
20110301,22.95,24.86,22.95,22.95,0,0
20110302,22.95,22.95,21.04,22.95,0,0
20110303,21.04,21.04,19.13,21.04,0,0
20110304,21.04,24.86,21.04,22.95,0,0
20110307,22.95,26.78,22.95,24.86,0,0
20110308,24.86,26.78,24.86,26.78,0,0
20110309,26.78,26.78,24.86,26.78,0,0
20110310,24.86,28.69,24.86,28.69,0,0
20110311,28.69,30.6,28.69,30.6,0,0
20110314,30.6,32.52,30.6,30.6,0,0
20110315,30.6,32.52,28.69,30.6,0,0
20110316,32.52,32.52,28.69,28.69,0,0
20110317,28.69,30.6,28.69,30.6,0,0
20110318,28.69,28.69,28.69,28.69,0,0
20110321,30.6,30.6,28.69,28.69,0,0
20110322,26.78,28.69,26.78,28.69,0,0
20110323,26.78,28.69,26.78,28.69,0,0
20110324,28.69,28.69,26.78,28.69,0,0
20110325,28.69,28.69,26.78,28.69,0,0
20110328,28.69,30.6,26.78,28.69,0,0
20110329,26.78,28.69,26.78,28.69,0,0
20110330,28.69,30.6,28.69,30.6,0,0
20110331,30.6,30.6,28.69,30.6,0,0
20110401,30.6,30.6,28.69,30.6,0,0
20110404,30.6,30.6,28.69,28.69,0,0
20110405,28.69,30.6,28.69,28.69,0,0
20110406,28.69,30.6,28.69,28.69,0,0
20110407,28.69,30.6,28.69,30.6,0,0
20110408,30.6,30.6,30.6,30.6,0,0
20110411,30.6,30.6,28.69,30.6,0,0
20110412,28.69,30.6,28.69,30.6,0,0
20110413,28.69,32.52,28.69,30.6,0,0
20110414,32.52,32.52,30.6,30.6,0,0
20110415,28.69,32.52,28.69,32.52,0,0
20110418,30.6,32.52,30.6,32.52,0,0
20110419,30.6,30.6,30.6,30.6,0,0
20110420,28.69,32.52,28.69,32.52,0,0
20110421,30.6,30.6,30.6,30.6,0,0
20110426,30.6,30.6,30.6,30.6,0,0
20110427,30.6,32.52,30.6,32.52,0,0
20110428,32.52,32.52,30.6,32.52,0,0
20110429,32.52,32.52,30.6,32.52,0,0
20110502,32.52,32.52,30.6,32.52,0,0
20110504,30.6,32.52,30.6,32.52,0,0
20110505,30.6,30.6,30.6,30.6,0,0
20110506,30.6,32.52,30.6,32.52,0,0
20110509,30.6,32.52,30.6,32.52,0,0
20110510,32.52,32.52,32.52,32.52,0,0
20110511,30.6,30.6,30.6,30.6,0,0
20110512,30.6,30.6,28.69,30.6,0,0
20110513,30.6,30.6,30.6,30.6,0,0
20110516,30.6,30.6,28.69,28.69,0,0
20110518,30.6,30.6,30.6,30.6,0,0
20110519,30.6,30.6,28.69,30.6,0,0
20110520,30.6,30.6,25.79,25.79,0,0
20110523,25.79,25.79,25.79,25.79,0,0
20110524,25.79,25.79,25.79,25.79,0,0
20110525,25.79,25.79,25.79,25.79,0,0
20110526,25.79,25.79,25.79,25.79,0,0
20110527,25.79,25.79,24.18,25.79,0,0
20110530,25.79,25.79,25.79,25.79,0,0
20110531,25.79,25.79,25.79,25.79,0,0
20110601,24.18,25.79,24.18,25.79,0,0
20110602,24.18,24.18,22.57,24.18,0,0
20110603,24.18,24.18,24.18,24.18,0,0
20110606,24.18,25.79,24.18,25.79,0,0
20110607,25.79,25.79,25.79,25.79,0,0
20110608,24.18,25.79,24.18,25.79,0,0
20110609,25.79,25.79,24.18,25.79,0,0
20110610,24.18,25.79,24.18,25.79,0,0
20110613,24.18,25.79,24.18,25.79,0,0
20110615,25.79,25.79,25.79,25.79,0,0
20110616,24.18,25.79,24.18,25.79,0,0
20110617,25.79,25.79,25.79,25.79,0,0
20110620,24.18,25.79,24.18,25.79,0,0
20110621,25.79,25.79,24.18,25.79,0,0
20110622,25.79,25.79,25.79,25.79,0,0
20110624,24.18,25.79,24.18,25.79,0,0
20110627,24.18,24.18,22.57,24.18,0,0
20110628,24.18,24.18,24.18,24.18,0,0
20110629,24.18,24.18,24.18,24.18,0,0
20110630,24.18,24.18,22.57,24.18,0,0
20110701,24.18,25.79,24.18,25.79,0,0
20110704,25.79,25.79,25.79,25.79,0,0
20110705,24.18,25.79,24.18,25.79,0,0
20110706,24.18,24.18,24.18,24.18,0,0
20110707,24.18,24.18,24.18,24.18,0,0
20110708,24.18,24.18,24.18,24.18,0,0
20110711,22.57,24.18,22.57,24.18,0,0
20110712,24.18,25.79,22.57,25.79,0,0
20110713,25.79,25.79,24.18,25.79,0,0
20110714,24.18,25.79,24.18,25.79,0,0
20110715,25.79,25.79,24.18,24.18,0,0
20110718,22.57,24.18,22.57,24.18,0,0
20110719,24.18,24.18,24.18,24.18,0,0
20110720,22.57,25.79,22.57,25.79,0,0
20110721,25.79,25.79,24.18,24.18,0,0
20110722,24.18,24.18,24.18,24.18,0,0
20110725,24.18,25.79,24.18,25.79,0,0
20110726,24.18,25.79,24.18,24.18,0,0
20110727,24.18,24.18,24.18,24.18,0,0
20110728,24.18,25.79,24.18,25.79,0,0
20110729,25.79,25.79,24.18,25.79,0,0
20110801,25.79,25.79,24.18,25.79,0,0
20110802,25.79,25.79,24.18,25.79,0,0
20110803,24.18,24.18,22.57,22.57,0,0
20110804,24.18,24.18,22.57,22.57,0,0
20110805,22.57,24.18,22.57,24.18,0,0
20110808,22.57,22.57,20.96,22.57,0,0
20110809,20.96,22.57,19.35,20.96,0,0
20110810,20.96,20.96,20.96,20.96,0,0
20110811,20.96,20.96,19.35,20.96,0,0
20110812,19.35,20.96,19.35,20.96,0,0
20110816,20.96,20.96,19.35,20.96,0,0
20110817,20.96,22.85,20.96,22.85,0,0
20110818,22.85,22.85,21.09,21.09,0,0
20110819,21.09,22.85,21.09,22.85,0,0
20110822,22.85,22.85,21.09,22.85,0,0
20110823,22.85,22.85,22.85,22.85,0,0
20110824,22.85,22.85,22.85,22.85,0,0
20110825,22.85,22.85,22.85,22.85,0,0
20110826,22.85,22.85,21.09,22.85,0,0
20110829,22.85,22.85,21.09,22.85,0,0
20110830,22.85,22.85,19.33,22.85,0,0
20110831,22.85,22.85,21.09,22.85,0,0
20110901,22.85,22.85,21.09,22.85,0,0
20110902,22.85,22.85,21.09,22.85,0,0
20110905,22.85,22.85,21.09,22.85,0,0
20110906,22.85,22.85,19.33,21.09,0,0
20110907,21.09,21.09,19.33,21.09,0,0
20110908,22.85,22.85,22.85,22.85,0,0
20110909,22.85,24.07,21.09,24.07,0,0
20110912,24.07,24.07,20.36,22.21,0,0
20110913,22.21,22.21,20.36,22.21,0,0
20110914,22.21,22.21,20.36,22.21,0,0
20110915,22.21,22.21,22.21,22.21,0,0
20110916,22.21,22.21,18.51,22.21,0,0
20110919,22.21,22.21,20.36,22.21,0,0
20110920,22.21,22.21,20.36,22.21,0,0
20110921,22.21,22.21,22.21,22.21,0,0
20110922,22.21,22.21,20.36,20.36,0,0
20110923,20.36,20.36,18.51,20.36,0,0
20110926,20.36,20.36,18.51,20.36,0,0
20110927,20.36,20.36,20.36,20.36,0,0
20110928,20.36,20.36,20.36,20.36,0,0
20110929,20.36,20.36,20.36,20.36,0,0
20110930,22.21,22.21,18.51,20.36,0,0
20111003,20.36,20.36,18.51,20.36,0,0
20111004,20.36,20.36,20.36,20.36,0,0
20111005,20.36,20.36,16.66,16.66,0,0
20111006,16.66,18.51,16.66,18.51,0,0
20111007,18.51,18.51,16.66,18.51,0,0
20111010,18.51,18.51,14.81,16.66,0,0
20111011,16.66,16.66,14.81,16.66,0,0
20111012,16.66,16.66,14.81,16.66,0,0
20111013,16.66,16.66,14.81,16.66,0,0
20111014,16.66,16.66,14.81,16.66,0,0
20111017,16.66,16.66,16.66,16.66,0,0
20111018,16.66,16.66,16.66,16.66,0,0
20111019,16.66,16.66,16.66,16.66,0,0
20111020,16.66,16.66,16.66,16.66,0,0
20111021,16.66,16.66,16.66,16.66,0,0
20111024,16.66,16.66,14.81,16.66,0,0
20111025,16.66,16.66,14.81,16.66,0,0
20111026,18.51,22.21,18.51,20.36,0,0
20111027,22.21,24.07,20.36,24.07,0,0
20111028,24.07,24.07,24.07,24.07,0,0
20111031,24.07,24.07,22.21,24.07,0,0
20111102,22.21,22.21,20.36,22.21,0,0
20111103,22.21,22.21,20.36,22.21,0,0
20111104,22.21,22.21,20.36,22.21,0,0
20111107,22.21,22.21,20.36,22.21,0,0
20111108,22.21,22.21,20.36,22.21,0,0
20111109,22.21,22.21,18.51,22.21,0,0
20111110,22.21,22.21,20.36,22.21,0,0
20111114,22.21,22.21,20.36,20.36,0,0
20111115,22.21,22.21,18.51,22.21,0,0
20111116,22.21,22.21,22.21,22.21,0,0
20111117,22.21,22.21,20.36,20.36,0,0
20111118,22.21,22.21,18.51,18.51,0,0
20111121,20.36,20.36,18.51,18.51,0,0
20111122,18.51,18.51,16.66,18.12,0,0
20111123,18.12,18.12,16.3,18.12,0,0
20111124,18.12,18.12,18.12,18.12,0,0
20111125,18.12,18.12,16.3,18.12,0,0
20111128,19.93,21.74,19.93,21.74,0,0
20111129,21.74,25.36,21.74,23.55,0,0
20111130,21.74,23.55,21.74,23.55,0,0
20111201,23.55,23.55,21.74,23.55,0,0
20111202,23.55,23.55,23.55,23.55,0,0
20111205,23.55,23.55,21.74,23.55,0,0
20111206,23.55,23.55,19.93,21.74,0,0
20111207,19.93,21.74,19.93,21.74,0,0
20111208,21.74,21.74,19.93,21.74,0,0
20111209,21.74,21.74,18.12,19.93,0,0
20111212,19.93,21.74,18.12,21.74,0,0
20111213,21.74,21.74,21.74,21.74,0,0
20111214,21.74,23.55,21.74,23.55,0,0
20111215,23.55,23.55,23.55,23.55,0,0
20111216,23.55,25.36,23.55,25.36,0,0
20111219,23.55,25.36,23.55,25.36,0,0
20111220,23.55,25.36,23.55,25.36,0,0
20111221,23.55,25.36,23.55,25.36,0,0
20111222,25.36,25.36,23.55,25.36,0,0
20111223,25.36,25.36,25.36,25.36,0,0
20111227,25.36,25.36,23.55,25.36,0,0
20111228,25.36,25.36,21.74,23.55,0,0
20111229,23.55,25.36,23.55,23.55,0,0
20111230,25.36,25.36,25.36,25.36,0,0
20120102,23.55,23.55,23.55,23.55,0,0
20120103,23.55,23.55,23.55,23.55,0,0
20120104,25.36,25.36,23.55,25.36,0,0
20120105,25.36,25.36,23.55,25.36,0,0
20120109,25.36,25.36,23.55,25.36,0,0
20120110,25.36,25.36,23.55,23.55,0,0
20120111,23.55,23.55,21.74,23.55,0,0
20120112,23.55,25.36,23.55,25.36,0,0
20120113,25.36,25.36,23.55,23.55,0,0
20120116,23.55,23.55,23.55,23.55,0,0
20120117,23.55,25.36,21.74,25.36,0,0
20120118,25.36,25.36,23.55,25.36,0,0
20120119,25.36,25.36,23.55,25.36,0,0
20120120,25.36,25.36,23.55,23.55,0,0
20120123,25.36,25.36,21.74,21.74,0,0
20120124,21.74,23.55,21.74,23.55,0,0
20120125,23.55,25.36,23.55,25.36,0,0
20120126,25.36,25.36,23.55,25.36,0,0
20120127,25.36,25.36,25.36,25.36,0,0
20120130,25.36,25.36,23.55,25.36,0,0
20120131,25.36,25.36,23.55,25.36,0,0
20120201,25.36,25.36,23.55,25.36,0,0
20120202,25.36,25.36,23.55,25.36,0,0
20120203,25.36,25.36,23.55,25.36,0,0
20120206,23.55,23.55,21.74,23.55,0,0
20120207,23.55,23.55,23.55,23.55,0,0
20120208,23.55,23.55,21.74,23.55,0,0
20120209,23.55,23.55,21.74,23.55,0,0
20120210,23.55,23.55,23.55,23.55,0,0
20120213,23.55,23.55,21.74,21.74,0,0
20120214,21.74,23.55,21.74,23.55,0,0
20120215,23.55,23.55,19.93,23.55,0,0
20120216,23.55,32.73,23.55,32.73,0,0
20120217,32.73,32.73,30.22,32.73,0,0
20120220,32.73,32.73,30.22,32.73,0,0
20120221,32.73,32.73,32.73,32.73,0,0
20120222,32.73,32.73,30.22,32.73,0,0
20120223,32.73,32.73,32.73,32.73,0,0
20120224,30.22,32.73,30.22,32.73,0,0
20120227,32.73,32.73,32.73,32.73,0,0
20120228,32.73,32.73,30.22,30.22,0,0
20120229,30.22,32.73,30.22,32.73,0,0
20120301,32.73,32.73,32.73,32.73,0,0
20120302,30.22,32.73,30.22,32.73,0,0
20120305,32.73,32.73,30.22,32.73,0,0
20120306,32.73,35.25,32.73,35.25,0,0
20120307,35.25,35.25,32.73,32.73,0,0
20120308,32.73,32.73,32.73,32.73,0,0
20120309,32.73,32.73,32.73,32.73,0,0
20120312,32.73,32.73,32.73,32.73,0,0
20120313,32.73,32.73,30.22,32.73,0,0
20120314,32.73,32.73,30.22,30.22,0,0
20120315,30.22,32.73,30.22,32.73,0,0
20120316,32.73,32.73,30.22,32.73,0,0
20120319,32.73,32.73,32.73,32.73,0,0
20120320,30.22,30.22,27.69,30.22,0,0
20120321,30.22,30.22,27.69,30.22,0,0
20120322,27.69,30.22,27.69,27.69,0,0
20120323,25.18,25.18,25.18,25.18,0,0
20120326,25.18,25.18,20.14,25.18,0,0
20120327,25.18,25.18,25.18,25.18,0,0
20120328,25.18,27.69,25.18,27.69,0,0
20120329,27.69,27.69,25.18,25.18,0,0
20120330,25.18,25.18,25.18,25.18,0,0
20120402,22.66,25.18,22.66,25.18,0,0
20120403,25.18,25.18,20.14,25.18,0,0
20120404,25.18,25.18,22.66,25.18,0,0
20120405,22.66,22.66,22.66,22.66,0,0
20120410,22.66,22.66,20.14,22.66,0,0
20120411,22.66,22.66,22.66,22.66,0,0
20120412,22.66,25.18,22.66,25.18,0,0
20120413,22.66,25.18,20.14,25.18,0,0
20120416,25.18,25.18,25.18,25.18,0,0
20120418,22.66,25.18,22.66,25.18,0,0
20120419,25.18,25.18,25.18,25.18,0,0
20120420,22.66,22.66,22.66,22.66,0,0
20120423,22.66,25.18,22.66,22.66,0,0
20120424,20.14,22.66,20.14,22.66,0,0
20120425,22.66,25.18,22.66,22.66,0,0
20120426,22.66,22.66,22.66,22.66,0,0
20120427,22.66,22.66,22.66,22.66,0,0
20120430,22.66,25.18,22.66,25.18,0,0
20120502,22.66,22.66,22.66,22.66,0,0
20120504,22.66,25.18,22.66,25.18,0,0
20120507,22.66,25.18,22.66,22.66,0,0
20120508,22.66,25.18,22.66,25.18,0,0
20120509,22.66,22.66,22.66,22.66,0,0
20120510,22.66,22.66,20.14,22.66,0,0
20120514,22.66,22.66,20.14,22.66,0,0
20120515,20.14,20.14,20.14,20.14,0,0
20120516,20.14,20.14,17.62,20.14,0,0
20120517,20.14,20.14,20.14,20.14,0,0
20120518,20.14,20.14,20.14,20.14,0,0
20120521,20.14,20.14,20.14,20.14,0,0
20120522,20.14,20.14,17.62,17.62,0,0
20120523,20.14,20.14,20.14,20.14,0,0
20120525,19.64,19.64,19.64,19.64,0,0
20120528,19.64,19.64,19.64,19.64,0,0
20120529,17.19,17.19,17.19,17.19,0,0
20120530,17.19,19.64,17.19,19.64,0,0
20120531,17.19,19.64,17.19,17.19,0,0
20120601,19.64,19.64,14.73,14.73,0,0
20120604,17.19,19.64,17.19,17.19,0,0
20120605,17.19,19.64,17.19,19.64,0,0
20120606,19.64,19.64,19.64,19.64,0,0
20120608,19.64,19.64,17.19,17.19,0,0
20120611,19.64,19.64,14.73,14.73,0,0
20120612,17.19,17.19,17.19,17.19,0,0
20120613,17.19,17.19,17.19,17.19,0,0
20120615,14.73,14.73,14.73,14.73,0,0
20120618,17.19,17.19,14.73,14.73,0,0
20120619,14.73,14.73,12.28,12.28,0,0
20120621,17.19,17.19,14.86,14.86,0,0
20120622,17.33,19.81,17.33,17.33,0,0
20120625,17.33,19.81,17.33,19.81,0,0
20120626,19.81,19.81,17.33,17.33,0,0
20120627,19.81,19.81,17.33,19.81,0,0
20120628,19.81,19.81,17.33,17.33,0,0
20120629,19.81,19.81,19.81,19.81,0,0
20120702,17.33,17.33,17.33,17.33,0,0
20120703,19.81,19.81,17.33,17.33,0,0
20120704,14.86,17.33,14.86,17.33,0,0
20120705,17.33,17.33,14.86,17.33,0,0
20120706,17.33,17.33,17.33,17.33,0,0
20120709,17.33,17.33,17.33,17.33,0,0
20120710,17.33,17.33,14.86,17.33,0,0
20120711,14.86,17.33,14.86,17.33,0,0
20120712,17.33,17.33,14.86,14.86,0,0
20120713,17.33,17.33,14.86,14.86,0,0
20120717,17.33,17.33,12.38,12.38,0,0
20120719,17.33,17.33,17.33,17.33,0,0
20120720,14.86,14.86,14.86,14.86,0,0
20120724,14.86,17.33,14.86,17.33,0,0
20120725,14.86,14.86,14.86,14.86,0,0
20120726,14.86,14.86,12.38,12.38,0,0
20120727,14.86,14.86,12.38,12.38,0,0
20120730,12.38,14.86,12.38,14.86,0,0
20120731,14.86,14.86,12.38,12.38,0,0
20120801,14.86,14.86,14.86,14.86,0,0
20120802,14.86,14.86,12.38,12.38,0,0
20120803,14.86,17.33,12.38,14.86,0,0
20120806,17.33,17.33,17.33,17.33,0,0
20120807,17.33,17.33,17.33,17.33,0,0
20120808,17.33,17.33,14.86,14.86,0,0
20120809,17.33,17.33,17.33,17.33,0,0
20120810,17.33,19.81,17.33,17.33,0,0
20120813,17.33,17.33,17.33,17.33,0,0
20120814,17.33,17.33,17.33,17.33,0,0
20120816,14.86,17.33,14.86,14.86,0,0
20120817,19.81,19.81,19.81,19.81,0,0
20120820,19.81,19.81,19.81,19.81,0,0
20120821,19.81,19.81,14.86,14.86,0,0
20120822,19.81,46.54,19.81,46.54,0,0
20120824,40.72,46.54,40.72,46.54,0,0
20120827,46.54,46.54,46.54,46.54,0,0
20120828,46.54,46.54,40.72,40.72,0,0
20120829,40.72,40.72,40.72,40.72,0,0
20120830,40.72,40.72,40.72,40.72,0,0
20120831,34.9,40.72,34.9,40.72,0,0
20120903,34.9,41.57,34.9,41.57,0,0
20120904,41.57,41.57,35.63,35.63,0,0
20120905,35.63,41.57,35.63,35.63,0,0
20120906,41.57,41.57,35.63,41.57,0,0
20120907,41.57,41.57,35.63,35.63,0,0
20120910,41.57,41.57,41.57,41.57,0,0
20120911,41.57,41.57,41.57,41.57,0,0
20120912,41.57,41.57,35.63,35.63,0,0
20120913,35.63,41.57,29.7,29.7,0,0
20120914,41.57,41.57,35.63,35.63,0,0
20120918,35.63,41.57,29.7,29.7,0,0
20120919,35.63,35.63,29.7,29.7,0,0
20120920,41.57,41.57,41.57,41.57,0,0
20120921,35.63,35.63,35.63,35.63,0,0
20120924,41.57,41.57,41.57,41.57,0,0
20120925,35.63,35.63,35.63,35.63,0,0
20120926,35.63,35.63,35.63,35.63,0,0
20120927,35.63,35.63,35.63,35.63,0,0
20120928,35.63,35.63,35.63,35.63,0,0
20121001,35.63,35.63,29.7,29.7,0,0
20121002,35.63,35.63,23.76,23.76,0,0
20121003,29.7,29.7,23.76,23.76,0,0
20121004,29.7,29.7,29.7,29.7,0,0
20121005,29.7,29.7,23.76,23.76,0,0
20121008,23.76,29.7,23.76,29.7,0,0
20121009,29.7,29.7,29.7,29.7,0,0
20121010,29.7,29.7,29.7,29.7,0,0
20121011,29.7,29.7,29.7,29.7,0,0
20121012,29.7,29.7,23.76,23.76,0,0
20121015,29.7,29.7,29.7,29.7,0,0
20121016,29.7,29.7,23.76,23.76,0,0
20121017,23.76,23.76,23.76,23.76,0,0
20121018,23.76,23.76,23.76,23.76,0,0
20121019,29.7,29.7,23.76,23.76,0,0
20121022,23.76,23.76,23.76,23.76,0,0
20121024,23.76,29.7,23.76,23.76,0,0
20121025,23.76,23.76,23.76,23.76,0,0
20121026,29.7,29.7,23.76,23.76,0,0
20121029,29.7,29.7,23.76,23.76,0,0
20121031,23.76,29.7,23.76,29.7,0,0
20121102,29.7,29.7,23.76,29.7,0,0
20121105,29.7,29.7,29.7,29.7,0,0
20121106,29.7,29.7,29.7,29.7,0,0
20121107,29.7,29.7,29.7,29.7,0,0
20121108,29.7,29.7,29.7,29.7,0,0
20121109,29.7,29.7,29.7,29.7,0,0
20121112,29.7,29.7,29.7,29.7,0,0
20121113,29.7,29.7,29.7,29.7,0,0
20121116,29.7,29.7,29.7,29.7,0,0
20121119,29.7,29.7,23.76,23.76,0,0
20121120,29.7,29.7,23.76,23.76,0,0
20121121,29.7,29.7,29.7,29.7,0,0
20121122,29.7,29.7,29.7,29.7,0,0
20121123,29.7,29.7,29.7,29.7,0,0
20121126,29.7,29.7,23.76,23.76,0,0
20121127,23.76,23.76,23.76,23.76,0,0
20121130,23.76,29.7,23.76,29.7,0,0
20121203,29.7,29.7,23.76,23.76,0,0
20121205,23.76,23.76,23.76,23.76,0,0
20121206,23.76,23.76,23.76,23.76,0,0
20121207,23.76,29.7,23.76,29.7,0,0
20121210,29.7,29.7,29.7,29.7,0,0
20121211,29.7,29.7,23.76,23.76,0,0
20121213,23.76,27.81,23.76,27.81,0,0
20121214,27.81,27.81,27.81,27.81,0,0
20121217,27.81,27.81,27.81,27.81,0,0
20121218,27.81,27.81,27.81,27.81,0,0
20121219,27.81,27.81,27.81,27.81,0,0
20121220,27.81,27.81,20.85,20.85,0,0
20121221,27.81,27.81,27.81,27.81,0,0
20121227,27.81,27.81,20.85,27.81,0,0
20121228,27.81,27.81,27.81,27.81,0,0
20130102,27.81,27.81,27.81,27.81,0,0
20130103,27.81,34.76,27.81,34.76,0,0
20130104,34.76,34.76,34.76,34.76,0,0
20130107,34.76,41.7,34.76,34.76,0,0
20130108,34.76,34.76,27.81,27.81,0,0
20130109,27.81,34.76,27.81,27.81,0,0
20130110,27.81,27.81,27.81,27.81,0,0
20130111,27.81,27.81,27.81,27.81,0,0
20130114,27.81,27.81,27.81,27.81,0,0
20130115,27.81,27.81,27.81,27.81,0,0
20130117,27.81,27.81,27.81,27.81,0,0
20130118,27.81,27.81,27.81,27.81,0,0
20130121,27.81,27.81,27.81,27.81,0,0
20130122,27.81,27.81,27.81,27.81,0,0
20130123,27.81,27.81,27.81,27.81,0,0
20130124,27.81,27.81,27.81,27.81,0,0
20130125,27.81,27.81,20.85,20.85,0,0
20130128,27.81,27.81,27.81,27.81,0,0
20130129,27.81,27.81,27.81,27.81,0,0
20130130,27.81,27.81,20.85,27.81,0,0
20130131,27.81,27.81,27.81,27.81,0,0
20130201,27.81,27.81,27.81,27.81,0,0
20130204,27.81,27.81,27.81,27.81,0,0
20130205,27.81,27.81,27.81,27.81,0,0
20130206,27.81,27.81,27.81,27.81,0,0
20130207,27.81,27.81,27.81,27.81,0,0
20130208,27.81,27.81,20.85,20.85,0,0
20130211,20.85,27.81,20.85,20.85,0,0
20130212,20.85,27.81,20.85,27.81,0,0
20130213,27.81,27.81,20.85,20.85,0,0
20130214,20.85,27.81,20.85,20.85,0,0
20130215,20.85,20.85,20.85,20.85,0,0
20130218,20.85,20.85,20.85,20.85,0,0
20130219,20.85,20.85,20.85,20.85,0,0
20130220,27.81,27.81,20.85,20.85,0,0
20130221,20.85,20.85,20.85,20.85,0,0
20130222,20.85,20.85,20.85,20.85,0,0
20130225,20.85,20.85,20.85,20.85,0,0
20130226,27.81,27.81,27.81,27.81,0,0
20130227,27.81,27.81,27.81,27.81,0,0
20130228,27.81,27.81,20.85,27.81,0,0
20130301,27.81,27.81,20.85,27.81,0,0
20130304,20.85,27.81,20.85,20.85,0,0
20130305,20.85,20.85,20.85,20.85,0,0
20130306,20.85,20.85,20.85,20.85,0,0
20130307,20.85,20.85,20.85,20.85,0,0
20130308,20.85,27.81,20.85,20.85,0,0
20130311,20.85,27.81,20.85,20.85,0,0
20130312,20.85,27.81,20.85,27.81,0,0
20130313,27.81,27.81,20.85,20.85,0,0
20130314,20.85,20.85,20.85,20.85,0,0
20130315,20.85,20.85,20.85,20.85,0,0
20130318,20.85,20.85,20.85,20.85,0,0
20130319,20.85,20.85,20.85,20.85,0,0
20130320,20.85,20.85,20.85,20.85,0,0
20130321,20.85,20.85,20.85,20.85,0,0
20130322,20.85,20.85,20.85,20.85,0,0
20130325,20.85,20.85,13.9,13.9,0,0
20130326,20.85,20.85,20.85,20.85,0,0
20130327,20.85,20.85,20.85,20.85,0,0
20130328,20.85,20.85,20.85,20.85,0,0
20130402,20.85,20.85,20.85,20.85,0,0
20130403,20.85,20.85,20.85,20.85,0,0
20130404,20.85,20.85,20.85,20.85,0,0
20130405,20.85,20.85,20.85,20.85,0,0
20130408,20.85,20.85,13.9,13.9,0,0
20130409,13.9,13.9,13.9,13.9,0,0
20130410,13.9,13.9,13.9,13.9,0,0
20130411,13.9,13.9,13.9,13.9,0,0
20130412,13.9,13.9,13.9,13.9,0,0
20130415,13.9,13.9,13.9,13.9,0,0
20130417,20.85,20.85,20.85,20.85,0,0
20130419,20.85,20.85,20.85,20.85,0,0
20130422,20.85,20.85,20.85,20.85,0,0
20130423,20.85,20.85,13.9,13.9,0,0
20130424,20.85,20.85,13.9,13.9,0,0
20130425,13.9,13.9,6.95,13.9,0,0
20130426,13.9,13.9,13.9,13.9,0,0
20130429,13.9,13.9,13.9,13.9,0,0
20130430,13.9,13.9,13.9,13.9,0,0
20130502,13.9,13.9,13.9,13.9,0,0
20130506,13.9,13.9,13.9,13.9,0,0
20130507,13.9,13.9,6.95,6.95,0,0
20130508,13.9,13.9,13.9,13.9,0,0
20130509,13.9,13.9,13.9,13.9,0,0
20130510,13.9,13.9,13.9,13.9,0,0
20130513,13.9,13.9,13.9,13.9,0,0
20130514,13.9,13.9,13.9,13.9,0,0
20130515,13.9,13.9,13.9,13.9,0,0
20130516,13.9,20.85,13.9,20.85,0,0
20130517,20.85,20.85,13.9,13.9,0,0
20130520,13.9,13.9,13.9,13.9,0,0
20130521,13.9,13.9,13.9,13.9,0,0
20130522,13.9,13.9,13.9,13.9,0,0
20130527,20.85,20.85,20.85,20.85,0,0
20130528,13.9,13.9,13.9,13.9,0,0
20130603,24.46,36.7,24.46,24.46,0,0
20130604,24.46,36.7,24.46,24.46,0,0
20130605,24.46,24.46,24.46,24.46,0,0
20130606,24.46,24.46,24.46,24.46,0,0
20130607,24.46,24.46,24.46,24.46,0,0
20130610,24.46,24.46,24.46,24.46,0,0
20130611,24.46,24.46,24.46,24.46,0,0
20130612,24.46,24.46,24.46,24.46,0,0
20130613,24.46,24.46,24.46,24.46,0,0
20130617,24.46,24.46,24.46,24.46,0,0
20130618,24.46,24.46,24.46,24.46,0,0
20130619,24.46,24.46,24.46,24.46,0,0
20130620,24.46,24.46,24.46,24.46,0,0
20130621,24.46,36.7,24.46,36.7,0,0
20130624,24.46,36.7,24.46,36.7,0,0
20130625,24.46,24.46,24.46,24.46,0,0
20130626,24.46,24.46,24.46,24.46,0,0
20130628,24.46,24.46,12.24,12.24,0,0
20130701,12.24,24.46,12.24,24.46,0,0
20130702,24.46,24.46,24.46,24.46,0,0
20130703,24.46,24.46,24.46,24.46,0,0
20130704,12.24,24.46,12.24,24.46,0,0
20130705,24.46,24.46,24.46,24.46,0,0
20130708,24.46,24.46,24.46,24.46,0,0
20130709,12.24,24.46,12.24,24.46,0,0
20130711,24.46,24.46,24.46,24.46,0,0
20130712,24.46,24.46,24.46,24.46,0,0
20130715,24.46,24.46,24.46,24.46,0,0
20130716,24.46,24.46,24.46,24.46,0,0
20130717,24.46,24.46,24.46,24.46,0,0
20130718,24.46,24.46,24.46,24.46,0,0
20130722,24.46,24.46,24.46,24.46,0,0
20130723,24.46,24.46,12.24,12.24,0,0
20130724,24.46,24.46,24.46,24.46,0,0
20130725,24.46,24.46,24.46,24.46,0,0
20130726,12.24,24.46,12.24,24.46,0,0
20130729,24.46,24.46,24.46,24.46,0,0
20130731,24.46,24.46,12.24,24.46,0,0
20130801,24.46,24.46,24.46,24.46,0,0
20130802,24.46,24.46,24.46,24.46,0,0
20130805,24.46,24.46,24.46,24.46,0,0
20130806,24.46,24.46,24.46,24.46,0,0
20130808,24.46,24.46,24.46,24.46,0,0
20130809,12.24,24.46,12.24,24.46,0,0
20130812,24.46,24.46,24.46,24.46,0,0
20130813,24.46,24.46,24.46,24.46,0,0
20130814,24.46,24.46,24.46,24.46,0,0
20130816,24.46,24.46,24.46,24.46,0,0
20130820,24.46,24.46,24.46,24.46,0,0
20130821,24.46,24.46,24.46,24.46,0,0
20130822,24.46,24.46,24.46,24.46,0,0
20130823,24.46,36.7,24.46,36.7,0,0
20130826,24.46,36.7,24.46,36.7,0,0
20130827,36.7,36.7,24.46,36.7,0,0
20130828,24.46,24.46,24.46,24.46,0,0
20130829,24.46,36.7,24.46,36.7,0,0
20130830,36.7,36.7,24.46,24.46,0,0
20130902,24.46,24.46,24.46,24.46,0,0
20130903,24.46,24.46,24.46,24.46,0,0
20130905,24.46,24.46,24.46,24.46,0,0
20130906,24.46,24.46,24.46,24.46,0,0
20130909,24.46,24.46,24.46,24.46,0,0
20130910,24.46,24.46,24.46,24.46,0,0
20130912,24.46,24.46,24.46,24.46,0,0
20130913,24.46,24.46,24.46,24.46,0,0
20130916,24.46,24.46,24.46,24.46,0,0
20130917,24.46,24.46,24.46,24.46,0,0
20130918,24.46,203.83,24.46,203.83,0,0
20130919,203.83,203.83,203.83,203.83,0,0
20130920,203.83,203.83,203.83,203.83,0,0
20130923,203.83,203.83,203.83,203.83,0,0
20130924,203.83,203.83,203.83,203.83,0,0
20130925,203.83,203.83,203.83,203.83,0,0
20130926,203.83,203.83,102,203.83,0,0
20130927,203.83,203.83,203.83,203.83,0,0
20130930,203.83,203.83,203.83,203.83,0,0
20131001,203.83,203.83,203.83,203.83,0,0
20131003,203.83,203.83,203.83,203.83,0,0
20131004,203.83,203.83,203.83,203.83,0,0
20131007,203.83,203.83,203.83,203.83,0,0
20131008,203.83,203.83,203.83,203.83,0,0
20131009,203.83,305.83,203.83,305.83,0,0
20131010,305.83,305.83,203.83,203.83,0,0
20131011,203.83,203.83,203.83,203.83,0,0
20131014,203.83,203.83,203.83,203.83,0,0
20131015,203.83,203.83,203.83,203.83,0,0
20131016,203.83,203.83,203.83,203.83,0,0
20131017,203.83,203.83,203.83,203.83,0,0
20131018,203.83,203.83,203.83,203.83,0,0
20131021,305.83,305.83,305.83,305.83,0,0
20131022,305.83,305.83,305.83,305.83,0,0
20131023,305.83,305.83,305.83,305.83,0,0
20131024,305.83,305.83,305.83,305.83,0,0
20131025,305.83,305.83,305.83,305.83,0,0
20131028,305.83,305.83,305.83,305.83,0,0
20131029,305.83,305.83,203.83,305.83,0,0
20131030,203.83,305.83,203.83,203.83,0,0
20131031,203.83,203.83,203.83,203.83,0,0
20131104,203.83,203.83,203.83,203.83,0,0
20131105,203.83,203.83,203.83,203.83,0,0
20131107,203.83,203.83,203.83,203.83,0,0
20131108,203.83,203.83,203.83,203.83,0,0
20131112,203.83,203.83,203.83,203.83,0,0
20131113,203.83,203.83,203.83,203.83,0,0
20131114,203.83,203.83,203.83,203.83,0,0
20131118,203.83,203.83,203.83,203.83,0,0
20131119,203.83,203.83,203.83,203.83,0,0
20131120,203.83,203.83,203.83,203.83,0,0
20131121,203.83,203.83,203.83,203.83,0,0
20131122,203.83,203.83,203.83,203.83,0,0
20131125,203.83,203.83,203.83,203.83,0,0
20131126,203.83,203.83,203.83,203.83,0,0
20131128,203.83,203.83,203.83,203.83,0,0
20131129,203.83,203.83,203.83,203.83,0,0
20131202,203.83,203.83,203.83,203.83,0,0
20131203,203.83,203.83,203.83,203.83,0,0
20131204,203.83,203.83,203.83,203.83,0,0
20131205,203.83,203.83,203.83,203.83,0,0
20131206,203.83,203.83,203.83,203.83,0,0
20131209,203.83,203.83,203.83,203.83,0,0
20131210,203.83,203.83,102,102,0,0
20131211,102,203.83,102,203.83,0,0
20131212,203.83,203.83,203.83,203.83,0,0
20131213,203.83,203.83,203.83,203.83,0,0
20131216,102,203.83,102,203.83,0,0
20131217,203.83,203.83,102,203.83,0,0
20131218,203.83,203.83,102,203.83,0,0
20131219,102,203.83,102,203.83,0,0
20131220,203.83,203.83,203.83,203.83,0,0
20131223,102,102,102,102,0,0
20131227,203.83,203.83,102,102,0,0
20131230,203.83,203.83,203.83,203.83,0,0
20140102,102,203.83,102,203.83,0,0
20140103,102,102,102,102,0,0
20140107,203.83,203.83,203.83,203.83,0,0
20140109,203.83,203.83,203.83,203.83,0,0
20140110,203.83,203.83,102,102,0,0
20140113,203.83,203.83,102,203.83,0,0
20140115,203.83,203.83,203.83,203.83,0,0
20140617,109.42,109.42,109.42,109.42,0,0
20140618,109.42,109.42,109.42,109.42,0,0
20140620,109.42,109.42,109.42,109.42,0,0
20140623,109.42,109.42,54.75,109.42,0,0
20140624,109.42,109.42,109.42,109.42,0,0
20140625,109.42,109.42,109.42,109.42,0,0
20140626,109.42,109.42,109.42,109.42,0,0
20140627,109.42,109.42,109.42,109.42,0,0
20140630,109.42,109.42,109.42,109.42,0,0
20140701,109.42,109.42,109.42,109.42,0,0
20140702,109.42,109.42,109.42,109.42,0,0
20140703,54.75,109.42,54.75,109.42,0,0
20140704,109.42,109.42,109.42,109.42,0,0
20140707,54.75,109.42,54.75,109.42,0,0
20140709,109.42,109.42,54.75,54.75,0,0
20140710,54.75,109.42,54.75,109.42,0,0
20140711,109.42,109.42,109.42,109.42,0,0
20140714,109.42,109.42,54.75,54.75,0,0
20140715,109.42,109.42,109.42,109.42,0,0
20140717,109.42,109.42,109.42,109.42,0,0
20140718,109.42,109.42,109.42,109.42,0,0
20140721,109.42,109.42,109.42,109.42,0,0
20140722,109.42,109.42,109.42,109.42,0,0
20140723,109.42,109.42,109.42,109.42,0,0
20140724,109.42,109.42,109.42,109.42,0,0
20140725,109.42,109.42,54.75,109.42,0,0
20140728,54.75,54.75,54.75,54.75,0,0
20140729,54.75,54.75,54.75,54.75,0,0
20140730,54.75,54.75,54.75,54.75,0,0
20140731,54.75,54.75,54.75,54.75,0,0
20140801,54.75,54.75,54.75,54.75,0,0
20140804,54.75,54.75,54.75,54.75,0,0
20140805,54.75,54.75,54.75,54.75,0,0
20140806,54.75,54.75,54.75,54.75,0,0
20140807,54.75,54.75,54.75,54.75,0,0
20140808,54.75,54.75,54.75,54.75,0,0
20140811,54.75,54.75,54.75,54.75,0,0
20140812,54.75,54.75,54.75,54.75,0,0
20140813,54.75,54.75,54.75,54.75,0,0
20140814,54.75,54.75,54.75,54.75,0,0
20140818,54.75,54.75,54.75,54.75,0,0
20140820,54.75,54.75,54.75,54.75,0,0
