Date,Open,High,Low,Close,Volume,OpenInt
20110919,5.76,6.24,5.64,5.86,0,0
20110920,5.7,6.02,4.69,4.75,0,0
20110921,4.11,4.11,3.3,3.3,0,0
20110922,3.3,3.8,3.3,3.8,0,0
20110923,3.8,4.56,3.8,4.28,0,0
20110926,4.88,4.88,3.93,4.09,0,0
20110927,4.09,4.28,3.61,4.11,0,0
20110928,4.18,4.34,3.36,3.42,0,0
20110929,3.55,3.77,3.32,3.36,0,0
20110930,3.36,3.64,3.36,3.64,0,0
20111003,3.58,3.68,3.58,3.68,0,0
20111004,3.61,3.68,3.58,3.64,0,0
20111005,3.74,3.74,3.55,3.68,0,0
20111006,3.68,3.96,3.68,3.9,0,0
20111007,4.05,4.24,3.96,4.21,0,0
20111010,4.37,4.75,4.34,4.75,0,0
20111011,4.75,4.75,4.05,4.43,0,0
20111012,3.96,3.96,3.01,3.1,0,0
20111013,3.23,3.23,3.1,3.23,0,0
20111014,3.23,3.23,3.14,3.23,0,0
20111017,3.23,3.39,3.01,3.23,0,0
20111018,3.23,3.32,3.23,3.23,0,0
20111019,3.23,4.53,3.23,4.5,0,0
20111020,4.75,6.65,4.53,6.65,0,0
20111021,6.65,7.89,6.05,7.28,0,0
20111024,7.28,9.34,7.28,7.64,0,0
20111025,7.73,8.84,7.45,8.77,0,0
20111026,7.92,8.39,7.13,7.13,0,0
20111027,7.28,8.55,7.28,8.24,0,0
20111028,8.24,8.58,6.18,6.59,0,0
20111031,6.18,6.97,6.18,6.97,0,0
20111102,6.84,6.84,6.02,6.84,0,0
20111103,6.34,6.34,5.39,6.02,0,0
20111104,5.39,5.7,4.91,4.91,0,0
20111107,4.88,4.88,4.88,4.88,0,0
20111108,4.75,4.91,4.75,4.91,0,0
20111109,4.53,4.53,4.28,4.28,0,0
20111110,4.43,4.75,4.02,4.02,0,0
20111114,3.9,3.9,3.2,3.2,0,0
20111115,3.17,3.3,3.17,3.3,0,0
20111116,3.3,3.32,3.17,3.2,0,0
20111117,3.17,3.39,3.17,3.23,0,0
20111118,3.14,3.17,2.85,2.91,0,0
20111121,2.89,2.89,2.44,2.59,0,0
20111122,2.53,2.89,2.53,2.83,0,0
20111123,2.85,2.85,2.85,2.85,0,0
20111124,2.79,2.79,2.58,2.76,0,0
20111125,2.67,2.74,2.67,2.74,0,0
20111128,2.74,2.95,2.74,2.95,0,0
20111129,2.76,2.76,2.48,2.58,0,0
20111130,2.58,2.61,2.48,2.61,0,0
20111201,2.58,2.7,2.58,2.67,0,0
20111202,2.67,2.95,2.67,2.92,0,0
20111205,2.92,2.98,2.76,2.89,0,0
20111206,2.76,2.76,2.52,2.52,0,0
20111207,2.58,2.83,2.58,2.76,0,0
20111208,2.79,2.79,2.52,2.52,0,0
20111209,2.52,2.85,2.52,2.54,0,0
20111212,2.52,2.61,2.48,2.54,0,0
20111213,2.48,2.58,2.48,2.52,0,0
20111214,2.52,2.54,2.48,2.52,0,0
20111215,2.48,2.52,2.21,2.21,0,0
20111216,2.21,2.36,2.17,2.26,0,0
20111219,2.24,2.36,2.24,2.26,0,0
20111220,2.26,2.3,2.24,2.3,0,0
20111221,2.3,2.3,2.17,2.26,0,0
20111222,2.17,2.26,2.17,2.26,0,0
20111223,2.26,2.33,2.26,2.33,0,0
20111227,2.33,2.45,2.26,2.39,0,0
20111228,2.45,2.48,2.21,2.21,0,0
20111229,2.21,2.42,2.17,2.26,0,0
20111230,2.33,2.39,2.3,2.3,0,0
20120102,2.3,2.48,2.3,2.48,0,0
20120103,2.48,2.48,2.26,2.26,0,0
20120104,2.42,2.48,2.3,2.36,0,0
20120105,2.24,2.3,2.24,2.3,0,0
20120109,2.21,2.3,2.17,2.3,0,0
20120110,2.24,2.33,2.21,2.26,0,0
20120111,2.26,2.26,2.17,2.17,0,0
20120112,2.26,2.26,2.17,2.17,0,0
20120113,2.17,2.24,2.17,2.21,0,0
20120116,2.24,2.24,2.24,2.24,0,0
20120117,2.24,2.24,2.17,2.17,0,0
20120118,2.17,2.21,2.17,2.21,0,0
20120119,2.17,2.24,2.17,2.24,0,0
20120120,2.24,2.45,2.24,2.26,0,0
20120123,2.26,2.39,2.26,2.33,0,0
20120124,2.45,2.79,2.36,2.54,0,0
20120125,2.42,2.58,2.14,2.17,0,0
20120126,2.21,2.21,2.14,2.21,0,0
20120127,2.21,2.24,2.21,2.24,0,0
20120130,2.39,2.39,2.17,2.17,0,0
20120131,2.17,2.21,2.14,2.17,0,0
20120201,2.14,2.26,2.14,2.26,0,0
20120202,2.21,2.26,2.14,2.17,0,0
20120203,2.21,2.21,2.11,2.17,0,0
20120206,2.14,2.26,2.14,2.17,0,0
20120207,2.17,2.21,2.17,2.17,0,0
20120208,2.14,2.17,2.14,2.17,0,0
20120209,2.17,2.17,2.14,2.17,0,0
20120210,2.17,2.26,2.14,2.26,0,0
20120213,2.33,2.42,2.26,2.36,0,0
20120214,2.26,2.26,2.14,2.21,0,0
20120215,2.24,2.24,2.14,2.17,0,0
20120216,2.14,2.17,2.14,2.14,0,0
20120217,2.14,2.17,2.08,2.11,0,0
20120220,2.11,2.11,2.08,2.08,0,0
20120221,2.08,2.21,2.08,2.14,0,0
20120222,2.08,2.17,2.05,2.17,0,0
20120223,2.08,2.26,2.02,2.26,0,0
20120224,2.17,2.17,2.02,2.02,0,0
20120227,2.11,2.11,1.99,2.02,0,0
20120228,2.02,2.02,1.93,1.99,0,0
20120229,1.89,1.93,1.77,1.93,0,0
20120301,1.83,1.86,1.68,1.68,0,0
20120302,1.68,1.77,1.68,1.77,0,0
20120305,1.68,1.83,1.64,1.8,0,0
20120306,1.71,2.14,1.71,2.11,0,0
20120307,2.02,2.02,1.74,1.74,0,0
20120308,1.74,1.77,1.74,1.77,0,0
20120309,1.8,1.8,1.8,1.8,0,0
20120312,1.86,1.86,1.71,1.8,0,0
20120313,1.68,1.74,1.64,1.71,0,0
20120314,1.71,1.83,1.64,1.74,0,0
20120315,1.68,1.71,1.62,1.71,0,0
20120316,1.64,1.74,1.62,1.68,0,0
20120319,1.62,1.64,1.58,1.64,0,0
20120320,1.58,1.64,1.55,1.64,0,0
20120321,1.64,1.64,1.64,1.64,0,0
20120322,1.64,1.74,1.64,1.64,0,0
20120323,1.68,1.77,1.64,1.64,0,0
20120326,1.68,1.77,1.62,1.74,0,0
20120327,1.74,1.74,1.74,1.74,0,0
20120328,1.74,1.74,1.62,1.68,0,0
20120329,1.62,1.77,1.55,1.74,0,0
20120330,1.77,1.89,1.77,1.89,0,0
20120402,1.89,1.93,1.86,1.86,0,0
20120403,1.86,1.89,1.86,1.89,0,0
20120404,1.8,1.8,1.8,1.8,0,0
20120405,1.71,1.8,1.62,1.68,0,0
20120410,1.58,1.77,1.58,1.77,0,0
20120411,1.77,1.77,1.74,1.74,0,0
20120412,1.74,1.74,1.74,1.74,0,0
20120416,1.64,1.68,1.58,1.68,0,0
20120417,1.68,1.68,1.58,1.68,0,0
20120418,1.68,1.68,1.58,1.64,0,0
20120419,1.64,1.64,1.58,1.64,0,0
20120420,1.64,1.64,1.58,1.64,0,0
20120423,1.64,1.64,1.58,1.64,0,0
20120424,1.64,1.68,1.64,1.68,0,0
20120425,1.68,1.99,1.68,1.77,0,0
20120426,1.74,1.89,1.72,1.72,0,0
20120427,1.72,1.72,1.69,1.69,0,0
20120430,1.64,1.64,1.52,1.55,0,0
20120502,1.52,1.52,1.52,1.52,0,0
20120504,1.52,1.69,1.41,1.52,0,0
20120507,1.49,1.55,1.47,1.55,0,0
20120508,1.55,1.55,1.52,1.52,0,0
20120509,1.44,1.44,1.41,1.41,0,0
20120510,1.44,1.44,1.44,1.44,0,0
20120511,1.47,1.49,1.47,1.49,0,0
20120514,1.49,1.49,1.41,1.47,0,0
20120515,1.41,1.47,1.41,1.47,0,0
20120516,1.41,1.49,1.39,1.49,0,0
20120517,1.49,1.49,1.39,1.49,0,0
20120518,1.39,1.39,1.39,1.39,0,0
20120521,1.41,1.49,1.41,1.47,0,0
20120523,1.49,1.49,1.49,1.49,0,0
20120524,1.44,1.47,1.33,1.47,0,0
20120525,1.41,1.41,1.41,1.41,0,0
20120528,1.41,1.41,1.41,1.41,0,0
20120529,1.41,1.41,1.41,1.41,0,0
20120530,1.41,1.41,1.3,1.41,0,0
20120531,1.3,1.39,1.3,1.36,0,0
20120601,1.39,1.39,1.33,1.33,0,0
20120604,1.33,1.36,1.24,1.3,0,0
20120605,1.3,1.36,1.3,1.36,0,0
20120606,1.33,1.33,1.27,1.33,0,0
20120608,1.27,1.33,1.27,1.33,0,0
20120611,1.36,1.36,1.36,1.36,0,0
20120612,1.27,1.27,1.27,1.27,0,0
20120613,1.24,1.3,1.22,1.27,0,0
20120614,1.24,1.27,1.22,1.24,0,0
20120615,1.22,1.24,1.22,1.24,0,0
20120618,1.24,1.33,1.24,1.33,0,0
20120619,1.22,1.22,1.13,1.16,0,0
20120620,1.16,1.16,1.13,1.13,0,0
20120621,1.1,1.1,1.07,1.1,0,0
20120622,1.07,1.16,1.04,1.16,0,0
20120625,1.16,1.16,1.16,1.16,0,0
20120626,1.19,1.22,1.19,1.22,0,0
20120627,1.22,1.22,1.07,1.07,0,0
20120628,1.16,1.19,1.1,1.1,0,0
20120703,1.1,1.13,1.1,1.13,0,0
20120704,1.1,1.13,1.1,1.13,0,0
20120705,1.1,1.1,0.99,1.1,0,0
20120706,1.1,1.1,1.1,1.1,0,0
20120709,1.1,1.1,1.1,1.1,0,0
20120710,1.1,1.1,1.1,1.1,0,0
20120711,1.07,1.1,1.07,1.1,0,0
20120712,1.1,1.1,1.1,1.1,0,0
20120713,1.1,1.1,1.1,1.1,0,0
20120716,1.07,1.1,0.9,1.1,0,0
20120717,1.1,1.1,0.9,0.96,0,0
20120718,0.85,0.93,0.79,0.79,0,0
20120719,0.68,0.79,0.59,0.68,0,0
20120720,0.73,0.73,0.57,0.65,0,0
20120723,0.65,0.65,0.59,0.65,0,0
20120724,0.65,0.65,0.59,0.59,0,0
20120725,0.62,0.65,0.59,0.62,0,0
20120726,0.65,0.7,0.62,0.7,0,0
20120727,0.7,0.73,0.62,0.62,0,0
20120730,0.59,0.65,0.57,0.65,0,0
20120731,0.65,0.65,0.62,0.62,0,0
20120802,0.59,0.62,0.57,0.62,0,0
20120803,0.62,0.62,0.62,0.62,0,0
20120806,0.57,0.59,0.57,0.59,0,0
20120807,0.59,0.59,0.59,0.59,0,0
20120808,0.59,0.59,0.59,0.59,0,0
20120809,0.59,0.59,0.59,0.59,0,0
20120810,0.59,0.68,0.59,0.68,0,0
20120813,0.68,0.77,0.59,0.68,0,0
20120817,0.68,0.68,0.59,0.68,0,0
20120820,0.68,0.68,0.59,0.59,0,0
20120821,0.59,0.68,0.59,0.68,0,0
20120822,0.65,0.73,0.65,0.73,0,0
20120827,0.77,0.77,0.67,0.67,0,0
20120828,0.67,0.67,0.67,0.67,0,0
20120829,0.67,0.67,0.57,0.67,0,0
20120830,0.67,0.67,0.67,0.67,0,0
20120831,0.67,0.67,0.67,0.67,0,0
20120903,0.67,0.67,0.67,0.67,0,0
20120904,0.67,0.67,0.6,0.67,0,0
20120905,0.67,0.67,0.57,0.65,0,0
20120906,0.6,0.6,0.57,0.57,0,0
20120907,0.57,0.57,0.57,0.57,0,0
20120910,0.57,0.65,0.57,0.65,0,0
20120911,0.6,0.65,0.57,0.65,0,0
20120912,0.65,0.75,0.65,0.75,0,0
20120913,0.75,0.89,0.75,0.89,0,0
20120914,0.79,0.84,0.65,0.84,0,0
20120917,0.79,0.79,0.79,0.79,0,0
20120918,0.69,0.94,0.69,0.94,0,0
20120919,1.04,1.04,0.97,0.97,0,0
20120920,0.97,1.12,0.89,1.02,0,0
20120921,1.02,1.04,0.82,0.92,0,0
20120924,1.02,1.02,0.75,0.79,0,0
20120925,0.77,0.79,0.67,0.77,0,0
20120926,0.75,0.75,0.75,0.75,0,0
20120927,0.69,0.69,0.69,0.69,0,0
20120928,0.67,0.75,0.67,0.75,0,0
20121002,0.75,0.75,0.75,0.75,0,0
20121003,0.75,0.89,0.75,0.89,0,0
20121004,0.79,0.82,0.79,0.82,0,0
20121005,0.69,0.82,0.67,0.79,0,0
20121008,0.67,0.75,0.67,0.75,0,0
20121009,0.75,0.75,0.75,0.75,0,0
20121011,0.75,0.75,0.75,0.75,0,0
20121012,0.69,0.69,0.62,0.69,0,0
20121015,0.72,0.72,0.72,0.72,0,0
20121016,0.67,0.69,0.65,0.69,0,0
20121017,0.62,0.69,0.6,0.69,0,0
20121018,0.6,0.69,0.6,0.69,0,0
20121022,0.6,0.62,0.6,0.62,0,0
20121023,0.62,0.62,0.52,0.62,0,0
20121024,0.62,0.62,0.6,0.62,0,0
20121025,0.62,0.62,0.62,0.62,0,0
20121026,0.62,0.67,0.62,0.67,0,0
20121029,0.6,0.6,0.6,0.6,0,0
20121030,0.62,0.62,0.62,0.62,0,0
20121031,0.62,0.65,0.54,0.62,0,0
20121102,0.57,0.62,0.57,0.62,0,0
20121106,0.6,0.6,0.6,0.6,0,0
20121107,0.6,0.6,0.54,0.6,0,0
20121108,0.6,0.6,0.6,0.6,0,0
20121109,0.54,0.54,0.54,0.54,0,0
20121112,0.54,0.6,0.54,0.6,0,0
20121113,0.6,0.6,0.6,0.6,0,0
20121114,0.6,0.6,0.6,0.6,0,0
20121115,0.6,0.82,0.6,0.82,0,0
20121116,0.92,1.04,0.77,0.82,0,0
20121119,0.82,0.89,0.72,0.82,0,0
20121120,0.77,0.79,0.72,0.79,0,0
20121121,0.79,0.84,0.77,0.79,0,0
20121122,0.82,0.82,0.69,0.79,0,0
20121123,0.79,0.79,0.69,0.72,0,0
20121126,0.65,0.92,0.65,0.87,0,0
20121127,0.89,0.94,0.84,0.94,0,0
20121128,0.97,1.34,0.94,1.34,0,0
20121129,1.22,1.31,1.02,1.24,0,0
20121130,1.12,1.16,1.04,1.12,0,0
20121203,1.12,1.12,1.02,1.07,0,0
20121204,1.02,1.14,0.92,1.09,0,0
20121205,1.09,1.09,0.99,1.02,0,0
20121206,0.97,1.07,0.92,1.07,0,0
20121207,1.07,1.07,0.94,1.07,0,0
20121210,0.99,0.99,0.94,0.97,0,0
20121211,0.97,0.99,0.89,0.97,0,0
20121212,0.99,1.09,0.97,1.09,0,0
20121213,1.09,1.09,0.83,0.83,0,0
20121214,0.83,0.87,0.8,0.87,0,0
20121217,0.85,0.92,0.79,0.89,0,0
20121218,0.79,0.87,0.76,0.76,0,0
20121219,0.76,0.76,0.76,0.76,0,0
20121220,0.79,0.79,0.7,0.7,0,0
20121221,0.67,0.76,0.67,0.72,0,0
20121227,0.72,1,0.72,0.98,0,0
20121228,0.8,0.94,0.8,0.94,0,0
20130102,0.98,0.98,0.87,0.87,0,0
20130104,0.89,0.94,0.89,0.94,0,0
20130107,0.94,0.94,0.85,0.92,0,0
20130108,0.8,0.89,0.8,0.85,0,0
20130109,0.92,1,0.92,0.96,0,0
20130110,0.89,0.89,0.76,0.76,0,0
20130111,0.74,0.8,0.72,0.8,0,0
20130114,0.74,0.76,0.7,0.76,0,0
20130115,0.74,0.74,0.74,0.74,0,0
20130116,0.85,0.85,0.85,0.85,0,0
20130117,0.8,0.8,0.74,0.74,0,0
20130118,0.8,0.8,0.63,0.72,0,0
20130121,0.67,0.72,0.61,0.66,0,0
20130122,0.7,0.72,0.7,0.72,0,0
20130123,0.72,0.72,0.63,0.7,0,0
20130124,0.7,0.7,0.7,0.7,0,0
20130125,0.66,0.72,0.61,0.72,0,0
20130128,0.72,0.72,0.72,0.72,0,0
20130129,0.72,0.76,0.66,0.76,0,0
20130130,0.79,0.83,0.79,0.8,0,0
20130131,0.8,0.94,0.66,0.87,0,0
20130201,0.87,0.87,0.74,0.79,0,0
20130204,0.8,0.87,0.8,0.87,0,0
20130205,0.87,0.87,0.83,0.85,0,0
20130206,0.8,0.8,0.74,0.74,0,0
20130207,0.74,0.8,0.74,0.8,0,0
20130208,0.8,0.8,0.67,0.79,0,0
20130211,0.79,0.96,0.76,0.96,0,0
20130212,1,1,0.89,1,0,0
20130213,1,1.09,0.87,0.96,0,0
20130214,0.92,1.11,0.87,1.09,0,0
20130215,1.02,1.02,0.85,0.85,0,0
20130218,0.8,0.89,0.7,0.89,0,0
20130219,0.89,0.92,0.72,0.79,0,0
20130220,0.79,0.8,0.72,0.72,0,0
20130221,0.72,0.72,0.7,0.72,0,0
20130222,0.67,0.79,0.67,0.76,0,0
20130225,0.7,0.72,0.67,0.72,0,0
20130226,0.72,0.72,0.72,0.72,0,0
20130227,0.76,0.79,0.72,0.72,0,0
20130228,0.72,0.76,0.66,0.76,0,0
20130301,0.76,0.76,0.72,0.72,0,0
20130305,0.72,0.74,0.7,0.74,0,0
20130306,0.67,0.74,0.67,0.74,0,0
20130307,0.72,0.79,0.72,0.79,0,0
20130308,0.76,0.79,0.76,0.79,0,0
20130311,0.72,0.79,0.7,0.7,0,0
20130312,0.7,0.76,0.59,0.66,0,0
20130313,0.66,0.8,0.66,0.8,0,0
20130314,0.8,0.82,0.65,0.71,0,0
20130315,0.67,0.76,0.6,0.6,0,0
20130318,0.71,0.71,0.62,0.62,0,0
20130319,0.62,0.69,0.62,0.69,0,0
20130320,0.69,0.74,0.69,0.74,0,0
20130321,0.71,0.71,0.71,0.71,0,0
20130326,0.65,0.65,0.58,0.58,0,0
20130327,0.58,0.67,0.58,0.67,0,0
20130328,0.62,0.69,0.62,0.69,0,0
20130402,0.69,0.69,0.58,0.58,0,0
20130403,0.58,0.65,0.54,0.62,0,0
20130404,0.62,0.62,0.51,0.56,0,0
20130405,0.54,0.6,0.51,0.6,0,0
20130408,0.54,0.6,0.54,0.6,0,0
20130410,0.56,0.56,0.54,0.54,0,0
20130411,0.54,0.69,0.54,0.69,0,0
20130417,0.67,0.67,0.62,0.62,0,0
20130418,0.67,0.74,0.65,0.74,0,0
20130419,0.69,0.69,0.69,0.69,0,0
20130422,0.69,0.69,0.69,0.69,0,0
20130423,0.69,0.69,0.69,0.69,0,0
20130424,0.69,0.69,0.69,0.69,0,0
20130425,0.69,0.69,0.62,0.62,0,0
20130426,0.62,0.74,0.62,0.74,0,0
20130429,0.67,0.67,0.67,0.67,0,0
20130430,0.67,0.67,0.67,0.67,0,0
20130502,0.67,0.67,0.67,0.67,0,0
20130506,0.67,0.67,0.67,0.67,0,0
20130507,0.67,0.67,0.67,0.67,0,0
20130508,0.67,0.67,0.67,0.67,0,0
20130509,0.67,0.67,0.67,0.67,0,0
20130510,0.67,0.67,0.67,0.67,0,0
20130513,0.67,0.67,0.67,0.67,0,0
20130514,0.67,0.67,0.67,0.67,0,0
20130515,0.67,0.67,0.67,0.67,0,0
20130516,0.67,0.67,0.67,0.67,0,0
20130517,0.67,0.67,0.67,0.67,0,0
20130520,0.67,0.67,0.67,0.67,0,0
20130521,0.67,0.67,0.67,0.67,0,0
20130522,0.67,0.67,0.56,0.58,0,0
20130527,0.58,0.58,0.58,0.58,0,0
20130528,0.6,0.67,0.6,0.65,0,0
20130529,0.65,0.65,0.56,0.65,0,0
20130531,0.65,0.65,0.6,0.6,0,0
20130603,0.6,0.6,0.54,0.54,0,0
20130604,0.54,0.65,0.54,0.65,0,0
20130605,0.65,0.65,0.65,0.65,0,0
20130606,0.65,0.65,0.65,0.65,0,0
20130607,0.65,0.65,0.65,0.65,0,0
20130610,0.65,0.67,0.65,0.67,0,0
20130611,0.67,0.71,0.65,0.69,0,0
20130612,0.69,0.71,0.69,0.71,0,0
20130613,0.71,0.71,0.69,0.69,0,0
20130614,0.69,0.69,0.69,0.69,0,0
20130617,0.71,0.73,0.63,0.63,0,0
20130618,0.63,0.71,0.63,0.71,0,0
20130619,0.71,0.78,0.71,0.73,0,0
20130620,0.76,0.8,0.76,0.78,0,0
20130621,0.8,0.82,0.78,0.82,0,0
20130624,0.82,0.84,0.82,0.84,0,0
20130625,0.87,1.04,0.84,1.04,0,0
20130626,1.04,1.06,0.95,0.95,0,0
20130627,0.95,0.95,0.84,0.84,0,0
20130628,0.82,0.87,0.82,0.82,0,0
20130701,0.88,0.88,0.84,0.87,0,0
20130702,0.84,0.91,0.82,0.87,0,0
20130703,0.87,0.88,0.82,0.87,0,0
20130704,0.84,0.87,0.8,0.87,0,0
20130705,0.87,0.87,0.87,0.87,0,0
20130709,0.82,0.84,0.76,0.84,0,0
20130710,0.82,0.84,0.82,0.84,0,0
20130711,0.82,0.82,0.76,0.8,0,0
20130712,0.8,0.87,0.78,0.8,0,0
20130715,0.82,0.84,0.82,0.82,0,0
20130716,0.84,0.84,0.78,0.84,0,0
20130717,0.84,0.84,0.82,0.82,0,0
20130718,0.82,0.84,0.71,0.84,0,0
20130719,0.82,0.87,0.82,0.87,0,0
20130722,0.87,0.88,0.87,0.87,0,0
20130723,0.87,1.04,0.87,1,0,0
20130724,1.04,1.08,0.88,1.04,0,0
20130725,0.95,1.1,0.95,1,0,0
20130726,1,1.06,0.97,1,0,0
20130729,1.01,1.04,1.01,1.04,0,0
20130730,1.06,1.06,1.04,1.06,0,0
20130731,1.04,1.04,0.97,1,0,0
20130801,1.01,1.04,0.93,1.04,0,0
20130802,1.01,1.04,0.97,1.04,0,0
20130805,1.04,1.04,1.01,1.01,0,0
20130806,1,1.01,0.97,0.97,0,0
20130807,0.97,1.01,0.97,1.01,0,0
20130809,1,1,0.93,1,0,0
20130812,1,1,1,1,0,0
20130813,1,1,1,1,0,0
20130814,0.97,1,0.93,1,0,0
20130816,0.95,1,0.95,1,0,0
20130819,1,1,0.95,0.95,0,0
20130820,0.95,0.95,0.91,0.93,0,0
20130821,0.93,0.95,0.93,0.95,0,0
20130822,0.95,0.95,0.95,0.95,0,0
20130823,0.95,0.95,0.95,0.95,0,0
20130826,0.95,0.95,0.93,0.93,0,0
20130827,0.93,0.93,0.93,0.93,0,0
20130828,0.95,0.95,0.95,0.95,0,0
20130829,0.95,0.95,0.95,0.95,0,0
20130830,0.95,0.95,0.87,0.87,0,0
20130903,0.87,0.88,0.76,0.88,0,0
20130904,0.87,0.87,0.73,0.78,0,0
20130909,0.76,0.76,0.63,0.73,0,0
20130910,0.76,0.8,0.76,0.76,0,0
20130911,0.76,0.76,0.76,0.76,0,0
20130912,0.76,0.76,0.63,0.67,0,0
20130913,0.65,0.65,0.61,0.61,0,0
20130916,0.64,0.65,0.64,0.65,0,0
20130917,0.65,0.7,0.65,0.65,0,0
20130918,0.65,0.74,0.65,0.74,0,0
20130919,0.72,0.72,0.7,0.7,0,0
20130920,0.7,0.78,0.68,0.78,0,0
20130923,0.76,0.76,0.76,0.76,0,0
20130924,0.74,0.74,0.7,0.7,0,0
20130925,0.7,0.72,0.7,0.72,0,0
20130926,0.72,0.72,0.72,0.72,0,0
20130927,0.72,0.74,0.7,0.7,0,0
20130930,0.7,0.78,0.7,0.78,0,0
20131001,0.76,0.76,0.74,0.74,0,0
20131002,0.74,0.78,0.74,0.78,0,0
20131003,0.78,0.78,0.76,0.78,0,0
20131004,0.78,0.8,0.72,0.8,0,0
20131007,0.78,0.78,0.78,0.78,0,0
20131008,0.78,0.78,0.78,0.78,0,0
20131009,0.78,0.78,0.78,0.78,0,0
20131010,0.78,0.78,0.72,0.78,0,0
20131011,0.78,0.8,0.74,0.8,0,0
20131014,0.8,0.89,0.74,0.89,0,0
20131015,0.89,0.89,0.74,0.74,0,0
20131016,0.76,0.82,0.76,0.82,0,0
20131017,0.82,0.82,0.74,0.74,0,0
20131018,0.74,0.78,0.74,0.78,0,0
20131021,0.76,0.78,0.72,0.78,0,0
20131022,0.78,0.78,0.72,0.72,0,0
20131023,0.76,0.76,0.76,0.76,0,0
20131024,0.82,0.82,0.82,0.82,0,0
20131025,0.86,0.86,0.86,0.86,0,0
20131028,0.86,0.86,0.74,0.74,0,0
20131029,0.8,0.8,0.72,0.72,0,0
20131030,0.78,0.82,0.76,0.76,0,0
20131031,0.76,0.76,0.76,0.76,0,0
20131104,0.76,0.76,0.72,0.72,0,0
20131105,0.72,0.72,0.72,0.72,0,0
20131106,0.72,0.72,0.72,0.72,0,0
20131107,0.72,0.72,0.72,0.72,0,0
20131108,0.72,0.78,0.72,0.78,0,0
20131112,0.8,0.82,0.8,0.82,0,0
20131114,0.82,0.82,0.82,0.82,0,0
20131115,0.82,0.85,0.8,0.8,0,0
20131118,0.82,0.82,0.76,0.76,0,0
20131119,0.76,0.78,0.76,0.78,0,0
20131120,0.85,0.85,0.78,0.78,0,0
20131121,0.82,0.82,0.78,0.78,0,0
20131122,0.82,0.82,0.76,0.76,0,0
20131125,0.78,0.78,0.78,0.78,0,0
20131126,0.8,0.8,0.8,0.8,0,0
20131127,0.8,0.8,0.8,0.8,0,0
20131128,0.8,0.8,0.8,0.8,0,0
20131129,0.8,0.8,0.8,0.8,0,0
20131202,0.8,0.8,0.74,0.76,0,0
20131203,0.78,0.78,0.72,0.78,0,0
20131204,0.76,0.76,0.74,0.74,0,0
20131205,0.72,0.74,0.72,0.74,0,0
20131206,0.74,0.78,0.72,0.78,0,0
20131209,0.78,0.78,0.78,0.78,0,0
20131210,0.72,0.72,0.7,0.7,0,0
20131211,0.7,0.72,0.7,0.72,0,0
20131212,0.72,0.72,0.7,0.7,0,0
20131213,0.7,0.72,0.7,0.72,0,0
20131216,0.72,0.74,0.7,0.7,0,0
20131217,0.7,0.7,0.7,0.7,0,0
20131218,0.7,0.7,0.7,0.7,0,0
20131219,0.72,0.72,0.72,0.72,0,0
20131220,0.7,0.7,0.7,0.7,0,0
20131223,0.7,0.7,0.59,0.65,0,0
20131227,0.65,0.65,0.65,0.65,0,0
20131230,0.7,0.7,0.65,0.65,0,0
20140102,0.65,0.65,0.65,0.65,0,0
20140103,0.65,0.65,0.57,0.57,0,0
20140107,0.65,0.65,0.65,0.65,0,0
20140108,0.65,0.65,0.65,0.65,0,0
20140109,0.68,0.68,0.64,0.65,0,0
20140110,0.68,0.7,0.65,0.7,0,0
20140113,0.7,0.7,0.57,0.68,0,0
20140114,0.7,0.7,0.64,0.64,0,0
20140115,0.64,0.64,0.64,0.64,0,0
20140116,0.64,0.64,0.59,0.64,0,0
20140120,0.64,0.64,0.64,0.64,0,0
20140121,0.64,0.64,0.64,0.64,0,0
20140122,0.61,0.61,0.61,0.61,0,0
20140123,0.64,0.64,0.64,0.64,0,0
20140127,0.64,0.64,0.61,0.61,0,0
20140128,0.61,0.64,0.61,0.64,0,0
20140129,0.64,0.64,0.64,0.64,0,0
20140130,0.65,0.65,0.65,0.65,0,0
20140131,0.65,0.65,0.53,0.53,0,0
20140203,0.53,0.53,0.53,0.53,0,0
20140204,0.55,0.55,0.53,0.53,0,0
20140205,0.53,0.55,0.51,0.51,0,0
20140206,0.53,0.55,0.51,0.53,0,0
20140207,0.55,0.55,0.55,0.55,0,0
20140210,0.55,0.55,0.55,0.55,0,0
20140211,0.55,0.57,0.53,0.53,0,0
20140212,0.55,0.55,0.55,0.55,0,0
20140213,0.57,0.57,0.57,0.57,0,0
20140214,0.57,0.57,0.55,0.55,0,0
20140217,0.55,0.68,0.55,0.68,0,0
20140218,0.68,0.75,0.64,0.75,0,0
20140219,0.66,0.68,0.64,0.68,0,0
20140220,0.66,0.75,0.64,0.73,0,0
20140221,0.64,0.79,0.64,0.75,0,0
20140224,0.75,0.75,0.61,0.71,0,0
20140225,0.7,0.77,0.64,0.75,0,0
20140226,0.71,0.79,0.71,0.77,0,0
20140227,0.77,0.79,0.71,0.77,0,0
20140228,0.77,0.82,0.73,0.79,0,0
20140303,0.8,0.8,0.71,0.77,0,0
20140304,0.77,0.77,0.71,0.77,0,0
20140305,0.79,0.79,0.73,0.73,0,0
20140306,0.75,0.88,0.75,0.82,0,0
20140307,0.82,0.86,0.8,0.84,0,0
20140310,0.82,0.82,0.82,0.82,0,0
20140311,0.79,0.79,0.73,0.73,0,0
20140312,0.71,0.77,0.68,0.77,0,0
20140313,0.77,0.77,0.7,0.77,0,0
20140314,0.73,0.75,0.73,0.73,0,0
20140317,0.73,0.79,0.71,0.75,0,0
20140318,0.71,0.73,0.66,0.7,0,0
20140319,0.7,0.7,0.64,0.68,0,0
20140320,0.7,0.7,0.7,0.7,0,0
20140321,0.68,0.71,0.62,0.71,0,0
20140324,0.68,0.71,0.64,0.68,0,0
20140325,0.68,0.71,0.66,0.71,0,0
20140326,0.68,0.73,0.66,0.73,0,0
20140327,0.66,0.71,0.66,0.68,0,0
20140328,0.68,0.73,0.68,0.7,0,0
20140331,0.68,0.73,0.68,0.7,0,0
20140401,0.73,0.73,0.68,0.68,0,0
20140402,0.68,0.7,0.64,0.68,0,0
20140403,0.68,0.68,0.64,0.64,0,0
20140404,0.64,0.64,0.64,0.64,0,0
20140407,0.64,0.64,0.64,0.64,0,0
20140408,0.68,0.68,0.68,0.68,0,0
20140409,0.7,0.7,0.64,0.7,0,0
20140410,0.7,0.7,0.64,0.64,0,0
20140411,0.64,0.64,0.62,0.62,0,0
20140414,0.62,0.71,0.62,0.71,0,0
20140415,0.68,0.7,0.68,0.68,0,0
20140416,0.66,0.66,0.64,0.66,0,0
20140417,0.68,0.68,0.66,0.68,0,0
20140422,0.69,0.76,0.69,0.73,0,0
20140423,0.73,0.79,0.73,0.79,0,0
20140424,0.76,0.76,0.76,0.76,0,0
20140425,0.76,0.76,0.73,0.76,0,0
20140428,0.79,0.83,0.79,0.81,0,0
20140429,0.81,0.83,0.81,0.81,0,0
20140430,0.83,0.83,0.83,0.83,0,0
20140502,0.83,0.83,0.76,0.79,0,0
20140505,0.83,0.83,0.83,0.83,0,0
20140506,0.83,0.83,0.83,0.83,0,0
20140507,0.85,0.85,0.76,0.76,0,0
20140508,0.76,0.76,0.76,0.76,0,0
20140509,0.76,0.9,0.76,0.9,0,0
20140512,0.9,0.9,0.9,0.9,0,0
20140513,0.9,0.9,0.85,0.85,0,0
20140514,0.85,0.85,0.85,0.85,0,0
20140515,0.85,0.85,0.85,0.85,0,0
20140516,0.85,0.88,0.85,0.88,0,0
20140519,0.88,0.88,0.87,0.87,0,0
20140520,0.88,1.02,0.88,1.02,0,0
20140521,1.02,1.09,0.96,1.09,0,0
20140522,1.13,1.13,1.02,1.02,0,0
20140523,1,1,0.92,0.96,0,0
20140526,0.98,0.98,0.98,0.98,0,0
20140527,0.94,0.94,0.94,0.94,0,0
20140528,0.98,1,0.98,1,0,0
20140529,1,1.02,0.98,0.98,0,0
20140530,1,1.18,1,1,0,0
20140602,1,1.07,1,1.02,0,0
20140603,1.02,1.09,1.02,1.09,0,0
20140604,1.07,1.09,1.07,1.09,0,0
20140605,1.09,1.09,1.07,1.07,0,0
20140606,1.09,1.09,1.09,1.09,0,0
20140609,1.09,1.11,1.09,1.11,0,0
20140610,1.13,1.13,1.13,1.13,0,0
20140611,1.11,1.11,1.07,1.07,0,0
20140612,1.02,1.13,1.02,1.13,0,0
20140613,1.13,1.13,1.06,1.09,0,0
20140616,1.09,1.09,1,1,0,0
20140617,1,1.04,0.98,1,0,0
20140618,1,1.07,1,1.03,0,0
20140620,1.03,1.03,1.03,1.03,0,0
20140623,1.02,1.02,0.96,0.96,0,0
20140624,0.96,0.96,0.96,0.96,0,0
20140625,0.96,0.98,0.96,0.98,0,0
20140626,0.96,1.07,0.96,1.02,0,0
20140627,0.94,0.98,0.76,0.98,0,0
20140630,0.83,0.92,0.83,0.83,0,0
20140701,0.83,0.83,0.67,0.73,0,0
20140702,0.81,0.81,0.73,0.73,0,0
20140703,0.78,0.78,0.74,0.78,0,0
20140704,0.8,0.8,0.78,0.78,0,0
20140707,0.76,0.76,0.76,0.76,0,0
20140708,0.76,0.9,0.76,0.9,0,0
20140709,0.92,1.02,0.9,1.02,0,0
20140710,1,1,1,1,0,0
20140711,1,1,0.85,0.85,0,0
20140714,0.92,0.92,0.85,0.85,0,0
20140715,0.85,0.98,0.85,0.96,0,0
20140717,1,1.07,0.94,0.94,0,0
20140718,0.96,1.07,0.85,0.85,0,0
20140721,0.85,0.85,0.85,0.85,0,0
20140722,0.85,0.85,0.81,0.83,0,0
20140723,0.87,0.9,0.8,0.8,0,0
20140724,0.83,0.83,0.83,0.83,0,0
20140725,0.81,0.81,0.81,0.81,0,0
20140728,0.8,0.8,0.78,0.78,0,0
20140729,0.76,0.76,0.76,0.76,0,0
20140730,0.76,0.76,0.73,0.73,0,0
20140731,0.71,0.76,0.6,0.73,0,0
20140801,0.73,0.73,0.73,0.73,0,0
20140804,0.73,0.73,0.6,0.71,0,0
20140805,0.73,0.74,0.73,0.74,0,0
20140806,0.76,0.87,0.76,0.87,0,0
20140807,0.87,0.92,0.87,0.89,0,0
20140808,0.94,1,0.94,1,0,0
20140811,0.98,0.98,0.9,0.9,0,0
20140813,0.94,1.08,0.94,1.08,0,0
20140814,1.08,1.08,1.08,1.08,0,0
20140818,0.98,0.98,0.98,0.98,0,0
20140819,0.98,0.98,0.98,0.98,0,0
20140820,0.98,0.98,0.98,0.98,0,0
20140821,0.96,0.96,0.96,0.96,0,0
20140822,0.96,0.96,0.96,0.96,0,0
20140825,0.94,0.94,0.94,0.94,0,0
20140826,0.94,0.94,0.94,0.94,0,0
20140827,0.94,0.94,0.94,0.94,0,0
20140828,0.94,0.94,0.89,0.89,0,0
20140829,0.89,0.89,0.89,0.89,0,0
20140901,0.92,0.92,0.92,0.92,0,0
20140902,0.9,0.9,0.9,0.9,0,0
20140903,0.9,0.94,0.9,0.94,0,0
20140905,0.94,0.98,0.94,0.98,0,0
20140908,1,1,0.9,1,0,0
20140909,1,1.03,1,1.03,0,0
20140910,1.03,1.03,1.03,1.03,0,0
20140911,1.03,1.03,0.88,1.03,0,0
20140912,0.99,0.99,0.99,0.99,0,0
20140916,0.99,0.99,0.99,0.99,0,0
20140917,0.99,1.07,0.99,1.07,0,0
20140918,1.07,1.07,1.07,1.07,0,0
20140919,0.96,1.07,0.96,1.05,0,0
20140922,1.03,1.03,1.03,1.03,0,0
20140923,1.03,1.03,1.03,1.03,0,0
20140924,1.03,1.03,1.03,1.03,0,0
20140925,1.03,1.03,0.88,0.88,0,0
20140926,0.9,0.9,0.84,0.84,0,0
20140929,0.84,0.84,0.84,0.84,0,0
20140930,0.9,1,0.9,1,0,0
20141001,1,1,1,1,0,0
20141002,1,1,1,1,0,0
20141003,1,1,1,1,0,0
20141006,1.08,1.08,1.08,1.08,0,0
20141007,1.08,1.08,1.08,1.08,0,0
20141008,1.08,1.08,1.08,1.08,0,0
20141009,1.08,1.08,1.08,1.08,0,0
20141010,1.08,1.08,1.08,1.08,0,0
20141013,1.08,1.08,1.08,1.08,0,0
20141014,1.08,1.08,1.08,1.08,0,0
20141015,1.06,1.06,1.04,1.04,0,0
20141016,0.89,1.04,0.89,1.04,0,0
20141017,1.04,1.04,1.02,1.02,0,0
20141020,1,1,0.87,0.87,0,0
20141021,0.98,0.98,0.81,0.98,0,0
20141022,0.85,0.85,0.81,0.81,0,0
20141023,0.83,0.83,0.83,0.83,0,0
20141024,0.85,0.85,0.85,0.85,0,0
20141027,0.85,0.85,0.85,0.85,0,0
20141028,0.85,0.91,0.85,0.91,0,0
20141029,0.91,1.02,0.91,1.02,0,0
20141030,1,1,1,1,0,0
20141031,1.02,1.02,1,1,0,0
20141103,1,1,1,1,0,0
20141104,1.02,1.02,1.02,1.02,0,0
20141105,0.96,0.96,0.96,0.96,0,0
20141106,0.96,0.96,0.96,0.96,0,0
20141107,0.96,0.96,0.96,0.96,0,0
20141110,0.96,0.96,0.96,0.96,0,0
20141112,1.02,1.02,1.02,1.02,0,0
20141113,1.02,1.02,1.02,1.02,0,0
20141114,1.02,1.02,1.02,1.02,0,0
20141117,1.02,1.14,1.02,1.14,0,0
20141118,1.02,1.14,1.02,1.14,0,0
20141119,1.12,1.12,0.98,0.98,0,0
20141120,1.06,1.12,1.06,1.12,0,0
20141121,1.12,1.12,1.12,1.12,0,0
20141124,1.14,1.16,1.14,1.14,0,0
20141125,1.14,1.14,1.12,1.12,0,0
20141126,1.12,1.12,1.12,1.12,0,0
20141127,1.12,1.12,1.12,1.12,0,0
20141128,1.12,1.12,1.12,1.12,0,0
20141201,1.12,1.12,0.96,1.02,0,0
20141202,1.1,1.1,1.1,1.1,0,0
20141203,1.12,1.12,1.12,1.12,0,0
20141204,1.1,1.1,1.1,1.1,0,0
20141205,1.1,1.1,1.1,1.1,0,0
20141208,1.1,1.1,1.1,1.1,0,0
20141209,1.08,1.1,1.08,1.1,0,0
20141210,1.08,1.08,1.08,1.08,0,0
20141211,1.08,1.08,0.99,0.99,0,0
20141212,0.99,0.99,0.99,0.99,0,0
20141215,0.99,0.99,0.99,0.99,0,0
20141217,0.99,1,0.99,1,0,0
20141218,1,1.02,0.99,1.02,0,0
20141219,1.02,1.02,1.02,1.02,0,0
20141222,1.02,1.02,1.02,1.02,0,0
20141223,1.02,1.02,1.02,1.02,0,0
20141229,0.99,0.99,0.99,0.99,0,0
20141230,0.99,1,0.99,1,0,0
