Date,Open,High,Low,Close,Volume,OpenInt
20080320,43.125,43.125,43.125,43.125,0,0
20080325,42.167,42.167,36.608,36.608,0,0
20080326,36.608,37.95,36.608,37.95,0,0
20080327,37.088,42.167,7.475,7.475,0,0
20080328,7.475,7.6667,7.2833,7.6667,0,0
20080402,6.6125,6.6125,6.6125,6.6125,0,0
20080403,6.6125,6.6125,6.4208,6.4208,0,0
20080404,6.325,6.325,5.4625,5.9417,0,0
20080407,5.9417,5.9417,5.175,5.6542,0,0
20080408,5.3667,6.2292,5.3667,6.2292,0,0
20080409,5.9417,6.0375,5.9417,5.9417,0,0
20080410,6.1333,6.2292,6.0375,6.2292,0,0
20080411,6.1333,6.325,6.1333,6.2292,0,0
20080414,5.9417,5.9417,5.6542,5.6542,0,0
20080415,5.8458,5.8458,5.8458,5.8458,0,0
20080416,5.8458,6.6125,5.2708,6.5167,0,0
20080417,6.2292,6.2292,5.75,6.1333,0,0
20080418,5.8458,6.1333,5.8458,6.1333,0,0
20080421,5.6542,6.1333,5.6542,5.6542,0,0
20080422,5.9417,5.9417,5.4625,5.5583,0,0
20080423,6.0375,6.0375,5.4625,5.8458,0,0
20080424,5.9417,5.9417,5.8458,5.8458,0,0
20080425,5.4625,5.8458,5.3667,5.3667,0,0
20080429,5.175,5.5583,5.175,5.4625,0,0
20080430,5.175,5.4625,5.175,5.4625,0,0
20080505,5.3667,5.75,5.2708,5.6542,0,0
20080506,5.3667,5.4625,4.7917,5.4625,0,0
20080507,5.4625,5.4625,5.4625,5.4625,0,0
20080508,4.8875,5.175,4.6958,5.175,0,0
20080509,4.7917,5.0792,4.7917,5.0792,0,0
20080512,5.175,5.175,5.0792,5.175,0,0
20080514,4.9833,5.0792,4.9833,5.0792,0,0
20080519,4.6,4.9833,4.6,4.9833,0,0
20080521,4.6958,4.7917,4.6,4.7917,0,0
20080523,5.0792,5.175,5.0792,5.175,0,0
20080526,4.7917,5.0792,4.7917,5.0792,0,0
20080527,4.7917,4.8875,4.7917,4.8875,0,0
20080528,4.4083,4.8875,4.4083,4.8875,0,0
20080529,4.5042,4.8875,4.5042,4.8875,0,0
20080530,4.5042,4.7917,4.5042,4.7917,0,0
20080602,4.4083,4.8875,4.4083,4.8875,0,0
20080603,4.4083,4.4083,4.2167,4.2167,0,0
20080604,4.025,4.8875,4.025,4.8875,0,0
20080605,4.6958,4.8875,4.3125,4.3125,0,0
20080606,4.7917,4.7917,4.7917,4.7917,0,0
20080610,4.3125,4.4083,4.1208,4.2167,0,0
20080611,3.8333,4.2167,3.7375,4.025,0,0
20080612,4.1208,4.1208,4.1208,4.1208,0,0
20080613,4.1208,4.1208,4.1208,4.1208,0,0
20080616,4.1208,4.2167,3.8333,4.2167,0,0
20080619,4.2167,4.2167,4.2167,4.2167,0,0
20080620,3.7375,4.2167,3.7375,4.1208,0,0
20080623,4.1208,4.2167,4.1208,4.2167,0,0
20080624,4.2167,4.2167,3.7375,4.2167,0,0
20080625,3.8333,4.2167,3.8333,4.1208,0,0
20080626,4.1208,4.1208,3.7375,4.1208,0,0
20080627,4.1208,4.1208,3.7375,4.1208,0,0
20080630,4.2167,4.2167,3.7375,4.1208,0,0
20080701,4.1208,4.1208,4.1208,4.1208,0,0
20080702,4.1208,4.1208,4.1208,4.1208,0,0
20080703,4.1208,4.1208,3.8333,4.1208,0,0
20080704,4.1208,4.1208,4.1208,4.1208,0,0
20080707,4.1208,4.1208,4.1208,4.1208,0,0
20080708,4.1208,4.1208,4.1208,4.1208,0,0
20080709,4.1208,4.1208,3.8333,4.025,0,0
20080710,4.025,4.025,4.025,4.025,0,0
20080711,3.9292,3.9292,3.9292,3.9292,0,0
20080714,4.025,4.1208,4.025,4.1208,0,0
20080715,4.1208,4.1208,3.7375,3.8333,0,0
20080716,3.8333,3.8333,3.8333,3.8333,0,0
20080717,3.8333,3.8333,3.8333,3.8333,0,0
20080718,3.8333,3.8333,3.8333,3.8333,0,0
20080721,3.8333,4.1208,3.8333,4.1208,0,0
20080722,3.9292,4.1208,3.9292,4.1208,0,0
20080723,4.1208,4.1208,4.1208,4.1208,0,0
20080724,4.1208,4.6958,4.1208,4.6,0,0
20080728,4.3125,4.3125,4.3125,4.3125,0,0
20080729,4.3125,4.3125,4.3125,4.3125,0,0
20080730,4.1208,4.1208,4.1208,4.1208,0,0
20080731,4.2167,4.2167,4.2167,4.2167,0,0
20080801,3.8333,3.8333,3.8333,3.8333,0,0
20080804,3.8333,4.3125,3.8333,4.2167,0,0
20080805,4.2167,4.2167,4.2167,4.2167,0,0
20080806,4.2167,4.2167,4.2167,4.2167,0,0
20080807,4.025,4.025,4.025,4.025,0,0
20080808,3.6417,3.8333,3.6417,3.8333,0,0
20080811,3.6417,3.8333,3.6417,3.7375,0,0
20080813,3.7375,3.7375,3.7375,3.7375,0,0
20080814,3.45,3.7375,3.45,3.7375,0,0
20080818,3.7375,3.7375,3.7375,3.7375,0,0
20080819,3.7375,3.7375,3.7375,3.7375,0,0
20080820,3.7375,3.7375,3.7375,3.7375,0,0
20080821,3.7375,3.7375,3.7375,3.7375,0,0
20080822,2.9708,3.1625,2.9708,3.1625,0,0
20080825,3.5458,3.6417,3.5458,3.6417,0,0
20080826,3.5458,3.5458,3.45,3.45,0,0
20080827,3.45,3.45,3.45,3.45,0,0
20080828,2.9708,3.5458,2.9708,3.5458,0,0
20080829,3.5458,3.5458,3.1625,3.3542,0,0
20080901,2.9708,3.3542,2.9708,3.3542,0,0
20080902,2.9708,3.5458,2.9708,3.5458,0,0
20080903,3.6417,3.6417,3.6417,3.6417,0,0
20080904,3.7375,3.7375,3.7375,3.7375,0,0
20080905,3.2583,3.5458,3.2583,3.5458,0,0
20080908,3.5458,3.7375,3.5458,3.7375,0,0
20080909,3.7375,4.3125,3.7375,4.3125,0,0
20080910,3.8333,4.7917,3.8333,4.3125,0,0
20080912,3.8333,3.9292,3.8333,3.9292,0,0
20080915,3.5458,3.5458,3.5458,3.5458,0,0
20080917,3.0667,3.7375,3.0667,3.6417,0,0
20080918,3.1625,3.6417,3.1625,3.6417,0,0
20080922,2.9708,2.9708,2.875,2.9708,0,0
20080923,2.7792,3.2583,2.7792,3.2583,0,0
20080929,3.2583,3.2583,3.1625,3.1625,0,0
20080930,3.1625,3.1625,3.1625,3.1625,0,0
20081001,3.3542,3.3542,3.3542,3.3542,0,0
20081002,3.2583,3.2583,3.2583,3.2583,0,0
20081006,2.9708,2.9708,2.9708,2.9708,0,0
20081009,2.6833,2.6833,2.6833,2.6833,0,0
20081010,2.5875,2.5875,2.3958,2.3958,0,0
20081013,2.2042,2.2042,2.2042,2.2042,0,0
20081016,2.2042,2.2042,2.2042,2.2042,0,0
20081017,1.9167,2.3,1.9167,2.3,0,0
20081022,2.3,2.3,2.2042,2.2042,0,0
20081023,1.725,1.725,1.725,1.725,0,0
20081024,1.5333,1.6292,1.5333,1.6292,0,0
20081027,1.3417,1.3417,1.0542,1.0542,0,0
20081028,1.0542,1.0542,1.0542,1.0542,0,0
20081029,1.0542,1.3417,1.0542,1.3417,0,0
20081030,1.15,1.6292,1.15,1.5333,0,0
20081031,1.2458,1.4375,1.2458,1.4375,0,0
20081103,1.3417,1.3417,1.3417,1.3417,0,0
20081104,1.4375,1.725,1.4375,1.6292,0,0
20081105,1.6292,1.6292,1.5333,1.5333,0,0
20081106,1.4375,1.4375,1.15,1.3417,0,0
20081107,1.2458,1.2458,1.15,1.15,0,0
20081110,1.2458,1.4375,1.2458,1.4375,0,0
20081112,1.5333,1.725,1.5333,1.725,0,0
20081113,1.8208,2.1083,1.8208,2.1083,0,0
20081114,2.0125,2.1083,1.9167,2.1083,0,0
20081117,1.9167,2.1083,1.6292,2.1083,0,0
20081118,2.3,2.4917,2.3,2.4917,0,0
20081119,2.4917,2.5875,2.4917,2.5875,0,0
20081120,2.6833,2.6833,2.3958,2.3958,0,0
20081124,2.3958,2.3958,2.3958,2.3958,0,0
20081126,2.3958,2.3958,2.3958,2.3958,0,0
20081128,2.2042,2.2042,2.2042,2.2042,0,0
20081201,2.2042,2.2042,2.2042,2.2042,0,0
20081203,2.0125,2.0125,2.0125,2.0125,0,0
20081209,1.725,1.725,1.725,1.725,0,0
20081210,1.6292,1.6292,1.5333,1.6292,0,0
20081211,1.4375,1.4375,1.4375,1.4375,0,0
20081212,1.4375,1.4375,1.4375,1.4375,0,0
20081216,1.4375,1.4375,1.4375,1.4375,0,0
20081218,1.4375,1.4375,1.4375,1.4375,0,0
20081219,1.3417,1.3417,1.2458,1.3417,0,0
20081222,1.2458,1.2458,1.2458,1.2458,0,0
20081223,1.3417,1.3417,1.0542,1.0542,0,0
20081229,1.0542,1.0542,1.0542,1.0542,0,0
20081230,1.0542,1.2458,1.0542,1.2458,0,0
20081231,1.2458,1.3417,1.2458,1.3417,0,0
20090105,1.3417,1.3417,1.15,1.15,0,0
20090106,1.3417,1.3417,1.3417,1.3417,0,0
20090107,1.3417,1.5333,1.3417,1.3417,0,0
20090109,1.15,1.15,1.15,1.15,0,0
20090112,1.2458,1.2458,1.15,1.15,0,0
20090119,0.9583,1.0542,0.9583,1.0542,0,0
20090121,0.8625,0.8625,0.8625,0.8625,0,0
20090127,0.9583,0.9583,0.9583,0.9583,0,0
20090209,0.8625,0.8625,0.8625,0.8625,0,0
20090212,0.6708,0.7667,0.6708,0.7667,0,0
20090217,0.9583,0.9583,0.8625,0.8625,0,0
20090218,0.7667,0.9583,0.6708,0.9583,0,0
20090219,0.9583,1.15,0.9583,1.15,0,0
20090304,0.8625,0.8625,0.7667,0.7667,0,0
20090305,0.8625,0.8625,0.7667,0.7667,0,0
20090306,0.8625,0.9583,0.8625,0.9583,0,0
20090309,0.9583,0.9583,0.9583,0.9583,0,0
20090316,0.9583,0.9583,0.9583,0.9583,0,0
20090318,0.7667,0.7667,0.7667,0.7667,0,0
20090319,0.8625,0.8625,0.8625,0.8625,0,0
20090325,0.6708,0.8625,0.6708,0.8625,0,0
20090326,0.6708,0.8625,0.6708,0.8625,0,0
20090327,0.6708,0.6708,0.6708,0.6708,0,0
20090330,0.7667,0.7667,0.7667,0.7667,0,0
20090331,0.7667,0.7667,0.7667,0.7667,0,0
20090403,0.9583,0.9583,0.8625,0.8625,0,0
20090406,0.7667,0.8625,0.6708,0.8625,0,0
20090407,0.8625,0.8625,0.8625,0.8625,0,0
20090408,0.7667,0.7667,0.7667,0.7667,0,0
20090409,0.8625,0.9583,0.8625,0.9583,0,0
20090414,1.0542,1.15,1.0542,1.0542,0,0
20090415,1.0542,1.15,1.0542,1.15,0,0
20090416,1.15,1.3417,1.15,1.3417,0,0
20090417,1.3417,1.5333,1.3417,1.3417,0,0
20090420,1.3417,1.4375,1.3417,1.3417,0,0
20090421,1.2458,1.4375,1.2458,1.4375,0,0
20090422,1.3417,1.3417,1.3417,1.3417,0,0
20090423,1.4375,1.4375,1.4375,1.4375,0,0
20090424,1.5333,1.5333,1.5333,1.5333,0,0
20090427,1.2458,1.4375,1.2458,1.3417,0,0
20090428,1.2458,1.3417,1.2458,1.3417,0,0
20090429,1.4375,1.4375,1.4375,1.4375,0,0
20090430,1.2458,1.2458,1.2458,1.2458,0,0
20090504,1.2458,1.2458,1.15,1.15,0,0
20090505,1.2458,1.2458,1.15,1.2458,0,0
20090508,1.2458,1.4375,1.2458,1.3417,0,0
20090511,1.15,1.3417,1.15,1.15,0,0
20090512,1.15,1.15,1.15,1.15,0,0
20090513,1.2458,1.2458,1.15,1.15,0,0
20090514,0.9583,1.0542,0.9583,1.0542,0,0
20090515,1.2458,1.2458,1.2458,1.2458,0,0
20090519,1.0542,1.2458,1.0542,1.2458,0,0
20090526,1.0542,1.2458,1.0542,1.2458,0,0
20090527,1.0542,1.0542,1.0542,1.0542,0,0
20090528,1.0542,1.0542,1.0542,1.0542,0,0
20090601,0.9583,0.9583,0.9583,0.9583,0,0
20090602,0.9583,1.0542,0.9583,1.0542,0,0
20090604,1.15,1.15,1.15,1.15,0,0
20100216,70.917,70.917,70.917,70.917,0,0
20100217,64.592,65.358,64.592,65.358,0,0
20100218,69.671,69.671,63.346,67.371,0,0
20100219,68.521,68.521,68.521,68.521,0,0
20100222,64.592,65.358,63.346,65.358,0,0
20100223,65.358,68.904,61.333,65.358,0,0
20100224,60.183,65.358,60.183,65.358,0,0
20100225,61.813,65.358,59.033,65.358,0,0
20100226,60.183,64.975,60.183,64.975,0,0
20100302,63.346,63.442,60.183,63.442,0,0
20100303,61.333,69.767,60.183,69.767,0,0
20100304,69.671,69.767,69.671,69.767,0,0
20100305,71.683,71.683,63.346,63.442,0,0
20100308,69.671,69.671,65.358,65.358,0,0
20100309,65.358,65.358,61.333,61.429,0,0
20100310,61.333,61.333,60.95,61.046,0,0
20100311,61.333,61.429,60.95,61.429,0,0
20100312,60.95,65.358,60.95,65.358,0,0
20100315,60.567,63.346,59.417,59.417,0,0
20100316,59.417,59.417,55.488,59.417,0,0
20100317,56.638,56.638,56.254,56.254,0,0
20100318,56.638,56.638,56.638,56.638,0,0
20100319,60.183,60.279,60.183,60.279,0,0
20100322,57.404,57.5,57.404,57.5,0,0
20100323,58.65,58.65,53.475,53.475,0,0
20100324,55.488,55.488,53.858,53.858,0,0
20100325,53.858,53.858,53.858,53.858,0,0
20100331,53.858,53.858,53.475,53.475,0,0
20100406,53.475,53.475,53.475,53.475,0,0
20100407,57.021,61.813,51.846,51.942,0,0
20100408,52.229,58.65,52.229,58.65,0,0
20100413,56.254,56.254,56.254,56.254,0,0
20100414,53.475,58.267,53.475,58.267,0,0
20100419,53.092,53.092,53.092,53.092,0,0
20100420,56.254,56.254,56.254,56.254,0,0
20100421,56.254,58.267,56.254,58.267,0,0
20100426,53.475,53.475,52.708,52.708,0,0
20100429,52.708,52.708,52.229,52.325,0,0
20100504,54.625,54.721,54.625,54.721,0,0
20100505,52.229,53.858,52.229,53.858,0,0
20100507,52.708,52.708,52.229,52.325,0,0
20100510,53.475,53.475,53.475,53.475,0,0
20100514,53.475,57.5,53.475,57.5,0,0
20100517,57.404,57.5,57.404,57.5,0,0
20100519,49.546,55.488,49.546,55.488,0,0
20100520,55.488,55.488,14.471,14.471,0,0
20100521,14.471,14.471,13.033,13.033,0,0
20100525,13.033,14.471,13.033,14.471,0,0
20100527,13.608,13.608,13.608,13.608,0,0
20100602,12.938,13.033,12.938,13.033,0,0
20100607,13.033,13.033,13.033,13.033,0,0
20100608,12.746,14.279,12.746,14.279,0,0
20100609,11.308,13.321,11.308,13.321,0,0
20100610,11.5,13.321,10.829,11.788,0,0
20100611,11.404,12.65,11.021,12.267,0,0
20100614,11.117,12.075,11.117,11.883,0,0
20100615,11.883,12.171,10.733,10.733,0,0
20100616,10.733,12.458,10.733,12.267,0,0
20100618,11.5,11.979,11.5,11.883,0,0
20100621,11.883,12.458,11.883,12.458,0,0
20100622,11.788,12.458,11.788,12.458,0,0
20100623,12.554,12.554,12.554,12.554,0,0
20100624,12.554,12.554,12.554,12.554,0,0
20100625,10.446,12.554,10.446,12.554,0,0
20100628,12.842,12.842,12.842,12.842,0,0
20100629,12.938,13.033,12.938,13.033,0,0
20100630,13.129,13.129,10.733,13.033,0,0
20100701,10.542,12.842,10.542,12.746,0,0
20100702,10.446,12.363,10.446,12.363,0,0
20100705,10.733,13.129,10.733,13.129,0,0
20100706,12.938,14.183,11.117,12.363,0,0
20100707,11.117,12.938,10.733,11.404,0,0
20100708,10.925,11.596,10.925,11.404,0,0
20100709,11.404,11.692,11.404,11.692,0,0
20100712,11.021,11.404,10.733,11.308,0,0
20100713,10.542,10.542,10.446,10.446,0,0
20100714,10.158,10.638,10.158,10.638,0,0
20100715,10.542,10.542,9.679,9.679,0,0
20100716,9.775,10.446,9.775,10.446,0,0
20100719,10.254,10.254,9.4875,9.4875,0,0
20100720,9.583,9.679,9.583,9.679,0,0
20100721,9.775,9.775,9.775,9.775,0,0
20100722,10.063,10.063,8.7208,9.967,0,0
20100723,8.9125,9.1042,8.5292,9.1042,0,0
20100726,9.967,9.967,9.967,9.967,0,0
20100727,9.871,9.967,9.871,9.967,0,0
20100728,10.254,10.542,10.254,10.542,0,0
20100729,9.871,11.117,9.871,11.021,0,0
20100730,11.117,11.117,11.117,11.117,0,0
20100803,9.2958,10.542,9.1042,10.542,0,0
20100804,10.925,12.65,10.35,10.35,0,0
20100805,10.446,12.363,10.446,11.596,0,0
20100806,11.5,11.788,10.925,11.596,0,0
20100809,11.021,11.596,10.733,11.596,0,0
20100810,10.925,10.925,10.733,10.733,0,0
20100811,10.733,12.267,10.733,11.021,0,0
20100812,11.117,11.117,10.446,10.542,0,0
20100813,10.542,11.117,10.542,11.021,0,0
20100816,10.733,10.733,10.733,10.733,0,0
20100817,10.542,10.925,10.063,10.063,0,0
20100818,10.063,10.063,10.063,10.063,0,0
20100819,10.063,10.35,10.063,10.35,0,0
20100820,10.35,10.446,10.35,10.35,0,0
20100823,10.35,10.35,9.871,9.871,0,0
20100824,9.679,9.967,9.583,9.967,0,0
20100825,9.871,9.871,9.871,9.871,0,0
20100826,9.871,14.279,9.871,14.279,0,0
20100827,14.279,14.279,12.363,13.704,0,0
20100830,13.129,13.704,13.129,13.608,0,0
20100831,13.321,13.321,10.925,11.883,0,0
20100901,11.596,11.596,9.967,10.829,0,0
20100902,11.117,11.117,9.967,10.446,0,0
20100903,10.446,10.446,9.4875,10.35,0,0
20100906,10.158,11.021,9.967,11.021,0,0
20100907,10.733,10.925,10.35,10.733,0,0
20100908,11.021,11.021,10.925,11.021,0,0
20100909,11.021,11.021,10.542,11.021,0,0
20100910,11.117,11.308,10.829,10.829,0,0
20100913,10.638,11.213,10.638,11.213,0,0
20100914,10.925,11.308,10.733,11.308,0,0
20100915,11.117,11.117,10.733,11.021,0,0
20100916,10.925,11.117,10.158,11.021,0,0
20100917,11.021,11.021,10.542,10.733,0,0
20100920,10.733,10.925,10.638,10.733,0,0
20100921,10.829,10.829,9.967,10.158,0,0
20100922,10.638,10.638,9.871,10.158,0,0
20100923,10.254,10.542,10.063,10.542,0,0
20100924,10.35,10.35,10.35,10.35,0,0
20100927,10.35,10.35,10.158,10.158,0,0
20100928,10.254,10.542,9.967,10.542,0,0
20100929,10.158,10.542,10.158,10.542,0,0
20100930,10.638,10.638,10.638,10.638,0,0
20101001,10.542,10.542,10.158,10.158,0,0
20101004,10.446,10.829,10.446,10.829,0,0
20101005,10.733,10.733,10.446,10.638,0,0
20101006,10.638,10.638,10.542,10.542,0,0
20101007,10.638,10.638,10.446,10.446,0,0
20101008,10.446,10.925,10.35,10.925,0,0
20101011,10.925,13.896,10.925,11.883,0,0
20101012,11.692,13.129,11.692,13.033,0,0
20101013,13.225,13.225,12.65,12.65,0,0
20101014,12.65,12.65,11.692,11.692,0,0
20101015,11.404,11.883,11.404,11.883,0,0
20101018,11.5,13.033,11.5,13.033,0,0
20101019,13.129,13.8,13.129,13.8,0,0
20101020,13.417,13.417,12.267,13.225,0,0
20101021,15.333,15.333,13.321,14.758,0,0
20101022,14.758,14.758,13.896,13.896,0,0
20101025,13.896,14.758,13.896,14.758,0,0
20101026,14.758,15.621,14.758,14.95,0,0
20101027,14.567,14.567,13.513,13.704,0,0
20101028,13.704,13.704,13.704,13.704,0,0
20101029,13.9,13.9,13.23,13.32,0,0
20101102,13.129,13.129,12.458,12.458,0,0
20101103,12.267,12.267,11.979,11.979,0,0
20101104,11.979,12.458,11.979,12.458,0,0
20101105,12.458,12.65,12.458,12.65,0,0
20101108,12.65,14.375,12.65,14.375,0,0
20101109,14.567,14.567,14.088,14.088,0,0
20101110,14.279,14.758,14.279,14.375,0,0
20101112,13.704,14.183,13.704,13.704,0,0
20101115,14.567,14.758,14.279,14.758,0,0
20101116,14.758,14.758,14.279,14.375,0,0
20101117,14.567,24.917,13.992,24.917,0,0
20101118,24.533,24.533,24.533,24.533,0,0
20101119,24.533,25.204,23.383,24.15,0,0
20101122,23.383,24.15,23,24.15,0,0
20101123,23.767,30.379,22.713,30.379,0,0
20101124,31.817,31.817,25.588,27.888,0,0
20101125,27.504,29.038,27.217,28.558,0,0
20101126,28.558,28.558,25.971,27.121,0,0
20101129,27.217,27.888,25.683,26.354,0,0
20101130,27.025,27.792,25.971,25.971,0,0
20101201,26.354,28.175,25.588,26.738,0,0
20101202,27.792,28.175,25.971,26.738,0,0
20101203,26.354,27.408,25.971,27.408,0,0
20101206,27.408,27.408,26.738,27.408,0,0
20101207,26.738,30.379,26.738,28.175,0,0
20101208,29.613,29.613,27.025,28.942,0,0
20101209,29.613,29.613,28.175,28.942,0,0
20101210,28.942,28.942,27.792,28.942,0,0
20101213,27.792,28.558,27.025,27.408,0,0
20101214,27.408,29.613,27.408,28.175,0,0
20101215,29.229,29.229,27.408,28.175,0,0
20101216,27.025,27.792,27.025,27.504,0,0
20101217,27.504,27.504,27.121,27.121,0,0
20101220,27.217,27.217,25.3,25.683,0,0
20101221,25.013,26.833,25.013,26.354,0,0
20101222,25.971,27.504,25.588,27.504,0,0
20101223,26.067,27.504,26.067,27.504,0,0
20101227,27.217,27.217,25.971,25.971,0,0
20101228,25.971,26.738,24.533,25.683,0,0
20101229,23.479,25.683,22.808,24.917,0,0
20101230,24.917,25.588,24.15,25.3,0,0
20101231,25.68,26.45,25.68,25.97,0,0
20110103,26.354,27.504,25.971,27.504,0,0
20110104,27.504,27.504,27.121,27.121,0,0
20110105,27.217,27.217,25.683,25.683,0,0
20110107,26.45,26.833,25.683,25.683,0,0
20110110,25.683,27.217,22.808,26.738,0,0
20110111,25.204,25.204,23.767,24.15,0,0
20110112,24.917,24.917,24.15,24.917,0,0
20110113,25.204,25.204,24.15,24.15,0,0
20110114,24.15,26.354,24.15,26.354,0,0
20110117,26.354,27.504,24.917,27.504,0,0
20110118,27.217,27.217,25.971,25.971,0,0
20110119,25.971,26.354,25.588,26.354,0,0
20110120,25.971,25.971,24.533,25.971,0,0
20110121,25.971,25.971,25.588,25.683,0,0
20110124,26.067,26.067,25.3,25.683,0,0
20110125,25.683,25.683,25.013,25.683,0,0
20110126,26.067,26.067,25.013,25.971,0,0
20110127,25.971,26.354,25.204,25.971,0,0
20110128,23.767,23.767,23.767,23.767,0,0
20110131,22.43,25.3,22.14,25.3,0,0
20110201,25.683,25.683,24.15,24.15,0,0
20110202,24.15,24.533,24.15,24.533,0,0
20110203,24.533,24.533,24.533,24.533,0,0
20110204,24.533,24.917,24.15,24.917,0,0
20110207,23.767,23.767,23.383,23.479,0,0
20110208,23.863,23.863,23.479,23.479,0,0
20110209,23.479,23.479,22.042,23.096,0,0
20110210,23.096,24.246,23.096,24.15,0,0
20110211,24.15,24.917,23,24.917,0,0
20110214,24.533,28.942,24.533,27.504,0,0
20110215,26.833,26.833,25.013,25.683,0,0
20110216,25.683,26.067,7.6667,7.6667,0,0
20110217,7.6667,7.6667,7.3792,7.3792,0,0
20110218,7.3792,7.3792,5.9417,6.5167,0,0
20110221,6.4208,6.6125,6.4208,6.5167,0,0
20110222,6.5167,6.5167,6.325,6.5167,0,0
20110223,6.325,6.325,6.2292,6.2292,0,0
20110224,6.0375,6.2292,6.0375,6.2292,0,0
20110225,6.2292,6.2292,5.75,6.0375,0,0
20110228,5.9417,6.1333,5.5583,6.1333,0,0
20110301,6.1333,7.0917,6.0375,6.7083,0,0
20110302,6.7083,6.9,6.2292,6.8042,0,0
20110303,6.8042,7.5708,6.8042,7.3792,0,0
20110304,7.475,7.6667,7.2833,7.6667,0,0
20110307,7.6667,7.9542,6.9,7.9542,0,0
20110308,7.9542,7.9542,7.3792,7.6667,0,0
20110309,7.6667,7.6667,7.6667,7.6667,0,0
20110310,7.6667,7.6667,6.7083,7.3792,0,0
20110311,7.3792,7.3792,6.7083,6.7083,0,0
20110314,6.7083,7.3792,6.7083,7.3792,0,0
20110315,7.2833,7.2833,6.5167,7.0917,0,0
20110316,6.6125,6.9958,6.5167,6.5167,0,0
20110317,6.5167,6.7083,6.5167,6.7083,0,0
20110318,6.6125,6.7083,6.4208,6.4208,0,0
20110321,6.5167,6.6125,6.5167,6.5167,0,0
20110322,6.5167,6.5167,6.4208,6.5167,0,0
20110323,6.4208,6.6125,6.4208,6.6125,0,0
20110324,6.5167,6.6125,6.2292,6.2292,0,0
20110325,6.2292,6.325,6.0375,6.1333,0,0
20110328,6.0375,6.2292,6.0375,6.2292,0,0
20110329,6.2292,6.325,6.2292,6.2292,0,0
20110330,6.2292,6.2292,6.1333,6.2292,0,0
20110331,6.23,6.23,6.04,6.04,0,0
20110401,6.0375,6.0375,6.0375,6.0375,0,0
20110404,6.0375,6.0375,6.0375,6.0375,0,0
20110405,6.0375,6.2292,5.75,5.8458,0,0
20110406,5.9417,6.1333,5.9417,6.0375,0,0
20110407,5.9417,6.1333,5.9417,6.0375,0,0
20110408,6.0375,6.0375,5.9417,5.9417,0,0
20110411,5.9417,5.9417,5.8458,5.8458,0,0
20110412,5.9417,6.0375,5.9417,6.0375,0,0
20110413,6.0375,6.1333,5.9417,6.1333,0,0
20110414,6.1333,6.2292,6.1333,6.2292,0,0
20110415,6.2292,6.2292,5.9417,6.1333,0,0
20110418,6.1333,6.1333,5.9417,5.9417,0,0
20110419,5.9417,6.1333,5.9417,6.1333,0,0
20110420,6.1333,6.1333,6.1333,6.1333,0,0
20110421,6.1333,6.1333,6.0375,6.0375,0,0
20110426,5.9417,5.9417,5.9417,5.9417,0,0
20110427,6.0375,6.0375,6.0375,6.0375,0,0
20110428,5.8458,5.9417,5.75,5.9417,0,0
20110429,5.85,5.85,5.85,5.85,0,0
20110502,5.8458,5.9417,5.8458,5.9417,0,0
20110504,5.9417,5.9417,5.8458,5.8458,0,0
20110505,5.8458,5.8458,5.75,5.75,0,0
20110506,5.75,5.75,5.75,5.75,0,0
20110509,5.75,5.8458,5.6542,5.6542,0,0
20110510,5.6542,5.75,5.6542,5.75,0,0
20110511,5.75,5.8458,5.5583,5.8458,0,0
20110513,5.6542,5.9417,5.5583,5.9417,0,0
20110517,9.583,9.583,9.2,9.2,0,0
20110518,9.0083,9.0083,9.0083,9.0083,0,0
20110519,9.0083,9.583,9.0083,9.3917,0,0
20110520,9.2,10.158,9.2,10.158,0,0
20110523,9.967,9.967,9.775,9.967,0,0
20110524,9.967,9.967,9.775,9.775,0,0
20110525,9.583,9.583,9.583,9.583,0,0
20110526,9.583,9.583,9.583,9.583,0,0
20110527,9.583,10.35,9.583,10.35,0,0
20110530,10.35,10.925,10.158,10.158,0,0
20110531,10.35,11.12,10.35,10.73,0,0
20110601,10.542,10.542,10.158,10.542,0,0
20110602,10.35,10.542,10.35,10.35,0,0
20110603,10.542,10.733,10.542,10.733,0,0
20110606,10.925,10.925,10.35,10.733,0,0
20110607,10.35,10.93,10.35,10.93,0,0
20110608,10.73,10.93,9.49,9.78,0,0
20110609,9.78,10.16,9.78,9.97,0,0
20110610,9.967,9.967,9.967,9.967,0,0
20110613,9.967,9.967,9.967,9.967,0,0
20110614,9.967,10.158,9.967,10.158,0,0
20110615,9.967,9.967,9.967,9.967,0,0
20110616,9.97,9.97,9.39,9.39,0,0
20110617,9.583,9.583,9.2,9.583,0,0
20110620,9.583,9.583,9.583,9.583,0,0
20110621,9.583,9.583,9.0083,9.1042,0,0
20110622,9.1042,9.1042,8.9125,9.1042,0,0
20110624,8.91,8.91,8.91,8.91,0,0
20110627,9.1042,9.1042,8.9125,9.1042,0,0
20110628,9.1042,9.1042,8.9125,8.9125,0,0
20110629,8.9125,9.1042,8.9125,9.1042,0,0
20110630,9.1,9.1,9.1,9.1,0,0
20110701,9.3,9.3,9.1,9.1,0,0
20110704,9.1,9.1,8.91,8.91,0,0
20110705,8.91,9.1,8.91,9.1,0,0
20110706,8.91,8.91,8.91,8.91,0,0
20110708,8.91,9.1,8.91,9.1,0,0
20110711,8.91,9.1,8.91,9.1,0,0
20110712,8.91,8.91,8.72,8.72,0,0
20110713,8.9,9.1,8.9,9.1,0,0
20110714,9.3,9.3,8.3,8.3,0,0
20110715,8.3,8.3,7.5,8.1,0,0
20110718,7.9,7.9,6.6,7.4,0,0
20110719,7,7,6.1,6.1,0,0
20110720,6.3,6.7,6.1,6.6,0,0
20110721,6.6,6.6,6.4,6.4,0,0
20110722,6.2,7,6,7,0,0
20110725,6.6,6.6,6.2,6.2,0,0
20110726,6.2,6.2,6.2,6.2,0,0
20110727,6.2,6.8,6.2,6.8,0,0
20110728,6.8,6.8,6.8,6.8,0,0
20110729,7,7.4,7,7.4,0,0
20110801,7.4,7.4,6.6,6.6,0,0
20110802,6.8,7.4,6.6,6.6,0,0
20110803,6.6,7.2,6.6,7.2,0,0
20110804,7.2,7.2,6.1,6.2,0,0
20110805,5.6,6.1,5.3,6.1,0,0
20110808,6.1,6.1,5.8,5.8,0,0
20110809,5.6,5.8,4.6,5.8,0,0
20110810,5.8,5.8,5,5.3,0,0
20110811,5.6,5.6,5.3,5.3,0,0
20110812,5.3,5.5,5.3,5.4,0,0
20110816,5.4,5.4,5.1,5.1,0,0
20110817,4.9,5.1,4.9,5.1,0,0
20110818,5.3,5.3,5.3,5.3,0,0
20110819,5.3,5.3,5,5.3,0,0
20110822,5.3,5.3,5.1,5.1,0,0
20110823,5.3,5.3,4.9,4.9,0,0
20110824,4.9,4.9,4.7,4.8,0,0
20110825,4.6,5.1,4.6,5.1,0,0
20110826,5.3,5.3,5.3,5.3,0,0
20110829,5.3,5.3,5.3,5.3,0,0
20110830,5.3,5.3,5.3,5.3,0,0
20110831,5.3,5.3,5.3,5.3,0,0
20110901,5.3,5.3,5.1,5.1,0,0
20110902,5.3,5.4,5.3,5.4,0,0
20110905,5.4,5.4,4.6,4.9,0,0
20110906,4.7,4.9,4.7,4.9,0,0
20110907,5.1,5.1,4.6,4.6,0,0
20110908,4.6,4.6,4.1,4.3,0,0
20110909,4.3,4.6,4.3,4.6,0,0
20110912,4.3,4.3,4.1,4.1,0,0
20110913,3.9,3.9,3.3,3.3,0,0
20110914,3.3,3.8,3.3,3.8,0,0
20110915,3.8,3.8,3.8,3.8,0,0
20110916,3.6,3.6,3.6,3.6,0,0
20110919,3.6,3.6,3.6,3.6,0,0
20110920,3.6,3.6,3.6,3.6,0,0
20110921,3.6,3.8,3.6,3.6,0,0
20110922,3.6,4,3.6,4,0,0
20110923,4,4,4,4,0,0
20110926,3.8,3.8,3.7,3.8,0,0
20110928,3.6,3.8,3.6,3.8,0,0
20110929,3.6,4.5,3.6,4.1,0,0
20110930,4.3,4.3,4.3,4.3,0,0
20111003,4.5,4.5,4.5,4.5,0,0
20111004,4.5,4.5,3.8,4.1,0,0
20111005,4.1,4.1,4.1,4.1,0,0
20111006,4.1,4.3,4.1,4.3,0,0
20111007,4.5,4.5,4.5,4.5,0,0
20111010,4.5,4.5,4.5,4.5,0,0
20111011,4.5,4.5,4.5,4.5,0,0
20111012,4.5,4.8,4.5,4.8,0,0
20111014,4.8,5.3,4.8,4.9,0,0
20111017,5.1,5.4,5.1,5.1,0,0
20111018,5.1,5.1,4.4,4.5,0,0
20111021,4.7,5.2,4.7,5.1,0,0
20111024,5.1,5.1,4.9,4.9,0,0
20111025,4.9,4.9,4.7,4.9,0,0
20111026,5.1,5.1,5.1,5.1,0,0
20111027,5.1,5.1,4.4,4.5,0,0
20111028,4.5,4.5,4,4.5,0,0
20111102,4.5,4.5,4.3,4.3,0,0
20111103,4.3,4.3,4.3,4.3,0,0
20111104,4.3,4.3,4.1,4.1,0,0
20111107,4.1,4.5,4.1,4.5,0,0
20111108,4.3,4.7,4.3,4.6,0,0
20111109,4.6,4.6,4.3,4.3,0,0
20111110,4.3,4.3,4.3,4.3,0,0
20111114,4.3,4.3,4.3,4.3,0,0
20111115,4.3,4.5,4.3,4.3,0,0
20111116,4.3,4.5,4,4.5,0,0
20111117,4.7,4.7,4.6,4.6,0,0
20111118,4.6,4.6,4.6,4.6,0,0
20111121,4.6,4.6,4.6,4.6,0,0
20111122,4.6,4.6,4.6,4.6,0,0
20111123,4.6,4.6,4.6,4.6,0,0
20111124,4.6,6.6,3.9,6.6,0,0
20111125,6.6,6.6,6.3,6.3,0,0
20111128,6.3,6.3,6.3,6.3,0,0
20111129,6,6,6,6,0,0
20111130,6.3,6.3,5.7,6.3,0,0
20111201,6.3,6.3,6.3,6.3,0,0
20111202,6.6,6.6,6.3,6.3,0,0
20111205,6.3,6.3,5.8,6,0,0
20111207,6,6.8,6,6.8,0,0
20111208,6.8,7.7,6.8,7.7,0,0
20111209,7.7,7.7,7.1,7.1,0,0
20111212,6.3,6.8,6.3,6.3,0,0
20111213,6.6,7.4,6,6.3,0,0
20111214,6,6.6,6,6.6,0,0
20111215,6.6,6.6,6.6,6.6,0,0
20111216,6.6,6.6,5.5,6,0,0
20111219,6,6,6,6,0,0
20111220,6.5,6.5,5.4,6,0,0
20111221,5.7,5.7,5.4,5.5,0,0
20111222,5.5,6,5.5,5.5,0,0
20111223,6,6.3,5.5,6,0,0
20111227,5.7,5.8,5.7,5.8,0,0
20111228,5.5,5.5,5.2,5.2,0,0
20111229,5.2,5.5,5.2,5.5,0,0
20111230,6,6,5.8,5.8,0,0
20120102,6.4,6.4,5.8,5.8,0,0
20120104,6.4,6.4,6.3,6.3,0,0
20120109,6.3,6.3,5.8,5.8,0,0
20120111,5.5,6.1,4.7,6,0,0
20120112,6,6,4.9,5.5,0,0
20120113,5.8,5.8,4.9,5.2,0,0
20120116,5.2,5.5,4.9,5.5,0,0
20120117,5.5,7.7,5.5,6.6,0,0
20120118,6.9,7.1,6,6.6,0,0
20120119,6.6,8.8,5.8,8.8,0,0
20120120,8.8,9.1,7.1,8.2,0,0
20120123,7.9,7.9,6.8,6.8,0,0
20120124,6.8,6.8,5.4,6,0,0
20120125,6,6.3,5.7,6.3,0,0
20120126,6,6.3,6,6.3,0,0
20120127,6.3,6.3,6,6.3,0,0
20120130,6.3,6.3,6,6.3,0,0
20120131,6.3,6.6,6.3,6.6,0,0
20120201,6.6,6.8,6.6,6.8,0,0
20120202,6.8,6.8,6,6,0,0
20120203,6,6.6,6,6.6,0,0
20120206,6.6,6.6,6,6.3,0,0
20120207,6,6.6,6,6.6,0,0
20120208,6.6,6.6,6,6.6,0,0
20120209,6.6,6.6,6,6.3,0,0
20120210,6,6.3,5.8,6,0,0
20120213,6,6.3,6,6.3,0,0
20120214,6.3,6.3,6.3,6.3,0,0
20120215,6.3,6.3,6,6.3,0,0
20141210,12.7,12.7,12.7,12.7,0,0
20141211,13.9,13.9,13.9,13.9,0,0
20141212,13.9,13.9,12.7,12.7,0,0
20141215,13.9,13.9,13.9,13.9,0,0
20141216,12.7,12.7,12.7,12.7,0,0
20141217,12.7,12.7,12.7,12.7,0,0
20141218,13.9,13.9,13.9,13.9,0,0
20141219,13.9,13.9,13.9,13.9,0,0
20141222,12.7,12.7,12.7,12.7,0,0
20141223,12.7,12.7,12.7,12.7,0,0
20141229,13.9,13.9,11.4,11.4,0,0
20141230,12.7,12.7,12.7,12.7,0,0
