Date,Open,High,Low,Close,Volume,OpenInt
20120904,2.0529,2.0529,2.0529,2.0529,0,0
20120905,1.964,2.2381,1.9121,2.2381,0,0
20120906,2.2381,2.2381,2.001,2.1344,0,0
20120907,2.2234,2.2234,1.7861,2.0232,0,0
20120910,2.2456,2.2456,2.2456,2.2456,0,0
20120911,2.2456,2.2456,1.964,2.1344,0,0
20120912,2.2456,2.2456,2.0232,2.2456,0,0
20120913,2.2456,2.2456,1.9862,2.2456,0,0
20120914,2.2456,2.2456,2.2456,2.2456,0,0
20120917,2.2456,2.2456,1.9195,2.2456,0,0
20120918,2.2456,2.2456,2.2456,2.2456,0,0
20120919,2.2456,2.2456,1.9121,1.9121,0,0
20120920,2.2456,2.2456,1.8528,2.2456,0,0
20120921,2.2456,2.2456,1.9343,2.2456,0,0
20120924,2.29,2.29,1.875,2.0232,0,0
20120925,2.2234,2.2234,1.8528,1.9121,0,0
20120926,2.2234,2.2234,2.2234,2.2234,0,0
20120927,2.2234,2.2234,1.8157,1.8898,0,0
20120928,2.2234,2.2234,2.2234,2.2234,0,0
20121001,2.2234,2.2234,2.2012,2.2012,0,0
20121002,2.1789,2.1789,1.9121,2.1789,0,0
20121003,2.2234,2.2234,1.8084,2.2085,0,0
20121004,2.2234,2.2234,1.8157,2.2234,0,0
20121005,2.2234,2.2234,2.2234,2.2234,0,0
20121008,2.2234,2.2234,2.2234,2.2234,0,0
20121009,2.2234,2.2234,1.8157,2.2234,0,0
20121010,2.2234,2.2234,1.8084,2.2234,0,0
20121011,2.2234,2.2234,2.2234,2.2234,0,0
20121012,2.2234,2.2234,1.8157,2.2234,0,0
20121015,2.2234,2.2234,2.2234,2.2234,0,0
20121016,2.2234,2.2234,1.8157,2.2234,0,0
20121017,2.2234,2.2234,1.7713,1.964,0,0
20121018,1.964,1.964,1.6157,1.6304,0,0
20121019,1.6823,1.6823,1.6823,1.6823,0,0
20121022,1.6823,1.7416,1.5712,1.7416,0,0
20121023,1.7416,1.7416,1.7416,1.7416,0,0
20121024,1.7416,1.7416,1.7416,1.7416,0,0
20121025,1.7416,1.7416,1.5193,1.7416,0,0
20121026,1.7416,1.7416,1.7416,1.7416,0,0
20121029,1.7416,1.7416,1.3933,1.5193,0,0
20121030,1.7416,1.7416,1.7416,1.7416,0,0
20121031,1.7416,1.7416,1.5193,1.7416,0,0
20121102,1.7416,1.7416,1.5193,1.7416,0,0
20121105,1.7416,1.7416,1.6527,1.7416,0,0
20121106,1.7416,1.9121,1.3933,1.9121,0,0
20121107,1.964,1.964,1.2599,1.7935,0,0
20121108,1.3488,1.3488,1.3488,1.3488,0,0
20121109,1.5193,1.5712,1.3488,1.46,0,0
20121112,1.5638,1.5638,1.4007,1.5193,0,0
20121113,1.6601,1.6601,1.3488,1.3488,0,0
20121114,1.5489,1.5489,1.3488,1.3488,0,0
20121115,1.5489,1.5489,1.5489,1.5489,0,0
20121116,1.3488,1.3563,1.3488,1.3488,0,0
20121119,1.3488,1.3488,1.3488,1.3488,0,0
20121120,1.3488,1.3488,1.1265,1.1265,0,0
20121121,1.3488,1.3488,1.2895,1.3488,0,0
20121122,1.3488,1.7861,1.3044,1.6082,0,0
20121123,1.6082,1.6082,1.3488,1.5193,0,0
20121126,1.5193,1.5193,1.2154,1.3044,0,0
20121127,1.5045,1.5045,1.334,1.4822,0,0
20121128,1.4822,1.4822,1.2229,1.3785,0,0
20121129,1.334,1.334,1.1783,1.2895,0,0
20121130,1.3488,1.3488,1.1339,1.2673,0,0
20121203,1.2673,1.2673,1.0524,1.0524,0,0
20121204,1.1783,1.1783,1.171,1.171,0,0
20121205,1.1783,1.1783,1.171,1.171,0,0
20121206,1.2154,1.2154,1.1265,1.2154,0,0
20121207,1.2154,1.2154,1.1339,1.1783,0,0
20121210,1.171,1.1783,1.0524,1.1783,0,0
20121211,1.2154,1.2154,1.2154,1.2154,0,0
20121212,1.2154,1.2154,1.2154,1.2154,0,0
20121213,1.2154,1.2154,0.8004,0.8004,0,0
20121214,0.8004,0.8004,0.8004,0.8004,0,0
20121217,0.8374,0.8374,0.8152,0.8374,0,0
20121218,0.8374,0.8374,0.8374,0.8374,0,0
20121219,0.8374,0.8374,0.8374,0.8374,0,0
20121220,0.8374,0.8374,0.6744,0.793,0,0
20121221,0.8374,0.8374,0.8374,0.8374,0,0
20121227,0.8374,1.0005,0.8374,1.0005,0,0
20121228,1.0005,1.0005,0.8004,0.8004,0,0
20130102,0.793,0.8597,0.7411,0.7559,0,0
20130103,0.7559,0.7633,0.6967,0.7633,0,0
20130104,0.7633,0.7782,0.7633,0.7782,0,0
20130107,0.7782,0.7782,0.7782,0.7782,0,0
20130108,0.7782,0.7856,0.7782,0.7856,0,0
20130109,0.7856,0.7856,0.7856,0.7856,0,0
20130110,0.7856,0.793,0.7115,0.793,0,0
20130111,0.793,0.793,0.7708,0.7708,0,0
20130114,0.7708,0.7708,0.704,0.7708,0,0
20130115,0.7856,0.7856,0.704,0.7856,0,0
20130116,0.7782,0.7856,0.7782,0.7856,0,0
20130117,0.7856,0.7856,0.7856,0.7856,0,0
20130118,0.7856,0.7856,0.6299,0.6299,0,0
20130121,0.7486,0.7486,0.7486,0.7486,0,0
20130122,0.7337,0.7337,0.6522,0.6596,0,0
20130123,0.7337,0.7337,0.7337,0.7337,0,0
20130124,0.7337,0.7337,0.7337,0.7337,0,0
20130125,0.7337,0.7337,0.7189,0.7189,0,0
20130128,0.7337,0.7337,0.7337,0.7337,0,0
20130129,0.7337,0.7337,0.7337,0.7337,0,0
20130130,0.7337,0.7337,0.7337,0.7337,0,0
20130131,0.7337,0.7337,0.7337,0.7337,0,0
20130201,0.7337,0.7337,0.7189,0.7189,0,0
20130204,0.7337,0.7337,0.6225,0.7337,0,0
20130205,0.7337,0.7337,0.6003,0.7337,0,0
20130206,0.7337,0.7337,0.7337,0.7337,0,0
20130207,0.7337,0.7337,0.7337,0.7337,0,0
20130208,0.7337,0.7337,0.7337,0.7337,0,0
20130211,0.7337,0.7337,0.7337,0.7337,0,0
20130212,0.7337,0.7337,0.7337,0.7337,0,0
20130213,0.7337,0.7411,0.46693,0.46693,0,0
20130214,0.46693,0.46693,0.46693,0.46693,0,0
20130215,0.46693,0.46693,0.39279,0.46693,0,0
20130218,0.46693,0.46693,0.46693,0.46693,0,0
20130219,0.46693,0.46693,0.40762,0.46693,0,0
20130220,0.46693,0.46693,0.45208,0.45208,0,0
20130221,0.46693,0.46693,0.46693,0.46693,0,0
20130222,0.46693,0.46693,0.46693,0.46693,0,0
20130225,0.4743,0.541,0.4743,0.49652,0,0
20130226,0.541,0.541,0.49652,0.49652,0,0
20130227,0.5336,0.5336,0.45208,0.48177,0,0
20130228,0.48177,0.48177,0.38538,0.40762,0,0
20130301,0.37797,0.40762,0.37797,0.40762,0,0
20130304,0.40762,0.45949,0.37797,0.45949,0,0
20130305,0.45949,0.45949,0.45949,0.45949,0,0
20130306,0.45949,0.45949,0.38538,0.44467,0,0
20130307,0.46693,0.46693,0.37797,0.46693,0,0
20130308,0.45949,0.48177,0.45949,0.48177,0,0
20130311,0.45949,0.45949,0.45949,0.45949,0,0
20130312,0.45949,0.45949,0.45949,0.45949,0,0
20130313,0.45949,0.45949,0.45208,0.45208,0,0
20130314,0.45208,0.45208,0.45208,0.45208,0,0
20130315,0.45949,0.45949,0.45208,0.45208,0,0
20130318,0.45208,0.45208,0.45208,0.45208,0,0
20130319,0.45208,0.45208,0.45208,0.45208,0,0
20130320,0.45208,0.45208,0.45208,0.45208,0,0
20130321,0.45208,0.45949,0.42244,0.42244,0,0
20130322,0.44467,0.44467,0.44467,0.44467,0,0
20130325,0.45949,0.45949,0.45949,0.45949,0,0
20130326,0.45949,0.45949,0.45949,0.45949,0,0
20130327,0.45949,0.45949,0.45949,0.45949,0,0
20130328,0.45949,0.45949,0.45949,0.45949,0,0
20130402,0.45949,0.48177,0.42984,0.48177,0,0
20130403,0.48177,0.48177,0.48177,0.48177,0,0
20130404,0.48177,0.48177,0.48177,0.48177,0,0
20130405,0.48177,0.48177,0.48177,0.48177,0,0
20130408,0.39279,0.48177,0.39279,0.48177,0,0
20130409,0.48177,0.48177,0.48177,0.48177,0,0
20130410,0.48177,0.48177,0.46693,0.46693,0,0
20130411,0.46693,0.46693,0.42984,0.46693,0,0
20130412,0.46693,0.46693,0.46693,0.46693,0,0
20130415,0.46693,0.49652,0.46693,0.48915,0,0
20130417,0.45949,0.45949,0.45949,0.45949,0,0
20130418,0.45949,0.45949,0.42984,0.45949,0,0
20130419,0.45949,0.45949,0.45949,0.45949,0,0
20130422,0.45949,0.45949,0.42244,0.45949,0,0
20130423,0.45949,0.45949,0.45949,0.45949,0,0
20130424,0.45949,0.45949,0.44467,0.44467,0,0
20130425,0.42984,0.44467,0.42984,0.44467,0,0
20130426,0.42984,0.44467,0.42984,0.44467,0,0
20130429,0.44467,0.44467,0.39279,0.43725,0,0
20130430,0.4425,0.4425,0.41484,0.43328,0,0
20130502,0.44467,0.44467,0.43725,0.43725,0,0
20130506,0.44467,0.44467,0.44467,0.44467,0,0
20130507,0.44467,0.44467,0.41503,0.44467,0,0
20130508,0.44467,0.44467,0.44467,0.44467,0,0
20130509,0.44467,0.44467,0.44467,0.44467,0,0
20130510,0.44467,0.44467,0.44467,0.44467,0,0
20130513,0.44467,0.44467,0.44467,0.44467,0,0
20130514,0.44467,0.44467,0.44467,0.44467,0,0
20130515,0.44467,0.44467,0.44467,0.44467,0,0
20130516,0.44467,0.44467,0.44467,0.44467,0,0
20130517,0.44467,0.44467,0.44467,0.44467,0,0
20130520,0.44467,0.44467,0.44467,0.44467,0,0
20130521,0.44467,0.44467,0.38538,0.42244,0,0
20130522,0.42244,0.42244,0.42244,0.42244,0,0
20130523,0.42244,0.44467,0.42244,0.44467,0,0
20130524,0.44467,0.44467,0.44467,0.44467,0,0
20130527,0.44467,0.44467,0.44467,0.44467,0,0
20130528,0.44467,0.44467,0.44467,0.44467,0,0
20130529,0.4425,0.4425,0.4425,0.4425,0,0
20130531,0.4425,0.4425,0.41484,0.41484,0,0
20130603,0.44467,0.44467,0.36315,0.42244,0,0
20130604,0.43328,0.43328,0.40563,0.40563,0,0
20130605,0.41484,0.43328,0.41484,0.43328,0,0
20130606,0.43328,0.43328,0.39641,0.39641,0,0
20130607,0.41503,0.46693,0.40762,0.46693,0,0
20130610,0.5336,0.5484,0.49652,0.541,0,0
20130611,0.5484,0.5558,0.45949,0.5558,0,0
20130612,0.541,0.541,0.49652,0.5262,0,0
20130613,0.5262,0.5262,0.48915,0.5114,0,0
20130614,0.5114,0.5188,0.5114,0.5188,0,0
20130617,0.5188,0.5188,0.48177,0.5114,0,0
20130618,0.507,0.5163,0.507,0.5163,0,0
20130619,0.5188,0.5262,0.48915,0.49652,0,0
20130620,0.49652,0.49652,0.45949,0.49652,0,0
20130621,0.49781,0.49781,0.49781,0.49781,0,0
20130624,0.49652,0.49652,0.49652,0.49652,0,0
20130625,0.49781,0.49781,0.47938,0.49781,0,0
20130626,0.49781,0.5255,0.49781,0.5163,0,0
20130627,0.5163,0.5163,0.47938,0.49781,0,0
20130628,0.504,0.504,0.46693,0.48915,0,0
20130701,0.48859,0.49781,0.47016,0.49781,0,0
20130702,0.49781,0.49781,0.47016,0.48859,0,0
20130703,0.48859,0.507,0.48859,0.49781,0,0
20130704,0.507,0.5531,0.507,0.5255,0,0
20130705,0.5347,0.5347,0.507,0.507,0,0
20130708,0.5255,0.5255,0.49781,0.507,0,0
20130709,0.507,0.507,0.49781,0.507,0,0
20130710,0.5992,0.5992,0.507,0.5439,0,0
20130711,0.5439,0.5439,0.5347,0.5347,0,0
20130712,0.5347,0.5347,0.5347,0.5347,0,0
20130715,0.5347,0.5347,0.43328,0.4425,0,0
20130716,0.45172,0.5255,0.45172,0.5255,0,0
20130717,0.5163,0.5163,0.5163,0.5163,0,0
20130718,0.5163,0.5163,0.5163,0.5163,0,0
20130719,0.5163,0.5163,0.5163,0.5163,0,0
20130722,0.5163,0.5163,0.5163,0.5163,0,0
20130723,0.5163,0.5163,0.5163,0.5163,0,0
20130724,0.5163,0.5163,0.5163,0.5163,0,0
20130725,0.5163,0.5163,0.45172,0.45172,0,0
20130726,0.5163,0.5163,0.5163,0.5163,0,0
20130729,0.5163,0.5163,0.5163,0.5163,0,0
20130730,0.5163,0.5163,0.5163,0.5163,0,0
20130731,0.507,0.507,0.45172,0.507,0,0
20130801,0.507,0.507,0.48859,0.48859,0,0
20130802,0.48859,0.48859,0.48859,0.48859,0,0
20130805,0.43328,0.48859,0.43328,0.46094,0,0
20130806,0.48859,0.48859,0.47938,0.47938,0,0
20130807,0.48859,0.48859,0.47938,0.47938,0,0
20130808,0.47938,0.47938,0.47016,0.47016,0,0
20130809,0.47016,0.47016,0.47016,0.47016,0,0
20130812,0.47016,0.47016,0.4425,0.4425,0,0
20130813,0.47016,0.47016,0.4425,0.46094,0,0
20130814,0.46094,0.46094,0.4425,0.4425,0,0
20130816,0.45172,0.45172,0.45172,0.45172,0,0
20130819,0.45172,0.45172,0.4425,0.4425,0,0
20130820,0.45172,0.45172,0.4425,0.4425,0,0
20130821,0.45172,0.45172,0.4425,0.45172,0,0
20130822,0.4425,0.4425,0.4425,0.4425,0,0
20130823,0.4425,0.4425,0.4425,0.4425,0,0
20130826,0.4425,0.4425,0.42406,0.42406,0,0
20130827,0.42406,0.42406,0.42406,0.42406,0,0
20130828,0.42406,0.42406,0.38719,0.42406,0,0
20130829,0.37797,0.42406,0.37797,0.42406,0,0
20130830,0.45172,0.45172,0.43328,0.43328,0,0
20130902,0.43328,0.43328,0.43328,0.43328,0,0
20130903,0.43328,0.43328,0.42406,0.42406,0,0
20130904,0.40563,0.40563,0.40563,0.40563,0,0
20130905,0.40563,0.40563,0.40563,0.40563,0,0
20130906,0.37797,0.43328,0.37797,0.42406,0,0
20130909,0.42406,0.42406,0.38719,0.40563,0,0
20130910,0.40563,0.41484,0.38719,0.41484,0,0
20130911,0.41484,0.41484,0.41484,0.41484,0,0
20130912,0.41484,0.41484,0.36875,0.40563,0,0
20130913,0.40563,0.40563,0.40563,0.40563,0,0
20130916,0.40563,0.40563,0.40563,0.40563,0,0
20130917,0.40563,0.40563,0.40563,0.40563,0,0
20130918,0.40563,0.40563,0.40563,0.40563,0,0
20130919,0.40563,0.41484,0.40563,0.41484,0,0
20130920,0.4425,0.5255,0.43328,0.48859,0,0
20130923,0.4425,0.5808,0.4425,0.5439,0,0
20130924,0.5439,0.5439,0.507,0.5347,0,0
20130925,0.5255,0.5255,0.507,0.507,0,0
20130926,0.507,0.507,0.47016,0.507,0,0
20130927,0.507,0.507,0.47016,0.507,0,0
20130930,0.507,0.5255,0.507,0.5255,0,0
20131001,0.5255,0.5255,0.42406,0.48859,0,0
20131002,0.507,0.507,0.507,0.507,0,0
20131003,0.507,0.507,0.507,0.507,0,0
20131004,0.48859,0.48859,0.48859,0.48859,0,0
20131007,0.48859,0.48859,0.45172,0.48859,0,0
20131008,0.48859,0.48859,0.46094,0.46094,0,0
20131009,0.507,0.507,0.507,0.507,0,0
20131010,0.507,0.5255,0.507,0.5255,0,0
20131011,0.5255,0.5255,0.47938,0.5163,0,0
20131014,0.507,0.507,0.507,0.507,0,0
20131015,0.507,0.507,0.507,0.507,0,0
20131016,0.507,0.507,0.507,0.507,0,0
20131017,0.507,0.507,0.49781,0.49781,0,0
20131018,0.49781,0.49781,0.47016,0.48859,0,0
20131021,0.48859,0.48859,0.47938,0.47938,0,0
20131022,0.48859,0.48859,0.48859,0.48859,0,0
20131023,0.48859,0.48859,0.45172,0.47016,0,0
20131024,0.47016,0.47016,0.47016,0.47016,0,0
20131025,0.47016,0.47016,0.47016,0.47016,0,0
20131028,0.47016,0.47016,0.45172,0.47016,0,0
20131029,0.47016,0.47016,0.47016,0.47016,0,0
20131030,0.48859,0.48859,0.48859,0.48859,0,0
20131031,0.48859,0.48859,0.45172,0.48859,0,0
20131104,0.48859,0.48859,0.48859,0.48859,0,0
20131105,0.48859,0.48859,0.47016,0.47016,0,0
20131106,0.48859,0.49781,0.48859,0.49781,0,0
20131107,0.49781,0.49781,0.49781,0.49781,0,0
20131108,0.507,0.507,0.507,0.507,0,0
20131112,0.507,0.507,0.46094,0.507,0,0
20131113,0.507,0.507,0.47938,0.507,0,0
20131114,0.507,0.507,0.507,0.507,0,0
20131115,0.507,0.507,0.507,0.507,0,0
20131118,0.507,0.5623,0.48859,0.5623,0,0
20131119,0.5623,0.5716,0.5623,0.5716,0,0
20131120,0.5716,0.5716,0.5716,0.5716,0,0
20131121,0.5716,0.5716,0.5531,0.5531,0,0
20131122,0.5255,0.5716,0.5255,0.5716,0,0
20131125,0.5716,0.5808,0.5716,0.5808,0,0
20131126,0.5808,0.5808,0.5808,0.5808,0,0
20131127,0.5808,0.5808,0.5808,0.5808,0,0
20131128,0.5808,0.5808,0.5623,0.5808,0,0
20131129,0.59,0.59,0.5808,0.5808,0,0
20131202,0.59,0.59,0.5623,0.59,0,0
20131203,0.59,0.59,0.5531,0.59,0,0
20131204,0.5808,0.5808,0.5808,0.5808,0,0
20131205,0.5439,0.5808,0.5439,0.5808,0,0
20131206,0.5808,0.5808,0.5808,0.5808,0,0
20131209,0.5531,0.5808,0.5531,0.5808,0,0
20131210,0.5808,0.5808,0.5808,0.5808,0,0
20131211,0.5808,0.5808,0.5716,0.5716,0,0
20131212,0.5623,0.5623,0.5531,0.5531,0,0
20131213,0.5439,0.5531,0.5439,0.5531,0,0
20131216,0.5531,0.5808,0.5531,0.5808,0,0
20131217,0.5808,0.7652,0.5808,0.7652,0,0
20131218,0.7744,0.885,0.673,0.7191,0,0
20131219,0.7191,0.7191,0.6453,0.6638,0,0
20131220,0.6638,0.7006,0.6269,0.6822,0,0
20131223,0.6361,0.7559,0.6361,0.7467,0,0
20131227,0.7467,0.8113,0.673,0.6914,0,0
20131230,0.7467,0.7467,0.673,0.7467,0,0
20140102,0.7375,0.8113,0.7006,0.8113,0,0
20140103,0.8113,0.968,0.7652,0.8666,0,0
20140107,1.0141,1.1892,0.9772,1.1339,0,0
20140108,1.1616,1.1708,0.9311,0.9311,0,0
20140109,0.8389,0.9956,0.8389,0.9588,0,0
20140110,0.9864,1.1155,0.9864,1.097,0,0
20140113,1.097,1.2261,1.0048,1.1708,0,0
20140114,1.1708,1.1708,1.0602,1.1616,0,0
20140115,1.1616,1.1616,1.0602,1.1063,0,0
20140116,1.1431,1.1431,1.0048,1.0509,0,0
20140117,1.0509,1.0509,0.9956,1.0509,0,0
20140120,1.0602,1.1247,1.0602,1.1063,0,0
20140121,1.1063,1.1063,1.0141,1.0602,0,0
20140122,1.1063,1.1063,0.9956,1.0233,0,0
20140123,1.0786,1.1247,1.0602,1.1247,0,0
20140124,1.1247,1.1247,0.968,0.9956,0,0
20140127,0.9956,1.0141,0.9772,0.9956,0,0
20140128,0.9956,1.0141,0.968,1.0141,0,0
20140129,1.0048,1.0048,0.9311,0.9864,0,0
20140130,0.9772,0.9772,0.9772,0.9772,0,0
20140131,0.9772,1.0048,0.9772,0.9864,0,0
20140203,0.9956,1.1247,0.9956,1.1063,0,0
20140204,1.1063,1.1247,1.0325,1.1247,0,0
20140205,1.1247,1.1247,1.0602,1.1063,0,0
20140206,1.097,1.097,1.097,1.097,0,0
20140207,1.097,1.097,1.0233,1.097,0,0
20140210,1.097,1.097,0.9956,1.097,0,0
20140211,1.0694,1.1616,1.0694,1.1616,0,0
20140212,1.097,1.1616,1.097,1.1523,0,0
20140213,1.0878,1.0878,1.0233,1.0602,0,0
20140214,1.0509,1.0509,0.9864,1.0417,0,0
20140217,1.0417,1.0417,0.968,0.968,0,0
20140218,0.9772,1.0141,0.968,1.0048,0,0
20140219,1.0141,1.0141,0.9588,0.9864,0,0
20140220,0.9864,1.0233,0.9311,1.0233,0,0
20140221,1.0325,1.0325,0.9956,0.9956,0,0
20140224,1.0694,1.0694,1.0694,1.0694,0,0
20140225,1.0878,1.0878,0.9864,1.0694,0,0
20140226,1.0048,1.0417,0.9588,1.0417,0,0
20140227,1.0417,1.0417,0.885,0.885,0,0
20140228,0.885,0.9034,0.8758,0.9034,0,0
20140303,0.9034,0.9034,0.7191,0.8481,0,0
20140304,0.8666,0.8666,0.8205,0.8205,0,0
20140305,0.8389,0.9127,0.8205,0.9127,0,0
20140306,0.9219,0.968,0.9034,0.9495,0,0
20140307,0.9588,0.9588,0.8481,0.9311,0,0
20140310,0.9034,0.9034,0.8113,0.8758,0,0
20140311,0.8205,0.8666,0.7744,0.8666,0,0
20140312,0.8481,0.8481,0.7652,0.8113,0,0
20140313,0.8113,0.8113,0.7652,0.8113,0,0
20140314,0.7744,0.8297,0.7652,0.8297,0,0
20140317,0.885,0.885,0.8481,0.8481,0,0
20140318,0.8205,0.8205,0.7098,0.8205,0,0
20140319,0.8297,0.8297,0.8205,0.8205,0,0
20140320,0.8205,0.8205,0.8205,0.8205,0,0
20140321,0.8113,0.8113,0.7652,0.7652,0,0
20140324,0.8113,0.8297,0.7652,0.8297,0,0
20140325,0.7928,0.7928,0.7744,0.7928,0,0
20140326,0.8297,0.8297,0.7652,0.8205,0,0
20140327,0.8205,0.8297,0.8205,0.8297,0,0
20140328,0.8297,0.8297,0.7652,0.8297,0,0
20140331,0.8297,0.8297,0.8297,0.8297,0,0
20140401,0.8481,0.8666,0.8481,0.8481,0,0
20140402,0.8481,0.8481,0.8481,0.8481,0,0
20140403,0.8481,0.8481,0.8481,0.8481,0,0
20140404,0.8481,0.8481,0.8481,0.8481,0,0
20140407,0.8481,0.8481,0.7006,0.7559,0,0
20140408,0.7467,0.7467,0.7098,0.7467,0,0
20140409,0.7467,0.7467,0.6822,0.7191,0,0
20140410,0.6914,0.8113,0.673,0.8113,0,0
20140411,0.8113,0.8113,0.6453,0.7928,0,0
20140414,0.7928,0.7928,0.7836,0.7836,0,0
20140415,0.7836,0.7836,0.7375,0.7744,0,0
20140416,0.7744,0.7744,0.7652,0.7652,0,0
20140417,0.7836,0.7836,0.7375,0.7375,0,0
20140422,0.7836,0.7836,0.7559,0.7559,0,0
20140423,0.7836,0.7836,0.7836,0.7836,0,0
20140424,0.7836,0.7836,0.7559,0.7559,0,0
20140425,0.7559,0.7559,0.7191,0.7191,0,0
20140428,0.7467,0.7744,0.673,0.7744,0,0
20140429,0.7744,0.7744,0.7098,0.7744,0,0
20140430,0.7744,0.7744,0.7744,0.7744,0,0
20140502,0.7744,0.7744,0.6269,0.7375,0,0
20140505,0.7283,0.7283,0.673,0.7283,0,0
20140506,0.7467,0.7744,0.673,0.7744,0,0
20140507,0.7744,0.7744,0.7652,0.7652,0,0
20140508,0.7652,0.7652,0.6361,0.7652,0,0
20140509,0.7559,0.7559,0.7559,0.7559,0,0
20140512,0.7283,0.7375,0.7283,0.7375,0,0
20140513,0.7375,0.7467,0.7375,0.7467,0,0
20140514,0.7928,0.8205,0.7928,0.8205,0,0
20140515,0.8389,0.8389,0.8389,0.8389,0,0
20140516,0.8389,0.8389,0.7928,0.8297,0,0
20140519,0.8297,0.8297,0.7928,0.7928,0,0
20140520,0.7928,0.7928,0.7928,0.7928,0,0
20140521,0.7928,0.8113,0.7928,0.8113,0,0
20140522,0.8113,0.8113,0.8113,0.8113,0,0
20140523,0.8113,0.8113,0.8113,0.8113,0,0
20140526,0.8113,0.8113,0.7559,0.8113,0,0
20140527,0.8113,0.8113,0.8113,0.8113,0,0
20140528,0.8113,0.8113,0.8113,0.8113,0,0
20140529,0.802,0.8113,0.802,0.8113,0,0
20140530,0.8113,0.8113,0.8113,0.8113,0,0
20140602,0.8113,0.8113,0.8113,0.8113,0,0
20140603,0.8113,0.8113,0.8113,0.8113,0,0
20140604,0.8113,0.8113,0.7467,0.8113,0,0
20140605,0.8205,0.8205,0.7928,0.8113,0,0
20140606,0.8297,0.8297,0.8297,0.8297,0,0
20140609,0.8205,0.8205,0.7652,0.8205,0,0
20140610,0.8297,0.8297,0.8297,0.8297,0,0
20140611,0.8297,0.885,0.8297,0.885,0,0
20140612,0.885,0.885,0.8666,0.8666,0,0
20140613,0.885,0.885,0.8113,0.885,0,0
20140616,0.8666,0.885,0.802,0.885,0,0
20140617,0.8942,0.8942,0.885,0.885,0,0
20140618,0.8666,0.8666,0.8481,0.8481,0,0
20140620,0.8481,0.8481,0.7652,0.8481,0,0
20140623,0.8481,0.8481,0.8389,0.8389,0,0
20140624,0.8389,0.8389,0.8389,0.8389,0,0
20140625,0.8389,0.8389,0.8389,0.8389,0,0
20140626,0.8389,0.8389,0.8389,0.8389,0,0
20140627,0.8205,0.8758,0.8205,0.8758,0,0
20140630,0.8666,0.8666,0.8666,0.8666,0,0
20140701,0.8666,0.8666,0.7928,0.8666,0,0
20140702,0.8758,0.8758,0.7928,0.7928,0,0
20140703,0.8573,0.8573,0.7559,0.802,0,0
20140704,0.8389,0.8389,0.7928,0.7928,0,0
20140707,0.8389,0.8573,0.8389,0.8573,0,0
20140708,0.8573,0.8573,0.8481,0.8573,0,0
20140709,0.8573,0.8758,0.7928,0.8758,0,0
20140710,0.8758,0.8758,0.8758,0.8758,0,0
20140711,0.885,0.885,0.802,0.8758,0,0
20140714,0.8758,0.8758,0.8758,0.8758,0,0
20140715,0.8758,0.8758,0.8758,0.8758,0,0
20140716,0.8758,0.8758,0.8758,0.8758,0,0
20140717,0.8758,0.8758,0.8758,0.8758,0,0
20140718,0.8758,0.8758,0.8758,0.8758,0,0
20140721,0.8758,0.8758,0.8758,0.8758,0,0
20140722,0.8389,0.8389,0.7836,0.8205,0,0
20140723,0.8389,0.8389,0.7836,0.7836,0,0
20140724,0.8389,0.8389,0.7652,0.7928,0,0
20140725,0.8389,0.8389,0.7652,0.7744,0,0
20140728,0.85,0.85,0.72,0.72,0,0
20140729,0.84,0.84,0.84,0.84,0,0
20140730,0.84,0.84,0.83,0.83,0,0
20140731,0.83,0.83,0.83,0.83,0,0
20140801,0.82,0.83,0.72,0.83,0,0
20140804,0.73,0.73,0.73,0.73,0,0
20140805,0.79,0.81,0.74,0.81,0,0
20140806,0.81,0.81,0.8,0.8,0,0
20140807,0.8,0.8,0.8,0.8,0,0
20140808,0.8,0.8,0.8,0.8,0,0
20140811,0.79,0.79,0.79,0.79,0,0
20140812,0.79,0.79,0.79,0.79,0,0
20140813,0.82,0.82,0.82,0.82,0,0
20140814,0.81,0.81,0.8,0.8,0,0
20140818,0.79,0.79,0.72,0.79,0,0
20140819,0.79,0.79,0.79,0.79,0,0
20140820,0.79,0.79,0.79,0.79,0,0
20140821,0.79,0.85,0.72,0.82,0,0
20140822,0.84,1.06,0.77,1.02,0,0
20140825,1.08,1.17,1.02,1.02,0,0
20140826,1.03,1.1,1.02,1.02,0,0
20140827,1.02,1.14,1.02,1.08,0,0
20140828,1.08,1.08,1.02,1.05,0,0
20140829,1.08,1.11,1.03,1.05,0,0
20140901,1.11,1.11,1.02,1.02,0,0
20140902,1.07,1.07,1.02,1.05,0,0
20140903,1.06,1.12,1.04,1.08,0,0
20140904,1.1,1.1,1.04,1.1,0,0
20140905,1.1,1.19,1.1,1.19,0,0
20140908,1.19,1.19,1.08,1.19,0,0
20140909,1.19,1.19,1.1,1.1,0,0
20140910,1.06,1.18,1.06,1.17,0,0
20140911,1.17,1.9,1.12,1.9,0,0
20140912,1.89,1.97,1.81,1.96,0,0
20140915,1.96,1.96,1.84,1.85,0,0
20140916,1.93,1.93,1.81,1.81,0,0
20140917,1.87,1.91,1.74,1.74,0,0
20140918,1.79,1.85,1.76,1.85,0,0
20140919,1.86,1.86,1.86,1.86,0,0
20140922,1.84,1.84,1.72,1.84,0,0
20140923,1.82,1.91,1.82,1.9,0,0
20140924,1.9,1.91,1.79,1.91,0,0
20140925,1.91,1.91,1.88,1.9,0,0
20140926,1.91,1.91,1.8,1.8,0,0
20140929,1.91,1.91,1.74,1.84,0,0
20140930,1.86,1.88,1.62,1.84,0,0
20141001,1.86,1.86,1.63,1.65,0,0
20141002,1.77,1.77,1.57,1.7,0,0
20141003,1.68,1.75,1.59,1.59,0,0
20141006,1.74,1.74,1.74,1.74,0,0
20141007,1.74,1.74,1.48,1.74,0,0
20141008,1.74,1.74,1.74,1.74,0,0
20141009,1.74,1.74,1.74,1.74,0,0
20141010,1.74,1.74,1.74,1.74,0,0
20141013,1.67,1.81,1.57,1.77,0,0
20141014,1.77,1.77,1.58,1.67,0,0
20141015,1.77,1.77,1.61,1.68,0,0
20141016,1.68,1.68,1.58,1.67,0,0
20141017,1.76,1.76,1.6,1.76,0,0
20141020,1.69,1.69,1.61,1.69,0,0
20141021,1.69,1.69,1.59,1.65,0,0
20141022,1.65,1.65,1.62,1.62,0,0
20141023,1.63,1.66,1.51,1.66,0,0
20141024,1.66,1.66,1.57,1.57,0,0
20141027,1.66,1.66,1.66,1.66,0,0
20141028,1.57,1.66,1.57,1.63,0,0
20141029,1.66,1.66,1.62,1.62,0,0
20141030,1.62,1.62,1.48,1.62,0,0
20141031,1.52,1.76,1.5,1.76,0,0
20141103,1.75,1.75,1.58,1.63,0,0
20141104,1.43,1.75,1.43,1.54,0,0
20141105,1.75,1.75,1.53,1.75,0,0
20141106,1.75,1.76,1.58,1.76,0,0
20141107,1.76,1.76,1.76,1.76,0,0
20141110,1.76,1.91,1.76,1.91,0,0
20141112,1.85,1.85,1.85,1.85,0,0
20141113,1.57,1.85,1.57,1.85,0,0
20141114,1.84,1.84,1.58,1.67,0,0
20141117,1.68,1.68,1.46,1.65,0,0
20141118,1.66,1.66,1.66,1.66,0,0
20141119,1.65,1.65,1.48,1.49,0,0
20141120,1.63,1.63,1.47,1.61,0,0
20141121,1.63,1.63,1.48,1.57,0,0
20141124,1.48,1.59,1.48,1.59,0,0
20141125,1.59,1.59,1.4,1.52,0,0
20141126,1.52,1.56,1.41,1.43,0,0
20141127,1.54,1.54,1.37,1.54,0,0
20141128,1.54,1.54,1.54,1.54,0,0
20141201,1.54,1.54,1.54,1.54,0,0
20141202,1.54,1.54,1.51,1.51,0,0
20141203,1.54,1.54,1.38,1.51,0,0
20141204,1.38,1.53,1.38,1.52,0,0
20141205,1.52,1.52,1.31,1.38,0,0
20141208,1.43,1.43,1.31,1.41,0,0
20141209,1.41,1.41,1.31,1.41,0,0
20141210,1.41,1.41,1.31,1.31,0,0
20141211,1.46,1.46,1.46,1.46,0,0
20141212,1.46,1.46,1.46,1.46,0,0
20141215,1.44,1.57,1.44,1.57,0,0
20141216,1.56,1.56,1.37,1.44,0,0
20141217,1.44,1.52,1.44,1.52,0,0
20141218,1.49,1.52,1.37,1.52,0,0
20141219,1.51,1.51,1.51,1.51,0,0
20141222,1.51,1.51,1.51,1.51,0,0
20141223,1.48,1.48,1.48,1.48,0,0
20141229,1.44,1.44,1.44,1.44,0,0
20141230,1.43,1.56,1.36,1.54,0,0
