Date,Open,High,Low,Close,Volume,OpenInt
20090514,6.9898,6.9898,6.9898,6.9898,0,0
20090515,6.9511,7.6976,5.429,5.5647,0,0
20090518,5.2545,5.2545,4.3044,4.5662,0,0
20090519,4.5468,4.8182,3.6743,4.1978,0,0
20090520,4.2947,4.2947,3.364,3.6064,0,0
20090521,3.5192,3.8488,3.3059,3.5579,0,0
20090522,3.2574,3.4125,2.889,2.889,0,0
20090525,2.7339,3.0441,2.4721,2.6273,0,0
20090526,2.6563,2.7145,2.3655,2.4721,0,0
20090527,2.6079,2.8405,2.6079,2.7533,0,0
20090528,2.8696,2.8696,2.4721,2.6466,0,0
20090529,2.5885,2.9278,2.5788,2.8696,0,0
20090601,3.2768,3.2768,3.2768,3.2768,0,0
20090602,3.4125,3.4998,3.2089,3.3253,0,0
20090603,3.3253,3.6646,3.1702,3.3059,0,0
20090604,3.4513,3.4513,3.1023,3.3059,0,0
20090605,3.238,3.4707,3.112,3.3059,0,0
20090608,3.0829,3.2865,2.9763,2.9956,0,0
20090609,3.0441,3.0441,2.54,2.7145,0,0
20090610,2.7145,2.9278,2.5788,2.763,0,0
20090612,2.763,2.8405,2.6079,2.8405,0,0
20090615,2.6273,2.7533,2.4527,2.5885,0,0
20090616,2.6079,2.7145,2.4721,2.7145,0,0
20090617,2.4721,2.9763,2.4721,2.9569,0,0
20090618,2.9375,2.9375,2.9278,2.9278,0,0
20090619,2.9569,2.9569,2.763,2.9084,0,0
20090622,2.889,2.889,2.8018,2.8018,0,0
20090623,2.6951,2.6951,2.6757,2.6757,0,0
20090624,2.6757,2.8018,2.6757,2.8018,0,0
20090625,2.8211,2.9569,2.5206,2.9278,0,0
20090626,2.889,2.889,2.5788,2.7145,0,0
20090629,2.6466,2.6466,2.54,2.6273,0,0
20090630,2.6273,2.6273,2.6273,2.6273,0,0
20090701,2.6273,2.7145,2.6273,2.7145,0,0
20090702,2.6951,2.763,2.5012,2.5012,0,0
20090703,2.6466,3.015,2.6273,2.9956,0,0
20090706,3.015,3.015,2.9956,2.9956,0,0
20090707,2.9569,2.9569,2.9375,2.9375,0,0
20090708,2.889,2.889,2.5788,2.7824,0,0
20090709,2.8018,2.8018,2.8018,2.8018,0,0
20090710,2.8018,2.8018,2.8018,2.8018,0,0
20090713,2.9084,2.9084,2.9084,2.9084,0,0
20090714,2.9084,2.9084,2.889,2.889,0,0
20090715,2.889,2.9084,2.5885,2.9084,0,0
20090716,2.889,2.889,2.54,2.5594,0,0
20090717,2.6466,2.8018,2.6466,2.7824,0,0
20090720,2.7824,2.7824,2.54,2.54,0,0
20090721,2.6273,3.0441,2.6273,2.9763,0,0
20090722,2.8211,2.9956,2.8211,2.8405,0,0
20090723,2.9956,3.2186,2.9956,3.0635,0,0
20090724,3.0635,3.2089,3.0635,3.2089,0,0
20090727,3.2089,3.2089,2.9763,3.1702,0,0
20090728,3.1508,3.1508,2.7339,2.8502,0,0
20090729,2.889,3.112,2.889,3.112,0,0
20090730,3.112,3.112,2.5594,2.8018,0,0
20090731,2.9956,3.0635,2.9956,3.0635,0,0
20090803,3.0635,3.0635,2.8696,3.0441,0,0
20090804,2.9569,3.0344,2.9569,3.0344,0,0
20090805,3.0344,3.0344,2.7533,2.7824,0,0
20090806,2.8018,3.0344,2.8018,3.0344,0,0
20090807,3.0344,3.0344,2.7824,2.7824,0,0
20090810,2.7824,3.0441,2.666,3.0441,0,0
20090811,3.1992,3.461,3.1992,3.461,0,0
20090812,3.461,3.461,3.1702,3.461,0,0
20090813,3.461,3.461,3.0538,3.0538,0,0
20090814,3.0538,3.1992,2.9084,3.1992,0,0
20090817,3.1992,3.2186,3.1992,3.2186,0,0
20090818,3.0829,3.0829,3.0732,3.0732,0,0
20090819,2.9763,3.4416,2.9763,3.364,0,0
20090820,3.3156,3.4901,3.2186,3.4901,0,0
20090821,3.684,3.684,3.4901,3.6549,0,0
20090824,3.5385,3.6646,3.3737,3.6646,0,0
20090825,3.6646,3.8294,3.5385,3.8294,0,0
20090826,3.8391,3.9263,3.8391,3.9263,0,0
20090827,3.8391,3.8391,3.8391,3.8391,0,0
20090828,3.8294,3.936,3.587,3.936,0,0
20090831,3.81,3.9748,3.6549,3.7421,0,0
20090901,3.9748,3.9748,3.6161,3.6937,0,0
20090902,3.4707,3.9748,3.461,3.9748,0,0
20090903,3.936,3.936,3.936,3.936,0,0
20090904,3.9263,3.9263,3.6937,3.6937,0,0
20090907,3.9263,3.9263,3.6937,3.9069,0,0
20090908,3.9263,3.9263,3.9263,3.9263,0,0
20090909,3.8585,3.9263,3.3931,3.7421,0,0
20090910,3.5579,3.5967,3.5579,3.5579,0,0
20090911,3.4707,3.4707,3.4707,3.4707,0,0
20090914,3.3737,3.3737,3.2186,3.2186,0,0
20090915,3.2283,3.364,3.2186,3.364,0,0
20090916,3.4222,3.4222,3.3737,3.3737,0,0
20090917,3.2186,3.3737,3.2186,3.3737,0,0
20090918,3.3737,3.3737,3.3737,3.3737,0,0
20090921,3.1508,3.3737,3.1314,3.3737,0,0
20090922,3.1508,3.364,3.0441,3.364,0,0
20090923,3.3737,3.3737,3.3737,3.3737,0,0
20090924,3.3737,3.3737,3.3737,3.3737,0,0
20090925,3.3737,3.3737,3.3156,3.3156,0,0
20090928,3.1314,3.1314,3.1314,3.1314,0,0
20090929,3.3737,3.3737,3.3737,3.3737,0,0
20090930,3.1992,3.1992,3.0053,3.0053,0,0
20091001,2.8115,3.2962,2.8115,3.2962,0,0
20091002,3.0538,3.1992,3.0538,3.1992,0,0
20091005,3.1992,3.1992,2.9084,3.1992,0,0
20091006,3.2186,3.2186,2.9472,2.9472,0,0
20091007,2.9569,3.0538,2.9472,3.0538,0,0
20091008,2.8115,2.9569,2.7048,2.9569,0,0
20091009,2.7339,2.9763,2.7339,2.9472,0,0
20091012,2.9278,3.0247,2.9278,2.9472,0,0
20091013,2.9084,2.9084,2.8502,2.8502,0,0
20091014,2.8599,2.8599,2.8599,2.8599,0,0
20091015,2.889,3.1217,2.8793,3.1217,0,0
20091016,3.0732,3.2671,3.0732,3.2671,0,0
20091019,3.3447,3.3447,3.3447,3.3447,0,0
20091020,3.3447,3.3447,3.3447,3.3447,0,0
20091021,2.9084,3.0053,2.8502,2.8502,0,0
20091022,2.889,3.1508,2.889,3.1023,0,0
20091023,2.889,3.1508,2.889,3.1508,0,0
20091026,3.2962,3.2962,3.2962,3.2962,0,0
20091027,3.1023,3.1023,2.8793,3.1023,0,0
20091028,3.2768,3.2768,2.7145,3.2671,0,0
20091029,2.8599,3.6161,2.8599,3.6161,0,0
20091030,3.6549,3.6549,3.2283,3.5385,0,0
20091102,3.3737,3.6646,3.0538,3.6549,0,0
20091103,3.5385,3.6161,3.5385,3.5967,0,0
20091104,3.684,3.8294,3.5385,3.8294,0,0
20091105,3.7809,3.7906,3.3737,3.4222,0,0
20091106,3.4416,3.6549,3.4416,3.6549,0,0
20091109,3.4901,3.5676,3.461,3.461,0,0
20091110,3.4319,3.5773,3.2089,3.5289,0,0
20091112,3.3059,3.3544,3.2962,3.3544,0,0
20091113,3.335,3.4125,3.1702,3.3834,0,0
20091116,3.4125,3.4125,3.1992,3.3737,0,0
20091117,3.4319,3.4319,3.2768,3.4028,0,0
20091118,3.3834,3.4028,3.3544,3.4028,0,0
20091119,3.4028,3.4319,3.1508,3.4028,0,0
20091120,3.4319,3.4319,3.1508,3.2768,0,0
20091123,3.3544,3.3737,3.1023,3.3737,0,0
20091124,3.3544,3.3544,3.1411,3.2962,0,0
20091125,3.2768,3.2768,3.2768,3.2768,0,0
20091126,3.1508,3.1508,2.9763,3.1023,0,0
20091127,3.1023,3.335,3.1023,3.3059,0,0
20091130,3.2477,3.2477,3.0247,3.1702,0,0
20091201,2.9666,3.1508,2.9666,3.1508,0,0
20091202,3.1508,3.1992,2.8987,3.1411,0,0
20091203,3.0538,3.1411,2.9763,3.1411,0,0
20091204,3.1023,3.1411,3.1023,3.1411,0,0
20091207,3.1217,3.1217,3.1023,3.1023,0,0
20091208,3.1411,3.1702,3.1411,3.1702,0,0
20091209,3.1411,3.1411,3.015,3.015,0,0
20091210,3.1217,3.1217,3.1217,3.1217,0,0
20091211,3.1217,3.1217,3.1217,3.1217,0,0
20091214,2.8987,3.1023,2.8696,2.8696,0,0
20091215,3.1023,3.1023,2.8115,3.0441,0,0
20091216,3.0441,3.0441,2.9666,2.9666,0,0
20091217,2.9666,2.9666,2.8115,2.9666,0,0
20091218,2.9666,2.9666,2.6563,2.9666,0,0
20091221,3.0441,3.0441,3.0441,3.0441,0,0
20091222,3.0247,3.0247,2.889,2.889,0,0
20091223,2.9472,3.0247,2.9472,3.0247,0,0
20091228,3.0247,3.0247,2.9666,2.9666,0,0
20091229,3.0247,3.0441,2.8211,3.0441,0,0
20091230,3.0441,3.0441,2.8211,2.8211,0,0
20091231,3.0441,3.0441,2.8211,2.8211,0,0
20100104,3.1702,3.1702,2.9666,3.1411,0,0
20100105,3.1411,3.1411,3.1411,3.1411,0,0
20100106,2.9278,3.0926,2.9278,3.0732,0,0
20100107,3.0926,3.0926,2.889,3.0926,0,0
20100108,3.0926,3.0926,3.0926,3.0926,0,0
20100111,2.9763,3.0926,2.9666,3.0926,0,0
20100112,3.0732,3.1702,3.0732,3.1702,0,0
20100113,3.1702,3.1992,3.1411,3.1411,0,0
20100114,3.1411,3.1798,3.1217,3.1798,0,0
20100115,3.1798,3.1798,3.1023,3.1023,0,0
20100118,3.1798,3.461,3.1217,3.3544,0,0
20100119,3.1508,3.3253,3.0926,3.1217,0,0
20100120,3.1411,3.8197,3.1411,3.8197,0,0
20100121,3.8973,4.1687,3.6161,3.8973,0,0
20100122,3.8973,4.0427,3.4319,3.7421,0,0
20100125,3.5095,3.7131,3.3737,3.6646,0,0
20100126,3.4319,3.5095,3.3253,3.3834,0,0
20100127,3.335,3.587,3.335,3.461,0,0
20100128,3.5579,3.6646,3.5289,3.6646,0,0
20100129,3.7131,3.7324,3.3737,3.5095,0,0
20100201,3.5095,3.5289,3.461,3.5289,0,0
20100202,3.6646,3.684,3.6646,3.684,0,0
20100203,3.7324,3.8876,3.684,3.684,0,0
20100204,3.8973,3.8973,3.587,3.6646,0,0
20100205,3.587,3.6646,3.4319,3.6355,0,0
20100208,3.5095,3.6355,3.4513,3.4513,0,0
20100209,3.4319,3.6646,3.4319,3.6646,0,0
20100210,3.7712,3.8682,3.5289,3.8391,0,0
20100211,3.8197,3.8197,3.6064,3.6064,0,0
20100212,3.6355,3.7421,3.6064,3.7421,0,0
20100215,3.81,3.81,3.4319,3.5773,0,0
20100216,3.3253,3.4028,3.1798,3.3253,0,0
20100217,3.4125,3.461,3.4125,3.461,0,0
20100218,3.2671,3.3834,3.1798,3.2089,0,0
20100219,3.4416,3.5676,3.4416,3.5676,0,0
20100222,3.3447,3.3447,3.1798,3.3156,0,0
20100223,3.2865,3.3059,3.2574,3.3059,0,0
20100224,3.2186,3.364,3.1411,3.238,0,0
20100225,3.3931,3.3931,3.3931,3.3931,0,0
20100226,3.3931,3.3931,3.2089,3.3059,0,0
20100301,3.3156,3.3156,3.3156,3.3156,0,0
20100302,3.335,3.3834,3.3059,3.3834,0,0
20100303,3.3931,3.3931,3.3156,3.3156,0,0
20100304,3.3156,3.5385,3.3156,3.5385,0,0
20100305,3.335,3.5579,3.335,3.5579,0,0
20100308,3.3931,3.5385,3.3931,3.5385,0,0
20100309,3.5192,3.5192,3.3156,3.5192,0,0
20100310,3.5385,3.5385,3.3447,3.4901,0,0
20100311,3.3931,3.3931,3.335,3.335,0,0
20100312,3.364,3.4707,3.364,3.4707,0,0
20100315,3.335,3.4707,3.2865,3.4707,0,0
20100316,3.364,3.4319,3.3447,3.4319,0,0
20100317,3.2865,3.4319,3.2865,3.4319,0,0
20100318,3.4319,3.4319,3.3931,3.3931,0,0
20100319,3.4707,3.5385,3.4707,3.5385,0,0
20100322,3.5385,3.5579,3.5385,3.5579,0,0
20100323,3.5579,3.7131,3.5579,3.684,0,0
20100324,3.6937,4.1105,3.4125,3.4707,0,0
20100325,3.6937,3.7712,3.2574,3.7712,0,0
20100326,3.7712,4.0136,3.6355,4.0136,0,0
20100329,4.0136,4.033,3.8682,3.9457,0,0
20100330,3.7421,3.9457,3.7131,3.9457,0,0
20100331,3.7712,3.936,3.7712,3.8682,0,0
20100401,3.7615,3.8488,3.6646,3.7906,0,0
20100406,3.6355,3.8391,3.6355,3.8391,0,0
20100407,3.5967,3.7906,3.5385,3.7615,0,0
20100408,3.587,3.7421,3.587,3.7421,0,0
20100409,3.5579,3.5579,3.461,3.5579,0,0
20100412,3.4707,3.6646,3.4319,3.6646,0,0
20100413,3.4416,3.6161,3.4416,3.6161,0,0
20100414,3.5385,3.5385,3.5385,3.5385,0,0
20100415,3.4707,3.5385,3.4707,3.5385,0,0
20100416,3.587,3.5967,3.587,3.5967,0,0
20100419,3.4319,3.5192,3.335,3.4901,0,0
20100420,3.3447,3.5967,3.3447,3.4416,0,0
20100421,3.5385,3.5385,3.2574,3.2574,0,0
20100422,3.2186,3.364,3.1605,3.1605,0,0
20100423,3.2865,3.2865,3.2865,3.2865,0,0
20100426,3.2865,3.2865,3.1605,3.2574,0,0
20100427,3.2186,3.3059,3.2186,3.2865,0,0
20100428,3.1895,3.1895,3.112,3.112,0,0
20100429,3.1314,3.1798,3.112,3.1798,0,0
20100430,3.2671,3.2865,3.2671,3.2865,0,0
20100504,3.2865,3.3059,3.2671,3.3059,0,0
20100505,3.1314,3.3059,3.112,3.3059,0,0
20100506,3.2865,3.2865,3.2865,3.2865,0,0
20100507,3.0344,3.1605,2.9278,2.9278,0,0
20100510,3.3156,3.3156,3.3156,3.3156,0,0
20100511,3.3156,3.3156,3.1605,3.1605,0,0
20100512,3.3059,3.3059,3.3059,3.3059,0,0
20100513,3.0926,3.2186,3.0926,3.2186,0,0
20100514,3.112,3.2671,3.112,3.112,0,0
20100517,3.015,3.238,2.9666,3.238,0,0
20100518,3.0538,3.112,2.8599,2.986,0,0
20100519,2.9278,2.986,2.7436,2.986,0,0
20100520,3.0635,3.0635,3.0344,3.0635,0,0
20100521,2.986,3.1314,2.8987,3.1314,0,0
20100524,3.1314,3.1314,2.8405,2.8405,0,0
20100525,3.015,3.1314,3.015,3.1314,0,0
20100526,3.112,3.112,3.112,3.112,0,0
20100527,3.112,3.112,3.112,3.112,0,0
20100528,3.112,3.3156,3.112,3.3156,0,0
20100531,3.3156,3.3156,2.8696,2.8696,0,0
20100601,3.0344,3.0344,2.889,2.889,0,0
20100602,2.986,2.986,2.986,2.986,0,0
20100604,2.986,2.986,2.986,2.986,0,0
20100607,3.015,3.015,2.7242,2.7242,0,0
20100608,2.8405,2.8405,2.8211,2.8211,0,0
20100609,2.9956,2.9956,2.9956,2.9956,0,0
20100610,2.9956,2.9956,2.9956,2.9956,0,0
20100611,3.0344,3.0344,3.015,3.0344,0,0
20100614,2.986,2.986,2.986,2.986,0,0
20100615,2.9956,2.9956,2.9956,2.9956,0,0
20100616,2.9956,2.9956,2.9956,2.9956,0,0
20100617,2.9956,2.9956,2.9956,2.9956,0,0
20100618,2.9956,2.9956,2.7533,2.7533,0,0
20100622,2.7436,2.7436,2.5012,2.5788,0,0
20100623,2.6757,2.986,2.6757,2.8211,0,0
20100624,2.8696,2.8696,2.5303,2.5303,0,0
20100625,2.5594,2.5594,2.5594,2.5594,0,0
20100629,2.6563,2.6563,2.6079,2.6079,0,0
20100630,2.6079,2.6079,2.5982,2.5982,0,0
20100705,2.5594,2.6951,2.5303,2.6951,0,0
20100706,2.6757,2.6757,2.5109,2.6757,0,0
20100707,2.6563,2.6757,2.6563,2.6757,0,0
20100708,2.6466,2.6466,2.5497,2.6466,0,0
20100709,2.6273,2.6273,2.6273,2.6273,0,0
20100712,2.6273,2.6466,2.6273,2.6466,0,0
20100713,2.6466,2.6466,2.6466,2.6466,0,0
20100714,2.6466,2.8211,2.6466,2.8211,0,0
20100715,2.7921,2.7921,2.5303,2.5303,0,0
20100716,2.5303,2.7727,2.5012,2.7727,0,0
20100719,2.7921,2.7921,2.7727,2.7727,0,0
20100720,2.7727,2.8405,2.7048,2.8405,0,0
20100721,2.9181,2.9181,2.9181,2.9181,0,0
20100722,2.8987,2.8987,2.8987,2.8987,0,0
20100723,2.889,2.889,2.8696,2.8696,0,0
20100726,2.9472,2.9472,2.9472,2.9472,0,0
20100727,2.7727,2.7727,2.6563,2.6563,0,0
20100728,2.8018,2.8018,2.8018,2.8018,0,0
20100729,2.7727,2.7727,2.7727,2.7727,0,0
20100730,2.7727,2.9181,2.7727,2.9181,0,0
20100802,2.9472,2.9472,2.8018,2.8018,0,0
20100803,2.9472,2.9472,2.8018,2.8018,0,0
20100804,2.9472,2.9472,2.9472,2.9472,0,0
20100805,2.9472,2.9472,2.9472,2.9472,0,0
20100806,2.8987,2.8987,2.889,2.889,0,0
20100809,2.7727,2.7727,2.7727,2.7727,0,0
20100810,2.8502,2.8502,2.6563,2.6563,0,0
20100811,2.6466,2.6466,2.6466,2.6466,0,0
20100812,2.6563,2.6563,2.6563,2.6563,0,0
20100813,2.6563,2.6563,2.6563,2.6563,0,0
20100816,2.6466,2.6466,2.6466,2.6466,0,0
20100817,2.6466,2.7048,2.5594,2.7048,0,0
20100818,2.5982,2.6369,2.3946,2.4624,0,0
20100819,2.4818,2.5691,2.4818,2.5691,0,0
20100820,2.6854,2.6854,2.5982,2.5982,0,0
20100823,2.7145,2.7145,2.666,2.666,0,0
20100824,2.7824,2.7824,2.414,2.414,0,0
20100825,2.7145,2.7145,2.4624,2.5788,0,0
20100826,2.666,2.666,2.666,2.666,0,0
20100827,2.7048,2.7048,2.4431,2.4431,0,0
20100830,2.4334,2.4624,2.3946,2.3946,0,0
20100831,2.5497,2.7145,2.414,2.6369,0,0
20100901,2.4431,2.5012,2.4334,2.4334,0,0
20100902,2.4431,2.4431,2.3946,2.4334,0,0
20100903,2.4334,2.6854,2.4334,2.5788,0,0
20100906,2.6466,2.6466,2.6466,2.6466,0,0
20100907,2.5012,2.5012,2.4818,2.4818,0,0
20100908,2.6369,2.6369,2.4818,2.4818,0,0
20100909,2.5982,2.5982,2.5788,2.5788,0,0
20100910,2.5982,2.5982,2.5788,2.5788,0,0
20100913,2.5012,2.5012,2.4818,2.4818,0,0
20100914,2.5012,2.5012,2.5012,2.5012,0,0
20100915,2.4818,2.4818,2.4818,2.4818,0,0
20100916,2.5109,2.5691,2.5012,2.5691,0,0
20100917,2.5012,2.7339,2.5012,2.7339,0,0
20100920,2.7339,2.7533,2.7339,2.7533,0,0
20100921,2.7533,2.7727,2.7533,2.7727,0,0
20100923,2.7727,2.7727,2.5303,2.5303,0,0
20100927,2.7048,2.7824,2.7048,2.7824,0,0
20100928,2.7824,2.7824,2.7824,2.7824,0,0
20100929,2.7824,2.7824,2.7824,2.7824,0,0
20100930,2.7824,2.7824,2.5982,2.5982,0,0
20101001,2.7339,2.7339,2.7339,2.7339,0,0
20101004,2.7339,2.7339,2.7339,2.7339,0,0
20101005,2.7339,2.7824,2.7339,2.7824,0,0
20101006,2.7824,2.7824,2.7824,2.7824,0,0
20101007,2.7824,2.7824,2.5788,2.7727,0,0
20101008,2.7727,2.7727,2.7727,2.7727,0,0
20101011,2.5982,2.7533,2.5982,2.7533,0,0
20101012,2.7727,2.7727,2.7727,2.7727,0,0
20101013,2.7727,2.7727,2.7727,2.7727,0,0
20101014,2.7727,2.7727,2.7727,2.7727,0,0
20101015,2.7727,2.7727,2.5691,2.5788,0,0
20101018,2.7145,2.7145,2.5691,2.5691,0,0
20101019,2.6854,2.6854,2.5109,2.5109,0,0
20101020,2.6369,2.6369,2.6176,2.6176,0,0
20101021,2.6369,2.6369,2.6369,2.6369,0,0
20101022,2.6369,2.6369,2.6176,2.6176,0,0
20101025,2.6369,2.6369,2.5303,2.6369,0,0
20101026,2.666,2.666,2.666,2.666,0,0
20101027,2.666,2.666,2.5691,2.6466,0,0
20101028,2.6466,2.6466,2.5303,2.6176,0,0
20101029,2.6176,2.6176,2.6176,2.6176,0,0
20101102,2.666,2.666,2.666,2.666,0,0
20101103,2.6466,2.6466,2.5303,2.5303,0,0
20101104,2.666,2.666,2.6466,2.6466,0,0
20101105,2.666,2.666,2.666,2.666,0,0
20101108,2.666,2.666,2.666,2.666,0,0
20101109,2.666,2.666,2.666,2.666,0,0
20101110,2.666,2.666,2.666,2.666,0,0
20101112,2.666,2.666,2.5303,2.5303,0,0
20101115,2.666,2.666,2.666,2.666,0,0
20101116,2.666,2.7339,2.666,2.7339,0,0
20101117,2.7048,2.7048,2.7048,2.7048,0,0
20101118,2.5691,2.666,2.5691,2.666,0,0
20101119,2.5691,2.6369,2.5691,2.6369,0,0
20101122,2.5691,2.666,2.5497,2.5497,0,0
20101123,2.4527,2.5497,2.4237,2.5497,0,0
20101124,2.4237,2.5497,2.4237,2.5497,0,0
20101125,2.4237,2.5691,2.4237,2.4527,0,0
20101126,2.4527,2.4721,2.4334,2.4334,0,0
20101129,2.5497,2.5497,2.4237,2.4237,0,0
20101130,2.5497,2.5497,2.5497,2.5497,0,0
20101201,2.5497,2.5497,2.4237,2.5303,0,0
20101202,2.5303,2.5303,2.5303,2.5303,0,0
20101203,2.5303,2.5303,2.5012,2.5012,0,0
20101206,2.5303,2.5303,2.5303,2.5303,0,0
20101207,2.4334,2.4334,2.3558,2.4334,0,0
20101208,2.4334,2.4334,2.4334,2.4334,0,0
20101209,2.4334,2.4334,2.4334,2.4334,0,0
20101210,2.4334,2.4334,2.3849,2.4334,0,0
20101213,2.4237,2.4334,2.3849,2.4334,0,0
20101214,2.3849,2.4334,2.3558,2.4334,0,0
20101215,2.4334,2.4334,2.4334,2.4334,0,0
20101216,2.4334,2.4334,2.4334,2.4334,0,0
20101217,2.4334,2.4334,2.4334,2.4334,0,0
20101220,2.4334,2.4334,2.4334,2.4334,0,0
20101221,2.4818,2.4818,2.3558,2.3558,0,0
20101222,2.4818,2.4818,2.4818,2.4818,0,0
20101223,2.3752,2.3752,2.3364,2.3364,0,0
20101227,2.4818,2.4818,2.4818,2.4818,0,0
20101228,2.3364,2.4527,2.3364,2.4527,0,0
20101229,2.4818,2.5012,2.4818,2.5012,0,0
20101230,2.5206,2.5206,2.5206,2.5206,0,0
20101231,2.5012,2.5012,2.3752,2.4527,0,0
20110103,2.4721,2.5303,2.4721,2.5303,0,0
20110104,2.4721,2.4721,2.4721,2.4721,0,0
20110105,2.4334,2.4334,2.4334,2.4334,0,0
20110107,2.5303,2.5303,2.4334,2.5012,0,0
20110110,2.5012,2.5012,2.5012,2.5012,0,0
20110111,2.5012,2.5012,2.4043,2.5012,0,0
20110112,2.5012,2.5012,2.4043,2.4334,0,0
20110113,2.5012,2.5012,2.4043,2.5012,0,0
20110114,2.4043,2.4334,2.4043,2.4334,0,0
20110117,2.5012,2.5012,2.5012,2.5012,0,0
20110118,2.5012,2.5012,2.5012,2.5012,0,0
20110119,2.5012,2.5012,2.5012,2.5012,0,0
20110120,2.4818,2.4818,2.4818,2.4818,0,0
20110121,2.4818,2.4818,2.4818,2.4818,0,0
20110124,2.4818,2.4818,2.4818,2.4818,0,0
20110125,2.4818,2.4818,2.3267,2.3267,0,0
20110126,2.3267,2.3267,2.3267,2.3267,0,0
20110127,2.4721,2.4721,2.4721,2.4721,0,0
20110128,2.3073,2.3073,2.3073,2.3073,0,0
20110131,2.3267,2.3267,2.3073,2.3267,0,0
20110201,2.4527,2.4527,2.3073,2.3364,0,0
20110202,2.4334,2.4334,2.4334,2.4334,0,0
20110203,2.4334,2.4334,2.4334,2.4334,0,0
20110204,2.4334,2.4334,2.4334,2.4334,0,0
20110207,2.4334,2.4334,2.4334,2.4334,0,0
20110208,2.4334,2.4334,2.3267,2.3267,0,0
20110209,2.4334,2.4334,2.2879,2.2879,0,0
20110210,2.3849,2.3849,2.2879,2.2879,0,0
20110211,2.3849,2.3849,2.3849,2.3849,0,0
20110214,2.3849,2.3849,2.2879,2.3558,0,0
20110215,2.3849,2.3849,2.3849,2.3849,0,0
20110216,2.3849,2.3849,2.2395,2.2395,0,0
20110217,2.2395,2.2395,2.2395,2.2395,0,0
20110218,2.2395,2.2395,2.1522,2.2395,0,0
20110221,2.2395,2.2395,2.2395,2.2395,0,0
20110222,2.2395,2.2589,2.2395,2.2589,0,0
20110223,2.2395,2.2395,2.1522,2.2395,0,0
20110224,2.2395,2.2395,2.2395,2.2395,0,0
20110225,2.2298,2.2298,2.2298,2.2298,0,0
20110228,2.2298,2.2298,2.2298,2.2298,0,0
20110301,2.2879,2.2879,2.2879,2.2879,0,0
20110302,2.2879,2.2879,1.9971,2.2007,0,0
20110303,2.2007,2.2007,2.2007,2.2007,0,0
20110304,2.2007,2.2007,2.2007,2.2007,0,0
20110307,2.2007,2.2007,2.2007,2.2007,0,0
20110308,2.2007,2.2007,2.2007,2.2007,0,0
20110309,2.1328,2.1328,2.1328,2.1328,0,0
20110310,2.2007,2.2007,1.9874,1.9874,0,0
20110311,2.0747,2.0747,2.0747,2.0747,0,0
20110314,2.0747,2.0747,2.0747,2.0747,0,0
20110315,2.0747,2.0747,1.9195,1.9195,0,0
20110316,1.9195,2.0747,1.9195,2.0747,0,0
20110317,2.1619,2.1619,2.1619,2.1619,0,0
20110318,2.0262,2.0262,2.0262,2.0262,0,0
20110321,2.0262,2.0262,1.9195,1.9389,0,0
20110322,2.0262,2.0262,1.9389,1.9389,0,0
20110323,2.0262,2.0262,1.9098,1.9971,0,0
20110324,1.9971,2.0262,1.9971,2.0262,0,0
20110325,2.0262,2.0262,1.9098,1.9389,0,0
20110328,1.9971,1.9971,1.9389,1.9389,0,0
20110329,1.9971,1.9971,1.9971,1.9971,0,0
20110330,1.9971,1.9971,1.9971,1.9971,0,0
20110406,1.9971,1.9971,1.9971,1.9971,0,0
20110407,1.9971,1.9971,1.9971,1.9971,0,0
20110408,1.9971,1.9971,1.9971,1.9971,0,0
20110411,1.9971,1.9971,1.8517,1.8517,0,0
20110412,1.9389,1.9389,1.9389,1.9389,0,0
20110413,1.9874,1.9874,1.8323,1.8323,0,0
20110414,1.9195,1.9195,1.9195,1.9195,0,0
20110415,1.9195,1.9195,1.9195,1.9195,0,0
20110418,1.8129,1.8129,1.7353,1.8129,0,0
20110419,1.8129,1.9389,1.8129,1.9389,0,0
20110420,1.8517,1.9486,1.8517,1.8517,0,0
20110421,1.8517,1.9486,1.8517,1.9486,0,0
20110426,1.8614,1.8711,1.8614,1.8711,0,0
20110427,1.8711,1.8711,1.8711,1.8711,0,0
20110428,1.8711,1.8711,1.8711,1.8711,0,0
20110429,1.8711,1.8711,1.8711,1.8711,0,0
20110502,1.8711,1.8711,1.8711,1.8711,0,0
20110504,1.8614,1.8614,1.8614,1.8614,0,0
20110505,1.842,1.842,1.8323,1.842,0,0
20110506,1.8323,1.842,1.8032,1.842,0,0
20110509,1.842,1.9195,1.842,1.9195,0,0
20110510,1.9486,1.9486,1.9486,1.9486,0,0
20110511,1.8614,1.8614,1.8614,1.8614,0,0
20110512,1.8323,1.8323,1.8323,1.8323,0,0
20110513,1.9389,1.9389,1.9389,1.9389,0,0
20110516,1.842,1.842,1.8129,1.8129,0,0
20110517,1.842,1.842,1.842,1.842,0,0
20110518,1.8032,1.8032,1.7644,1.8032,0,0
20110519,1.7838,1.9098,1.7644,1.9098,0,0
20110523,1.8226,1.8226,1.8226,1.8226,0,0
20110530,1.8226,1.8226,1.8226,1.8226,0,0
20110531,1.8226,1.8711,1.8226,1.8711,0,0
20110601,1.8517,1.8517,1.842,1.842,0,0
20110602,1.7741,1.9486,1.7741,1.8517,0,0
20110607,1.7644,1.7644,1.7644,1.7644,0,0
20110608,1.7644,1.7644,1.7644,1.7644,0,0
20110609,1.7644,1.7644,1.7644,1.7644,0,0
20110610,1.7644,1.7644,1.7644,1.7644,0,0
20110613,1.745,1.745,1.745,1.745,0,0
20110614,1.7644,1.7644,1.7644,1.7644,0,0
20110615,1.745,1.745,1.745,1.745,0,0
20110616,1.745,1.8226,1.745,1.8226,0,0
20110617,1.716,1.716,1.716,1.716,0,0
20110620,1.716,1.716,1.716,1.716,0,0
20110621,1.716,1.716,1.716,1.716,0,0
20110622,1.716,1.716,1.716,1.716,0,0
20110624,1.716,1.716,1.6578,1.6578,0,0
20110627,1.716,1.716,1.5608,1.5608,0,0
20110628,1.7063,1.7063,1.7063,1.7063,0,0
20110629,1.7063,1.7063,1.7063,1.7063,0,0
20110630,1.6869,1.6869,1.5511,1.5511,0,0
20110701,1.5802,1.5899,1.5802,1.5899,0,0
20110704,1.6093,1.7063,1.6093,1.6578,0,0
20110705,1.7063,1.7063,1.7063,1.7063,0,0
20110706,1.6772,1.6869,1.6772,1.6869,0,0
20110707,1.6772,1.6772,1.6772,1.6772,0,0
20110708,1.6869,1.6869,1.6869,1.6869,0,0
20110711,1.6869,1.6869,1.6869,1.6869,0,0
20110712,1.6869,1.6869,1.6869,1.6869,0,0
20110713,1.5511,1.6869,1.5318,1.6869,0,0
20110714,1.6869,1.6869,1.6869,1.6869,0,0
20110715,1.6772,1.6869,1.6772,1.6869,0,0
20110718,1.6869,1.6869,1.5511,1.6287,0,0
20110719,1.6287,1.6287,1.6287,1.6287,0,0
20110720,1.6287,1.6772,1.6287,1.6772,0,0
20110721,1.6772,1.6772,1.6772,1.6772,0,0
20110722,1.6772,1.6772,1.6772,1.6772,0,0
20110725,1.6772,1.6772,1.6384,1.6384,0,0
20110726,1.6384,1.6384,1.6384,1.6384,0,0
20110727,1.6384,1.6384,1.6384,1.6384,0,0
20110728,1.6384,1.6384,1.5221,1.5221,0,0
20110729,1.5221,1.6384,1.5221,1.6384,0,0
20110801,1.6384,1.6384,1.6384,1.6384,0,0
20110802,1.6384,1.6384,1.6384,1.6384,0,0
20110803,1.6384,1.6384,1.5027,1.5027,0,0
20110804,1.4736,1.5027,1.3476,1.3476,0,0
20110805,1.3476,1.3476,1.3476,1.3476,0,0
20110808,1.3476,1.3476,1.3476,1.3476,0,0
20110809,1.3476,1.3476,1.3476,1.3476,0,0
20110810,1.4736,1.4736,1.4736,1.4736,0,0
20110812,1.4736,1.4736,1.4736,1.4736,0,0
20110816,1.5221,1.5221,1.5221,1.5221,0,0
20110817,1.5221,1.5221,1.5027,1.5027,0,0
20110818,1.5318,1.5318,1.5318,1.5318,0,0
20110819,1.5318,1.5318,1.4736,1.4736,0,0
20110822,1.5318,1.5318,1.5318,1.5318,0,0
20110823,1.5318,1.5318,1.5318,1.5318,0,0
20110824,1.5221,1.5221,1.5221,1.5221,0,0
20110825,1.5221,1.5221,1.5221,1.5221,0,0
20110826,1.5221,1.5221,1.5221,1.5221,0,0
20110829,1.5221,1.5221,1.2894,1.3379,0,0
20110901,1.4251,1.4251,1.4251,1.4251,0,0
20110902,1.396,1.396,1.396,1.396,0,0
20110906,1.3185,1.3185,1.3185,1.3185,0,0
20110907,1.2894,1.2894,1.2894,1.2894,0,0
20110912,1.3573,1.3573,1.3573,1.3573,0,0
20110919,1.2409,1.2409,1.2118,1.2118,0,0
20110921,1.2603,1.2603,1.2603,1.2603,0,0
20110929,1.1731,1.1731,1.1731,1.1731,0,0
20111004,1.2603,1.2603,1.2603,1.2603,0,0
20111007,1.2603,1.2603,1.2603,1.2603,0,0
20111010,1.2603,1.2603,1.2603,1.2603,0,0
20111013,1.2118,1.2118,1.2118,1.2118,0,0
20111014,1.2118,1.2118,1.1246,1.1246,0,0
20111017,1.1246,1.1827,1.1246,1.1827,0,0
20111018,1.1827,1.1827,1.1052,1.1537,0,0
20111019,1.1537,1.1537,1.0664,1.144,0,0
20111020,1.144,1.144,1.0664,1.0664,0,0
20111021,1.0664,1.0664,1.0664,1.0664,0,0
20111024,1.0955,1.0955,1.0955,1.0955,0,0
20111025,1.0955,1.0955,0.9889,1.0373,0,0
20111026,1.047,1.047,1.047,1.047,0,0
20111027,0.9695,0.9695,0.9695,0.9695,0,0
20111031,0.9307,1.144,0.9307,0.9598,0,0
20111102,0.9985,0.9985,0.9985,0.9985,0,0
20111103,0.9598,0.9695,0.9598,0.9695,0,0
20111104,0.9598,0.9598,0.9016,0.9404,0,0
20111107,0.9695,0.9695,0.9695,0.9695,0,0
20111108,0.9889,0.9889,0.9889,0.9889,0,0
20111109,0.9889,0.9889,0.9889,0.9889,0,0
20111110,0.9889,0.9889,0.9889,0.9889,0,0
20111114,0.9695,0.9889,0.9695,0.9889,0,0
20111115,0.9889,0.9889,0.9889,0.9889,0,0
20111116,0.9889,0.9889,0.9889,0.9889,0,0
20111117,0.9889,0.9889,0.9889,0.9889,0,0
20111118,0.9889,0.9889,0.9889,0.9889,0,0
20111121,0.9598,0.9598,0.9598,0.9598,0,0
20111122,0.9598,0.9598,0.8822,0.9404,0,0
20111123,0.9404,0.9404,0.9404,0.9404,0,0
20111124,0.9404,0.9404,0.9404,0.9404,0,0
20111125,0.9404,0.9404,0.9404,0.9404,0,0
20111128,0.9404,0.9404,0.9404,0.9404,0,0
20111129,0.9404,0.9404,0.9404,0.9404,0,0
20111130,0.9404,0.9404,0.9404,0.9404,0,0
20111201,0.9404,0.9404,0.9404,0.9404,0,0
20111202,0.9404,0.9404,0.9404,0.9404,0,0
20111205,0.9404,0.9404,0.9404,0.9404,0,0
20111206,0.9307,0.9307,0.8531,0.8822,0,0
20111207,0.8822,0.8822,0.8822,0.8822,0,0
20111208,0.8822,0.8822,0.8822,0.8822,0,0
20111209,0.8822,0.8822,0.8822,0.8822,0,0
20111212,0.8822,0.8822,0.8822,0.8822,0,0
20111213,0.8822,0.8822,0.8822,0.8822,0,0
20111214,0.8047,0.8337,0.7659,0.8337,0,0
20111215,0.8337,0.8337,0.8337,0.8337,0,0
20111216,0.8337,0.8337,0.8337,0.8337,0,0
20111219,0.8337,0.8337,0.8337,0.8337,0,0
20111220,0.8337,0.8337,0.7659,0.8337,0,0
20111221,0.8337,0.8337,0.8337,0.8337,0,0
20111222,0.8337,0.8337,0.8337,0.8337,0,0
20111223,0.8337,0.8337,0.8337,0.8337,0,0
20111227,0.7659,0.8047,0.7465,0.7659,0,0
20111228,0.8047,0.8337,0.8047,0.8337,0,0
20111229,0.8337,0.8822,0.8337,0.8822,0,0
20111230,0.8822,0.9404,0.8822,0.9404,0,0
20120102,0.9695,0.9695,0.9695,0.9695,0,0
20120103,0.9695,0.9695,0.9695,0.9695,0,0
20120104,0.9695,0.9695,0.9695,0.9695,0,0
20120105,0.9695,0.9695,0.9695,0.9695,0,0
20120110,0.9695,0.9695,0.9695,0.9695,0,0
20120112,0.9695,0.9695,0.9695,0.9695,0,0
20120113,0.9695,0.9695,0.9695,0.9695,0,0
20120116,0.9695,0.9695,0.9695,0.9695,0,0
20120117,0.9695,0.9695,0.9016,0.9016,0,0
20120123,0.9695,0.9695,0.9695,0.9695,0,0
20120131,0.8531,0.8531,0.8531,0.8531,0,0
20120203,0.8531,0.8531,0.8531,0.8531,0,0
20120214,0.9016,0.9307,0.9016,0.9307,0,0
20120215,0.9307,0.9307,0.8919,0.8919,0,0
20120216,0.8434,0.8628,0.8434,0.8628,0,0
20120217,0.8628,0.8628,0.8628,0.8628,0,0
20120223,0.8434,0.8434,0.8434,0.8434,0,0
20120224,0.8337,0.8434,0.8337,0.8434,0,0
20120229,0.8047,0.8047,0.8047,0.8047,0,0
20120301,0.7562,0.7562,0.7562,0.7562,0,0
20120306,0.7271,0.7271,0.7271,0.7271,0,0
20120313,0.6883,0.6883,0.6592,0.6592,0,0
20120314,0.6495,0.6495,0.5914,0.5914,0,0
20120319,0.6011,0.6011,0.6011,0.6011,0,0
20120320,0.6592,0.6786,0.6495,0.6495,0,0
20120321,0.6495,0.6495,0.6495,0.6495,0,0
20120322,0.6205,0.6205,0.6205,0.6205,0,0
20120403,0.6495,0.6495,0.6495,0.6495,0,0
20120416,0.6592,0.7077,0.6592,0.7077,0,0
20120417,0.6495,0.6592,0.5914,0.6592,0,0
20120418,0.6495,0.6495,0.6302,0.6302,0,0
20120420,0.6302,0.6302,0.6302,0.6302,0,0
20120423,0.6302,0.6302,0.5914,0.5914,0,0
20120425,0.5914,0.5914,0.572,0.572,0,0
20120426,0.572,0.572,0.572,0.572,0,0
20120502,0.6302,0.6302,0.6205,0.6205,0,0
20120507,0.6495,0.6495,0.6495,0.6495,0,0
20120509,0.5914,0.5914,0.5914,0.5914,0,0
20120515,0.572,0.572,0.572,0.572,0,0
20120521,0.6011,0.6011,0.6011,0.6011,0,0
20120523,0.6011,0.6011,0.6011,0.6011,0,0
20120525,0.5914,0.5914,0.572,0.572,0,0
20120531,0.6011,0.7174,0.6011,0.7174,0,0
20120601,0.6302,0.6302,0.6108,0.6108,0,0
20120625,0.6011,0.6011,0.6011,0.6011,0,0
20120626,0.5914,0.5914,0.5914,0.5914,0,0
20120627,0.572,0.572,0.572,0.572,0,0
20120629,0.6302,0.6302,0.6302,0.6302,0,0
20120719,0.6302,0.6302,0.6302,0.6302,0,0
20120725,0.5429,0.6302,0.5429,0.6302,0,0
20120816,0.6302,0.6302,0.6302,0.6302,0,0
20120827,0.6108,0.6108,0.6011,0.6011,0,0
20120828,0.6205,0.6205,0.6205,0.6205,0,0
20120904,0.6011,0.6011,0.6011,0.6011,0,0
20120906,0.6011,0.6011,0.6011,0.6011,0,0
20120910,0.5041,0.5332,0.49443,0.5332,0,0
20120911,0.49443,0.5332,0.49443,0.5332,0,0
20120912,0.5332,0.5332,0.5332,0.5332,0,0
20120913,0.5332,0.6302,0.5332,0.6205,0,0
20120917,0.698,0.698,0.698,0.698,0,0
20120918,0.5623,0.5623,0.5623,0.5623,0,0
20120919,0.5429,0.5429,0.5429,0.5429,0,0
20120924,0.5429,0.5429,0.5429,0.5429,0,0
20120926,0.5429,0.5429,0.5429,0.5429,0,0
20121001,0.5623,0.5623,0.5623,0.5623,0,0
20121009,0.5041,0.5041,0.5041,0.5041,0,0
20121011,0.5429,0.5429,0.5429,0.5429,0,0
20121012,0.5429,0.5429,0.5429,0.5429,0,0
20121015,0.5429,0.5429,0.5429,0.5429,0,0
20121016,0.5235,0.5235,0.5235,0.5235,0,0
20121017,0.5332,0.6011,0.5332,0.6011,0,0
20121018,0.6302,0.6883,0.572,0.572,0,0
20121019,0.572,0.6883,0.572,0.6883,0,0
20121022,0.6689,0.6689,0.6689,0.6689,0,0
20121023,0.6689,0.6689,0.6689,0.6689,0,0
20121024,0.6689,0.6689,0.6689,0.6689,0,0
20121025,0.5914,0.5914,0.5623,0.5623,0,0
20121026,0.5623,0.5623,0.5623,0.5623,0,0
20121029,0.5623,0.5623,0.5623,0.5623,0,0
20121030,0.5623,0.5623,0.5623,0.5623,0,0
20121102,0.5623,0.6205,0.5623,0.6205,0,0
20121108,0.6205,0.6205,0.6205,0.6205,0,0
20121113,0.572,0.6205,0.572,0.5914,0,0
20121114,0.6205,0.6205,0.6205,0.6205,0,0
20121120,0.572,0.6302,0.572,0.6302,0,0
20121123,0.572,0.572,0.572,0.572,0,0
20121126,0.572,0.572,0.5526,0.5526,0,0
20121128,0.5526,0.5526,0.5526,0.5526,0,0
20121129,0.5526,0.5526,0.5526,0.5526,0,0
20121130,0.5526,0.5526,0.5526,0.5526,0,0
20121203,0.572,0.6108,0.572,0.6108,0,0
20121204,0.6108,0.7271,0.6108,0.7271,0,0
20121205,0.7271,0.7465,0.7271,0.7465,0,0
20121206,0.7465,0.7465,0.7077,0.7077,0,0
20121207,0.7077,0.7271,0.6786,0.6786,0,0
20121210,0.6689,0.6689,0.6689,0.6689,0,0
20121211,0.6883,0.6883,0.6883,0.6883,0,0
20121213,0.6883,0.6883,0.6883,0.6883,0,0
20121214,0.6689,0.6689,0.6495,0.6495,0,0
20121217,0.6398,0.6398,0.6398,0.6398,0,0
20121218,0.6398,0.6398,0.6398,0.6398,0,0
20121219,0.6398,0.6495,0.6398,0.6495,0,0
20121220,0.6495,0.6495,0.6495,0.6495,0,0
20121221,0.6495,0.6495,0.6398,0.6398,0,0
20130107,0.6205,0.6205,0.6205,0.6205,0,0
20130108,0.6205,0.6205,0.6205,0.6205,0,0
20130109,0.6205,0.6495,0.6205,0.6495,0,0
20130110,0.6398,0.6398,0.6398,0.6398,0,0
20130111,0.6398,0.6398,0.6398,0.6398,0,0
20130114,0.6205,0.6205,0.6205,0.6205,0,0
20130115,0.6205,0.6205,0.6205,0.6205,0,0
20130118,0.6689,0.6689,0.6689,0.6689,0,0
20130121,0.6786,0.6786,0.6786,0.6786,0,0
20130122,0.6786,0.6786,0.6786,0.6786,0,0
20130123,0.6786,0.6786,0.6786,0.6786,0,0
20130124,0.6786,0.6786,0.6495,0.6495,0,0
20130125,0.6786,0.6786,0.6786,0.6786,0,0
20130128,0.6786,0.6786,0.6786,0.6786,0,0
20130129,0.6786,0.6786,0.6495,0.6495,0,0
20130130,0.6495,0.6495,0.6495,0.6495,0,0
20130131,0.6495,0.6786,0.6495,0.6786,0,0
20130207,0.6883,0.7077,0.6883,0.7077,0,0
20130208,0.7077,0.7077,0.7077,0.7077,0,0
20130211,0.7077,0.7077,0.7077,0.7077,0,0
20130212,0.7077,0.7077,0.7077,0.7077,0,0
20130213,0.7077,0.7077,0.7077,0.7077,0,0
20130214,0.7077,0.7077,0.7077,0.7077,0,0
20130215,0.7077,0.7077,0.6786,0.6786,0,0
20130218,0.6786,0.7756,0.6786,0.7271,0,0
20130219,0.7562,0.7562,0.7562,0.7562,0,0
20130220,0.7756,0.7756,0.7562,0.7562,0,0
20130221,0.7271,0.7562,0.7077,0.7465,0,0
20130222,0.7465,0.7465,0.7174,0.7174,0,0
20130225,0.7174,0.7174,0.7174,0.7174,0,0
20130227,0.7465,0.7562,0.7465,0.7465,0,0
20130228,0.7465,0.7465,0.7174,0.7271,0,0
20130304,0.7174,0.7174,0.7174,0.7174,0,0
20130305,0.7077,0.7077,0.6689,0.6689,0,0
20130308,0.6883,0.6883,0.6883,0.6883,0,0
20130314,0.6398,0.6398,0.6398,0.6398,0,0
20130318,0.6205,0.6592,0.6205,0.6592,0,0
20130319,0.6398,0.6398,0.6398,0.6398,0,0
20130320,0.6205,0.6205,0.6205,0.6205,0,0
20130321,0.6398,0.6398,0.6398,0.6398,0,0
20130402,0.6495,0.6495,0.6495,0.6495,0,0
20130403,0.6495,0.6495,0.6495,0.6495,0,0
20130404,0.6495,0.6495,0.6495,0.6495,0,0
20130405,0.6495,0.6495,0.6495,0.6495,0,0
20130408,0.6495,0.6495,0.6495,0.6495,0,0
20130409,0.6495,0.6495,0.6495,0.6495,0,0
20130410,0.6495,0.6495,0.5817,0.5817,0,0
20130411,0.5817,0.5817,0.5817,0.5817,0,0
20130412,0.5817,0.5817,0.5817,0.5817,0,0
20130419,0.5914,0.5914,0.5914,0.5914,0,0
20130424,0.572,0.572,0.5429,0.5429,0,0
20130426,0.5429,0.5429,0.5429,0.5429,0,0
20130429,0.5429,0.5429,0.5429,0.5429,0,0
20130430,0.5429,0.5429,0.5429,0.5429,0,0
20130502,0.5429,0.6011,0.5429,0.5623,0,0
20130506,0.5623,0.5623,0.5623,0.5623,0,0
20130507,0.5623,0.6108,0.5623,0.6108,0,0
20130508,0.6205,0.6398,0.6205,0.6398,0,0
20130509,0.6108,0.6108,0.6011,0.6011,0,0
20130510,0.6011,0.6011,0.6011,0.6011,0,0
20130513,0.6011,0.6495,0.6011,0.6495,0,0
20130514,0.6495,0.6495,0.6495,0.6495,0,0
20130516,0.6108,0.7174,0.6108,0.6205,0,0
20130517,0.6205,0.6205,0.6205,0.6205,0,0
20130520,0.6205,0.6205,0.6205,0.6205,0,0
20130521,0.6205,0.6205,0.6205,0.6205,0,0
20130522,0.6205,0.6205,0.6205,0.6205,0,0
20130523,0.6205,0.6205,0.6205,0.6205,0,0
20130527,0.6205,0.6205,0.6205,0.6205,0,0
20130528,0.6205,0.6495,0.6205,0.6205,0,0
20130529,0.6205,0.6205,0.6205,0.6205,0,0
20130531,0.6205,0.6205,0.6205,0.6205,0,0
20130603,0.6205,0.6205,0.6205,0.6205,0,0
20130604,0.6205,0.6398,0.6205,0.6398,0,0
20130606,0.6592,0.7465,0.6592,0.7465,0,0
20130607,0.7465,0.7465,0.7465,0.7465,0,0
20130610,0.7562,0.7562,0.7562,0.7562,0,0
20130611,0.6786,0.6786,0.6786,0.6786,0,0
20130612,0.6786,0.6786,0.6786,0.6786,0,0
20130617,0.698,0.698,0.6398,0.6398,0,0
20130618,0.6689,0.7077,0.6689,0.7077,0,0
20130619,0.7368,0.7368,0.7368,0.7368,0,0
20130620,0.6689,0.6689,0.6689,0.6689,0,0
20130621,0.6398,0.6398,0.6398,0.6398,0,0
20130624,0.6398,0.6398,0.6398,0.6398,0,0
20130625,0.6302,0.6302,0.6205,0.6302,0,0
20130626,0.6302,0.6398,0.6302,0.6398,0,0
20130627,0.6398,0.6398,0.6398,0.6398,0,0
20130628,0.6398,0.6398,0.6398,0.6398,0,0
20130701,0.6398,0.6398,0.6398,0.6398,0,0
20130702,0.6398,0.6398,0.6398,0.6398,0,0
20130708,0.6398,0.7077,0.6398,0.7077,0,0
20130709,0.698,0.698,0.6786,0.6786,0,0
20130710,0.6786,0.6786,0.6398,0.6398,0,0
20130711,0.6398,0.6398,0.6398,0.6398,0,0
20130722,0.6689,0.6689,0.6689,0.6689,0,0
20130723,0.6786,0.6786,0.6786,0.6786,0,0
20130724,0.698,0.698,0.698,0.698,0,0
20130725,0.698,0.698,0.6689,0.6689,0,0
20130726,0.698,0.698,0.6592,0.6592,0,0
20130729,0.6205,0.6205,0.6205,0.6205,0,0
20130730,0.6205,0.6205,0.6205,0.6205,0,0
20130731,0.6205,0.6205,0.6205,0.6205,0,0
20130801,0.6205,0.6205,0.6205,0.6205,0,0
20130802,0.6205,0.6786,0.6205,0.6786,0,0
20130805,0.6689,0.6689,0.6689,0.6689,0,0
20130807,0.6786,0.6786,0.6786,0.6786,0,0
20130808,0.6786,0.795,0.6786,0.7368,0,0
20130809,0.7465,0.795,0.7465,0.795,0,0
20130812,0.8144,0.8144,0.7562,0.795,0,0
20130813,0.795,0.8144,0.7562,0.8144,0,0
20130814,0.8144,0.8144,0.8144,0.8144,0,0
20130816,0.824,0.824,0.824,0.824,0,0
20130819,0.824,0.8531,0.824,0.8531,0,0
20130820,0.8628,0.8628,0.795,0.795,0,0
20130821,0.8144,0.8144,0.8144,0.8144,0,0
20130822,0.795,0.795,0.7756,0.7756,0,0
20130823,0.7756,0.824,0.7368,0.7368,0,0
20130826,0.7465,0.7465,0.698,0.698,0,0
20130827,0.7077,0.795,0.7077,0.7174,0,0
20130828,0.7077,0.7077,0.6205,0.6689,0,0
20130829,0.6689,0.6689,0.6689,0.6689,0,0
20130830,0.6398,0.6786,0.6398,0.6786,0,0
20130902,0.6786,0.6786,0.6398,0.6786,0,0
20130903,0.6786,0.6786,0.6592,0.6592,0,0
20130905,0.6592,0.6592,0.6205,0.6205,0,0
20130906,0.6205,0.6205,0.6205,0.6205,0,0
20130909,0.6205,0.6205,0.6205,0.6205,0,0
20130910,0.6205,0.6205,0.5914,0.6011,0,0
20130911,0.6205,0.6205,0.6205,0.6205,0,0
20130912,0.6011,0.6011,0.5914,0.5914,0,0
20130913,0.6205,0.6302,0.6108,0.6108,0,0
20130916,0.6011,0.6011,0.6011,0.6011,0,0
20130917,0.6011,0.6011,0.5817,0.5817,0,0
20130918,0.5817,0.6205,0.5817,0.6205,0,0
20130919,0.6398,0.6495,0.6398,0.6495,0,0
20130920,0.6495,0.6495,0.6495,0.6495,0,0
20130923,0.572,0.6495,0.572,0.6495,0,0
20130924,0.6205,0.6205,0.6011,0.6011,0,0
20130925,0.6011,0.6011,0.5817,0.6011,0,0
20130926,0.6011,0.6011,0.5817,0.6011,0,0
20130927,0.5817,0.5817,0.5817,0.5817,0,0
20130930,0.5817,0.5817,0.5817,0.5817,0,0
20131001,0.6011,0.6108,0.6011,0.6108,0,0
20131003,0.6011,0.6011,0.6011,0.6011,0,0
20131004,0.6205,0.6398,0.6011,0.6011,0,0
20131007,0.6108,0.6205,0.6108,0.6205,0,0
20131008,0.6205,0.6592,0.6205,0.6592,0,0
20131009,0.6495,0.6495,0.6398,0.6398,0,0
20131010,0.6883,0.6883,0.6108,0.6883,0,0
20131011,0.6592,0.7077,0.6398,0.6398,0,0
20131014,0.6883,0.6883,0.6883,0.6883,0,0
20131015,0.698,0.7465,0.6592,0.7271,0,0
20131016,0.7271,0.7271,0.6883,0.698,0,0
20131017,0.7077,0.7465,0.698,0.698,0,0
20131018,0.698,0.7756,0.698,0.7756,0,0
20131021,0.7077,0.7077,0.6689,0.6689,0,0
20131022,0.6689,0.7077,0.6689,0.7077,0,0
20131023,0.7077,0.7077,0.7077,0.7077,0,0
20131024,0.6883,0.6883,0.5526,0.6592,0,0
20131025,0.6592,0.6883,0.6592,0.6883,0,0
20131028,0.6883,0.795,0.6883,0.698,0,0
20131029,0.698,0.8628,0.698,0.8628,0,0
20131030,0.8628,0.921,0.8337,0.921,0,0
20131031,0.9501,0.9501,0.9501,0.9501,0,0
20131104,0.8628,0.9695,0.8628,0.9695,0,0
20131105,0.9113,0.9889,0.9113,0.9695,0,0
20131106,0.9695,0.9889,0.9307,0.9889,0,0
20131107,0.9889,0.9889,0.8822,0.8822,0,0
20131108,0.8822,0.8822,0.8628,0.8628,0,0
20131112,0.8725,0.8725,0.8725,0.8725,0,0
20131113,0.8725,0.8725,0.8725,0.8725,0,0
20131114,0.8725,0.8725,0.8725,0.8725,0,0
20131115,0.8434,0.8434,0.8434,0.8434,0,0
20131118,0.8337,0.8337,0.8337,0.8337,0,0
20131119,0.824,0.824,0.8144,0.8144,0,0
20131120,0.795,0.795,0.795,0.795,0,0
20131121,0.8144,0.8144,0.8144,0.8144,0,0
20131122,0.8144,0.8144,0.8144,0.8144,0,0
20131125,0.7853,0.7853,0.7853,0.7853,0,0
20131126,0.7853,0.7853,0.7853,0.7853,0,0
20131127,0.7853,0.7853,0.7853,0.7853,0,0
20131128,0.7853,0.8434,0.7756,0.8434,0,0
20131129,0.8628,0.8628,0.8628,0.8628,0,0
20131202,0.8628,0.8628,0.795,0.795,0,0
20131203,0.8434,0.8434,0.7853,0.7853,0,0
20131204,0.7853,0.7853,0.7562,0.7562,0,0
20131205,0.7853,0.7853,0.7853,0.7853,0,0
20131206,0.7756,0.7756,0.6205,0.6495,0,0
20131209,0.6495,0.6883,0.6398,0.6883,0,0
20131210,0.6689,0.6689,0.6495,0.6495,0,0
20131211,0.6495,0.6689,0.6495,0.6689,0,0
20131213,0.6495,0.6495,0.6495,0.6495,0,0
20131216,0.6495,0.7271,0.6495,0.7271,0,0
20131217,0.7271,0.7271,0.7271,0.7271,0,0
20131218,0.7271,0.7271,0.7271,0.7271,0,0
20131223,0.698,0.698,0.6689,0.6883,0,0
20140102,0.7077,0.8434,0.7077,0.8434,0,0
20140103,0.8628,0.8628,0.795,0.795,0,0
20140107,0.824,0.8919,0.824,0.8337,0,0
20140108,0.8337,0.8337,0.8337,0.8337,0,0
20140110,0.8144,0.8144,0.8144,0.8144,0,0
20140113,0.8628,0.8628,0.8628,0.8628,0,0
20140114,0.8144,0.8144,0.795,0.795,0,0
20140115,0.795,0.795,0.795,0.795,0,0
20140116,0.795,0.795,0.795,0.795,0,0
20140117,0.795,0.795,0.795,0.795,0,0
20140120,0.795,0.795,0.795,0.795,0,0
20140121,0.8337,0.8337,0.8337,0.8337,0,0
20140122,0.8434,0.8434,0.8434,0.8434,0,0
20140123,0.8628,0.8919,0.8628,0.8919,0,0
20140124,0.8144,0.8144,0.8144,0.8144,0,0
20140127,0.8822,0.8822,0.8822,0.8822,0,0
20140128,0.8725,0.8725,0.8725,0.8725,0,0
20140130,0.8822,0.8822,0.8822,0.8822,0,0
20140131,0.8919,0.9113,0.8822,0.8822,0,0
20140203,0.8822,0.9695,0.8725,0.9695,0,0
20140204,0.9695,0.9985,0.8531,0.9985,0,0
20140205,0.8337,0.9113,0.8337,0.9113,0,0
20140206,0.9792,0.9792,0.9792,0.9792,0,0
20140207,1.0082,1.0082,1.0082,1.0082,0,0
20140210,1.0082,1.0082,1.0082,1.0082,0,0
20140211,0.9598,0.9598,0.9598,0.9598,0,0
20140213,0.9307,0.9307,0.9307,0.9307,0,0
20140214,0.9307,0.9985,0.9307,0.9985,0,0
20140217,1.0082,1.1149,0.9695,1.1149,0,0
20140218,1.1149,1.2603,1.1149,1.2603,0,0
20140219,1.1731,1.3185,1.1731,1.2215,0,0
20140220,1.2215,1.2215,1.2215,1.2215,0,0
20140221,1.2215,1.2215,1.2215,1.2215,0,0
20140224,1.2215,1.2215,1.1246,1.1246,0,0
20140225,1.1246,1.1731,1.1052,1.144,0,0
20140226,1.144,1.3088,1.144,1.1634,0,0
20140227,1.1731,1.396,1.1634,1.396,0,0
20140228,1.2506,1.4833,1.2506,1.27,0,0
20140303,1.27,1.27,1.1731,1.1924,0,0
20140304,1.2021,1.2506,1.1924,1.1924,0,0
20140305,1.3573,1.3573,1.2021,1.2021,0,0
20140306,1.2021,1.27,1.2021,1.27,0,0
20140307,1.3379,1.3379,1.3379,1.3379,0,0
20140310,1.3088,1.3185,1.27,1.3185,0,0
20140311,1.2894,1.2894,1.2894,1.2894,0,0
20140312,1.2991,1.2991,1.2021,1.2021,0,0
20140313,1.2118,1.2118,1.2118,1.2118,0,0
20140318,1.2118,1.27,1.2118,1.27,0,0
20140319,1.27,1.27,1.2021,1.2021,0,0
20140320,1.2118,1.27,1.2118,1.27,0,0
20140321,1.27,1.3379,1.27,1.3088,0,0
20140324,1.3379,1.3379,1.27,1.27,0,0
20140325,1.3185,1.3185,1.2506,1.2506,0,0
20140326,1.2215,1.2506,1.2215,1.2409,0,0
20140327,1.2409,1.2409,1.2215,1.2215,0,0
20140328,1.2215,1.2215,1.2215,1.2215,0,0
20140331,1.2409,1.2991,1.2215,1.2991,0,0
20140401,1.3185,1.3185,1.3185,1.3185,0,0
20140402,1.3088,1.3088,1.3088,1.3088,0,0
20140404,1.3185,1.3185,1.3185,1.3185,0,0
20140407,1.3185,1.3669,1.3185,1.3573,0,0
20140408,1.3573,1.3573,1.2118,1.2215,0,0
20140409,1.2215,1.3573,1.2215,1.2215,0,0
20140410,1.2409,1.2894,1.2409,1.2409,0,0
20140411,1.2409,1.2409,1.2215,1.2215,0,0
20140414,1.2409,1.2409,1.2409,1.2409,0,0
20140415,1.2409,1.2409,1.2409,1.2409,0,0
20140416,1.2409,1.2409,1.1731,1.1731,0,0
20140417,1.1731,1.1731,1.1731,1.1731,0,0
20140422,1.1731,1.2215,1.1731,1.2215,0,0
20140423,1.1731,1.1731,1.1731,1.1731,0,0
20140424,1.1924,1.2118,1.1924,1.2118,0,0
20140425,1.1827,1.1827,1.1827,1.1827,0,0
20140428,1.1924,1.1924,1.1924,1.1924,0,0
20140429,1.2215,1.2215,1.2215,1.2215,0,0
20140430,1.2991,1.2991,1.2991,1.2991,0,0
20140502,1.2991,1.2991,1.2991,1.2991,0,0
20140505,1.3766,1.3766,1.2506,1.2506,0,0
20140506,1.4154,1.4154,1.4154,1.4154,0,0
20140507,1.4154,1.4154,1.2409,1.3766,0,0
20140508,1.3766,1.3766,1.2312,1.2312,0,0
20140509,1.2409,1.2409,1.2409,1.2409,0,0
20140512,1.2506,1.3766,1.2506,1.3766,0,0
20140513,1.3766,1.3766,1.2506,1.2506,0,0
20140514,1.2409,1.2991,1.2409,1.2603,0,0
20140515,1.2312,1.2312,1.2312,1.2312,0,0
20140516,1.2312,1.2312,1.2312,1.2312,0,0
20140519,1.2312,1.2312,1.2312,1.2312,0,0
20140520,1.2409,1.3573,1.2409,1.3573,0,0
20140521,1.3573,1.3573,1.3573,1.3573,0,0
20140522,1.3573,1.3573,1.3573,1.3573,0,0
20140523,1.3573,1.3573,1.3573,1.3573,0,0
20140526,1.3573,1.3573,1.3573,1.3573,0,0
20140527,1.3573,1.3573,1.2797,1.2797,0,0
20140528,1.2797,1.2797,1.2797,1.2797,0,0
20140529,1.2797,1.3573,1.2797,1.3573,0,0
20140530,1.3573,1.3573,1.3573,1.3573,0,0
20140602,1.3573,1.3573,1.2894,1.2894,0,0
20140603,1.3669,1.396,1.3669,1.396,0,0
20140604,1.396,1.4833,1.396,1.4833,0,0
20140605,1.4833,1.4833,1.4833,1.4833,0,0
20140606,1.4251,1.4251,1.4251,1.4251,0,0
20140609,1.4348,1.4348,1.4348,1.4348,0,0
20140610,1.4348,1.4348,1.4348,1.4348,0,0
20140611,1.4251,1.4833,1.4251,1.4348,0,0
20140612,1.4348,1.4348,1.4057,1.4057,0,0
20140613,1.4348,1.4348,1.4348,1.4348,0,0
20140616,1.4348,1.4348,1.4348,1.4348,0,0
20140617,1.4348,1.4348,1.396,1.396,0,0
20140618,1.396,1.4057,1.396,1.4057,0,0
20140620,1.4057,1.4057,1.4057,1.4057,0,0
20140623,1.4057,1.4057,1.4057,1.4057,0,0
20140624,1.4057,1.4057,1.4057,1.4057,0,0
20140625,1.4445,1.4445,1.4445,1.4445,0,0
20140626,1.4445,1.4445,1.4445,1.4445,0,0
20140627,1.4445,1.4639,1.4445,1.4639,0,0
20140630,1.61,1.61,1.47,1.47,0,0
20140701,1.56,1.56,1.56,1.56,0,0
20140702,1.56,1.56,1.41,1.41,0,0
20140708,1.41,1.41,1.39,1.39,0,0
20140709,1.39,1.39,1.39,1.39,0,0
20140710,1.39,1.39,1.39,1.39,0,0
20140714,1.48,1.48,1.48,1.48,0,0
20140715,1.49,1.49,1.49,1.49,0,0
20140717,1.54,1.54,1.54,1.54,0,0
20140718,1.55,1.55,1.55,1.55,0,0
20140721,1.5,1.5,1.5,1.5,0,0
20140722,1.5,1.5,1.5,1.5,0,0
20140723,1.5,1.5,1.5,1.5,0,0
20140724,1.5,1.5,1.5,1.5,0,0
20140725,1.5,1.5,1.5,1.5,0,0
20140728,1.49,1.49,1.49,1.49,0,0
20140729,1.5,1.5,1.34,1.34,0,0
20140730,1.44,1.44,1.32,1.32,0,0
20140731,1.24,1.24,1.24,1.24,0,0
20140801,1.24,1.24,1.22,1.22,0,0
20140804,1.17,1.4,1.17,1.4,0,0
20140805,1.43,1.43,1.43,1.43,0,0
20140806,1.43,1.43,1.43,1.43,0,0
20140807,1.43,1.43,1.43,1.43,0,0
20140808,1.43,1.43,1.43,1.43,0,0
20140811,1.43,1.43,1.43,1.43,0,0
20140812,1.43,1.43,1.43,1.43,0,0
20140813,1.43,1.43,1.43,1.43,0,0
20140814,1.43,1.43,1.43,1.43,0,0
20140818,1.43,1.43,1.43,1.43,0,0
20140819,1.43,1.43,1.43,1.43,0,0
20140820,1.43,1.43,1.42,1.42,0,0
20140821,1.43,1.43,1.43,1.43,0,0
20140822,1.43,1.43,1.39,1.39,0,0
20140825,1.43,1.43,1.43,1.43,0,0
20140826,1.49,1.49,1.49,1.49,0,0
20140827,1.37,1.39,1.15,1.15,0,0
20140828,1.18,1.19,1.15,1.19,0,0
20140829,1.19,1.19,1.19,1.19,0,0
20140901,1.19,1.19,1.19,1.19,0,0
20140902,1.19,1.19,1.19,1.19,0,0
20140903,1.16,1.16,1.11,1.11,0,0
20140904,1.13,1.19,1.13,1.19,0,0
20140905,1.19,1.19,1.19,1.19,0,0
20140908,1.19,1.19,1.18,1.18,0,0
20140909,1.19,1.19,1.12,1.13,0,0
20140910,1.12,1.12,1.12,1.12,0,0
20140911,1.12,1.25,1.12,1.25,0,0
20140917,1.16,1.16,1.16,1.16,0,0
20140918,1.15,1.15,1.15,1.15,0,0
20140919,1.15,1.25,1.15,1.25,0,0
20140922,1.25,1.37,1.19,1.19,0,0
20140923,1.19,1.19,1.19,1.19,0,0
20140924,1.19,1.19,1.19,1.19,0,0
20140925,1.19,1.19,1.19,1.19,0,0
20140926,1.2,1.2,1.19,1.19,0,0
20141001,1.19,1.19,1.19,1.19,0,0
20141007,1.19,1.19,1.19,1.19,0,0
20141008,1.19,1.19,1.19,1.19,0,0
20141009,1.19,1.19,1.08,1.08,0,0
20141010,1.08,1.08,1.08,1.08,0,0
20141013,1.08,1.08,1.08,1.08,0,0
20141014,1.08,1.08,1.08,1.08,0,0
20141015,1.11,1.11,1.11,1.11,0,0
20141016,1.11,1.11,1.11,1.11,0,0
20141017,1.11,1.11,1.11,1.11,0,0
20141020,1.11,1.11,1.11,1.11,0,0
20141021,1.11,1.11,1.11,1.11,0,0
20141022,1.11,1.11,1.11,1.11,0,0
20141023,1.11,1.11,1.11,1.11,0,0
20141024,1.13,1.13,1.13,1.13,0,0
20141027,1.11,1.22,1.11,1.13,0,0
20141028,1.13,1.13,1.13,1.13,0,0
20141029,1.13,1.13,1.13,1.13,0,0
20141030,1.13,1.13,1.13,1.13,0,0
20141031,1.13,1.13,1.13,1.13,0,0
20141103,1.13,1.13,1.13,1.13,0,0
20141104,1.13,1.13,1.13,1.13,0,0
20141112,1.13,1.13,1.13,1.13,0,0
20141113,1.14,1.14,1.14,1.14,0,0
20141114,1.14,1.19,1.14,1.19,0,0
20141117,1.13,1.18,1.13,1.18,0,0
20141118,1.19,1.19,1.13,1.13,0,0
20141120,1.16,1.16,1.13,1.13,0,0
20141124,1.13,1.13,1.13,1.13,0,0
20141126,1.13,1.13,1.13,1.13,0,0
20141128,1.13,1.13,1.13,1.13,0,0
20141201,1.13,1.15,1.12,1.14,0,0
20141202,1.16,1.16,1.11,1.11,0,0
20141208,1.16,1.16,1.08,1.11,0,0
20141211,1.04,1.04,1.04,1.04,0,0
20141212,1.04,1.04,1.04,1.04,0,0
20141215,1.04,1.08,1.04,1.08,0,0
20141217,1.09,1.1,1.09,1.1,0,0
20141222,1.13,1.13,1.13,1.13,0,0
20141223,1.1,1.1,1.1,1.1,0,0
20141229,1.1,1.1,1.1,1.1,0,0
20141230,1.1,1.21,1.1,1.21,0,0
