Date,Open,High,Low,Close,Volume,OpenInt
20101110,26.926,26.926,26.926,26.926,0,0
20101112,26.066,26.668,26.066,26.668,0,0
20101115,26.41,26.926,11.786,11.786,0,0
20101116,11.699,11.699,11.184,11.184,0,0
20101117,11.441,13.592,11.012,12.388,0,0
20101118,12.388,12.99,11.613,11.872,0,0
20101119,11.872,11.872,11.098,11.699,0,0
20101122,11.958,12.216,11.958,12.216,0,0
20110216,18.754,18.754,18.754,18.754,0,0
20110217,18.582,19.27,18.582,18.754,0,0
20110218,19.098,19.098,18.238,18.238,0,0
20110221,18.582,19.786,18.582,19.614,0,0
20110222,19.786,19.959,18.582,19.786,0,0
20110223,19.786,19.786,19.442,19.442,0,0
20110224,19.614,20.646,19.614,19.959,0,0
20110225,19.442,20.474,19.442,19.959,0,0
20110228,20.651,20.651,19.614,19.614,0,0
20110301,19.614,19.614,19.27,19.27,0,0
20110302,18.754,19.27,18.754,19.27,0,0
20110303,18.926,19.959,18.926,19.959,0,0
20110304,19.27,19.27,19.098,19.098,0,0
20110307,19.098,19.786,18.238,18.238,0,0
20110308,18.238,18.238,18.238,18.238,0,0
20110309,18.582,18.582,18.41,18.41,0,0
20110310,18.41,18.41,18.066,18.238,0,0
20110311,18.41,18.582,17.721,17.721,0,0
20110314,17.721,18.066,17.721,18.066,0,0
20110315,17.721,18.066,17.549,17.894,0,0
20110316,17.894,18.066,17.894,17.894,0,0
20110317,17.893,19.438,17.893,19.096,0,0
20110318,19.442,19.442,19.442,19.442,0,0
20110321,19.614,19.614,18.582,18.582,0,0
20110322,18.582,18.582,18.066,18.066,0,0
20110323,18.066,18.754,16.775,18.238,0,0
20110324,18.066,18.582,17.549,18.582,0,0
20110328,18.066,20.045,18.066,19.442,0,0
20110329,18.582,18.582,18.582,18.582,0,0
20110330,19.442,19.442,19.098,19.098,0,0
20110331,19.272,19.272,18.929,19.096,0,0
20110401,19.442,21.593,19.442,20.732,0,0
20110404,20.732,20.732,20.302,20.302,0,0
20110405,20.302,20.302,19.959,19.959,0,0
20110406,20.474,21.765,18.582,18.926,0,0
20110407,19.27,19.27,18.582,18.754,0,0
20110408,18.582,19.098,18.238,18.582,0,0
20110411,18.926,18.926,18.926,18.926,0,0
20110412,18.926,18.926,17.721,18.41,0,0
20110413,18.582,20.217,18.41,20.131,0,0
20110414,19.959,20.991,19.614,20.732,0,0
20110415,20.732,20.732,19.442,19.442,0,0
20110418,19.27,19.27,18.41,18.754,0,0
20110419,18.41,19.098,18.41,19.098,0,0
20110420,19.27,19.27,18.926,18.926,0,0
20110421,18.926,20.732,18.41,19.27,0,0
20110426,19.27,19.27,19.098,19.27,0,0
20110427,18.926,18.926,18.41,18.41,0,0
20110428,18.41,18.754,18.41,18.754,0,0
20110429,18.577,18.929,18.577,18.929,0,0
20110502,18.582,19.442,18.582,19.442,0,0
20110504,19.786,19.786,18.41,18.41,0,0
20110505,18.41,18.926,18.41,18.926,0,0
20110506,18.41,18.41,18.41,18.41,0,0
20110509,18.41,19.098,18.41,19.098,0,0
20110510,19.27,19.27,17.721,18.582,0,0
20110511,19.27,19.27,17.721,18.754,0,0
20110512,18.754,18.754,18.238,18.238,0,0
20110513,18.582,18.582,18.582,18.582,0,0
20110516,17.894,17.894,17.377,17.377,0,0
20110517,17.377,17.721,17.377,17.377,0,0
20110518,17.377,17.377,17.377,17.377,0,0
20110519,17.377,17.377,17.377,17.377,0,0
20110520,17.208,17.374,17.208,17.374,0,0
20110523,17.206,18.238,17.206,18.238,0,0
20110524,17.894,17.894,16.861,17.206,0,0
20110525,17.206,17.721,17.206,17.549,0,0
20110526,17.721,17.721,17.377,17.377,0,0
20110527,17.374,17.55,17.374,17.55,0,0
20110530,17.549,18.41,17.377,18.238,0,0
20110531,18.411,18.411,18.411,18.411,0,0
20110601,18.41,18.41,17.721,17.721,0,0
20110602,18.066,18.066,18.066,18.066,0,0
20110603,17.55,17.893,17.55,17.893,0,0
20110606,17.377,17.894,16.517,16.517,0,0
20110607,16.513,17.032,16.347,17.032,0,0
20110608,17.374,19.096,17.374,18.235,0,0
20110609,18.069,18.069,18.069,18.069,0,0
20110610,18.929,18.929,18.069,18.069,0,0
20110613,18.411,19.096,17.208,17.208,0,0
20110614,17.374,17.374,17.374,17.374,0,0
20110615,17.55,17.55,17.374,17.374,0,0
20110616,17.208,17.374,17.032,17.374,0,0
20110620,16.865,16.865,16.865,16.865,0,0
20110621,16.689,17.893,16.689,16.865,0,0
20110622,18.27,18.27,18.095,18.095,0,0
20110624,17.743,17.743,17.392,17.392,0,0
20110628,17.567,17.567,16.865,17.04,0,0
20110629,16.865,16.865,16.513,16.513,0,0
20110630,16.865,17.04,16.865,17.04,0,0
20110705,16.513,16.513,16.337,16.337,0,0
20110706,16.337,16.337,16.074,16.074,0,0
20110707,16.425,16.513,16.425,16.513,0,0
20110711,16.337,16.337,15.899,15.899,0,0
20110712,16.074,16.074,15.196,15.548,0,0
20110713,15.548,16.513,15.548,16.513,0,0
20110714,16.337,16.689,16.337,16.689,0,0
20110715,16.337,16.689,16.337,16.689,0,0
20110718,15.986,16.162,15.811,16.074,0,0
20110719,15.548,16.074,15.548,16.074,0,0
20110720,16.074,16.865,16.074,16.865,0,0
20110721,15.986,16.162,15.986,16.074,0,0
20110722,16.074,16.074,14.845,15.548,0,0
20110725,14.845,15.021,14.318,15.021,0,0
20110726,15.021,15.021,14.669,14.669,0,0
20110727,14.669,14.669,14.318,14.669,0,0
20110728,14.142,15.021,14.142,15.021,0,0
20110729,14.493,14.845,14.493,14.845,0,0
20110802,14.318,14.845,14.318,14.845,0,0
20110803,15.021,15.021,14.318,14.318,0,0
20110804,13.615,13.615,12.209,13.615,0,0
20110808,11.858,12.033,10.98,12.033,0,0
20110809,10.98,12.033,10.98,11.682,0,0
20110810,11.506,12.033,11.506,12.033,0,0
20110811,12.209,12.209,12.209,12.209,0,0
20110812,12.209,12.385,12.209,12.385,0,0
20110816,11.858,12.209,11.858,12.209,0,0
20110818,11.858,11.858,10.629,10.629,0,0
20110819,10.453,11.506,10.453,11.419,0,0
20110822,11.419,11.419,11.419,11.419,0,0
20110825,11.419,11.419,11.419,11.419,0,0
20110826,10.717,10.717,10.453,10.453,0,0
20110829,10.453,11.156,10.453,11.156,0,0
20110830,11.506,11.506,11.419,11.419,0,0
20110831,11.419,11.419,11.419,11.419,0,0
20110901,11.419,11.419,11.419,11.419,0,0
20110902,11.419,11.419,11.419,11.419,0,0
20110905,11.419,11.419,11.068,11.156,0,0
20110906,11.506,11.506,9.926,10.629,0,0
20110908,10.102,10.629,9.926,9.926,0,0
20110909,9.926,9.926,9.574,9.574,0,0
20110913,9.3989,10.277,8.4324,10.277,0,0
20110914,9.926,9.926,9.926,9.926,0,0
20110915,9.926,9.926,9.926,9.926,0,0
20110916,10.102,10.102,10.102,10.102,0,0
20110920,10.102,10.102,10.102,10.102,0,0
20110921,10.102,10.102,10.102,10.102,0,0
20110922,9.223,9.223,9.135,9.135,0,0
20110923,9.3109,9.3109,8.4324,8.9594,0,0
20110926,8.2568,8.2568,8.2568,8.2568,0,0
20110927,7.9054,7.9054,7.9054,7.9054,0,0
20110928,8.0811,8.0811,8.0811,8.0811,0,0
20110929,8.0811,8.0811,8.0811,8.0811,0,0
20110930,7.9054,7.9054,7.9054,7.9054,0,0
20111003,7.9054,7.9054,7.9054,7.9054,0,0
20111004,7.9054,7.9054,7.7297,7.7297,0,0
20111006,7.9054,8.2568,7.9054,8.2568,0,0
20111007,8.2568,8.7838,8.2568,8.4324,0,0
20111010,8.2568,8.4324,8.2568,8.4324,0,0
20111011,8.2568,8.2568,8.2568,8.2568,0,0
20111012,8.4324,8.4324,8.4324,8.4324,0,0
20111013,8.6081,8.7838,8.6081,8.7838,0,0
20111014,8.6081,8.6081,8.2568,8.2568,0,0
20111019,8.6081,8.6081,8.0811,8.0811,0,0
20111020,8.2568,8.2568,8.2568,8.2568,0,0
20111021,8.2568,8.4324,8.2568,8.4324,0,0
20111024,8.2568,8.2568,8.2568,8.2568,0,0
20111025,8.2568,8.2568,8.2568,8.2568,0,0
20111026,8.2568,8.2568,8.2568,8.2568,0,0
20111027,8.4324,8.4324,8.4324,8.4324,0,0
20111102,8.2568,8.4324,8.2568,8.4324,0,0
20111103,8.0811,8.0811,8.0811,8.0811,0,0
20111104,8.2568,8.2568,8.2568,8.2568,0,0
20111108,8.0811,8.0811,8.0811,8.0811,0,0
20111109,8.4324,8.7838,8.4324,8.4324,0,0
20111110,8.2568,8.2568,8.2568,8.2568,0,0
20111114,8.2568,8.2568,8.2568,8.2568,0,0
20111115,8.2568,8.2568,8.2568,8.2568,0,0
20111116,8.2568,8.7838,8.2568,8.7838,0,0
20111117,8.7838,8.7838,8.7838,8.7838,0,0
20111121,8.6081,8.6081,8.4324,8.4324,0,0
20111122,8.4324,8.6081,7.3784,7.3784,0,0
20111123,7.2027,7.2027,7.2027,7.2027,0,0
20111125,7.2027,7.2027,6.9392,6.9392,0,0
20111128,6.9392,6.9392,6.9392,6.9392,0,0
20111129,6.9392,6.9392,6.9392,6.9392,0,0
20111130,7.2027,7.2027,7.2027,7.2027,0,0
20111201,7.3784,7.3784,7.3784,7.3784,0,0
20111202,7.2027,7.2027,6.7635,6.8514,0,0
20111205,6.8514,6.8514,6.8514,6.8514,0,0
20111206,6.8514,6.8514,6.8514,6.8514,0,0
20111208,6.6756,6.6756,6.6756,6.6756,0,0
20111209,6.6756,6.6756,6.6756,6.6756,0,0
20111212,6.8514,6.8514,6.8514,6.8514,0,0
20111214,6.6756,6.6756,6.6756,6.6756,0,0
20111215,6.6756,6.6756,6.6756,6.6756,0,0
20111216,6.6756,6.8514,6.6756,6.8514,0,0
20111219,6.6756,6.6756,6.6756,6.6756,0,0
20111220,6.6756,6.6756,6.5,6.5,0,0
20111221,6.6756,6.6756,6.6756,6.6756,0,0
20111222,6.6756,6.6756,6.0608,6.0608,0,0
20111223,6.3243,6.4122,6.3243,6.4122,0,0
20111227,6.1486,6.1486,5.7973,6.0608,0,0
20111228,6.0608,6.0608,6.0608,6.0608,0,0
20111229,6.0608,6.4122,6.0608,6.4122,0,0
20111230,6.5838,6.6784,6.5838,6.6784,0,0
20120103,6.8514,6.9392,6.8514,6.9392,0,0
20120104,6.6756,6.6756,6.3243,6.4122,0,0
20120111,6.5879,6.6756,6.5879,6.6756,0,0
20120117,6.6756,6.9392,6.6756,6.9392,0,0
20120118,6.9392,6.9392,6.9392,6.9392,0,0
20120119,7.1148,7.2027,7.1148,7.2027,0,0
20120120,7.3784,8.6081,7.3784,8.2568,0,0
20120123,8.4324,8.5202,8.4324,8.5202,0,0
20120124,8.696,8.696,7.1148,7.8176,0,0
20120125,7.6419,7.6419,7.6419,7.6419,0,0
20120126,7.6419,7.6419,7.6419,7.6419,0,0
20120127,7.6419,8.2568,7.6419,8.2568,0,0
20120130,8.2568,9.135,8.2568,9.135,0,0
20120131,8.9581,8.9581,8.9581,8.9581,0,0
20120201,9.135,9.135,7.9054,8.8716,0,0
20120202,8.8716,9.3109,8.8716,9.3109,0,0
20120203,9.3109,9.838,9.3109,9.838,0,0
20120206,9.838,9.838,9.838,9.838,0,0
20120207,9.574,9.574,9.223,9.3109,0,0
20120208,9.3109,9.3109,9.3109,9.3109,0,0
20120209,8.8716,8.8716,8.696,8.8716,0,0
20120210,9.047,9.4869,9.047,9.3989,0,0
20120213,9.3989,9.574,9.3989,9.3989,0,0
20120214,9.3989,9.3989,9.135,9.135,0,0
20120215,9.135,9.135,9.135,9.135,0,0
20120216,9.135,10.365,9.135,10.365,0,0
20120217,10.365,10.365,10.365,10.365,0,0
20120220,10.541,10.541,10.453,10.453,0,0
20120221,10.453,10.453,10.453,10.453,0,0
20120222,10.453,10.453,9.926,10.014,0,0
20120223,10.014,10.014,9.3109,9.3109,0,0
20120224,9.4869,9.4869,9.4869,9.4869,0,0
20120227,9.4869,9.4869,9.4869,9.4869,0,0
20120228,9.4869,9.4869,9.4869,9.4869,0,0
20120229,9.4869,9.4869,9.4869,9.4869,0,0
20120301,9.3109,9.3109,9.135,9.3109,0,0
20120302,9.3109,9.3109,9.3109,9.3109,0,0
20120312,8.9594,9.047,8.7838,9.047,0,0
20120313,9.047,9.047,9.047,9.047,0,0
20120314,9.047,9.047,8.696,8.696,0,0
20120315,8.696,8.696,8.696,8.696,0,0
20120316,8.696,8.696,8.696,8.696,0,0
20120319,8.696,8.696,8.696,8.696,0,0
20120320,8.5202,8.5202,8.5202,8.5202,0,0
20120321,8.5202,8.5202,8.5202,8.5202,0,0
20120322,8.5202,8.5202,7.9932,7.9932,0,0
20120323,8.1689,8.1689,8.1689,8.1689,0,0
20120326,8.1689,8.3446,8.1689,8.3446,0,0
20120327,8.1689,8.1689,8.1689,8.1689,0,0
20120328,8.1689,8.1689,8.1689,8.1689,0,0
20120329,8.1689,8.1689,8.1689,8.1689,0,0
20120330,8.173,8.173,8.173,8.173,0,0
20120403,7.9932,7.9932,7.9932,7.9932,0,0
20120404,7.9932,7.9932,7.3784,7.3784,0,0
20120405,7.3784,7.3784,7.3784,7.3784,0,0
20120410,7.3784,7.3784,7.2027,7.2027,0,0
20120411,7.2027,7.2027,7.2027,7.2027,0,0
20120412,7.2027,7.3784,7.2027,7.2027,0,0
20120413,7.3784,7.3784,7.3784,7.3784,0,0
20120416,7.3784,8.8716,7.3784,8.8716,0,0
20120417,8.696,8.8716,8.0811,8.5202,0,0
20120418,8.8716,8.8716,8.1689,8.5202,0,0
20120419,8.5202,8.5202,7.9054,8.1689,0,0
20120420,8.3446,8.3446,8.1689,8.1689,0,0
20120423,7.8176,7.8176,7.3784,7.3784,0,0
20120424,7.2027,7.7297,7.2027,7.7297,0,0
20120426,7.554,7.554,7.554,7.554,0,0
20120427,7.2027,7.2027,7.2027,7.2027,0,0
20120430,7.0284,7.0284,6.4986,6.5838,0,0
20120502,6.7635,6.9392,6.4122,6.4122,0,0
20120504,6.5879,6.7635,6.5879,6.7635,0,0
20120507,6.5879,6.5879,6.5879,6.5879,0,0
20120508,6.5879,6.5879,6.5879,6.5879,0,0
20120509,6.5879,6.9392,6.5879,6.8514,0,0
20120510,6.5,6.5879,6.5,6.5879,0,0
20120514,6.1486,6.1486,6.1486,6.1486,0,0
20120515,6.1486,6.5,6.1486,6.1486,0,0
20120516,6.1486,6.1486,5.973,5.973,0,0
20120517,5.7973,5.973,5.6217,5.7094,0,0
20120518,5.5338,5.8851,5.5338,5.7973,0,0
20120521,5.7973,5.7973,5.5338,5.5338,0,0
20120523,5.5338,5.5338,5.5338,5.5338,0,0
20120524,5.8851,6.5879,5.8851,6.5879,0,0
20120525,6.5879,6.5879,6.5879,6.5879,0,0
20120529,6.7635,6.9392,6.7635,6.9392,0,0
20120611,6.7635,6.7635,6.7635,6.7635,0,0
20120612,6.7635,6.7635,6.7635,6.7635,0,0
20120614,6.7635,6.7635,6.7635,6.7635,0,0
20120615,6.7635,6.7635,6.7635,6.7635,0,0
20120618,6.7635,6.7635,6.7635,6.7635,0,0
20120619,7.1148,7.1148,7.0271,7.0271,0,0
20120620,7.0271,7.0271,7.0271,7.0271,0,0
20120621,7.0271,7.2027,7.0271,7.0271,0,0
20120622,6.8486,6.9432,6.8486,6.9432,0,0
20120625,6.9392,6.9392,6.9392,6.9392,0,0
20120706,7.1135,7.1135,7.0284,7.0284,0,0
20120709,7.0284,7.1986,7.0284,7.1986,0,0
20120710,7.1986,7.1986,7.1986,7.1986,0,0
20120712,7.5676,7.7568,7.3784,7.473,0,0
20120717,7.2838,7.2838,7.2838,7.2838,0,0
20120723,7.0946,7.0946,7.0946,7.0946,0,0
20120724,7.0946,7.0946,7.0946,7.0946,0,0
20120725,7.0946,7.0946,7.0946,7.0946,0,0
20120727,7.2838,7.2838,7.2838,7.2838,0,0
20120730,7.2838,7.2838,7.2838,7.2838,0,0
20120731,7.0946,7.0946,7.0946,7.0946,0,0
20120801,7.0946,7.0946,7.0946,7.0946,0,0
20120802,7.0946,7.0946,6.7162,6.7162,0,0
20120803,7.0946,7.2838,7.0946,7.2838,0,0
20120806,7.2838,7.2838,7.0946,7.2838,0,0
20120807,7.2838,7.8514,7.2838,7.7568,0,0
20120808,7.7568,8.3243,7.7568,8.3243,0,0
20120813,7.9459,8.1351,7.9459,8.1351,0,0
20120814,7.9459,8.3243,7.9459,8.3243,0,0
20120816,7.9459,8.1351,7.9459,8.1351,0,0
20120817,7.9459,8.8919,7.9459,8.8919,0,0
20120820,8.5135,8.5135,8.5135,8.5135,0,0
20120821,8.1351,8.1351,8.1351,8.1351,0,0
20120822,8.3243,8.5135,8.3243,8.5135,0,0
20120823,8.5135,8.5135,8.1351,8.1351,0,0
20120824,8.1351,8.1351,8.1351,8.1351,0,0
20120827,8.3243,8.5135,8.3243,8.5135,0,0
20120828,8.7027,9.2703,8.7027,9.1757,0,0
20120829,9.1757,9.1757,9.1757,9.1757,0,0
20120830,9.1757,9.1757,9.1757,9.1757,0,0
20120831,9.1757,9.1757,8.7973,8.7973,0,0
20120903,8.7973,8.7973,8.7973,8.7973,0,0
20120904,8.7973,8.7973,8.7973,8.7973,0,0
20120905,8.7973,8.7973,8.7973,8.7973,0,0
20120906,8.7973,8.7973,8.7973,8.7973,0,0
20120907,8.7973,8.7973,8.7973,8.7973,0,0
20120910,8.9865,8.9865,8.9865,8.9865,0,0
20120911,8.9865,8.9865,8.9865,8.9865,0,0
20120912,9.1757,9.1757,8.9865,9.1757,0,0
20120913,8.6081,8.6081,8.6081,8.6081,0,0
20120914,8.9865,8.9865,8.9865,8.9865,0,0
20120917,8.9865,8.9865,8.9865,8.9865,0,0
20120918,8.9865,9.1757,8.9865,9.1757,0,0
20120919,9.1757,9.1757,9.1757,9.1757,0,0
20120924,9.1757,9.1757,9.1757,9.1757,0,0
20120925,9.1757,9.1757,9.1757,9.1757,0,0
20120927,9.1757,9.1757,9.1757,9.1757,0,0
20121001,9.3649,11.068,9.3649,11.068,0,0
20121002,10.878,10.878,10.878,10.878,0,0
20121003,10.878,10.878,10.311,10.311,0,0
20121004,10.122,10.122,9.932,9.932,0,0
20121005,10.311,10.311,10.311,10.311,0,0
20121008,10.311,10.311,10.311,10.311,0,0
20121009,10.311,10.311,10.311,10.311,0,0
20121010,10.311,10.311,10.311,10.311,0,0
20121016,10.311,10.311,10.311,10.311,0,0
20121022,10.122,10.122,10.122,10.122,0,0
20121023,10.122,10.122,10.122,10.122,0,0
20121024,10.122,10.122,10.122,10.122,0,0
20121025,10.122,10.122,10.122,10.122,0,0
20121026,10.122,10.122,10.122,10.122,0,0
20121029,10.122,10.122,10.122,10.122,0,0
20121030,10.122,10.122,10.122,10.122,0,0
20121031,10.122,10.122,10.122,10.122,0,0
20121102,10.122,10.122,10.122,10.122,0,0
20121105,10.122,10.122,10.122,10.122,0,0
20121106,10.122,10.122,10.122,10.122,0,0
20121107,10.122,10.122,10.122,10.122,0,0
20121108,10.122,10.122,10.122,10.122,0,0
20121109,10.122,10.122,10.122,10.122,0,0
20121112,10.122,10.122,10.122,10.122,0,0
20121113,10.122,10.122,10.122,10.122,0,0
20121115,10.122,10.122,10.122,10.122,0,0
20121116,10.122,10.122,10.122,10.122,0,0
20121119,9.743,9.743,9.554,9.554,0,0
20121120,9.932,10.689,9.932,10.689,0,0
20121121,10.878,10.878,10.878,10.878,0,0
20121122,10.878,10.878,10.878,10.878,0,0
20121123,10.878,10.878,10.311,10.311,0,0
20121126,10.311,17.878,10.311,17.878,0,0
20121127,17.878,17.878,17.595,17.595,0,0
20121128,17.595,17.595,17.595,17.595,0,0
20121129,17.595,17.595,17.595,17.595,0,0
20121130,17.878,17.878,17.878,17.878,0,0
20121203,17.595,17.595,17.595,17.595,0,0
20121204,17.595,17.595,17.595,17.595,0,0
20121205,17.595,17.595,17.595,17.595,0,0
20121206,17.595,17.595,16.649,17.595,0,0
20121207,16.932,17.595,15.986,17.595,0,0
20121210,17.216,17.595,16.27,16.27,0,0
20121211,16.27,16.649,13.716,16.649,0,0
20121212,15.041,15.041,14.378,14.378,0,0
20121213,14.378,14.378,14.378,14.378,0,0
20121214,13.716,13.716,13.716,13.716,0,0
20121217,13.716,13.716,12.77,13.432,0,0
20121218,12.77,13.716,12.77,13.054,0,0
20121220,13.054,13.054,13.054,13.054,0,0
20121227,13.054,13.054,13.054,13.054,0,0
20121228,13.054,13.054,13.054,13.054,0,0
20130102,14,15.041,14,15.041,0,0
20130103,15.324,15.986,15.324,15.608,0,0
20130104,15.608,15.608,15.608,15.608,0,0
20130107,15.608,15.608,14.662,14.662,0,0
20130108,14.662,14.662,14.378,14.378,0,0
20130109,14.095,14.095,14.095,14.095,0,0
20130110,14.095,14.095,14.095,14.095,0,0
20130111,14.473,14.473,13.716,13.716,0,0
20130114,13.716,13.716,12.77,12.77,0,0
20130115,12.77,13.054,12.486,13.054,0,0
20130116,12.77,12.77,12.77,12.77,0,0
20130117,12.486,12.486,12.486,12.486,0,0
20130118,12.486,12.486,12.486,12.486,0,0
20130121,12.865,12.865,12.77,12.77,0,0
20130122,12.77,12.77,12.77,12.77,0,0
20130123,13.149,13.149,12.77,12.77,0,0
20130124,13.149,13.149,13.054,13.054,0,0
20130125,13.054,13.054,13.054,13.054,0,0
20130128,13.054,13.054,13.054,13.054,0,0
20130129,13.054,13.054,13.054,13.054,0,0
20130130,13.054,13.054,13.054,13.054,0,0
20130131,13.054,13.054,13.054,13.054,0,0
20130201,13.054,13.054,13.054,13.054,0,0
20130204,13.054,13.054,13.054,13.054,0,0
20130206,12.77,13.716,12.77,13.716,0,0
20130211,13.338,13.338,13.054,13.054,0,0
20130212,12.77,12.77,12.392,12.486,0,0
20130213,12.486,12.486,12.486,12.486,0,0
20130214,12.486,12.486,12.486,12.486,0,0
20130215,12.486,12.486,12.486,12.486,0,0
20130218,12.486,12.486,12.486,12.486,0,0
20130219,12.486,12.486,12.486,12.486,0,0
20130220,12.486,12.486,12.486,12.486,0,0
20130221,12.486,12.486,12.486,12.486,0,0
20130222,13.149,14.662,13.149,14.662,0,0
20130225,14.284,14.284,14.284,14.284,0,0
20130226,14.662,14.662,14.662,14.662,0,0
20130227,14.662,14.662,14.662,14.662,0,0
20130228,14.662,14.662,14.662,14.662,0,0
20130301,13.905,13.905,13.905,13.905,0,0
20130304,13.527,13.622,13.527,13.622,0,0
20130308,13.243,14,13.243,13.905,0,0
20130311,14.662,14.662,14.662,14.662,0,0
20130312,14.662,14.662,14.662,14.662,0,0
20130313,14.662,14.662,14.662,14.662,0,0
20130314,14.662,14.662,14.662,14.662,0,0
20130315,14.662,14.662,14.662,14.662,0,0
20130318,14.662,14.662,14.662,14.662,0,0
20130319,14.284,14.284,14.284,14.284,0,0
20130320,13.527,13.622,13.527,13.622,0,0
20130321,13.622,13.622,13.622,13.622,0,0
20130322,13.622,13.622,13.622,13.622,0,0
20130328,13.905,13.905,13.905,13.905,0,0
20130404,13.527,13.622,12.865,13.622,0,0
20130405,13.243,13.243,13.243,13.243,0,0
20130408,13.622,13.622,13.622,13.622,0,0
20130409,13.243,13.243,13.243,13.243,0,0
20130417,14,14,14,14,0,0
20130418,14,14,13.905,13.905,0,0
20130422,13.905,13.905,13.243,13.243,0,0
20130423,13.243,13.243,13.243,13.243,0,0
20130424,13.243,13.243,12.865,12.865,0,0
20130425,13.527,13.622,13.527,13.622,0,0
20130507,13.243,13.243,13.243,13.243,0,0
20130508,12.865,12.865,11.446,12.865,0,0
20130509,12.865,14.284,12.865,14.284,0,0
20130510,12.865,12.865,12.865,12.865,0,0
20130513,13.243,13.243,13.243,13.243,0,0
20130514,13.243,14,13.243,13.905,0,0
20130515,14.284,14.284,14.284,14.284,0,0
20130516,13.905,13.905,13.905,13.905,0,0
20130517,13.905,13.905,13.905,13.905,0,0
20130520,13.905,13.905,13.905,13.905,0,0
20130521,13.905,13.905,13.905,13.905,0,0
20130522,13.905,13.905,13.905,13.905,0,0
20130523,13.905,13.905,13.905,13.905,0,0
20130524,13.905,13.905,13.905,13.905,0,0
20130527,13.527,13.905,13.527,13.905,0,0
20130528,13.905,13.905,13.905,13.905,0,0
20130529,13.905,13.905,13.905,13.905,0,0
20130603,10.5,10.5,10.5,10.5,0,0
20130604,10.5,10.5,10.5,10.5,0,0
20130605,10.5,10.5,10.027,10.027,0,0
20130606,10.595,10.595,10.5,10.5,0,0
20130607,10.784,10.784,10.784,10.784,0,0
20130610,10.784,11.257,10.784,11.257,0,0
20130613,10.784,10.784,10.784,10.784,0,0
20130624,10.5,10.5,9.743,9.743,0,0
20130625,9.743,9.743,9.743,9.743,0,0
20130626,9.743,9.743,9.743,9.743,0,0
20130627,9.743,9.743,9.743,9.743,0,0
20130628,9.743,9.743,9.743,9.743,0,0
20130702,9.4595,9.4595,9.4595,9.4595,0,0
20130703,9.743,9.743,9.743,9.743,0,0
20130704,9.743,9.743,9.743,9.743,0,0
20130705,9.743,9.743,9.743,9.743,0,0
20130708,9.743,9.743,9.743,9.743,0,0
20130709,9.743,9.743,9.743,9.743,0,0
20130710,9.743,9.743,9.743,9.743,0,0
20130711,9.743,9.743,9.743,9.743,0,0
20130712,9.743,9.743,9.743,9.743,0,0
20130715,9.743,10.311,9.743,10.216,0,0
20130716,9.649,10.027,9.1757,10.027,0,0
20130717,9.743,11.162,9.743,11.162,0,0
20130718,11.162,11.162,11.162,11.162,0,0
20130722,11.162,11.162,11.162,11.162,0,0
20130723,11.162,11.162,10.878,10.878,0,0
20130724,10.878,10.878,10.878,10.878,0,0
20130725,10.878,10.878,10.878,10.878,0,0
20130726,10.878,10.878,10.878,10.878,0,0
20130729,10.878,10.878,10.878,10.878,0,0
20130730,10.878,10.878,10.878,10.878,0,0
20130731,10.878,10.878,10.878,10.878,0,0
20130801,10.878,10.878,10.878,10.878,0,0
20130802,10.878,10.878,10.878,10.878,0,0
20130805,10.878,10.878,10.878,10.878,0,0
20130806,10.878,10.878,10.878,10.878,0,0
20130807,10.878,10.878,10.878,10.878,0,0
20130808,10.311,10.311,10.027,10.027,0,0
20130809,10.027,10.027,10.027,10.027,0,0
20130812,10.311,10.311,10.311,10.311,0,0
20130813,10.027,10.027,10.027,10.027,0,0
20130814,10.027,10.311,10.027,10.311,0,0
20130816,10.027,10.027,10.027,10.027,0,0
20130819,10.595,10.595,10.027,10.027,0,0
20130820,9.743,9.743,9.743,9.743,0,0
20130822,10.027,10.027,10.027,10.027,0,0
20130823,10.595,10.595,10.595,10.595,0,0
20130826,10.595,10.595,10.595,10.595,0,0
20130827,10.595,10.973,10.595,10.973,0,0
20130828,10.973,10.973,10.973,10.973,0,0
20130829,10.689,10.973,10.689,10.973,0,0
20130830,10.973,10.973,10.973,10.973,0,0
20130902,10.973,10.973,10.973,10.973,0,0
20130903,10.973,10.973,10.973,10.973,0,0
20130904,10.973,11.257,10.973,11.257,0,0
20130906,10.405,10.405,10.405,10.405,0,0
20130909,10.405,10.973,10.405,10.973,0,0
20130911,11.257,11.824,11.257,11.824,0,0
20130912,11.824,11.824,11.257,11.257,0,0
20130913,11.257,11.257,11.257,11.257,0,0
20130916,10.973,10.973,10.973,10.973,0,0
20130917,11.541,11.824,11.541,11.824,0,0
20130918,11.541,11.541,11.541,11.541,0,0
20130919,11.541,11.541,11.541,11.541,0,0
20130920,11.824,11.824,11.257,11.257,0,0
20130923,11.257,11.257,11.257,11.257,0,0
20130924,11.257,11.257,11.257,11.257,0,0
20130926,11.257,11.257,11.257,11.257,0,0
20130927,10.973,11.257,10.973,11.257,0,0
20130930,10.973,10.973,10.973,10.973,0,0
20131001,10.973,10.973,10.973,10.973,0,0
20131002,10.973,10.973,10.973,10.973,0,0
20131003,10.973,10.973,10.973,10.973,0,0
20131004,10.973,10.973,10.973,10.973,0,0
20131007,10.973,10.973,10.973,10.973,0,0
20131008,10.973,10.973,10.973,10.973,0,0
20131009,10.973,10.973,10.973,10.973,0,0
20131010,10.973,10.973,10.973,10.973,0,0
20131011,10.973,10.973,10.973,10.973,0,0
20131015,10.973,10.973,10.973,10.973,0,0
20131018,10.973,11.257,10.973,11.257,0,0
20131021,10.973,11.257,10.973,10.973,0,0
20131022,10.973,11.257,10.973,11.257,0,0
20131023,11.257,11.541,11.257,11.257,0,0
20131024,11.541,11.541,11.541,11.541,0,0
20131028,11.824,11.824,11.824,11.824,0,0
20131029,11.824,12.108,11.541,12.108,0,0
20131030,11.541,11.541,11.541,11.541,0,0
20131104,11.541,11.541,11.541,11.541,0,0
20131105,11.541,12.108,11.541,12.108,0,0
20131106,12.392,12.486,12.392,12.486,0,0
20131107,12.486,12.486,12.486,12.486,0,0
20131108,13.054,13.716,13.054,13.622,0,0
20131112,13.622,13.622,13.622,13.622,0,0
20131113,13.622,13.622,12.77,13.622,0,0
20131114,13.622,13.622,13.054,13.054,0,0
20131115,13.622,13.622,13.338,13.338,0,0
20131118,13.338,13.338,13.338,13.338,0,0
20131119,13.622,13.622,13.054,13.054,0,0
20131120,13.338,13.338,13.338,13.338,0,0
20131121,13.338,13.338,13.338,13.338,0,0
20131122,13.338,13.338,12.77,12.77,0,0
20131125,13.338,13.338,13.338,13.338,0,0
20131126,13.338,13.338,13.338,13.338,0,0
20131127,13.338,13.338,13.338,13.338,0,0
20131128,12.77,13.338,12.77,13.338,0,0
20131129,13.338,13.338,13.338,13.338,0,0
20131203,13.338,13.338,13.338,13.338,0,0
20131204,13.338,13.338,13.338,13.338,0,0
20131205,13.338,13.338,13.338,13.338,0,0
20131209,13.338,13.338,13.338,13.338,0,0
20131210,13.338,13.338,13.338,13.338,0,0
20131212,13.338,13.338,13.338,13.338,0,0
20131213,13.054,13.054,13.054,13.054,0,0
20131216,13.054,13.054,13.054,13.054,0,0
20131217,12.77,12.77,12.77,12.77,0,0
20131218,13.054,13.054,13.054,13.054,0,0
20131219,13.054,13.054,13.054,13.054,0,0
20131220,13.054,13.054,12.77,12.77,0,0
20131223,12.77,13.338,12.77,13.338,0,0
20131227,13.338,13.338,13.338,13.338,0,0
20131230,13.622,13.622,13.622,13.622,0,0
20140102,13.622,13.622,13.622,13.622,0,0
20140103,13.622,13.622,13.622,13.622,0,0
20140107,13.622,13.622,13.054,13.054,0,0
20140108,12.77,12.77,12.77,12.77,0,0
20140109,12.77,12.77,12.486,12.486,0,0
20140110,12.486,12.77,12.486,12.486,0,0
20140113,12.486,12.486,12.486,12.486,0,0
20140114,12.486,12.486,12.486,12.486,0,0
20140115,12.486,12.486,12.486,12.486,0,0
20140116,12.486,12.486,12.108,12.108,0,0
20140122,12.676,12.77,12.676,12.77,0,0
20140129,12.486,12.77,11.824,11.824,0,0
20140130,11.824,11.824,11.824,11.824,0,0
20140131,11.824,11.824,10.216,10.216,0,0
20140203,10.216,10.216,9.4595,9.932,0,0
20140204,9.932,9.932,9.649,9.649,0,0
20140205,9.649,9.649,9.649,9.649,0,0
20140206,9.932,10.405,9.932,10.405,0,0
20140207,10.122,10.216,10.122,10.216,0,0
20140210,10.216,10.216,10.216,10.216,0,0
20140211,10.216,10.216,10.216,10.216,0,0
20140212,10.216,10.216,10.216,10.216,0,0
20140213,10.216,10.216,10.216,10.216,0,0
20140217,10.5,10.5,10.405,10.405,0,0
20140218,9.932,12.581,9.932,12.581,0,0
20140219,12.581,12.581,11.257,12.581,0,0
20140220,12.581,12.581,12.581,12.581,0,0
20140221,12.581,12.581,12.581,12.581,0,0
20140224,12.581,12.581,12.297,12.297,0,0
20140225,12.297,12.297,12.297,12.297,0,0
20140226,12.676,12.676,12.581,12.581,0,0
20140228,12.581,12.581,11.919,11.919,0,0
20140303,11.541,11.635,11.541,11.635,0,0
20140304,11.919,11.919,11.919,11.919,0,0
20140305,11.919,11.919,11.919,11.919,0,0
20140306,11.919,11.919,11.919,11.919,0,0
20140307,11.919,11.919,11.919,11.919,0,0
20140310,11.919,11.919,11.919,11.919,0,0
20140311,11.541,11.919,11.541,11.919,0,0
20140312,11.919,11.919,11.919,11.919,0,0
20140313,11.919,11.919,11.919,11.919,0,0
20140314,11.541,11.635,11.541,11.635,0,0
20140318,11.635,11.635,11.635,11.635,0,0
20140319,11.635,11.635,11.635,11.635,0,0
20140320,11.635,11.635,11.635,11.635,0,0
20140321,11.635,11.919,11.635,11.919,0,0
20140324,11.541,11.635,11.541,11.635,0,0
20140325,11.257,11.257,11.257,11.257,0,0
20140326,11.257,11.257,11.257,11.257,0,0
20140327,11.257,11.257,11.257,11.257,0,0
20140328,11.257,11.257,11.257,11.257,0,0
20140331,11.257,11.257,11.257,11.257,0,0
20140401,11.257,11.541,11.257,11.257,0,0
20140402,10.973,10.973,10.878,10.878,0,0
20140403,10.878,10.878,10.878,10.878,0,0
20140408,10.878,10.878,10.878,10.878,0,0
20140410,11.162,11.257,11.162,11.257,0,0
20140411,11.541,11.541,11.541,11.541,0,0
20140414,11.541,11.541,11.541,11.541,0,0
20140415,11.541,11.541,11.541,11.541,0,0
20140416,11.541,11.541,11.541,11.541,0,0
20140417,11.541,11.541,11.541,11.541,0,0
20140422,12.203,12.203,12.203,12.203,0,0
20140423,12.203,12.203,12.203,12.203,0,0
20140424,12.203,12.203,12.203,12.203,0,0
20140425,12.203,12.203,12.203,12.203,0,0
20140428,12.203,12.203,12.203,12.203,0,0
20140429,11.919,11.919,11.824,11.824,0,0
20140430,11.824,11.824,11.824,11.824,0,0
20140502,11.824,11.824,11.824,11.824,0,0
20140505,11.824,11.824,11.824,11.824,0,0
20140506,11.824,11.824,11.541,11.541,0,0
20140507,11.541,11.541,11.541,11.541,0,0
20140508,11.541,11.541,11.541,11.541,0,0
20140509,11.541,11.541,11.541,11.541,0,0
20140512,11.541,11.541,11.541,11.541,0,0
20140513,11.541,11.541,11.541,11.541,0,0
20140514,11.541,11.541,11.541,11.541,0,0
20140515,11.541,11.541,11.541,11.541,0,0
20140516,11.541,11.541,11.541,11.541,0,0
20140521,11.257,11.257,11.257,11.257,0,0
20140522,11.541,11.824,11.541,11.541,0,0
20140526,11.541,11.541,10.878,10.878,0,0
20140527,11.824,11.824,11.541,11.541,0,0
20140528,10.2,10.2,10.2,10.2,0,0
20140530,11.5,11.5,11.5,11.5,0,0
20140602,11.5,11.5,11.5,11.5,0,0
20140603,11.5,11.5,11.5,11.5,0,0
20140605,11.5,11.5,11.5,11.5,0,0
20140606,11.5,11.5,11.5,11.5,0,0
20140609,11.5,11.5,11.5,11.5,0,0
20140610,11.5,11.5,11.5,11.5,0,0
20140611,11.5,11.5,11.5,11.5,0,0
20140612,11.5,11.5,11.5,11.5,0,0
20140613,11.5,11.5,11.5,11.5,0,0
20140616,11.5,11.5,11.5,11.5,0,0
20140617,11.5,13.8,11.5,13.8,0,0
20140618,13.8,13.8,13.8,13.8,0,0
20140620,13.8,13.8,13.8,13.8,0,0
20140623,14.2,14.2,14.2,14.2,0,0
20140624,14.2,14.2,14.2,14.2,0,0
20140625,14.2,14.2,14.2,14.2,0,0
20140626,14.2,14.2,13.8,13.8,0,0
20140627,14.2,14.2,14.2,14.2,0,0
20140630,14.2,14.2,14.2,14.2,0,0
20140701,14.2,14.2,14.2,14.2,0,0
20140711,14.6,14.6,14.6,14.6,0,0
20140714,14.6,15,14.6,15,0,0
20140715,15,15.8,15,15.8,0,0
20140716,16.2,16.2,15.8,16.2,0,0
20140717,15.8,15.8,15.8,15.8,0,0
20140718,16.2,16.2,16.2,16.2,0,0
20140722,16.2,16.2,16.2,16.2,0,0
20140804,16.2,16.2,16.2,16.2,0,0
20140805,16.2,16.2,16.2,16.2,0,0
20140806,16.2,16.2,15.8,15.8,0,0
20140807,15.8,15.8,15.8,15.8,0,0
20140808,15.8,15.8,15.8,15.8,0,0
20140811,16.2,16.2,16.2,16.2,0,0
20140812,16.2,16.2,16.2,16.2,0,0
20140813,16.2,16.2,16.2,16.2,0,0
20140814,16.2,16.2,16.2,16.2,0,0
20140818,15.4,15.4,14.6,14.6,0,0
20140825,17.5,17.6,17.5,17.6,0,0
20140826,16.7,17.2,16.2,16.2,0,0
20140827,16.2,16.2,16.2,16.2,0,0
20140828,16.2,16.2,16.2,16.2,0,0
20140829,16.2,16.2,16.2,16.2,0,0
20140902,16.2,16.2,16.2,16.2,0,0
20140903,16.2,16.2,16.2,16.2,0,0
20140904,16.2,16.2,16.2,16.2,0,0
20140905,16.2,16.2,16.2,16.2,0,0
20140909,16.2,16.2,16.2,16.2,0,0
20140910,16.7,17.5,16.2,16.2,0,0
20140911,16.7,16.7,16.7,16.7,0,0
20140912,16.7,16.7,16.7,16.7,0,0
20140915,16.2,16.2,16.2,16.2,0,0
20140916,16.2,16.2,16.2,16.2,0,0
20140917,16.2,16.2,16.2,16.2,0,0
20140918,16.2,16.2,16.2,16.2,0,0
20140919,16.2,16.2,16.2,16.2,0,0
20140922,16.2,16.2,16.2,16.2,0,0
20140923,16.7,16.7,16.2,16.2,0,0
20140925,16.2,16.2,16.2,16.2,0,0
20140926,16.2,16.2,16.2,16.2,0,0
20140929,16.2,16.2,16.2,16.2,0,0
20140930,16.2,16.2,16.2,16.2,0,0
20141002,16.2,16.2,16.2,16.2,0,0
20141003,16.2,16.2,16.2,16.2,0,0
20141006,16.2,16.2,16.2,16.2,0,0
20141007,16.2,16.2,16.2,16.2,0,0
20141008,16.2,16.2,16.2,16.2,0,0
20141009,16.7,16.7,16.7,16.7,0,0
20141010,17.1,17.1,17.1,17.1,0,0
20141013,16.2,16.2,16.2,16.2,0,0
20141014,16.2,16.2,16.2,16.2,0,0
20141015,16.2,16.2,16.2,16.2,0,0
20141016,16.2,16.2,16.2,16.2,0,0
20141020,16.2,16.2,16.2,16.2,0,0
20141021,16.2,16.2,16.2,16.2,0,0
20141022,15.8,15.8,15.8,15.8,0,0
20141023,15.8,15.8,15.8,15.8,0,0
20141024,15.8,15.8,15.8,15.8,0,0
20141028,15.8,15.8,15.8,15.8,0,0
20141029,15.8,15.8,15.8,15.8,0,0
20141030,15.8,15.8,15.8,15.8,0,0
20141031,15.8,15.8,15.8,15.8,0,0
20141103,15.8,15.8,15.8,15.8,0,0
20141104,15.8,15.8,15.8,15.8,0,0
20141105,15.8,15.8,15.8,15.8,0,0
20141106,15.8,15.8,15.8,15.8,0,0
20141112,16.2,16.2,16.2,16.2,0,0
20141113,16.2,16.2,16.2,16.2,0,0
20141114,16.2,16.2,16.2,16.2,0,0
20141117,16.2,16.2,16.2,16.2,0,0
20141118,15.4,15.4,14.5,14.5,0,0
20141119,14.5,14.5,14.5,14.5,0,0
20141120,14.5,14.5,14.5,14.5,0,0
20141121,14.5,14.5,14.5,14.5,0,0
20141125,14.5,14.5,14.5,14.5,0,0
20141126,14.5,14.5,14.5,14.5,0,0
20141127,14.5,14.5,14.5,14.5,0,0
20141128,14.9,14.9,14.9,14.9,0,0
20141202,14,14,13.2,13.6,0,0
20141203,13.6,13.6,13.6,13.6,0,0
20141204,13.2,14.1,13.2,14.1,0,0
20141205,14.1,14.1,14.1,14.1,0,0
20141210,14.1,19,14.1,19,0,0
20141211,19,19,19,19,0,0
20141212,19,19,19,19,0,0
20141215,19,19,19,19,0,0
20141216,19,19,19,19,0,0
20141217,16.7,16.7,16.6,16.6,0,0
20141218,17.8,17.8,17.8,17.8,0,0
20141219,18.3,18.4,18.3,18.4,0,0
20141222,18.5,18.5,18.4,18.4,0,0
20141223,17.3,18.5,17.3,18.4,0,0
20141229,18.5,18.5,18.4,18.4,0,0
