Date,Open,High,Low,Close,Volume,OpenInt
20110216,60,60,60,60,0,0
20110217,60.8,69.6,59.6,61.5,0,0
20110218,61.6,63.9,61.6,63.2,0,0
20110221,64.3,65.5,63.2,63.8,0,0
20110222,64.3,64.4,64.3,64.4,0,0
20110223,63.2,63.8,61.4,63.8,0,0
20110224,61.4,62,60.5,61.8,0,0
20110225,60.6,60.6,60.6,60.6,0,0
20110301,63.2,64,62,62.1,0,0
20110302,59.8,59.8,59.4,59.4,0,0
20110304,58.8,58.8,58.5,58.6,0,0
20110307,57.5,57.5,57.4,57.4,0,0
20110308,58.7,58.7,58.6,58.6,0,0
20110309,57.2,57.2,57.1,57.1,0,0
20110310,57,57.1,57,57.1,0,0
20110311,57,57,53.8,53.9,0,0
20110315,53.7,54,53.7,53.9,0,0
20110316,55.7,55.7,55.6,55.6,0,0
20110318,57,57.1,57,57.1,0,0
20110321,58.5,58.6,58.5,58.6,0,0
20110322,54.8,58.4,54.8,58.3,0,0
20110323,56.6,58.4,55.3,55.3,0,0
20110324,54.7,56.8,53.5,56.8,0,0
20110325,56.7,56.8,56.7,56.8,0,0
20110328,55.6,59.4,54.7,59.4,0,0
20110330,56.1,56.1,55.6,55.6,0,0
20110331,55.6,58.6,55.6,58.6,0,0
20110405,59.5,61,59.5,60.9,0,0
20110406,59.6,59.7,59.6,59.7,0,0
20110407,59.1,60.5,58.5,58.8,0,0
20110408,57,62.9,57,62.9,0,0
20110411,61.7,68.7,61.7,68.2,0,0
20110412,68.1,75.4,66.1,74.7,0,0
20110413,74.8,76,72.4,73.2,0,0
20110414,72.9,75.5,70.3,75.5,0,0
20110415,71.9,75.5,71.9,75.5,0,0
20110418,73.1,75.1,73.1,74.4,0,0
20110419,73.9,78.6,73.9,78.5,0,0
20110420,78.6,84.5,78.6,82,0,0
20110421,82.1,90.3,79.2,83.4,0,0
20110426,90.5,93.7,81.6,93.7,0,0
20110427,90.6,90.6,82.7,83.7,0,0
20110428,75.5,86.5,75.5,79.3,0,0
20110429,81.9,87.1,80.7,83.4,0,0
20110502,86.5,90.8,84.8,90.8,0,0
20110504,85.3,90.6,82.4,82.9,0,0
20110505,90.6,90.6,82.7,82.9,0,0
20110506,87.7,87.7,76.5,76.7,0,0
20110509,83.3,83.3,73.1,82,0,0
20110510,82.1,86.5,79.6,79.6,0,0
20110511,83.3,87.4,79.8,79.9,0,0
20110512,86.5,86.7,80.4,86.7,0,0
20110513,80.6,86.2,80.4,86.1,0,0
20110516,79.8,80.4,77.7,80.2,0,0
20110517,81.8,87,76.1,76.1,0,0
20110518,81,81,71.6,76.7,0,0
20110519,75.7,75.8,75.7,75.8,0,0
20110520,75.4,130.5,75.4,130.5,0,0
20110523,121.2,124.9,118.7,124.9,0,0
20110524,116.7,123.9,116.7,123.9,0,0
20110525,124.7,124.9,124.7,124.9,0,0
20110526,118.7,122.4,118.7,122.4,0,0
20110527,121.2,121.4,121.2,121.4,0,0
20110530,116.7,120.4,116.7,120.4,0,0
20110531,120.2,143.9,120.2,136,0,0
20110601,135.9,138.9,121.4,121.4,0,0
20110602,137.4,137.4,118.8,118.8,0,0
20110603,125.8,125.8,114.1,119.3,0,0
20110606,121.2,121.2,111.6,120.4,0,0
20110607,113.6,119.7,111.1,117.3,0,0
20110608,111.1,118.2,111.1,113.2,0,0
20110609,112.1,116.9,108.7,108.8,0,0
20110610,116.9,128,116.9,127.2,0,0
20110613,121.7,127.2,121.7,127.2,0,0
20110614,116.4,126.2,116.4,126.2,0,0
20110615,125.6,125.8,125.6,125.8,0,0
20110616,125.6,125.6,115.9,123.3,0,0
20110617,114,123.2,111.1,117.1,0,0
20110620,108.7,111.1,108.7,108.8,0,0
20110621,108.7,108.7,103.9,104,0,0
20110622,101.4,113.5,99.5,108.8,0,0
20110624,108.7,117.9,104.5,104.5,0,0
20110627,115.9,116.1,104.3,116.1,0,0
20110701,104.3,112.1,99.6,99.6,0,0
20110704,112.1,112.2,112.1,112.2,0,0
20110705,112.1,114.6,112.1,114.6,0,0
20110706,114.5,114.6,106.3,114.6,0,0
20110708,107.2,111.1,96.6,106.4,0,0
20110711,108.2,112.7,108.2,112.7,0,0
20110712,104.3,112.7,104.3,112.7,0,0
20110713,111.6,112.7,106.3,112.7,0,0
20110714,106.8,110.3,106.8,110.3,0,0
20110715,104.3,111.3,104.3,111.3,0,0
20110718,102.4,108.7,96.6,96.7,0,0
20110719,101.4,104,101.4,104,0,0
20110720,101.4,102.9,93.7,94.3,0,0
20110721,102.9,102.9,94.2,94.3,0,0
20110722,102.9,103,96.6,103,0,0
20110725,96.6,96.6,96.1,96.3,0,0
20110726,91.8,91.9,91.8,91.9,0,0
20110727,96.1,96.3,96.1,96.3,0,0
20110728,99,99.2,93.2,99.2,0,0
20110729,91.9,91.9,91.9,91.9,0,0
20110801,99,99.2,91.8,99.2,0,0
20110802,98.6,98.7,89.4,98.7,0,0
20110803,88.9,98.1,84.5,88,0,0
20110804,95.7,98.7,95.7,98.7,0,0
20110805,85.5,91.8,82.1,86.6,0,0
20110809,82.1,98.7,82.1,98.7,0,0
20110810,83.6,91.9,83.6,91.9,0,0
20110817,188.9,202.5,188.9,202.5,0,0
20110818,188.9,189.1,188.9,189.1,0,0
20110819,180,196.9,180,196.9,0,0
20110823,196.7,203.6,196.7,203.6,0,0
20110824,194.4,216.9,194.4,216.9,0,0
20110825,216.7,216.9,216.7,216.9,0,0
20110829,192.2,211.4,192.2,211.4,0,0
20110830,211.1,211.4,211.1,211.4,0,0
20110831,194.4,211.4,194.4,211.4,0,0
20110905,192.2,210,192.2,198,0,0
20110906,176.7,197.8,172.2,183.6,0,0
20110907,183.3,198,183.3,198,0,0
20110908,197.8,198,197.8,198,0,0
20110909,177.8,189.1,177.8,189.1,0,0
20110912,197.8,197.8,174.4,174.7,0,0
20110913,197.8,204.4,183.3,183.6,0,0
20110914,203.3,203.6,203.3,203.6,0,0
20110915,183.3,203.3,166.7,183.6,0,0
20110916,192.2,192.2,166.7,168,0,0
20110919,175.6,175.6,160,169.1,0,0
20110920,168.9,175.8,168.9,175.8,0,0
20110921,175.6,176.9,175.6,176.9,0,0
20110922,166.7,166.9,152.2,166.9,0,0
20110926,166.7,166.9,166.7,166.9,0,0
20110928,166.7,166.9,166.7,166.9,0,0
20110929,166.7,166.9,166.7,166.9,0,0
20111004,154.4,166.7,154.4,165.8,0,0
20111005,165.6,165.8,165.6,165.8,0,0
20111006,168.9,169.1,168.9,169.1,0,0
20111007,166.7,166.9,166.7,166.9,0,0
20111010,166.7,166.9,161.1,166.9,0,0
20111011,155.6,165.6,150,160.2,0,0
20111012,160,160.2,160,160.2,0,0
20111013,155.6,155.6,144.4,150.2,0,0
20111014,150,155.8,150,155.8,0,0
20111017,150,154.4,144.4,152.4,0,0
20111018,152.2,157.8,144.4,152.4,0,0
20111019,152.2,152.4,152.2,152.4,0,0
20111020,144.4,150,130,133.5,0,0
20111021,150,155.6,146.7,146.9,0,0
20111024,146.7,152.2,127.8,142.4,0,0
20111025,130,142.4,130,142.4,0,0
20111026,127.8,127.8,112.2,112.4,0,0
20111027,125.6,133.5,125.6,133.5,0,0
20111028,142.2,152.2,142.2,151.3,0,0
20111031,152.2,159.1,152.2,159.1,0,0
20111102,158.9,158.9,134.4,148,0,0
20111103,148.9,149.1,148.9,149.1,0,0
20111104,148.9,149.1,135.6,149.1,0,0
20111107,148.9,159.1,148.9,159.1,0,0
20111108,158.9,159.1,158.9,159.1,0,0
20111109,141.1,157.8,134.4,143.5,0,0
20111110,143.3,143.5,143.3,143.5,0,0
20111114,143.3,143.5,143.3,143.5,0,0
20111115,133.3,143.5,133.3,143.5,0,0
20111116,143.3,174.7,143.3,174.7,0,0
20111117,182.2,197.8,157.8,176.9,0,0
20111118,166.7,176.7,156.7,169.1,0,0
20111121,166.7,169.1,166.7,169.1,0,0
20111122,168.9,175.6,168.9,175.6,0,0
20120828,187,198.1,166.9,166.9,0,0
20120829,183.3,183.3,157.4,157.6,0,0
20120830,148.1,148.1,125.9,137.2,0,0
20120831,127.8,127.8,111.1,111.3,0,0
20120903,133.3,133.5,133.3,133.5,0,0
20120904,140.7,140.9,140.7,140.9,0,0
20120905,150,168.5,138.9,150.2,0,0
20120906,172.2,172.4,172.2,172.4,0,0
20120910,172.2,183.6,148.1,183.6,0,0
20120918,183.3,192.8,183.3,192.8,0,0
20120919,174.1,174.1,170.4,170.6,0,0
20120920,183.3,183.6,183.3,183.6,0,0
20120925,170.4,183.6,170.4,183.6,0,0
20120927,172.2,172.4,172.2,172.4,0,0
20121004,157.4,157.4,144.4,144.6,0,0
20121005,157.4,168.7,157.4,168.7,0,0
20121008,175.9,192.8,175.9,192.8,0,0
20121012,192.6,222.2,192.6,213.2,0,0
20121015,213,278.1,213,278.1,0,0
20121018,205.6,237,179.6,181.7,0,0
20121019,211.1,211.1,172.2,189.1,0,0
20121022,172.2,172.2,153.7,153.9,0,0
20121023,157.4,172.4,157.4,172.4,0,0
20121026,172.2,172.4,172.2,172.4,0,0
20121029,148.1,148.1,125.9,139.1,0,0
20121031,137.2,137.2,137.2,137.2,0,0
20121102,125.9,137.2,122.2,137.2,0,0
20121112,129.6,137,122.2,131.6,0,0
20121114,133.3,153.9,133.3,153.9,0,0
20121116,135.4,135.4,135.4,135.4,0,0
20121119,144.4,146.3,135.2,135.4,0,0
20121120,144.4,155.8,144.4,155.8,0,0
20121121,144.4,153.9,144.4,153.9,0,0
20121122,155.6,165,155.6,165,0,0
20121128,164.8,172.4,164.8,172.4,0,0
20121203,172.2,172.4,172.2,172.4,0,0
20121204,172.2,187.3,172.2,187.3,0,0
20121206,185.2,185.4,185.2,185.4,0,0
20121211,187,189.1,187,189.1,0,0
20121213,185.2,185.2,47.4,47.4,0,0
20121217,45.4,45.5,45.4,45.5,0,0
20121218,45.9,46,42,46,0,0
20121220,45.9,46,45.9,46,0,0
20121221,47.3,47.4,47.3,47.4,0,0
20130104,43.5,43.5,43.5,43.5,0,0
20130107,46.9,46.9,46.9,46.9,0,0
20130118,41.1,41.1,41.1,41.1,0,0
20130131,43.5,43.5,43.5,43.5,0,0
20130204,40.6,40.6,40.6,40.6,0,0
20130211,43.5,43.5,43.5,43.5,0,0
20130219,38.6,38.7,38.6,38.7,0,0
20141216,12.1,12.1,12.1,12.1,0,0
20141218,13.2,13.2,13.2,13.2,0,0
20141230,13.4,13.4,13.4,13.4,0,0
