Date,Open,High,Low,Close,Volume,OpenInt
20140612,69.56,69.56,69.56,69.56,0,0
20140613,64.96,70.1,60.14,69.45,0,0
20140616,69.45,69.45,59.15,69.45,0,0
20140617,69.34,69.34,64.63,69.34,0,0
20140618,69.34,69.34,66.27,69.01,0,0
20140620,69.01,69.01,67.91,68.13,0,0
20140623,68.02,68.02,64.63,67.04,0,0
20140624,67.36,67.36,66.82,67.36,0,0
20140625,66.82,66.82,66.82,66.82,0,0
20140626,66.82,66.82,66.82,66.82,0,0
20140627,66.82,66.82,66.82,66.82,0,0
20140630,66.82,66.82,65.17,65.72,0,0
20140701,65.72,67.67,63.97,67.67,0,0
20140702,67.67,67.67,67.67,67.67,0,0
20140703,67.67,67.67,67.67,67.67,0,0
20140704,67.67,67.67,67.67,67.67,0,0
20140707,67.67,67.67,67.67,67.67,0,0
20140708,67.67,67.67,67.67,67.67,0,0
20140709,67.67,67.67,67.67,67.67,0,0
20140710,67.67,67.67,67.67,67.67,0,0
20140711,67.67,67.67,67.67,67.67,0,0
20140714,67.67,67.67,67.67,67.67,0,0
20140715,67.67,67.67,67.67,67.67,0,0
20140716,67.67,67.67,67.67,67.67,0,0
20140717,67.67,67.67,67.67,67.67,0,0
20140718,67.67,67.67,67.67,67.67,0,0
20140721,67.67,67.67,67.67,67.67,0,0
20140722,67.67,67.67,67.67,67.67,0,0
20140723,67.67,67.67,65.42,67.67,0,0
20140724,67.67,67.67,67.67,67.67,0,0
20140725,67.67,67.67,67.67,67.67,0,0
20140728,67.67,67.67,67.67,67.67,0,0
20140729,67.67,67.67,64.74,67.56,0,0
20140730,67.56,67.56,67.56,67.56,0,0
20140731,67.67,67.67,67.67,67.67,0,0
20140801,67.56,67.56,67.56,67.56,0,0
20140804,67.56,67.56,67.56,67.56,0,0
20140805,67.56,67.56,67.56,67.56,0,0
20140806,67.56,67.56,67.56,67.56,0,0
20140807,67.56,67.56,67.56,67.56,0,0
20140808,67.56,67.56,67.56,67.56,0,0
20140811,67.56,67.56,67.56,67.56,0,0
20140812,67.56,67.56,67.56,67.56,0,0
20140813,67.56,67.56,61.81,66.55,0,0
20140814,67.67,68.24,63.39,63.84,0,0
20140818,68.24,68.24,59.78,64.29,0,0
20140819,65.87,65.87,65.87,65.87,0,0
20140820,65.87,65.87,65.87,65.87,0,0
20140821,65.87,65.87,58.76,58.76,0,0
20140822,58.65,58.65,58.65,58.65,0,0
20140825,65.87,65.87,57.52,57.52,0,0
20140826,57.52,57.52,34.96,34.96,0,0
20140827,34.96,34.96,34.96,34.96,0,0
20140828,34.96,34.96,33.84,33.84,0,0
20140829,33.84,33.84,33.84,33.84,0,0
20140901,33.84,33.84,33.84,33.84,0,0
20140902,33.84,44.21,33.84,44.21,0,0
20140903,44.21,44.21,37.33,37.56,0,0
20140904,37.56,38.57,35.64,38.57,0,0
20140905,45,55.83,45,55.83,0,0
20140908,60.91,60.91,52.45,52.45,0,0
20140909,60.91,61.24,51.88,51.88,0,0
20140910,52.33,52.33,52.33,52.33,0,0
20140911,52.33,52.33,49.06,51.88,0,0
20140912,52.33,52.33,52.33,52.33,0,0
20140915,52.33,52.33,52.33,52.33,0,0
20140916,52.33,52.33,52.33,52.33,0,0
20140917,52.33,52.33,52.33,52.33,0,0
20140918,52.33,52.33,52.33,52.33,0,0
20140919,52.33,52.33,52.33,52.33,0,0
20140922,52.33,52.33,52.33,52.33,0,0
20140923,52.33,52.33,52.33,52.33,0,0
20140924,52.33,52.33,52.33,52.33,0,0
20140925,52.33,52.33,52.33,52.33,0,0
20140926,52.33,52.33,52.33,52.33,0,0
20140929,52.33,52.33,52.33,52.33,0,0
20140930,52.33,52.33,52.33,52.33,0,0
20141001,52.33,52.33,52.33,52.33,0,0
20141002,52.33,61.36,52.33,61.36,0,0
20141003,61.36,65.98,61.36,65.98,0,0
20141006,65.98,65.98,65.98,65.98,0,0
20141007,65.19,65.19,65.19,65.19,0,0
20141008,65.19,65.19,65.19,65.19,0,0
20141009,59.78,59.89,59.78,59.89,0,0
20141010,61.92,61.92,55.04,55.83,0,0
20141013,55.83,65.98,55.83,65.98,0,0
20141014,65.98,65.98,65.98,65.98,0,0
20141015,65.98,65.98,65.98,65.98,0,0
20141016,65.87,65.87,52.79,65.87,0,0
20141017,65.87,65.87,65.87,65.87,0,0
20141020,65.87,65.87,52.67,52.67,0,0
20141021,52.67,52.67,47.37,47.37,0,0
20141022,47.37,47.37,43.54,43.54,0,0
20141023,43.54,43.54,42.3,42.86,0,0
20141024,40.6,40.6,40.38,40.38,0,0
20141027,40.94,40.94,40.94,40.94,0,0
20141028,49.06,52.45,40.6,40.6,0,0
20141029,40.6,40.6,33.84,33.84,0,0
20141030,35.64,35.64,34.96,34.96,0,0
20141031,34.96,41.96,34.96,41.96,0,0
20141103,50.3,52.33,45.12,52.33,0,0
20141104,52.33,55.72,44.78,55.72,0,0
20141105,55.72,55.72,47.26,55.72,0,0
20141106,55.72,55.72,55.72,55.72,0,0
20141107,55.72,55.72,55.72,55.72,0,0
20141110,55.83,55.83,55.83,55.83,0,0
20141112,55.72,55.72,55.72,55.72,0,0
20141113,51.77,51.77,51.77,51.77,0,0
20141114,51.77,51.77,45,45,0,0
20141117,44.89,44.89,41.84,44.89,0,0
20141118,45.34,45.34,45.34,45.34,0,0
20141119,47.37,47.37,47.37,47.37,0,0
20141120,56.39,56.39,51.88,51.88,0,0
20141121,53.01,53.01,47.37,47.37,0,0
20141124,56.39,56.39,56.39,56.39,0,0
20141125,56.39,56.39,56.39,56.39,0,0
20141126,56.39,56.39,56.39,56.39,0,0
20141127,56.39,56.39,56.39,56.39,0,0
20141128,56.39,56.39,56.39,56.39,0,0
20141201,56.39,56.39,56.39,56.39,0,0
20141202,56.39,56.39,56.39,56.39,0,0
20141203,56.39,56.39,46.24,56.39,0,0
20141204,56.39,56.39,46.24,56.39,0,0
20141205,56.39,56.39,46.24,53.57,0,0
20141208,53.57,53.57,49.18,53.01,0,0
20141209,53.01,53.01,45.68,53.01,0,0
20141210,53.01,53.01,42.41,42.41,0,0
20141211,48.72,48.72,48.72,48.72,0,0
20141212,53.01,53.01,45.45,52.45,0,0
20141215,42.41,50.87,33.95,50.87,0,0
20141216,50.75,50.75,50.75,50.75,0,0
20141217,50.75,50.75,42.07,47.26,0,0
20141218,50.87,50.87,44.21,45.45,0,0
20141219,50.87,50.87,50.87,50.87,0,0
20141222,50.87,50.87,50.87,50.87,0,0
20141223,50.87,50.87,50.87,50.87,0,0
20141229,50.87,50.87,50.87,50.87,0,0
20141230,50.87,50.87,45.12,50.87,0,0
