Date,Open,High,Low,Close,Volume,OpenInt
20120427,17.1,17.1,17.1,17.1,0,0
20120508,17.1,17.5,17.1,17.4,0,0
20120529,16.3,17.4,16.3,17.4,0,0
20120611,17.4,17.4,17.4,17.4,0,0
20120612,17.4,17.4,17.4,17.4,0,0
20120613,17.4,17.4,17.4,17.4,0,0
20120614,17.4,17.4,17.4,17.4,0,0
20120618,16.1,16.2,16.1,16.2,0,0
20120626,17.2,17.6,17.2,17.6,0,0
20120627,17.4,17.4,17.4,17.4,0,0
20120705,17.3,17.3,17.3,17.3,0,0
20120712,16.1,17.3,16.1,17.3,0,0
20120822,17.3,17.3,17.3,17.3,0,0
20120830,19.3,19.3,19.3,19.3,0,0
20120831,19.3,19.4,19.2,19.4,0,0
20120910,17.3,17.3,17.3,17.3,0,0
20120911,17.6,18.1,17.6,18.1,0,0
20120912,18.1,18.1,18,18,0,0
20120913,16.2,18.3,16.2,18.3,0,0
20120925,15.6,16.1,15.6,16,0,0
20120926,16.1,18.1,16.1,18.1,0,0
20120927,16.6,16.7,16.6,16.7,0,0
20120928,17.7,17.7,15.6,15.9,0,0
20121002,13.9,16,13.9,15.9,0,0
20121003,15.9,15.9,15.9,15.9,0,0
20121004,15.9,15.9,15.9,15.9,0,0
20121008,16,16.2,16,16.2,0,0
20121012,14.2,16.2,14.2,14.2,0,0
20121015,15.3,15.9,15.3,15.6,0,0
20121016,15.6,15.6,15.6,15.6,0,0
20121017,15.6,15.6,15.6,15.6,0,0
20121018,15.6,17.4,15.6,17.3,0,0
20121019,17.3,17.4,17.3,17.4,0,0
20121022,17.3,17.3,17.3,17.3,0,0
20121023,17.4,17.4,17.4,17.4,0,0
20121121,17.3,17.3,16.7,16.7,0,0
20121203,16.6,16.6,13.9,16,0,0
20121221,16.1,16.1,16.1,16.1,0,0
20121227,16.1,16.1,16.1,16.1,0,0
20130102,16.1,16.1,16.1,16.1,0,0
20130109,16.1,16.8,16.1,16.8,0,0
20130220,16.4,16.4,16.4,16.4,0,0
20130226,16.4,16.7,16.4,16.7,0,0
20130307,16.7,16.7,16.7,16.7,0,0
20130308,16.7,16.7,16.7,16.7,0,0
20130311,16.7,16.7,16.7,16.7,0,0
20130312,16.7,16.7,16.7,16.7,0,0
20130313,16.7,16.7,16.7,16.7,0,0
20130318,16.7,16.7,16.7,16.7,0,0
20130320,16.7,16.7,16.7,16.7,0,0
20130321,16.7,16.7,16.7,16.7,0,0
20130322,16.7,16.7,16.7,16.7,0,0
20130325,16.7,16.7,16.7,16.7,0,0
20130326,16.7,16.7,16.7,16.7,0,0
20130402,16.7,16.7,16.7,16.7,0,0
20130410,16.7,16.7,16.7,16.7,0,0
20130411,16.7,16.7,16.7,16.7,0,0
20130415,13.5,13.5,13.4,13.4,0,0
20130417,14.2,14.6,14.2,14.6,0,0
20130422,14.8,14.8,14.8,14.8,0,0
20130424,14.7,14.7,14.7,14.7,0,0
20130425,14.7,14.7,14.7,14.7,0,0
20130426,14.7,14.7,14.7,14.7,0,0
20130429,14.7,14.7,14.7,14.7,0,0
20130430,14.7,14.7,14.7,14.7,0,0
20130502,14.7,14.7,14.7,14.7,0,0
20130509,14.7,14.7,14.7,14.7,0,0
20130510,14.6,14.6,14.5,14.5,0,0
20130521,14.5,14.5,14.5,14.5,0,0
20130522,14.6,14.7,14.6,14.7,0,0
20130527,12.8,14.6,12.8,14.5,0,0
20130614,13.7,13.7,12.9,12.9,0,0
20131122,18.5,18.5,18.5,18.5,0,0
20131125,18.5,18.5,18.5,18.5,0,0
20131126,18.5,18.5,18.5,18.5,0,0
20131127,18.5,18.5,18.5,18.5,0,0
20131128,18.5,18.5,18.5,18.5,0,0
20131129,18.5,18.5,18.5,18.5,0,0
20131202,18.5,18.5,18.5,18.5,0,0
20131203,18.5,18.5,18.5,18.5,0,0
20131204,18.5,18.5,18.5,18.5,0,0
20131205,18.5,18.5,18.5,18.5,0,0
20131209,18.5,18.5,16.6,17.2,0,0
20131211,18.5,18.5,18.5,18.5,0,0
20131213,18.5,18.5,18.5,18.5,0,0
20131216,18.5,18.5,18.5,18.5,0,0
20131218,15.9,15.9,15.9,15.9,0,0
20131219,15.9,15.9,14,14,0,0
20131220,12.7,12.7,11,12.6,0,0
20131223,14.8,14.8,14.8,14.8,0,0
20131227,13.9,13.9,13.9,13.9,0,0
20140103,12.6,12.6,12.6,12.6,0,0
20140121,11.1,11.1,11.1,11.1,0,0
20140122,9.2,10.2,9.2,10.2,0,0
20140124,9.5,10.8,9.5,10,0,0
20140211,8.7,8.7,8.7,8.7,0,0
20140212,8.3,9.3,7.4,9.2,0,0
20140213,7.9,8.7,7.6,8.7,0,0
20140214,9.3,10.2,9.1,9.1,0,0
20140217,9.1,9.1,9.1,9.1,0,0
20140218,9.1,9.1,3.7,3.7,0,0
20140219,3.7,6.4,3.7,6.4,0,0
20140220,8.4,8.9,7.5,7.5,0,0
20140221,8,8,7,7.5,0,0
20140224,7.7,7.7,7.5,7.5,0,0
20140225,8.2,8.6,8,8.4,0,0
20140226,8.6,8.6,8.2,8.4,0,0
20140227,8.9,8.9,8,8.4,0,0
20140228,8.6,8.6,7.9,7.9,0,0
20140303,7.7,9,7.4,7.9,0,0
20140304,8.6,8.6,6.9,6.9,0,0
20140305,7.1,7.1,6.7,6.7,0,0
20140306,6.9,6.9,6.9,6.9,0,0
20140307,6.7,6.7,6.3,6.3,0,0
20140310,6.5,6.7,5.8,5.8,0,0
20140311,6,6.3,6,6.3,0,0
20140312,6.3,6.7,5.9,6.7,0,0
20140313,6.9,7.1,5.4,5.4,0,0
20140314,5.4,5.8,5.4,5.4,0,0
20140317,5.4,5.4,5,5.4,0,0
20140318,5.4,5.4,5,5.4,0,0
20140319,5,5.4,5,5.4,0,0
20140320,5.6,5.6,4.9,5.1,0,0
20140321,5.3,6,5.3,5.4,0,0
20140324,5.6,5.8,5.2,5.2,0,0
20140325,5.6,5.6,5.4,5.4,0,0
20140326,5.4,6.7,5.4,6.5,0,0
20140327,6.9,6.9,6.1,6.7,0,0
20140328,6.7,6.7,6.1,6.1,0,0
20140331,6.5,6.5,5.7,6.1,0,0
20140401,6.1,6.1,5.6,5.8,0,0
20140402,5.6,5.8,5.4,5.4,0,0
20140403,5.6,5.6,5.2,5.4,0,0
20140404,5.4,5.8,5.2,5.4,0,0
20140407,5.4,5.4,5.2,5.2,0,0
20140408,5.2,5.4,5.2,5.4,0,0
20140409,5.8,5.8,5.2,5.4,0,0
20140410,5.2,5.6,5.2,5.6,0,0
20140411,5.6,6,5.4,5.4,0,0
20140414,5.8,5.8,5.6,5.8,0,0
20140415,5.6,5.6,5.3,5.4,0,0
20140416,5.2,5.2,4.9,5.1,0,0
20140417,5.1,5.1,4.9,5.1,0,0
20140422,5.1,5.6,4.9,5.6,0,0
20140423,5.4,5.4,5.2,5.2,0,0
20140424,5.4,5.4,5,5.2,0,0
20140425,5,5.2,5,5.2,0,0
20140428,5,5,4.8,4.9,0,0
20140429,5.3,6,5.3,5.4,0,0
20140430,5.9,6.1,5.6,6.1,0,0
20140502,6.1,6.1,5.6,6,0,0
20140505,6,6.2,5.6,6,0,0
20140506,6,6,5.1,5.1,0,0
20140507,4.7,4.9,4.2,4.9,0,0
20140508,4.9,5.1,4.5,5.1,0,0
20140509,5.1,5.1,4.7,4.9,0,0
20140512,5.1,5.1,4.7,4.9,0,0
20140513,4.7,5.1,4.5,5.1,0,0
20140514,5.5,5.6,5.1,5.4,0,0
20140515,5.2,5.4,4.7,5.2,0,0
20140516,5.2,5.2,4.8,5.1,0,0
20140519,4.7,4.9,4.7,4.9,0,0
20140520,4.7,5.1,4.6,5.1,0,0
20140521,5.1,5.5,4.9,5.4,0,0
20140522,5.2,5.4,4.9,5.4,0,0
20140523,5.2,5.2,4.7,5.1,0,0
20140526,4.7,5.1,4.7,5.1,0,0
20140527,5.1,5.1,4.9,5.1,0,0
20140528,5.1,5.1,5.1,5.1,0,0
20140529,5.1,5.1,4.9,5.1,0,0
20140530,4.9,5.1,4.7,5.1,0,0
20140602,4.9,4.9,4.7,4.7,0,0
20140603,4.7,4.9,4.5,4.9,0,0
20140604,4.5,4.9,4.5,4.7,0,0
20140605,4.7,4.7,4.5,4.7,0,0
20140609,4.7,4.7,4.3,4.7,0,0
20140610,4.9,4.9,4.9,4.9,0,0
20140612,4.7,4.9,4.7,4.9,0,0
20140613,4.9,4.9,4.5,4.7,0,0
20140616,4.5,4.7,4.5,4.7,0,0
20140617,4.7,4.7,4.5,4.7,0,0
20140618,4.5,4.7,4.5,4.7,0,0
20140620,4.5,4.7,4.5,4.7,0,0
20140623,4.7,4.7,4.5,4.7,0,0
20140624,4.7,4.7,4.5,4.7,0,0
20140625,4.5,4.7,4.5,4.7,0,0
20140626,4.7,4.7,4.5,4.7,0,0
20140627,4.7,4.7,4.5,4.7,0,0
20140630,4.5,4.7,4.5,4.7,0,0
20140701,4.3,4.7,4.3,4.7,0,0
20140702,4.5,4.7,4.3,4.7,0,0
20140703,4.5,4.7,4.5,4.7,0,0
20140704,4.7,4.7,4.7,4.7,0,0
20140707,4.7,4.9,4.5,4.9,0,0
20140708,4.9,5.3,4.7,5.1,0,0
20140709,5.1,5.3,3.6,3.6,0,0
20140710,3.3,3.5,3.3,3.5,0,0
20140711,3.5,3.6,3.5,3.6,0,0
20140714,3.6,3.6,3.5,3.6,0,0
20140715,3.6,3.6,3.6,3.6,0,0
20140716,3.5,3.5,3.2,3.2,0,0
20140717,3.2,3.3,3.2,3.3,0,0
20140718,3.2,3.3,3.2,3.3,0,0
20140721,3.3,3.3,3.2,3.3,0,0
20140722,3.3,3.3,3.3,3.3,0,0
20140723,3.3,3.3,3.2,3.3,0,0
20140724,3.2,3.3,3.2,3.3,0,0
20140725,3.3,3.5,3.3,3.5,0,0
20140729,3.4,3.5,3.4,3.5,0,0
20140730,3.5,3.5,3.5,3.5,0,0
20140731,3.5,3.5,3.5,3.5,0,0
20140801,3.5,3.5,3.2,3.5,0,0
20140804,3.5,3.5,3.2,3.5,0,0
20140805,3.5,3.5,3.2,3.3,0,0
20140806,3.3,3.3,3.2,3.3,0,0
20140807,3.3,3.3,3.2,3.3,0,0
20140808,3.2,3.3,3.2,3.3,0,0
20140811,3.3,3.5,3.2,3.5,0,0
20140812,3.4,3.4,3.3,3.3,0,0
20140813,3,3,2.2,2.3,0,0
20140814,2.3,2.3,1.7,1.8,0,0
20140818,1.7,1.9,1.7,1.9,0,0
20140819,2,2.2,1.8,1.9,0,0
20140820,1.8,1.8,1.6,1.8,0,0
20140821,1.8,1.8,1.7,1.8,0,0
20140822,1.8,1.9,1.8,1.8,0,0
20140825,1.9,2.1,1.8,1.8,0,0
20140826,1.9,1.9,1.7,1.8,0,0
20140827,1.7,1.7,1.5,1.7,0,0
20140828,1.6,1.6,1.4,1.5,0,0
20140829,1.5,1.7,1.5,1.7,0,0
20140901,1.7,1.7,1.4,1.7,0,0
20140902,1.7,1.8,1.5,1.5,0,0
20140903,1.5,1.5,1.4,1.5,0,0
20140904,1.5,1.5,1.4,1.5,0,0
20140905,1.5,1.6,1.5,1.5,0,0
20140908,1.5,1.7,1.5,1.7,0,0
20140909,1.7,1.7,1.4,1.5,0,0
20140910,1.5,1.7,1.4,1.7,0,0
20140911,1.7,1.7,1.6,1.7,0,0
20140912,1.7,1.9,1.7,1.9,0,0
20140915,1.9,2,1.8,1.9,0,0
20140916,1.8,1.9,1.6,1.7,0,0
20140917,1.7,1.7,1.6,1.7,0,0
20140918,1.7,1.7,1.6,1.7,0,0
20140919,1.6,1.7,1.4,1.6,0,0
20140922,1.6,1.7,1.5,1.6,0,0
20140923,1.6,1.7,1.6,1.6,0,0
20140924,1.6,1.6,1.6,1.6,0,0
20140925,1.6,1.7,1.6,1.7,0,0
20140926,1.6,1.6,1.6,1.6,0,0
20140929,1.6,1.6,1.5,1.5,0,0
20140930,1.5,1.5,1.4,1.5,0,0
20141001,1.4,1.5,1.4,1.5,0,0
20141002,1.5,1.5,1.2,1.3,0,0
20141003,1.3,1.5,1.3,1.5,0,0
20141006,1.4,1.5,1.4,1.5,0,0
20141007,1.4,1.4,1.2,1.3,0,0
20141008,1.3,1.3,1,1.3,0,0
20141009,1,1.2,1,1.2,0,0
20141010,1.2,1.2,1.1,1.2,0,0
20141013,1.1,1.1,1.1,1.1,0,0
20141014,1.1,1.1,1,1.1,0,0
20141015,1.1,1.2,1,1.2,0,0
20141016,1.2,1.2,1.1,1.1,0,0
20141017,1.1,1.1,1.1,1.1,0,0
20141020,1.1,1.2,1,1.2,0,0
20141021,1.1,1.3,1.1,1.2,0,0
20141022,1.1,1.2,1.1,1.2,0,0
20141023,1.2,1.2,1.2,1.2,0,0
20141024,1.2,1.2,1.1,1.1,0,0
20141027,1.1,1.2,0.9,0.9,0,0
20141028,0.9,0.9,0.8,0.8,0,0
20141029,0.8,0.9,0.7,0.7,0,0
20141030,0.7,0.8,0.5,0.7,0,0
20141031,0.7,0.8,0.7,0.8,0,0
20141103,0.8,0.8,0.7,0.8,0,0
20141104,0.8,0.8,0.7,0.7,0,0
20141105,0.7,0.7,0.6,0.7,0,0
20141106,0.7,0.7,0.6,0.7,0,0
20141107,0.7,0.8,0.6,0.7,0,0
20141110,0.6,0.7,0.6,0.7,0,0
20141112,0.7,0.8,0.7,0.8,0,0
20141113,0.8,0.8,0.7,0.7,0,0
20141114,0.7,0.7,0.7,0.7,0,0
20141117,0.8,0.8,0.7,0.8,0,0
20141118,0.8,0.8,0.7,0.7,0,0
20141119,0.8,0.8,0.7,0.8,0,0
20141120,0.7,0.8,0.7,0.8,0,0
20141121,0.7,0.7,0.7,0.7,0,0
20141124,0.7,1,0.7,1,0,0
20141125,1,1.2,1,1.2,0,0
20141126,1.2,1.2,1,1.2,0,0
20141127,1.2,1.2,1,1,0,0
20141128,1.2,1.2,1,1.2,0,0
20141201,1,1.2,1,1.2,0,0
20141202,1.2,1.2,1,1.2,0,0
20141203,1.2,1.2,1,1.2,0,0
20141204,1,1.2,1,1.2,0,0
20141205,1,1.2,1,1.2,0,0
20141208,1,1.2,1,1.2,0,0
20141209,1,1.2,0.8,1.2,0,0
20141210,1.2,1.2,1,1.2,0,0
20141211,1,1.2,0.8,1.2,0,0
20141212,1.2,1.2,0.8,1,0,0
20141215,0.8,1,0.8,0.8,0,0
20141216,0.8,0.8,0.8,0.8,0,0
20141217,0.8,1,0.8,1,0,0
20141218,1,1,1,1,0,0
20141219,1,1,0.8,0.8,0,0
20141222,0.8,1,0.8,0.8,0,0
20141223,0.8,0.8,0.6,0.8,0,0
20141229,0.8,0.8,0.6,0.8,0,0
20141230,0.8,0.8,0.6,0.6,0,0
