Date,Open,High,Low,Close,Volume,OpenInt
20100518,4.25,4.25,4.25,4.25,0,0
20100519,4.2,4.2,3,3.2,0,0
20100520,3.25,3.25,2.6,2.65,0,0
20100521,2.65,2.8,2.15,2.4,0,0
20100524,2.4,2.55,2.2,2.4,0,0
20100525,2.4,2.4,2.2,2.3,0,0
20100526,2.35,2.45,2.2,2.45,0,0
20100527,2.45,2.5,2.3,2.4,0,0
20100528,2.35,2.5,2.3,2.3,0,0
20100531,2.45,2.45,2.2,2.2,0,0
20100601,2.4,2.4,2.25,2.3,0,0
20100602,2.25,2.35,2.15,2.25,0,0
20100604,2.25,2.25,2.05,2.15,0,0
20100607,2.05,2.25,2,2.2,0,0
20100608,2.2,2.25,1.95,2,0,0
20100609,2,2.1,1.9,2,0,0
20100610,2.05,2.05,1.95,1.95,0,0
20100611,2,2.05,2,2,0,0
20100614,2.05,2.05,1.95,2,0,0
20100615,1.95,2,1.95,2,0,0
20100616,1.95,2,1.95,2,0,0
20100617,1.95,2.1,1.95,2.1,0,0
20100618,2.1,2.2,2.05,2.05,0,0
20100621,2.15,2.15,2.05,2.1,0,0
20100622,2.1,2.1,1.95,1.95,0,0
20100623,1.95,2,1.95,2,0,0
20100624,1.95,1.95,1.75,1.75,0,0
20100625,1.8,1.8,1.65,1.8,0,0
20100628,1.7,1.95,1.65,1.9,0,0
20100629,1.85,1.85,1.7,1.7,0,0
20100630,1.75,1.85,1.75,1.85,0,0
20100701,1.85,2,1.85,1.95,0,0
20100702,1.95,2.15,1.95,2,0,0
20100705,1.95,1.95,1.8,1.8,0,0
20100706,1.8,2.05,1.8,1.9,0,0
20100707,1.9,1.9,1.75,1.75,0,0
20100708,1.7,1.85,1.7,1.85,0,0
20100709,1.7,1.8,1.7,1.8,0,0
20100712,1.85,1.95,1.7,1.95,0,0
20100713,1.85,1.95,1.8,1.8,0,0
20100714,1.8,1.95,1.8,1.95,0,0
20100715,1.95,2,1.85,1.95,0,0
20100716,2,2,1.9,2,0,0
20100720,2,2,2,2,0,0
20100721,2,2.05,1.85,1.95,0,0
20100722,1.95,2.05,1.95,2.05,0,0
20100723,2.2,3,2.2,2.55,0,0
20100726,2.5,2.5,2.4,2.4,0,0
20100727,2.4,2.4,2.15,2.3,0,0
20100728,2.3,2.35,2.15,2.3,0,0
20100729,2.2,2.3,2.15,2.3,0,0
20100730,2.2,2.45,2.15,2.45,0,0
20100802,2.3,2.45,1.9,2.3,0,0
20100803,1.9,2.3,1.75,2.3,0,0
20100804,1.8,1.85,1.75,1.85,0,0
20100805,1.8,1.85,1.75,1.8,0,0
20100806,1.8,1.85,1.65,1.75,0,0
20100809,1.75,1.85,1.7,1.75,0,0
20100810,1.8,1.95,1.8,1.9,0,0
20100811,1.9,2.2,1.9,2.1,0,0
20100812,2.1,2.1,1.9,2,0,0
20100813,2,2,1.85,1.95,0,0
20100816,1.9,1.9,1.75,1.85,0,0
20100817,1.9,1.9,1.75,1.8,0,0
20100818,1.8,1.85,1.75,1.8,0,0
20100819,1.8,1.85,1.8,1.85,0,0
20100820,1.8,1.85,1.8,1.85,0,0
20100823,1.75,1.85,1.75,1.85,0,0
20100824,1.75,1.85,1.7,1.8,0,0
20100825,1.8,1.8,1.75,1.8,0,0
20100826,1.75,1.75,1.7,1.75,0,0
20100827,1.75,1.85,1.75,1.8,0,0
20100830,1.75,1.75,1.65,1.75,0,0
20100831,1.75,1.75,1.65,1.7,0,0
20100901,1.65,1.7,1.55,1.65,0,0
20100902,1.6,1.65,1.55,1.65,0,0
20100903,1.65,1.7,1.65,1.7,0,0
20100906,1.65,1.7,1.65,1.7,0,0
20100907,1.65,1.7,1.6,1.65,0,0
20100908,1.75,1.75,1.6,1.75,0,0
20100909,1.75,1.85,1.65,1.75,0,0
20100910,1.8,1.8,1.75,1.75,0,0
20100913,1.75,1.75,1.65,1.75,0,0
20100914,1.7,1.7,1.65,1.65,0,0
20100915,1.65,1.75,1.65,1.7,0,0
20100916,1.75,1.75,1.7,1.7,0,0
20100917,1.7,1.8,1.7,1.75,0,0
20100920,1.75,1.75,1.75,1.75,0,0
20100921,1.75,1.8,1.7,1.75,0,0
20100922,1.75,1.9,1.75,1.85,0,0
20100923,1.8,1.85,1.75,1.85,0,0
20100924,1.8,1.85,1.8,1.85,0,0
20100927,1.8,2.15,1.8,2.15,0,0
20100928,2.1,3,2.1,3,0,0
20100929,3.25,4.35,3.25,3.95,0,0
20100930,3.85,4.9,3.5,4.9,0,0
20101001,4.75,5.45,4.5,4.5,0,0
20101004,4.6,5.25,4.6,4.6,0,0
20101005,4.85,14.55,4.35,14.55,0,0
20101006,14.55,14.55,9.45,9.6,0,0
20101007,9.6,9.75,8.85,9.3,0,0
20101008,9.45,10.65,9.45,9.75,0,0
20101011,9.6,9.6,9,9.3,0,0
20101012,9.3,9.3,6.9,6.9,0,0
20101013,6.9,7.8,6.9,7.8,0,0
20101014,7.8,7.8,7.2,7.35,0,0
20101015,7.2,7.2,6.6,6.9,0,0
20101018,6.9,6.9,6.6,6.6,0,0
20101019,6.6,6.6,6,6.3,0,0
20101020,6.15,6.9,6.15,6.75,0,0
20101021,6.9,6.9,6.45,6.6,0,0
20101022,6.45,6.45,6.15,6.45,0,0
20101025,6.6,6.6,6.3,6.3,0,0
20101026,6.45,6.45,5.85,5.85,0,0
20101027,5.85,6,5.85,6,0,0
20101028,5.85,5.85,5.7,5.85,0,0
20101029,5.85,6.15,5.85,6.15,0,0
20101102,6.15,6.75,6.15,6.3,0,0
20101103,6.15,6.15,5.85,5.85,0,0
20101104,6,6,5.55,5.55,0,0
20101105,5.55,5.7,5.55,5.7,0,0
20101108,5.7,5.85,5.55,5.55,0,0
20101109,5.7,5.7,5.55,5.55,0,0
20101110,5.55,5.85,5.55,5.85,0,0
20101112,5.85,7.31,5.7,7.31,0,0
20101115,7.5,7.88,7.31,7.69,0,0
20101116,7.88,8.63,7.88,8.63,0,0
20101117,8.44,9.19,8.44,8.63,0,0
20101118,9,9,8.25,8.25,0,0
20101119,8.25,8.25,7.88,8.06,0,0
20101122,8.06,8.06,7.69,7.69,0,0
20101123,7.5,7.5,7.31,7.31,0,0
20101124,7.31,7.88,7.31,7.88,0,0
20101125,7.88,7.88,7.5,7.5,0,0
20101126,7.5,7.88,7.31,7.88,0,0
20101129,7.88,7.88,7.69,7.69,0,0
20101130,7.69,8.06,7.69,7.88,0,0
20101201,8.06,8.63,8.06,8.44,0,0
20101202,8.63,8.63,8.06,8.25,0,0
20101203,8.06,8.25,7.69,7.88,0,0
20101206,7.88,7.88,7.69,7.88,0,0
20101207,7.88,8.06,7.69,7.88,0,0
20101208,7.88,7.88,7.5,7.88,0,0
20101209,7.69,7.88,7.5,7.5,0,0
20101210,7.5,8.06,7.5,8.06,0,0
20101213,7.88,7.88,7.5,7.69,0,0
20101214,7.69,7.69,7.5,7.5,0,0
20101215,7.5,7.69,7.5,7.5,0,0
20101216,7.5,7.5,7.31,7.5,0,0
20101217,7.5,7.5,7.31,7.5,0,0
20101220,7.5,7.5,7.31,7.31,0,0
20101221,7.13,7.13,6.94,6.94,0,0
20101222,6.94,7.31,6.94,7.31,0,0
20101223,7.13,7.13,6.94,7.13,0,0
20101227,7.13,7.13,6.94,6.94,0,0
20101228,6.94,6.94,6.56,6.56,0,0
20101229,6.75,6.94,6.56,6.94,0,0
20101230,6.94,7.13,6.75,7.13,0,0
20101231,6.94,6.94,6.94,6.94,0,0
20110103,6.56,6.75,6.38,6.75,0,0
20110104,6.75,7.13,6.75,6.94,0,0
20110105,6.94,6.94,6.56,6.94,0,0
20110107,6.94,6.94,6.75,6.75,0,0
20110110,6.56,6.75,6.56,6.56,0,0
20110111,6.56,6.75,6.56,6.75,0,0
20110112,6.75,6.75,6.56,6.56,0,0
20110113,6.56,6.75,6.56,6.56,0,0
20110114,6.56,6.56,6.56,6.56,0,0
20110117,6.56,6.75,6.56,6.56,0,0
20110118,6.56,6.75,6.38,6.38,0,0
20110119,6.75,6.75,6.38,6.56,0,0
20110120,6.56,6.94,6.56,6.75,0,0
20110121,6.75,6.94,6.75,6.94,0,0
20110124,6.94,6.94,6.56,6.75,0,0
20110125,6.56,6.75,6.38,6.75,0,0
20110126,6.56,6.75,6.19,6.38,0,0
20110127,6.38,6.56,6.38,6.56,0,0
20110128,6.56,6.56,6.56,6.56,0,0
20110131,6.38,6.38,6.38,6.38,0,0
20110201,6.56,6.56,6.19,6.38,0,0
20110202,6.38,6.38,5.81,6.19,0,0
20110203,6,6.19,6,6,0,0
20110204,6,6.19,5.81,5.81,0,0
20110207,5.81,6.19,5.81,6.19,0,0
20110208,6,6,6,6,0,0
20110209,6,6,5.81,5.81,0,0
20110210,6,6.75,5.81,6.75,0,0
20110211,6.38,6.56,6.19,6.56,0,0
20110214,6.38,6.56,6.19,6.38,0,0
20110215,6,6.56,6,6.56,0,0
20110216,6.19,6.56,6.19,6.38,0,0
20110217,6.38,6.56,6.38,6.56,0,0
20110218,6.38,6.38,6.19,6.38,0,0
20110221,6.38,6.56,6.19,6.38,0,0
20110222,6.19,6.19,5.44,5.63,0,0
20110223,5.63,5.81,5.06,5.63,0,0
20110224,5.63,5.63,5.44,5.63,0,0
20110225,5.63,5.63,5.44,5.44,0,0
20110228,5.44,5.63,5.44,5.63,0,0
20110301,5.63,5.63,5.44,5.63,0,0
20110302,5.63,5.63,5.44,5.63,0,0
20110303,5.44,5.63,5.44,5.63,0,0
20110304,5.63,5.81,5.25,5.44,0,0
20110307,5.44,5.63,5.44,5.63,0,0
20110308,5.63,5.63,5.25,5.25,0,0
20110309,5.25,5.25,5.25,5.25,0,0
20110310,5.25,5.63,5.25,5.63,0,0
20110311,5.25,5.63,5.25,5.63,0,0
20110314,5.44,5.44,5.25,5.25,0,0
20110315,5.25,5.25,5.25,5.25,0,0
20110316,5.06,5.06,4.69,5.06,0,0
20110317,5.06,5.06,4.5,4.88,0,0
20110318,4.88,4.88,4.88,4.88,0,0
20110321,4.88,5.06,4.88,5.06,0,0
20110322,4.88,4.88,4.69,4.69,0,0
20110323,4.69,5.44,4.5,5.25,0,0
20110324,5.06,5.25,4.88,4.88,0,0
20110325,4.88,4.88,4.88,4.88,0,0
20110328,4.88,5.06,4.69,4.69,0,0
20110329,4.88,4.88,4.5,4.88,0,0
20110330,4.69,4.88,4.5,4.88,0,0
20110331,4.69,4.88,4.5,4.88,0,0
20110401,4.69,5.06,4.69,4.69,0,0
20110404,4.88,5.81,4.88,5.44,0,0
20110405,5.44,5.44,5.06,5.44,0,0
20110406,5.25,5.25,5.06,5.06,0,0
20110407,5.25,5.44,5.06,5.25,0,0
20110408,5.44,5.44,5.25,5.25,0,0
20110411,5.25,5.25,5.06,5.25,0,0
20110412,5.25,5.44,5.25,5.44,0,0
20110413,5.06,5.44,5.06,5.44,0,0
20110414,5.44,5.44,5.06,5.25,0,0
20110415,5.06,5.25,5.06,5.06,0,0
20110418,5.25,5.25,5.25,5.25,0,0
20110419,5.25,5.44,5.06,5.44,0,0
20110420,5.25,5.44,5.25,5.25,0,0
20110421,5.25,5.44,5.06,5.44,0,0
20110426,5.25,5.25,5.06,5.06,0,0
20110427,5.25,5.25,5.25,5.25,0,0
20110428,5.25,5.25,5.06,5.06,0,0
20110429,5.25,5.25,5.25,5.25,0,0
20110502,5.25,5.25,5.06,5.06,0,0
20110504,5.25,5.25,5.06,5.25,0,0
20110505,5.25,5.25,4.88,5.25,0,0
20110506,4.88,5.06,4.88,4.88,0,0
20110509,5.06,5.06,4.88,4.88,0,0
20110510,4.88,4.88,4.88,4.88,0,0
20110511,4.88,4.88,4.5,4.69,0,0
20110512,4.69,5.06,4.5,4.69,0,0
20110513,4.5,4.69,4.5,4.5,0,0
20110516,4.69,4.69,4.5,4.5,0,0
20110517,4.5,4.69,4.5,4.69,0,0
20110518,4.69,4.69,4.69,4.69,0,0
20110519,4.69,4.69,4.5,4.69,0,0
20110520,4.69,4.88,4.5,4.69,0,0
20110523,4.69,4.69,4.69,4.69,0,0
20110524,4.69,4.69,4.5,4.69,0,0
20110525,4.5,4.69,4.31,4.5,0,0
20110526,4.5,4.69,4.5,4.69,0,0
20110530,4.69,4.69,4.5,4.69,0,0
20110531,4.31,4.69,4.31,4.5,0,0
20110601,4.31,4.69,4.13,4.5,0,0
20110602,4.5,4.5,4.31,4.5,0,0
20110603,4.5,4.69,4.13,4.5,0,0
20110606,4.31,4.31,4.13,4.31,0,0
20110607,4.5,4.5,4.5,4.5,0,0
20110608,4.31,4.5,4.31,4.5,0,0
20110609,4.13,4.31,4.13,4.13,0,0
20110610,4.13,4.5,4.13,4.5,0,0
20110613,4.31,4.31,4.13,4.13,0,0
20110614,4.13,4.13,4.13,4.13,0,0
20110615,4.13,4.31,3.94,3.94,0,0
20110616,3.94,4.13,3.75,4.13,0,0
20110617,4.13,4.31,3.94,3.94,0,0
20110620,3.94,4.31,3.94,4.31,0,0
20110621,4.13,4.13,3.94,3.94,0,0
20110622,3.94,4.13,3.94,4.13,0,0
20110624,3.94,3.94,3.94,3.94,0,0
20110627,3.94,3.94,3.94,3.94,0,0
20110628,3.75,3.75,3.56,3.75,0,0
20110629,3.75,3.94,3.56,3.75,0,0
20110630,3.75,4.13,3.75,4.13,0,0
20110701,3.94,4.13,3.94,4.13,0,0
20110704,3.94,4.13,3.94,4.13,0,0
20110705,3.94,4.13,3.75,4.13,0,0
20110706,3.94,4.13,3.94,4.13,0,0
20110707,3.94,4.13,3.94,4.13,0,0
20110708,3.94,3.94,3.94,3.94,0,0
20110711,4.13,4.13,3.94,3.94,0,0
20110712,3.94,3.94,3.56,3.94,0,0
20110713,3.94,4.13,3.56,4.13,0,0
20110714,3.94,4.13,3.75,3.94,0,0
20110715,3.94,4.13,3.94,4.13,0,0
20110718,3.94,3.94,3.75,3.94,0,0
20110719,3.75,3.94,3.75,3.75,0,0
20110720,3.75,4.5,3.75,4.13,0,0
20110721,4.31,4.31,3.94,3.94,0,0
20110722,3.94,4.31,3.75,4.31,0,0
20110725,4.13,4.5,3.75,4.31,0,0
20110726,4.31,4.31,3.94,4.13,0,0
20110727,3.94,4.13,3.94,4.13,0,0
20110728,3.94,3.94,3.38,3.75,0,0
20110729,3.38,3.56,3.19,3.56,0,0
20110801,3.56,3.56,3.38,3.56,0,0
20110802,3.56,3.56,3.19,3.38,0,0
20110803,3.38,3.38,3.19,3.19,0,0
20110804,3,3,3,3,0,0
20110805,3,3.19,2.81,2.81,0,0
20110808,2.81,3,2.63,2.81,0,0
20110809,2.81,2.81,2.81,2.81,0,0
20110810,3,3.19,2.81,2.81,0,0
20110811,2.81,3,2.63,2.81,0,0
20110812,2.81,3.19,2.81,3.19,0,0
20110816,3.19,3.19,3,3,0,0
20110817,3.19,3.19,2.81,2.81,0,0
20110818,3,3,2.44,2.44,0,0
20110819,2.44,2.63,2.25,2.63,0,0
20110822,2.63,3,2.63,3,0,0
20110823,3,3,2.81,2.81,0,0
20110824,3,3,2.81,2.81,0,0
20110825,3,3.19,3,3.19,0,0
20110826,3,3,2.81,2.81,0,0
20110829,2.81,2.81,2.81,2.81,0,0
20110830,2.81,3,2.81,2.81,0,0
20110831,2.81,2.81,2.63,2.81,0,0
20110901,2.81,2.81,2.81,2.81,0,0
20110902,2.81,3,2.44,2.81,0,0
20110905,2.81,2.81,2.81,2.81,0,0
20110906,2.81,2.81,2.63,2.63,0,0
20110907,2.81,2.81,2.44,2.44,0,0
20110908,2.63,2.63,2.63,2.63,0,0
20110909,2.44,2.63,2.44,2.44,0,0
20110912,2.44,2.63,2.44,2.63,0,0
20110913,2.44,2.63,2.44,2.44,0,0
20110914,2.44,2.44,2.44,2.44,0,0
20110915,2.44,2.44,2.44,2.44,0,0
20110916,2.44,2.63,2.44,2.63,0,0
20110919,2.44,2.44,2.44,2.44,0,0
20110920,2.25,2.44,2.06,2.44,0,0
20110921,2.44,2.63,2.44,2.63,0,0
20110922,2.44,2.44,2.25,2.44,0,0
20110923,2.44,2.63,2.44,2.44,0,0
20110926,2.44,2.63,2.44,2.63,0,0
20110927,2.44,2.44,2.44,2.44,0,0
20110928,2.44,2.63,2.44,2.44,0,0
20110929,2.44,3,2.44,2.81,0,0
20110930,2.81,2.81,2.81,2.81,0,0
20111003,2.63,2.81,2.63,2.81,0,0
20111004,2.81,2.81,2.63,2.63,0,0
20111005,2.63,2.81,2.63,2.81,0,0
20111006,2.63,2.81,2.63,2.63,0,0
20111007,2.63,3,2.63,3,0,0
20111010,3.19,3.19,3,3,0,0
20111011,3.19,3.38,2.81,2.81,0,0
20111012,2.63,2.81,2.63,2.63,0,0
20111013,2.63,2.81,2.63,2.81,0,0
20111014,2.81,3,2.81,2.81,0,0
20111017,2.81,2.81,2.63,2.63,0,0
20111018,2.63,2.81,2.63,2.81,0,0
20111019,2.63,2.63,2.44,2.44,0,0
20111020,2.81,2.81,2.44,2.63,0,0
20111021,2.63,2.63,2.63,2.63,0,0
20111024,2.63,2.81,2.63,2.81,0,0
20111025,2.81,2.81,2.81,2.81,0,0
20111027,2.63,2.81,2.44,2.44,0,0
20111028,2.44,2.63,2.44,2.63,0,0
20111031,2.63,2.63,2.44,2.44,0,0
20111102,2.44,2.63,2.25,2.63,0,0
20111103,2.63,2.81,2.63,2.81,0,0
20111104,2.63,2.81,2.63,2.63,0,0
20111107,2.63,2.81,2.63,2.81,0,0
20111108,2.81,2.81,2.63,2.63,0,0
20111109,2.63,2.81,2.63,2.81,0,0
20111110,2.63,2.81,2.63,2.81,0,0
20111114,2.63,2.63,2.63,2.63,0,0
20111115,2.63,2.63,2.44,2.63,0,0
20111116,2.44,2.63,2.44,2.63,0,0
20111117,2.63,2.81,2.63,2.63,0,0
20111118,2.63,2.63,2.63,2.63,0,0
20111121,2.63,2.63,2.44,2.44,0,0
20111122,2.44,2.63,2.44,2.63,0,0
20111123,2.44,2.63,2.25,2.63,0,0
20111124,2.44,2.44,2.44,2.44,0,0
20111125,2.44,2.63,2.25,2.25,0,0
20111128,2.44,2.63,2.44,2.63,0,0
20111129,2.44,2.44,2.44,2.44,0,0
20111130,2.44,2.44,2.44,2.44,0,0
20111201,2.44,2.44,2.44,2.44,0,0
20111202,2.44,2.44,2.25,2.25,0,0
20111205,2.25,2.44,2.25,2.44,0,0
20111206,2.25,2.25,2.25,2.25,0,0
20111207,2.25,2.25,2.06,2.25,0,0
20111208,2.06,2.25,2.06,2.06,0,0
20111209,2.06,2.25,2.06,2.06,0,0
20111212,2.06,2.06,2.06,2.06,0,0
20111213,2.06,2.06,2.06,2.06,0,0
20111214,2.06,2.25,2.06,2.25,0,0
20111215,2.25,2.44,2.25,2.44,0,0
20111216,2.44,2.44,2.44,2.44,0,0
20111221,2.44,2.44,2.44,2.44,0,0
20111223,2.44,2.44,2.44,2.44,0,0
20111227,2.44,2.44,2.06,2.25,0,0
20111228,2.25,2.25,2.25,2.25,0,0
20111229,2.25,2.25,2.25,2.25,0,0
20111230,2.25,2.25,2.25,2.25,0,0
20120102,2.44,2.44,2.44,2.44,0,0
20120103,2.44,2.44,2.06,2.06,0,0
20120104,2.06,2.06,2.06,2.06,0,0
20120105,2.06,2.06,2.06,2.06,0,0
20120109,2.06,2.06,2.06,2.06,0,0
20120110,2.06,2.06,2.06,2.06,0,0
20120111,2.06,2.06,2.06,2.06,0,0
20120112,2.06,2.06,2.06,2.06,0,0
20120113,2.06,2.06,2.06,2.06,0,0
20120116,2.06,2.44,2.06,2.44,0,0
20120117,2.25,2.44,2.25,2.44,0,0
20120118,2.25,2.25,2.25,2.25,0,0
20120119,2.25,2.25,2.25,2.25,0,0
20120124,2.44,2.44,2.44,2.44,0,0
20120125,2.44,2.44,2.44,2.44,0,0
20120126,2.63,2.63,2.44,2.63,0,0
20120127,2.44,2.63,2.44,2.63,0,0
20120130,2.63,2.81,2.63,2.81,0,0
20120131,2.44,2.81,2.44,2.44,0,0
20120201,2.44,3.38,2.44,3.38,0,0
20120202,3.56,4.13,3.19,3.56,0,0
20120203,3.75,4.13,3.75,4.13,0,0
20120206,3.94,3.94,3.38,3.56,0,0
20120207,3.56,3.75,3.56,3.75,0,0
20120208,3.75,3.94,3.38,3.38,0,0
20120209,3.38,3.38,3.19,3.38,0,0
20120210,3.38,3.38,3.38,3.38,0,0
20120213,3.38,3.75,3.38,3.56,0,0
20120214,3.56,3.75,3.38,3.75,0,0
20120215,3.75,3.75,3.38,3.56,0,0
20120216,3.56,3.56,3.56,3.56,0,0
20120217,3.56,3.75,3.38,3.38,0,0
20120220,3.56,3.56,3.56,3.56,0,0
20120221,3.38,3.38,3.38,3.38,0,0
20120222,3.38,3.38,3.19,3.19,0,0
20120223,3.38,3.38,3.19,3.19,0,0
20120224,3.38,3.38,3.38,3.38,0,0
20120227,3.38,3.38,3.19,3.38,0,0
20120228,3.19,3.19,3.19,3.19,0,0
20120229,3.38,3.38,3.38,3.38,0,0
20120301,3.19,3.56,3.19,3.56,0,0
20120302,3.38,3.38,3.38,3.38,0,0
20120305,3.38,3.38,3.38,3.38,0,0
20120306,3.38,3.38,3.19,3.19,0,0
20120307,3.19,3.19,3.19,3.19,0,0
20120308,3.19,3.19,3,3.19,0,0
20120309,3.19,3.38,3.19,3.19,0,0
20120312,3.19,3.19,3.19,3.19,0,0
20120313,3.19,3.19,3.19,3.19,0,0
20120314,3.19,3.19,3.19,3.19,0,0
20120315,3.19,3.19,3.19,3.19,0,0
20120316,3.19,3.38,3.19,3.38,0,0
20120320,3.19,3.19,3.19,3.19,0,0
20120321,3.19,3.19,3.19,3.19,0,0
20120322,3.19,3.19,3,3,0,0
20120323,3,3,3,3,0,0
20120326,3,3,2.81,2.81,0,0
20120327,2.81,2.81,2.81,2.81,0,0
20120328,2.81,2.81,2.81,2.81,0,0
20120329,2.81,2.81,2.81,2.81,0,0
20120330,2.81,3,2.81,3,0,0
20120402,3,3,2.81,2.81,0,0
20120403,2.81,3.19,2.81,3.19,0,0
20120404,3,3,3,3,0,0
20120405,3.19,3.19,3,3.19,0,0
20120410,3.19,3.19,3.19,3.19,0,0
20120411,3,3,3,3,0,0
20120413,3,3,3,3,0,0
20120416,3,3,2.81,2.81,0,0
20120417,2.81,2.81,2.63,2.63,0,0
20120418,2.63,2.63,2.63,2.63,0,0
20120419,2.63,2.63,2.63,2.63,0,0
20120420,2.81,2.81,2.44,2.63,0,0
20120423,2.44,2.44,2.44,2.44,0,0
20120424,2.44,2.44,2.44,2.44,0,0
20120425,2.44,2.44,2.44,2.44,0,0
20120426,2.44,2.44,2.44,2.44,0,0
20120427,2.44,2.44,2.44,2.44,0,0
20120430,2.63,2.63,2.63,2.63,0,0
20120502,2.63,2.63,2.44,2.44,0,0
20120504,2.63,2.63,2.63,2.63,0,0
20120507,2.63,2.63,2.63,2.63,0,0
20120508,2.63,2.63,2.44,2.44,0,0
20120509,2.44,2.44,2.44,2.44,0,0
20120510,2.44,2.44,2.44,2.44,0,0
20120511,2.44,2.44,2.44,2.44,0,0
20120514,2.44,2.44,2.25,2.44,0,0
20120515,2.44,2.63,2.44,2.63,0,0
20120518,2.44,2.63,2.44,2.63,0,0
20120521,2.63,2.63,2.63,2.63,0,0
20120522,2.63,2.63,2.63,2.63,0,0
20120523,2.63,2.63,2.63,2.63,0,0
20120524,2.63,2.63,2.44,2.44,0,0
20120525,2.44,2.44,2.44,2.44,0,0
20120531,2.44,2.44,2.44,2.44,0,0
20120601,2.44,2.63,2.25,2.63,0,0
20120604,2.63,2.63,2.63,2.63,0,0
20120608,2.25,2.44,2.25,2.44,0,0
20120611,2.25,2.25,2.25,2.25,0,0
20120612,2.25,2.25,2.25,2.25,0,0
20120614,2.44,2.44,2.25,2.25,0,0
20120615,2.44,2.44,2.25,2.25,0,0
20120618,2.06,2.06,2.06,2.06,0,0
20120620,2.06,2.06,2.06,2.06,0,0
20120621,2.06,2.63,2.06,2.63,0,0
20120622,2.63,2.81,2.44,2.63,0,0
20120625,2.63,2.63,2.44,2.63,0,0
20120626,2.81,3,2.81,3,0,0
20120627,2.63,2.81,2.63,2.81,0,0
20120628,2.81,2.81,2.63,2.63,0,0
20120705,2.44,2.44,2.44,2.44,0,0
20120706,2.44,2.44,2.44,2.44,0,0
20120709,2.44,2.44,2.44,2.44,0,0
20120710,2.44,2.44,2.25,2.25,0,0
20120711,2.25,2.25,2.25,2.25,0,0
20120712,2.25,2.25,2.25,2.25,0,0
20120713,2.44,2.44,2.44,2.44,0,0
20120717,2.25,2.25,2.25,2.25,0,0
20120718,2.25,2.25,2.25,2.25,0,0
20120720,2.25,2.25,2.25,2.25,0,0
20120723,2.25,2.44,2.25,2.44,0,0
20120726,2.44,2.44,2.25,2.25,0,0
20120727,2.25,2.25,2.06,2.06,0,0
20120730,2.25,2.25,2.06,2.06,0,0
20120802,2.25,2.25,2.25,2.25,0,0
20120803,2.25,2.44,2.25,2.44,0,0
20120806,2.44,2.44,2.44,2.44,0,0
20120807,2.44,2.44,2.44,2.44,0,0
20120808,2.25,2.25,2.25,2.25,0,0
20120809,2.25,2.25,2.25,2.25,0,0
20120810,2.25,2.44,2.25,2.44,0,0
20120814,2.25,2.25,2.25,2.25,0,0
20120817,2.25,2.25,2.25,2.25,0,0
20120820,2.25,2.25,2.25,2.25,0,0
20120821,2.25,2.25,2.25,2.25,0,0
20120822,2.25,2.25,2.25,2.25,0,0
20120828,2.06,2.06,2.06,2.06,0,0
20120829,2.25,2.25,2.06,2.06,0,0
20120831,2.25,2.25,2.25,2.25,0,0
20120906,2.06,2.06,2.06,2.06,0,0
20120907,1.88,2.06,1.88,2.06,0,0
20120910,2.06,2.06,1.88,1.88,0,0
20120911,1.88,1.88,1.88,1.88,0,0
20120912,1.88,1.88,1.88,1.88,0,0
20120913,1.88,1.88,1.88,1.88,0,0
20120914,1.88,1.88,1.88,1.88,0,0
20120917,2.06,2.06,2.06,2.06,0,0
20120918,2.06,2.25,2.06,2.25,0,0
20120919,2.25,2.63,2.25,2.25,0,0
20120920,2.25,2.25,2.06,2.06,0,0
20120921,2.25,2.25,2.25,2.25,0,0
20120924,2.25,2.25,2.25,2.25,0,0
20120925,2.25,2.25,2.25,2.25,0,0
20120926,2.25,2.25,2.25,2.25,0,0
20120927,2.25,2.25,2.25,2.25,0,0
20121001,2.25,2.25,2.25,2.25,0,0
20121003,2.25,2.63,2.25,2.63,0,0
20121004,2.63,2.63,2.63,2.63,0,0
20121005,2.44,2.44,2.44,2.44,0,0
20121008,2.63,2.63,2.63,2.63,0,0
20121009,2.44,2.44,2.44,2.44,0,0
20121010,2.44,2.44,2.25,2.25,0,0
20121011,2.44,2.44,2.44,2.44,0,0
20121012,2.44,2.44,2.44,2.44,0,0
20121015,2.44,2.44,2.44,2.44,0,0
20121017,2.25,2.25,2.25,2.25,0,0
20121018,2.44,2.44,2.44,2.44,0,0
20121019,2.44,2.44,2.44,2.44,0,0
20121023,2.44,2.81,2.44,2.63,0,0
20121024,2.81,2.81,2.81,2.81,0,0
20121105,2.81,2.81,2.44,2.44,0,0
20121106,2.44,2.44,2.44,2.44,0,0
20121107,2.44,2.81,2.44,2.81,0,0
20121108,2.81,2.81,2.81,2.81,0,0
20121109,2.44,2.44,2.44,2.44,0,0
20121112,2.63,2.63,2.63,2.63,0,0
20121113,2.63,2.63,2.63,2.63,0,0
20121114,2.63,2.63,2.63,2.63,0,0
20121115,2.63,2.63,2.63,2.63,0,0
20121116,2.63,2.63,2.63,2.63,0,0
20121119,2.63,2.63,2.63,2.63,0,0
20121120,2.63,2.63,2.63,2.63,0,0
20121121,2.63,2.63,2.63,2.63,0,0
20121122,2.63,2.81,2.63,2.81,0,0
20121123,2.63,3.38,2.63,3,0,0
20121126,3,3.38,3,3.38,0,0
20121127,3.19,3.38,3.19,3.19,0,0
20121128,3,3.19,3,3,0,0
20121129,3,3.38,3,3.38,0,0
20121203,3.38,3.38,3.19,3.19,0,0
20121204,3.19,3.19,3.19,3.19,0,0
20121205,3.19,3.19,3,3,0,0
20121206,3,3,3,3,0,0
20121207,3,3,3,3,0,0
20121210,2.81,2.81,2.81,2.81,0,0
20121211,2.81,2.81,2.81,2.81,0,0
20121212,2.81,2.81,2.81,2.81,0,0
20121213,2.81,2.81,2.81,2.81,0,0
20121214,2.81,2.81,2.81,2.81,0,0
20121217,2.81,2.81,2.81,2.81,0,0
20121218,2.81,2.81,2.44,2.44,0,0
20121219,2.44,2.44,2.44,2.44,0,0
20121220,2.44,2.44,2.44,2.44,0,0
20121221,2.25,2.25,2.25,2.25,0,0
20121227,2.25,2.25,2.25,2.25,0,0
20130102,2.44,2.44,2.25,2.25,0,0
20130103,2.44,2.44,2.44,2.44,0,0
20130107,2.44,2.44,2.44,2.44,0,0
20130108,2.44,2.44,2.44,2.44,0,0
20130109,2.44,2.44,2.44,2.44,0,0
20130110,2.44,2.44,2.44,2.44,0,0
20130111,2.44,2.44,2.44,2.44,0,0
20130114,2.44,2.44,2.44,2.44,0,0
20130117,2.25,2.25,2.25,2.25,0,0
20130118,2.25,2.25,2.25,2.25,0,0
20130121,2.44,2.44,2.44,2.44,0,0
20130122,2.44,2.44,2.25,2.44,0,0
20130125,2.63,2.63,2.63,2.63,0,0
20130128,2.63,2.63,2.63,2.63,0,0
20130129,2.63,2.63,2.63,2.63,0,0
20130130,2.63,2.63,2.63,2.63,0,0
20130131,2.63,2.63,2.63,2.63,0,0
20130201,2.63,2.63,2.44,2.44,0,0
20130207,2.44,2.44,2.44,2.44,0,0
20130211,2.44,2.44,2.44,2.44,0,0
20130213,2.25,2.25,2.25,2.25,0,0
20130214,2.44,2.44,2.44,2.44,0,0
20130215,2.44,2.44,2.25,2.25,0,0
20130218,2.25,2.25,2.25,2.25,0,0
20130219,2.25,2.25,2.25,2.25,0,0
20130221,2.25,2.25,2.25,2.25,0,0
20130222,2.25,2.25,2.25,2.25,0,0
20130225,2.25,2.25,2.25,2.25,0,0
20130226,2.25,2.25,2.25,2.25,0,0
20130227,2.25,2.25,2.25,2.25,0,0
20130301,2.25,2.25,2.25,2.25,0,0
20130304,2.25,2.25,2.25,2.25,0,0
20130305,2.25,2.25,2.25,2.25,0,0
20130311,2.25,2.25,2.25,2.25,0,0
20130313,2.06,2.25,2.06,2.06,0,0
20130314,2.25,2.44,2.25,2.25,0,0
20130318,2.25,2.25,2.25,2.25,0,0
20130319,2.25,2.25,2.25,2.25,0,0
20130321,2.06,2.06,2.06,2.06,0,0
20130322,2.06,2.06,2.06,2.06,0,0
20130325,2.25,2.25,2.06,2.06,0,0
20130326,2.25,2.25,2.25,2.25,0,0
20130327,2.25,2.25,2.25,2.25,0,0
20130403,2.06,2.06,2.06,2.06,0,0
20130404,2.06,2.06,1.88,2.06,0,0
20130405,2.06,3.19,2.06,3.19,0,0
20130408,3.38,3.38,2.81,2.81,0,0
20130409,3,3.19,2.25,2.44,0,0
20130410,2.25,2.63,2.25,2.44,0,0
20130411,2.44,2.44,2.25,2.25,0,0
20130412,2.25,2.25,2.25,2.25,0,0
20130415,2.44,2.44,2.44,2.44,0,0
20130417,2.44,2.44,2.25,2.25,0,0
20130418,2.06,2.25,2.06,2.06,0,0
20130419,1.88,2.06,1.88,2.06,0,0
20130422,2.06,2.06,2.06,2.06,0,0
20130423,1.88,2.06,1.88,1.88,0,0
20130424,1.88,1.88,1.88,1.88,0,0
20130425,1.88,1.88,1.88,1.88,0,0
20130426,2.06,2.06,2.06,2.06,0,0
20130430,2.06,2.06,2.06,2.06,0,0
20130502,2.06,2.06,1.88,1.88,0,0
20130506,1.88,2.25,1.88,2.25,0,0
20130507,2.06,3,2.06,3,0,0
20130508,3,3.38,2.63,2.63,0,0
20130509,2.63,2.81,2.63,2.81,0,0
20130510,2.81,2.81,2.81,2.81,0,0
20130513,2.81,2.81,2.44,2.44,0,0
20130514,2.63,2.63,2.63,2.63,0,0
20130515,2.63,2.63,2.63,2.63,0,0
20130520,2.44,2.63,2.44,2.63,0,0
20130521,2.63,2.63,2.63,2.63,0,0
20130522,2.81,2.81,2.81,2.81,0,0
20130523,2.63,2.63,2.63,2.63,0,0
20130527,2.63,2.63,2.63,2.63,0,0
20130531,2.44,3.38,2.44,3.38,0,0
20130603,3.38,3.38,3.19,3.19,0,0
20130604,3,3,3,3,0,0
20130605,3.19,3.19,3.19,3.19,0,0
20130606,3.19,3.75,3.19,3.75,0,0
20130607,3.75,5.06,3.75,4.69,0,0
20130610,3.94,4.13,3.75,4.13,0,0
20130611,3.94,3.94,3.75,3.75,0,0
20130612,3.75,3.75,3.75,3.75,0,0
20130613,3.56,5.25,3.56,5.25,0,0
20130614,5.06,5.06,4.5,4.5,0,0
20130617,4.5,4.5,4.31,4.5,0,0
20130618,4.5,4.5,4.5,4.5,0,0
20130619,4.31,4.31,4.31,4.31,0,0
20130620,4.31,4.31,4.31,4.31,0,0
20130624,4.5,4.69,4.5,4.69,0,0
20130626,4.31,4.31,3.75,4.13,0,0
20130704,3.56,3.94,3.56,3.94,0,0
20130708,3.75,3.75,3.19,3.75,0,0
20130711,3.75,3.75,3.75,3.75,0,0
20130712,3.75,3.75,3.75,3.75,0,0
20130715,3.56,3.56,3.38,3.38,0,0
20130716,3.56,3.56,3.56,3.56,0,0
20130717,3.56,3.56,3.56,3.56,0,0
20130718,3.56,3.56,3.38,3.38,0,0
20130719,3.38,3.38,3.38,3.38,0,0
20130722,3.56,3.56,3.56,3.56,0,0
20130723,3.56,3.56,3.56,3.56,0,0
20130724,3.56,3.56,3.56,3.56,0,0
20130725,3.56,3.56,3.56,3.56,0,0
20130726,3.56,3.56,3.56,3.56,0,0
20130729,3.56,3.56,3.56,3.56,0,0
20130730,3.56,3.56,3.56,3.56,0,0
20130731,3.56,3.56,3.56,3.56,0,0
20130801,3.56,3.56,3.56,3.56,0,0
20130802,3.56,3.56,3.56,3.56,0,0
20130805,3.56,3.56,3.56,3.56,0,0
20130806,3.56,3.56,3.56,3.56,0,0
20130807,3.56,3.56,3.56,3.56,0,0
20130808,3.56,3.56,3.38,3.38,0,0
20130809,3.56,3.56,3.56,3.56,0,0
20130812,3.19,3.19,3.19,3.19,0,0
20130813,3.19,3.19,3,3,0,0
20130814,3,3,3,3,0,0
20130816,3.19,3.19,3.19,3.19,0,0
20130819,3.19,3.19,3.19,3.19,0,0
20130820,3.19,3.19,3.19,3.19,0,0
20130821,3,3.75,3,3.75,0,0
20130822,3.94,4.5,3.94,4.5,0,0
20130823,4.5,4.69,4.5,4.69,0,0
20130826,4.13,4.5,3.94,4.5,0,0
20130827,4.69,4.69,3.94,3.94,0,0
20130830,3.94,3.94,3.94,3.94,0,0
20130902,4.13,4.13,4.13,4.13,0,0
20130905,3.94,3.94,3.94,3.94,0,0
20130909,3.75,3.75,3.75,3.75,0,0
20130910,3.75,4.5,3.56,3.94,0,0
20130913,4.5,4.5,4.5,4.5,0,0
20130916,3.75,4.5,3.75,3.75,0,0
20130917,3.75,3.75,3.75,3.75,0,0
20130920,3.75,3.75,3.75,3.75,0,0
20130930,3.56,3.56,3.56,3.56,0,0
20131001,3.56,3.56,3.56,3.56,0,0
20131002,3.56,3.56,3.38,3.38,0,0
20131003,3.19,3.38,3.19,3.38,0,0
20131004,3.38,3.38,3.38,3.38,0,0
20131008,3.38,3.38,3.38,3.38,0,0
20131009,3.38,3.38,3.38,3.38,0,0
20131010,3.56,3.94,3.56,3.94,0,0
20131024,3.94,3.94,3.94,3.94,0,0
20131025,3.94,3.94,3.75,3.75,0,0
20131028,3.75,3.75,3.75,3.75,0,0
20131029,3.75,3.75,3.75,3.75,0,0
20131030,3.75,3.75,3.38,3.75,0,0
20131104,3.75,3.75,3.75,3.75,0,0
20131105,3.75,3.75,3.75,3.75,0,0
20131106,3.75,3.75,3.75,3.75,0,0
20131112,3.38,3.38,3.38,3.38,0,0
20131113,3.38,3.38,3.38,3.38,0,0
20131114,3.38,3.38,3.38,3.38,0,0
20131118,3.38,3.38,3.38,3.38,0,0
20131119,3.56,3.56,3.56,3.56,0,0
20131120,3.56,3.56,3.38,3.38,0,0
20131125,3.38,3.38,3.38,3.38,0,0
20131126,3.56,3.56,3.56,3.56,0,0
20131127,3.56,3.56,3.56,3.56,0,0
20131128,3.56,3.56,3.38,3.38,0,0
20131202,3.19,3.19,3.19,3.19,0,0
20131203,3.19,3.56,3.19,3.56,0,0
20131205,3.38,3.38,3.38,3.38,0,0
20131209,3.19,3.19,3.19,3.19,0,0
20131210,3.19,3.19,3.19,3.19,0,0
20131211,3.19,3.19,3.19,3.19,0,0
20131219,3.56,3.56,3.56,3.56,0,0
20131220,3.38,3.38,3.38,3.38,0,0
20131223,3.56,3.56,3.56,3.56,0,0
20131227,3.56,3.56,3.56,3.56,0,0
20131230,3.56,3.56,3.38,3.38,0,0
20140102,3.56,3.56,3.38,3.38,0,0
20140103,3.56,3.56,3.19,3.38,0,0
20140107,3.38,3.38,3.38,3.38,0,0
20140108,3.38,3.38,3.38,3.38,0,0
20140109,3.38,3.38,3.38,3.38,0,0
20140110,3.38,3.38,3.38,3.38,0,0
20140113,3.38,3.38,3.38,3.38,0,0
20140114,3.38,3.38,3.19,3.19,0,0
20140116,3.19,3.19,3.19,3.19,0,0
20140117,3.19,3.19,3,3,0,0
20140121,3,3,3,3,0,0
20140122,3.19,3.38,3.19,3.38,0,0
20140123,3.38,3.38,3.38,3.38,0,0
20140124,3.38,3.38,3,3,0,0
20140127,3,3,3,3,0,0
20140129,3,3,3,3,0,0
20140206,3,3,3,3,0,0
20140207,2.81,2.81,2.81,2.81,0,0
20140210,3.19,3.19,3.19,3.19,0,0
20140211,3,3,3,3,0,0
20140212,3.19,3.19,3.19,3.19,0,0
20140213,3.38,3.38,2.81,3,0,0
20140214,3.19,3.19,3.19,3.19,0,0
20140218,3.19,3.19,3.19,3.19,0,0
20140219,3.19,3.19,2.81,3.19,0,0
20140220,3.19,3.19,3.19,3.19,0,0
20140221,3.19,3.19,3.19,3.19,0,0
20140224,3,3.19,3,3.19,0,0
20140225,3,3,3,3,0,0
20140226,3,3,3,3,0,0
20140228,3,3.56,3,3.56,0,0
20140303,3.56,3.75,3,3,0,0
20140304,3,3,3,3,0,0
20140305,3.19,3.19,3.19,3.19,0,0
20140306,3.19,3.19,3,3,0,0
20140307,3,3,3,3,0,0
20140310,3,3.19,3,3.19,0,0
20140311,3.19,3.75,3.19,3.75,0,0
20140312,3.38,3.94,3.19,3.19,0,0
20140313,3.38,3.38,3.19,3.19,0,0
20140314,3.19,3.19,3,3,0,0
20140318,3.19,3.19,3.19,3.19,0,0
20140319,3.19,3.19,3.19,3.19,0,0
20140320,3.19,3.38,3.19,3.19,0,0
20140321,3.38,3.38,3,3.19,0,0
20140324,3.38,3.38,3.19,3.19,0,0
20140325,3.19,3.19,3,3,0,0
20140326,3,3,3,3,0,0
20140327,3,3,3,3,0,0
20140328,3,3.19,2.81,3.19,0,0
20140331,3,3,2.81,2.81,0,0
20140401,2.81,2.81,2.81,2.81,0,0
20140402,2.81,2.81,2.81,2.81,0,0
20140403,2.81,2.81,2.81,2.81,0,0
20140404,2.63,2.63,2.63,2.63,0,0
20140407,2.63,2.63,2.63,2.63,0,0
20140410,2.81,2.81,2.81,2.81,0,0
20140414,2.63,2.63,2.63,2.63,0,0
20140415,2.63,2.63,2.63,2.63,0,0
20140416,2.63,2.63,2.63,2.63,0,0
20140417,2.81,2.81,2.81,2.81,0,0
20140422,2.81,2.81,2.81,2.81,0,0
20140423,2.81,2.81,2.81,2.81,0,0
20140424,2.81,2.81,2.81,2.81,0,0
20140425,2.81,2.81,2.81,2.81,0,0
20140428,2.81,2.81,2.63,2.63,0,0
20140429,2.63,2.63,2.63,2.63,0,0
20140430,2.63,2.63,2.63,2.63,0,0
20140502,2.63,3.19,2.63,3.19,0,0
20140505,3.19,3.19,3.19,3.19,0,0
20140506,3,3,2.63,2.63,0,0
20140507,2.63,2.63,2.63,2.63,0,0
20140508,2.63,2.81,2.63,2.81,0,0
20140509,2.81,2.81,2.63,2.63,0,0
20140512,2.63,2.63,2.63,2.63,0,0
20140513,2.81,3,2.81,3,0,0
20140514,3,3,3,3,0,0
20140515,3,3,3,3,0,0
20140516,3,3,3,3,0,0
20140519,3,3,3,3,0,0
20140520,3,3,3,3,0,0
20140602,3,3,3,3,0,0
20140603,3,3,2.81,3,0,0
20140606,3,3,3,3,0,0
20140609,3,3,3,3,0,0
20140610,2.81,2.81,2.81,2.81,0,0
20140611,2.81,2.81,2.81,2.81,0,0
20140612,2.81,2.81,2.81,2.81,0,0
20140613,2.81,2.81,2.81,2.81,0,0
20140616,2.63,2.63,2.63,2.63,0,0
20140620,2.63,2.63,2.63,2.63,0,0
20140623,2.63,2.63,2.63,2.63,0,0
20140624,2.63,2.63,2.63,2.63,0,0
20140625,2.63,2.63,2.63,2.63,0,0
20140626,2.63,2.63,2.63,2.63,0,0
20140627,2.63,2.63,2.63,2.63,0,0
20140630,2.63,2.63,2.63,2.63,0,0
20140717,2.63,2.63,2.63,2.63,0,0
20140721,2.44,2.44,2.44,2.44,0,0
20140722,2.63,2.63,2.63,2.63,0,0
20140723,2.63,2.63,2.63,2.63,0,0
20140724,2.63,2.63,2.63,2.63,0,0
20140728,2.81,2.81,2.81,2.81,0,0
20140731,2.81,2.81,2.81,2.81,0,0
20140801,2.63,2.63,2.44,2.44,0,0
20140804,2.44,2.44,2.44,2.44,0,0
20140805,2.44,2.44,2.44,2.44,0,0
20140806,2.44,2.44,2.44,2.44,0,0
20140807,2.44,2.44,2.44,2.44,0,0
20140808,2.44,2.63,2.44,2.63,0,0
20140811,2.63,2.63,2.63,2.63,0,0
20140812,2.63,2.63,2.63,2.63,0,0
20140813,2.63,2.63,2.63,2.63,0,0
20140814,2.81,2.81,2.81,2.81,0,0
20140818,2.81,2.81,2.81,2.81,0,0
20140821,2.81,2.81,2.81,2.81,0,0
20140822,2.81,2.81,2.81,2.81,0,0
20140825,2.81,2.81,2.81,2.81,0,0
20140827,2.81,2.81,2.81,2.81,0,0
20140828,2.81,2.81,2.63,2.63,0,0
20140901,2.63,2.63,2.63,2.63,0,0
20140902,2.81,2.81,2.81,2.81,0,0
20140904,2.81,2.81,2.81,2.81,0,0
20140905,2.81,2.81,2.81,2.81,0,0
20140908,2.81,2.81,2.81,2.81,0,0
20140909,2.81,2.81,2.63,2.63,0,0
20140910,2.63,2.63,2.44,2.44,0,0
20140911,2.44,2.44,2.44,2.44,0,0
20140912,2.44,2.44,2.44,2.44,0,0
20140916,2.44,2.44,2.44,2.44,0,0
20140918,2.63,2.63,2.63,2.63,0,0
20140922,2.63,2.63,2.63,2.63,0,0
20140923,2.63,2.81,2.44,2.81,0,0
20140924,2.44,2.44,2.44,2.44,0,0
20140925,2.63,2.63,2.63,2.63,0,0
20140929,2.63,2.63,2.63,2.63,0,0
20141002,2.44,2.44,2.44,2.44,0,0
20141003,2.44,2.44,2.44,2.44,0,0
20141006,2.44,2.63,2.44,2.63,0,0
20141007,2.81,2.81,2.81,2.81,0,0
20141008,2.81,2.81,2.81,2.81,0,0
20141009,2.81,2.81,2.81,2.81,0,0
20141010,2.81,2.81,2.81,2.81,0,0
20141013,2.81,2.81,2.81,2.81,0,0
20141014,2.81,2.81,2.44,2.44,0,0
20141015,2.44,2.44,2.44,2.44,0,0
20141016,2.44,2.44,2.44,2.44,0,0
20141020,2.63,2.63,2.63,2.63,0,0
20141022,2.63,2.63,2.63,2.63,0,0
20141023,2.63,2.63,2.63,2.63,0,0
20141024,2.63,2.63,2.63,2.63,0,0
20141027,2.63,2.63,2.63,2.63,0,0
20141028,2.63,2.63,2.63,2.63,0,0
20141029,2.63,2.63,2.63,2.63,0,0
20141030,2.63,2.63,2.63,2.63,0,0
20141031,2.63,2.63,2.44,2.44,0,0
20141103,2.63,2.63,2.63,2.63,0,0
20141104,2.63,2.63,2.63,2.63,0,0
20141105,2.63,2.63,2.63,2.63,0,0
20141106,2.63,2.63,2.63,2.63,0,0
20141124,2.53,2.53,2.16,2.29,0,0
20141125,2.03,2.12,2.03,2.12,0,0
20141205,2.04,2.04,2.04,2.04,0,0
20141208,2.04,2.04,2.04,2.04,0,0
20141215,2.01,2.01,1.91,1.91,0,0
20141229,1.93,1.93,1.93,1.93,0,0
20141230,1.93,1.93,1.82,1.82,0,0
