Date,Open,High,Low,Close,Volume,OpenInt
20070920,48.75,48.75,48.75,48.75,0,0
20070924,48.14,48.14,48.14,48.14,0,0
20070925,45.42,45.42,45.42,45.42,0,0
20070926,42.59,42.59,42.59,42.59,0,0
20070927,42.89,42.89,42.89,42.89,0,0
20070928,47.13,47.13,47.13,47.13,0,0
20071001,49.45,49.45,49.45,49.45,0,0
20071002,51.37,51.37,51.37,51.37,0,0
20071003,50.36,50.36,50.36,50.36,0,0
20071004,50.46,50.46,50.46,50.46,0,0
20071005,50.56,50.56,50.56,50.56,0,0
20071008,51.17,51.17,51.17,51.17,0,0
20071009,51.07,51.07,51.07,51.07,0,0
20071010,53.19,53.19,53.19,53.19,0,0
20071011,53.19,53.19,53.19,53.19,0,0
20071012,54.4,54.4,54.4,54.4,0,0
20071015,57.53,57.53,57.53,57.53,0,0
20071016,59.55,59.55,59.55,59.55,0,0
20071017,61.97,61.97,61.97,61.97,0,0
20071018,63.78,63.78,63.78,63.78,0,0
20071019,70.45,70.45,70.45,70.45,0,0
20071022,68.12,68.12,68.12,68.12,0,0
20071023,70.34,70.34,70.34,70.34,0,0
20071024,70.04,70.04,70.04,70.04,0,0
20071025,68.83,68.83,68.83,68.83,0,0
20071026,68.63,68.63,68.63,68.63,0,0
20071029,67.52,67.52,67.52,67.52,0,0
20071030,65.4,65.4,65.4,65.4,0,0
20071031,63.68,63.68,63.68,63.68,0,0
20071102,66.51,66.51,66.51,66.51,0,0
20071105,64.89,64.89,64.89,64.89,0,0
20071106,58.94,58.94,58.94,58.94,0,0
20071107,55.51,55.51,55.51,55.51,0,0
20071108,53.69,53.69,53.69,53.69,0,0
20071109,57.12,57.12,57.02,57.02,0,0
20071112,57.34,60.56,52.48,57.53,0,0
20071113,52.95,57.03,52.48,54.2,0,0
20071114,49.45,57.03,49.45,55,0,0
20071115,55,55,50.46,50.46,0,0
20071116,50.46,51.37,48.54,49.45,0,0
20071119,49.45,53.99,49.45,53.19,0,0
20071120,52.48,52.48,50.46,51.47,0,0
20071121,51.37,51.37,45.41,47.23,0,0
20071122,44.71,48.95,39.36,46.43,0,0
20071123,45.93,47.44,45.93,47.43,0,0
20071126,48.44,49.95,47.43,48.44,0,0
20071127,47.83,47.83,46.42,46.43,0,0
20071128,46.43,50.47,46.43,50.46,0,0
20071129,51.47,51.98,48.44,51.98,0,0
20071130,51.98,51.98,48.45,48.45,0,0
20071203,46.93,46.93,46.93,46.93,0,0
20071204,47.03,47.94,47.03,47.94,0,0
20071205,47.94,47.94,46.43,46.43,0,0
20071206,47.34,50.47,47.34,49.45,0,0
20071207,48.95,50.46,46.42,46.53,0,0
20071210,47.14,50.47,47.14,49.35,0,0
20071211,51.47,53.49,50.06,50.46,0,0
20071212,51.17,51.47,49.45,51.47,0,0
20071213,52.28,52.28,47.94,48.34,0,0
20071214,48.95,49.15,46.42,49.15,0,0
20071217,43.6,49.15,43.4,47.84,0,0
20071218,46.53,46.53,44.51,45.52,0,0
20071219,45.92,47.44,45.92,46.02,0,0
20071220,49.05,49.05,45.41,48.95,0,0
20071221,47.94,47.94,47.03,47.03,0,0
20071227,47.03,47.43,43.6,47.43,0,0
20071228,47.43,47.94,43.8,47.94,0,0
20080102,48.85,48.85,45.42,47.84,0,0
20080103,47.74,47.74,45.42,47.64,0,0
20080104,46.63,49.46,46.43,49.45,0,0
20080107,49.35,49.35,47.43,48.44,0,0
20080108,48.04,48.04,46.32,46.32,0,0
20080109,46.42,46.42,43.39,45.41,0,0
20080110,45.11,45.11,44.2,44.2,0,0
20080111,43.9,45.32,43.9,45.32,0,0
20080114,45.21,45.21,45.21,45.21,0,0
20080115,42.49,45.42,42.49,45.42,0,0
20080116,37.45,44.71,37.45,44.61,0,0
20080117,45.11,45.11,40.37,40.37,0,0
20080118,40.37,41.88,39.87,41.88,0,0
20080121,40.37,40.37,36.83,40.37,0,0
20080122,37.85,39.36,37.85,39.36,0,0
20080123,40.37,41.28,39.86,41.08,0,0
20080124,42.8,42.8,40.37,41.38,0,0
20080125,41.38,41.38,41.38,41.38,0,0
20080128,41.38,43.4,41.38,43.4,0,0
20080129,43.3,43.3,43.3,43.3,0,0
20080130,41.38,43.1,40.37,43,0,0
20080131,43.2,43.2,41.89,42.29,0,0
20080201,41.89,41.89,41.88,41.88,0,0
20080204,41.88,41.88,40.37,41.78,0,0
20080205,41.07,41.07,40.37,40.37,0,0
20080206,40.37,40.37,40.37,40.37,0,0
20080207,38.35,39.87,37.34,39.87,0,0
20080208,40.27,40.27,37.85,37.85,0,0
20080211,35.43,35.43,30.28,31.69,0,0
20080212,32.6,32.6,31.79,31.79,0,0
20080213,31.39,32.29,31.29,31.29,0,0
20080214,29.78,31.79,29.78,31.79,0,0
20080215,31.89,31.89,29.77,31.69,0,0
20080218,30.38,32.8,30.38,32.8,0,0
20080219,32.3,32.3,30.68,30.78,0,0
20080220,31.28,31.28,27.75,29.67,0,0
20080221,30.07,30.07,27.25,29.47,0,0
20080222,29.27,30.28,29.27,30.28,0,0
20080225,30.38,30.38,29.07,29.07,0,0
20080226,30.28,30.28,29.37,29.37,0,0
20080227,30.18,30.18,27.35,28.66,0,0
20080228,28.05,28.05,27.75,27.75,0,0
20080229,27.75,28.66,27.25,28.66,0,0
20080303,28.76,28.76,25.23,26.14,0,0
20080304,26.75,26.75,24.73,24.73,0,0
20080305,24.73,25.03,21,22.81,0,0
20080306,24.22,27.76,23.72,27.25,0,0
20080307,26.75,26.75,24.73,26.24,0,0
20080310,24.73,25.74,24.73,25.74,0,0
20080311,24.23,25.44,24.23,25.43,0,0
20080312,25.43,28.26,25.23,26.14,0,0
20080313,25.43,25.43,25.43,25.43,0,0
20080314,25.23,26.64,25.13,26.64,0,0
20080317,24.22,26.54,24.22,25.53,0,0
20080319,25.63,25.63,23.61,25.03,0,0
20080325,22.71,23.92,22.71,23.92,0,0
20080326,22.71,23.82,22.71,23.82,0,0
20080327,25.03,25.03,22.71,24.12,0,0
20080328,24.22,24.22,24.22,24.22,0,0
20080402,28.76,28.76,28.76,28.76,0,0
20080403,29.16,29.16,25.53,27.65,0,0
20080404,26.04,27.15,25.33,25.84,0,0
20080407,27.05,27.05,25.94,26.04,0,0
20080408,25.23,26.24,24.53,25.94,0,0
20080409,24.43,26.04,24.43,25.94,0,0
20080410,26.24,27.66,24.22,27.55,0,0
20080411,28.56,31.99,28.56,31.19,0,0
20080414,32.2,40.27,32.2,37.34,0,0
20080415,39.86,40.37,34.31,37.14,0,0
20080416,36.94,36.94,33.81,34.31,0,0
20080417,35.32,37.84,35.32,37.65,0,0
20080418,37.65,37.65,35.33,36.94,0,0
20080421,36.33,36.33,34.32,35.83,0,0
20080422,35.33,35.33,30.78,33.2,0,0
20080423,30.68,31.29,29.26,31.29,0,0
20080424,35.33,35.33,31.59,33.41,0,0
20080425,35.23,35.23,31.29,34.31,0,0
20080428,35.32,35.32,32.7,34.01,0,0
20080429,34.31,34.31,33.3,34.21,0,0
20080430,35.72,38.35,35.32,37.34,0,0
20080505,36.33,37.14,34.51,37.14,0,0
20080506,39.06,39.06,35.53,37.34,0,0
20080507,38.35,38.35,35.93,37.14,0,0
20080508,38.35,38.35,34.92,36.74,0,0
20080509,35.13,36.03,34.31,34.31,0,0
20080512,34.11,35.22,33.3,35.22,0,0
20080513,35.32,35.32,34.31,35.12,0,0
20080514,35.32,35.32,35.12,35.22,0,0
20080515,35.32,35.32,32.29,34.52,0,0
20080516,32.1,33.51,31.69,33.31,0,0
20080519,32.81,32.81,31.69,32.2,0,0
20080520,31.8,31.8,31.79,31.79,0,0
20080521,31.79,31.79,31.79,31.79,0,0
20080523,32.5,33.3,31.99,33,0,0
20080526,33,33.3,31.99,32.3,0,0
20080527,33.21,33.21,30.28,30.28,0,0
20080528,31.79,31.79,29.47,31.79,0,0
20080530,31.18,32.8,31.08,31.99,0,0
20080602,32.29,32.29,31.08,31.08,0,0
20080603,29.87,31.28,25.03,26.64,0,0
20080604,28.15,28.15,23.81,23.82,0,0
20080605,24.73,24.73,23.52,23.72,0,0
20080606,24.73,27.05,24.22,27.05,0,0
20080609,25.23,26.55,23.92,26.04,0,0
20080610,23.82,26.54,23.82,26.04,0,0
20080611,26.24,26.24,24.22,25.03,0,0
20080612,24.83,24.83,22.2,23.21,0,0
20080613,23.61,24.02,23.61,23.72,0,0
20080616,23.22,23.52,23.22,23.52,0,0
20080617,23.22,23.22,22.2,22.2,0,0
20080618,24.22,24.22,23.01,23.01,0,0
20080619,22.1,22.4,21.19,22.3,0,0
20080620,22.2,23.11,22.2,22.91,0,0
20080623,23.41,23.41,23.41,23.41,0,0
20080624,21.69,22,21.19,21.3,0,0
20080625,21.5,22.71,21.4,22.71,0,0
20080626,22.21,22.51,21.1,21.3,0,0
20080627,21.4,21.91,20.19,21.4,0,0
20080630,21.9,21.9,21.9,21.9,0,0
20080701,22,22.2,20.18,21.09,0,0
20080702,20.28,21.6,20.08,21.6,0,0
20080703,21.8,21.8,19.68,20.69,0,0
20080704,20.79,20.79,19.28,20.19,0,0
20080707,17.57,19.38,17.57,19.28,0,0
20080708,19.18,20.59,19.18,20.59,0,0
20080709,20.09,21.09,20.09,20.19,0,0
20080710,19.79,20.09,19.28,20.08,0,0
20080711,19.68,19.68,19.17,19.18,0,0
20080714,20.49,20.49,18.87,18.87,0,0
20080715,19.07,19.88,16.35,18.57,0,0
20080716,18.77,19.18,17.76,18.67,0,0
20080717,19.07,19.88,18.47,18.47,0,0
20080718,18.57,19.28,18.17,18.37,0,0
20080721,19.88,19.98,19.88,19.98,0,0
20080722,19.98,22.1,19.48,19.78,0,0
20080723,21.19,21.19,19.68,19.98,0,0
20080724,20.18,22,20.18,22,0,0
20080725,20.18,20.19,19.78,20.19,0,0
20080728,20.19,21,20.19,20.99,0,0
20080729,20.18,20.18,18.57,19.18,0,0
20080730,19.68,19.68,17.97,18.87,0,0
20080731,19.07,19.27,18.26,18.37,0,0
20080801,18.37,18.98,18.37,18.97,0,0
20080804,19.88,19.88,19.88,19.88,0,0
20080805,19.07,19.28,17.86,19.28,0,0
20080806,17.97,18.78,17.97,18.57,0,0
20080807,17.86,19.18,17.86,18.17,0,0
20080808,17.67,19.18,17.36,19.18,0,0
20080811,19.89,19.89,17.67,19.07,0,0
20080812,19.17,19.18,19.07,19.18,0,0
20080813,19.18,19.18,19.07,19.07,0,0
20080814,18.16,19.18,18.16,19.18,0,0
20080818,19.08,19.08,18.27,19.07,0,0
20080819,18.97,19.68,18.97,19.68,0,0
20080820,19.07,19.58,18.67,19.58,0,0
20080821,18.17,19.38,18.17,19.38,0,0
20080822,18.27,19.58,17.77,19.07,0,0
20080825,17.96,18.77,17.96,18.77,0,0
20080826,17.96,17.96,17.66,17.66,0,0
20080827,17.16,17.46,17.05,17.46,0,0
20080828,17.16,17.16,17.06,17.06,0,0
20080829,16.15,17.16,16.15,17.06,0,0
20080901,17.56,17.67,17.16,17.26,0,0
20080902,19.4,19.4,16.85,17.76,0,0
20080903,17.76,18.17,17.76,18.17,0,0
20080904,18.27,18.27,17.86,17.86,0,0
20080905,17.15,17.86,16.55,17.66,0,0
20080908,16.55,18.16,16.55,16.85,0,0
20080909,17.15,18.46,16.55,18.07,0,0
20080910,18.47,18.47,16.56,17.76,0,0
20080911,17.76,17.76,17.76,17.76,0,0
20080912,16.75,17.66,16.75,17.66,0,0
20080915,16.85,17.16,16.25,16.25,0,0
20080916,19.08,19.08,15.24,15.44,0,0
20080917,15.44,15.64,15.14,15.14,0,0
20080918,15.14,16.05,15.14,15.14,0,0
20080919,16.15,16.55,15.34,16.05,0,0
20080922,15.34,15.95,14.33,15.95,0,0
20080923,15.45,15.55,14.84,15.44,0,0
20080925,16.65,16.65,16.05,16.05,0,0
20080929,15.65,15.65,15.54,15.54,0,0
20080930,14.43,15.24,14.13,15.14,0,0
20081001,15.14,15.64,15.14,15.24,0,0
20081002,15.54,16.05,15.14,16.05,0,0
20081003,15.85,15.95,15.85,15.95,0,0
20081006,15.14,18.27,14.44,15.14,0,0
20081007,15.14,15.14,15.14,15.14,0,0
20081008,15.85,15.85,14.13,14.94,0,0
20081009,15.14,15.14,13.32,14.94,0,0
20081010,14.64,14.64,13.22,14.13,0,0
20081013,14.94,14.94,13.63,14.84,0,0
20081014,15.14,15.14,13.63,14.94,0,0
20081015,13.83,14.13,13.63,14.03,0,0
20081016,13.12,14.03,12.11,14.03,0,0
20081020,12.31,13.93,12.31,13.93,0,0
20081021,13.63,13.93,12.92,13.93,0,0
20081022,12.62,13.93,12.62,13.93,0,0
20081023,13.22,13.93,13.22,13.93,0,0
20081024,13.12,13.32,13.12,13.32,0,0
20081027,13.12,13.93,12.11,13.93,0,0
20081028,13.93,14.03,13.12,13.12,0,0
20081029,13.12,13.73,13.12,13.73,0,0
20081030,12.42,12.82,12.42,12.82,0,0
20081031,13.43,13.43,13.42,13.42,0,0
20081103,13.52,13.52,13.32,13.32,0,0
20081104,13.62,15.04,13.12,13.73,0,0
20081105,13.63,16.35,13.63,13.93,0,0
20081106,13.73,14.23,13.73,14.23,0,0
20081107,14.43,14.43,14.13,14.13,0,0
20081110,14.13,14.13,14.03,14.03,0,0
20081112,13.22,14.94,12.11,14.33,0,0
20081113,12.31,14.43,12.31,14.43,0,0
20081114,12.61,13.73,12.61,13.73,0,0
20081117,12.72,13.93,12.62,13.93,0,0
20081118,14.13,14.13,12.31,12.82,0,0
20081119,13.12,13.12,12.82,12.82,0,0
20081120,13.83,13.83,13.62,13.62,0,0
20081121,12.11,13.62,12.11,13.62,0,0
20081124,13.92,13.93,13.12,13.93,0,0
20081126,13.63,13.63,13.62,13.62,0,0
20081127,12.91,12.91,11.6,12.11,0,0
20081128,11.3,12.31,11.3,12.31,0,0
20081201,11.6,12.11,11.6,12.11,0,0
20081202,12.61,12.61,12.41,12.41,0,0
20081203,12.71,12.71,11.8,12.41,0,0
20081204,11.8,12.01,11.6,12.01,0,0
20081205,12.62,12.62,12.62,12.62,0,0
20081208,11.61,12.42,11.61,12.41,0,0
20081209,12.61,12.62,12.61,12.62,0,0
20081210,12.32,12.42,12.32,12.41,0,0
20081211,12.21,12.21,12.21,12.21,0,0
20081212,12.11,12.11,12.11,12.11,0,0
20081215,11.91,12.11,11.91,12.11,0,0
20081216,11.61,12.61,11.61,12.51,0,0
20081217,12.51,12.51,12.11,12.51,0,0
20081218,12.11,12.11,10.9,11.3,0,0
20081219,10.9,10.9,10.49,10.5,0,0
20081222,10.3,10.3,9.69,9.69,0,0
20081223,9.69,10.09,9.69,10.09,0,0
20081229,11.1,11.1,11.1,11.1,0,0
20081230,11.1,11.1,11.1,11.1,0,0
20081231,9.18,11.1,9.18,10.09,0,0
20090106,11,11,11,11,0,0
20090107,8.88,11,8.88,11,0,0
20090108,10.9,10.9,9.79,9.79,0,0
20090109,10.09,10.09,10.09,10.09,0,0
20090112,9.79,10.09,9.59,10.09,0,0
20090113,9.69,10.09,9.59,10.09,0,0
20090114,9.59,10.09,9.59,10.09,0,0
20090115,10.29,10.29,10.29,10.29,0,0
20090116,9.68,10.09,9.58,10.09,0,0
20090120,9.99,9.99,9.99,9.99,0,0
20090121,9.08,10.09,9.08,9.99,0,0
20090122,9.89,10.5,9.89,10.5,0,0
20090123,9.89,10,8.68,9.99,0,0
20090127,10.19,11.6,10.09,10.09,0,0
20090128,10.19,10.29,10.09,10.09,0,0
20090129,11,11,9.79,10.19,0,0
20090130,9.89,10.5,9.89,10.5,0,0
20090202,9.29,10.7,9.29,10.7,0,0
20090203,9.39,9.39,8.58,8.58,0,0
20090204,8.11,8.21,6.53,7.06,0,0
20090205,7.26,7.46,6.56,6.56,0,0
20090206,7.06,7.06,6.46,6.46,0,0
20090209,6.46,6.86,6.26,6.56,0,0
20090210,6.56,6.76,6.46,6.66,0,0
20090211,6.86,6.86,6.56,6.86,0,0
20090212,6.76,7.16,6.76,6.96,0,0
20090213,6.86,8.28,6.76,8.28,0,0
20090216,8.38,9.79,8.08,9.08,0,0
20090217,9.28,10.69,9.28,9.59,0,0
20090218,10.7,11.61,9.39,11.61,0,0
20090219,12.11,13.53,12.01,12.51,0,0
20090220,12.91,13.42,12.01,13.02,0,0
20090223,12.82,12.82,11.61,12.11,0,0
20090224,12.11,12.51,11.61,12.51,0,0
20090225,12.51,12.51,11.3,11.3,0,0
20090226,10.9,10.9,10.29,10.6,0,0
20090227,11.21,11.41,11.21,11.4,0,0
20090302,11.1,11.71,11.1,11.71,0,0
20090303,11.61,11.61,10.09,10.5,0,0
20090304,10.5,11.51,10.5,11.51,0,0
20090305,10.9,11.01,10.9,11,0,0
20090306,11.61,12.61,11.61,12.41,0,0
20090309,11.8,12.41,11.8,12.41,0,0
20090311,12.41,12.62,12.41,12.62,0,0
20090312,12.52,12.52,12.51,12.51,0,0
20090313,11.2,12.31,11,12.31,0,0
20090316,11.7,12.11,11.4,12.11,0,0
20090317,12.11,12.62,11.3,12.62,0,0
20090318,12.62,14.03,12.62,14.03,0,0
20090319,14.03,15.64,14.03,15.14,0,0
20090320,15.64,16.75,15.34,15.54,0,0
20090323,15.14,16.25,15.14,15.95,0,0
20090324,16.35,16.35,15.14,15.85,0,0
20090325,16.15,16.15,15.95,15.95,0,0
20090326,16.15,16.15,15.95,15.95,0,0
20090327,16.05,16.15,15.14,15.95,0,0
20090330,15.14,16.15,15.14,15.14,0,0
20090331,15.64,17.56,15.64,17.56,0,0
20090401,15.74,19.68,15.74,19.18,0,0
20090402,17.16,19.89,17.16,19.88,0,0
20090403,19.58,20.19,19.18,20.08,0,0
20090406,20.19,22,20.19,20.89,0,0
20090407,20.19,21.5,20.19,21.4,0,0
20090408,21.6,22.2,21.6,22.2,0,0
20090409,22.51,22.51,20.29,22.2,0,0
20090414,22.2,22.61,21.19,21.8,0,0
20090415,20.59,22.1,20.19,22.1,0,0
20090416,21.9,22.2,20.08,22.2,0,0
20090417,21.19,21.7,21.19,21.7,0,0
20090420,21.19,21.19,20.79,20.79,0,0
20090421,19.68,20.89,19.68,20.89,0,0
20090422,20.89,20.99,19.38,20.89,0,0
20090423,20.89,20.99,20.89,20.89,0,0
20090424,20.89,21.19,20.89,21.09,0,0
20090427,21.09,21.6,20.59,21.5,0,0
20090428,21.5,21.5,20.49,21.4,0,0
20090429,21.4,21.4,21.4,21.4,0,0
20090430,21.3,21.3,19.68,20.69,0,0
20090504,20.69,21.09,19.88,20.89,0,0
20090505,20.79,20.89,20.79,20.89,0,0
20090506,19.78,20.89,19.78,20.89,0,0
20090507,20.19,20.69,20.19,20.19,0,0
20090508,20.08,20.49,20.08,20.49,0,0
20090511,20.49,20.49,20.49,20.49,0,0
20090512,19.68,20.39,19.68,20.39,0,0
20090513,19.68,20.08,19.18,20.08,0,0
20090514,18.77,20.69,18.77,20.49,0,0
20090515,20.49,20.59,20.49,20.59,0,0
20090518,20.29,21.8,20.29,21.8,0,0
20090519,22,22.61,21.9,22.61,0,0
20090520,22.2,24.12,22.2,24.12,0,0
20090521,24.32,24.32,23.21,23.92,0,0
20090522,22.71,25.23,22.71,25.13,0,0
20090525,24.22,25.13,23.72,23.72,0,0
20090526,22.2,23.62,22.2,23.21,0,0
20090527,23.72,23.72,23.72,23.72,0,0
20090528,22.2,25.03,22.2,25.03,0,0
20090529,25.03,25.13,25.03,25.03,0,0
20090601,24.12,24.12,24.12,24.12,0,0
20090602,25.03,25.03,25.03,25.03,0,0
20090603,24.63,25.63,23.52,24.93,0,0
20090604,25.23,25.23,23.21,25.03,0,0
20090605,24.73,25.94,24.73,25.94,0,0
20090608,26.04,26.95,25.23,25.23,0,0
20090609,25.43,28.66,25.43,28.16,0,0
20090610,27.75,28.26,27.45,28.26,0,0
20090612,28.16,28.46,28.16,28.46,0,0
20090615,28.46,29.57,27.35,29.17,0,0
20090616,29.17,29.27,28.26,28.97,0,0
20090617,25.74,27.15,22.2,24.93,0,0
20090618,23.72,23.72,23.62,23.72,0,0
20090619,24.93,27.25,24.22,27.05,0,0
20090622,25.23,30.88,25.23,30.88,0,0
20090623,28.36,28.36,28.26,28.26,0,0
20090624,28.26,29.97,28.26,29.27,0,0
20090625,28.56,29.17,26.75,28.97,0,0
20090626,28.86,29.07,27.05,29.07,0,0
20090629,28.97,30.28,28.97,30.28,0,0
20090630,29.37,29.37,29.37,29.37,0,0
20090701,29.77,30.98,29.77,30.48,0,0
20090702,30.28,30.48,28.76,30.48,0,0
20090703,31.39,31.39,30.28,30.28,0,0
20090706,30.48,33.2,30.48,33.2,0,0
20090707,32.8,33.81,32.8,32.8,0,0
20090708,31.39,31.39,31.29,31.29,0,0
20090709,31.79,31.79,30.28,30.28,0,0
20090710,32.2,32.2,27.35,30.28,0,0
20090714,27.75,29.77,27.75,29.77,0,0
20090715,30.28,30.28,27.55,29.37,0,0
20090716,27.75,28.26,27.75,28.26,0,0
20090717,29.27,29.27,27.75,29.17,0,0
20090720,29.17,29.27,26.24,28.86,0,0
20090721,26.75,28.76,26.54,28.76,0,0
20090722,28.66,28.86,28.66,28.86,0,0
20090723,27.25,27.86,25.94,27.86,0,0
20090724,27.65,28.06,27.65,28.06,0,0
20090728,26.54,27.15,26.34,27.15,0,0
20090729,27.15,27.15,27.15,27.15,0,0
20090731,26.54,26.75,26.24,26.75,0,0
20090803,25.84,27.15,25.84,27.15,0,0
20090804,26.95,26.95,26.34,26.64,0,0
20090805,26.95,27.25,26.75,27.25,0,0
20090806,26.75,27.25,26.75,27.25,0,0
20090807,26.44,27.05,25.84,26.95,0,0
20090810,26.85,27.65,26.24,27.65,0,0
20090811,27.65,28.76,27.65,28.76,0,0
20090812,28.76,30.88,28.76,30.88,0,0
20090813,30.78,31.19,30.78,31.19,0,0
20090814,29.77,30.68,29.77,30.68,0,0
20090818,29.57,30.78,29.27,30.78,0,0
20090819,30.28,32.6,30.28,32.2,0,0
20090820,32.6,33.31,31.79,33.31,0,0
20090821,33.2,33.71,33.2,33.71,0,0
20090824,33.71,33.71,32.5,33.31,0,0
20090825,33.31,33.31,31.79,33.2,0,0
20090826,31.39,32.9,30.78,32.6,0,0
20090827,32.3,32.8,30.98,32.8,0,0
20090828,32.3,33,32.3,33,0,0
20090831,32.9,35.83,32.9,33.31,0,0
20090901,35.73,36.33,33.81,36.33,0,0
20090902,36.23,36.33,34.31,36.23,0,0
20090903,36.23,36.33,35.32,36.33,0,0
20090904,34.92,36.33,34.82,36.33,0,0
20090907,34.42,35.32,34.42,35.32,0,0
20090908,33.41,35.02,32.3,34.82,0,0
20090909,35.73,35.73,35.73,35.73,0,0
20090910,31.99,34.31,31.99,34.31,0,0
20090911,35.73,35.83,35.73,35.83,0,0
20090914,36.13,36.13,34.31,34.82,0,0
20090915,34.82,36.13,34.01,35.32,0,0
20090916,35.32,36.13,35.32,36.13,0,0
20090917,35.32,35.83,35.32,35.83,0,0
20090918,36.64,36.64,36.64,36.64,0,0
20090921,34.31,36.43,34.31,36.43,0,0
20090922,36.74,36.74,35.32,35.32,0,0
20090923,34.42,35.32,34.42,35.32,0,0
20090924,36.33,36.33,36.33,36.33,0,0
20090925,34.01,40.37,34.01,40.37,0,0
20090928,40.37,42.29,40.27,42.19,0,0
20090929,42.29,43.9,42.29,43.8,0,0
20090930,43.4,43.9,43.4,43.9,0,0
20091005,42.39,42.39,39.36,39.36,0,0
20091006,37.85,38.25,37.85,38.25,0,0
20091007,38.35,42.19,38.35,42.19,0,0
20091008,41.88,41.88,41.88,41.88,0,0
20091012,39.06,40.37,39.06,40.37,0,0
20091013,40.37,40.37,40.37,40.37,0,0
20091014,40.27,42.19,39.87,39.87,0,0
20091015,41.68,41.68,41.68,41.68,0,0
20091019,39.46,41.28,39.46,41.28,0,0
20091020,38.96,39.46,38.86,39.46,0,0
20091021,39.36,39.36,38.45,38.45,0,0
20091022,40.17,40.37,38.35,40.37,0,0
20091023,40.37,40.37,40.37,40.37,0,0
20091026,37.34,40.07,37.34,40.07,0,0
20091027,38.35,40.17,38.35,40.17,0,0
20091030,39.46,40.17,36.94,40.17,0,0
20091102,40.07,40.17,40.07,40.17,0,0
20091103,40.07,40.07,40.07,40.07,0,0
20091105,38.45,40.07,38.45,40.07,0,0
20091106,38.35,40.17,38.35,40.17,0,0
20091109,38.65,39.36,37.44,39.36,0,0
20091110,38.35,39.16,35.93,39.16,0,0
20091112,36.33,39.16,36.33,39.16,0,0
20091116,38.76,38.76,38.76,38.76,0,0
20091117,36.33,36.43,36.33,36.43,0,0
20091118,38.86,38.86,36.33,37.75,0,0
20091119,36.33,37.75,36.33,37.75,0,0
20091120,36.23,37.85,36.23,37.75,0,0
20091123,37.65,41.88,37.65,40.27,0,0
20091124,40.17,40.37,39.36,39.36,0,0
20091125,40.17,40.17,38.86,40.17,0,0
20091126,38.15,39.56,38.15,39.36,0,0
20091127,38.15,39.26,38.15,39.26,0,0
20091130,39.26,39.26,37.34,39.16,0,0
20091201,39.26,39.87,38.35,39.46,0,0
20091202,39.87,39.87,38.86,38.86,0,0
20091203,36.33,39.36,36.33,37.85,0,0
20091204,36.84,38.86,36.84,38.86,0,0
20091207,36.84,39.16,36.53,39.16,0,0
20091208,39.26,39.46,38.35,38.35,0,0
20091209,37.85,38.35,37.85,38.35,0,0
20091210,39.26,39.36,39.26,39.36,0,0
20091211,38.86,38.86,38.86,38.86,0,0
20091214,38.35,38.35,38.35,38.35,0,0
20091215,38.35,39.46,36.64,39.46,0,0
20091216,38.35,38.35,38.35,38.35,0,0
20091218,38.35,39.06,38.35,39.06,0,0
20091222,38.96,39.06,38.96,39.06,0,0
20091223,38.15,39.06,37.85,39.06,0,0
20091228,38.86,38.86,37.34,37.44,0,0
20091229,39.06,39.36,39.06,39.36,0,0
20091230,39.16,39.36,39.16,39.36,0,0
20091231,39.36,39.36,39.36,39.36,0,0
20100106,39.26,41.38,39.26,41.38,0,0
20100107,41.38,41.38,41.18,41.18,0,0
20100108,40.87,40.87,40.87,40.87,0,0
20100111,40.87,41.38,39.87,39.87,0,0
20100112,40.87,40.87,40.87,40.87,0,0
20100113,40.87,41.38,39.56,39.56,0,0
20100114,39.66,40.07,37.95,40.07,0,0
20100115,40.07,40.07,39.36,39.36,0,0
20100118,40.17,44.21,40.17,43.8,0,0
20100119,43.4,44.21,39.46,43.4,0,0
20100120,43.4,43.4,41.48,43.09,0,0
20100121,41.68,41.88,39.36,41.88,0,0
20100122,40.47,41.18,39.36,41.18,0,0
20100125,41.18,41.18,40.37,40.37,0,0
20100126,39.46,40.87,39.46,40.87,0,0
20100127,41.08,41.08,40.37,40.87,0,0
20100128,39.46,41.08,39.16,41.08,0,0
20100129,41.08,41.58,39.87,41.58,0,0
20100202,41.58,41.58,39.46,41.58,0,0
20100203,40.37,41.38,39.87,41.38,0,0
20100204,40.37,40.37,39.36,40.37,0,0
20100205,39.16,39.16,38.35,38.76,0,0
20100208,38.35,40.07,37.34,40.07,0,0
20100210,38.45,39.66,38.45,39.66,0,0
20100211,38.65,38.65,38.55,38.55,0,0
20100212,39.36,39.36,39.36,39.36,0,0
20100215,39.36,39.66,39.36,39.66,0,0
20100216,39.66,39.66,38.35,39.36,0,0
20100217,39.97,41.28,38.55,40.87,0,0
20100218,38.55,40.37,38.45,40.37,0,0
20100219,38.86,40.37,38.45,40.37,0,0
20100222,38.86,40.27,38.86,40.27,0,0
20100223,39.87,40.37,39.87,40.37,0,0
20100224,40.27,40.27,39.36,40.27,0,0
20100225,40.37,40.37,40.37,40.37,0,0
20100304,38.76,38.76,38.55,38.65,0,0
20100305,39.56,39.66,39.56,39.66,0,0
20100308,39.56,40.27,39.56,40.27,0,0
20100309,38.96,39.26,37.95,39.26,0,0
20100310,39.36,40.37,39.26,40.37,0,0
20100311,40.27,40.47,40.27,40.47,0,0
20100312,40.37,40.37,38.55,40.27,0,0
20100315,40.47,41.18,40.37,40.37,0,0
20100316,40.17,41.88,40.17,41.88,0,0
20100317,41.78,41.98,40.17,41.88,0,0
20100318,41.88,41.88,39.06,40.37,0,0
20100319,40.37,40.37,39.36,39.36,0,0
20100322,39.26,39.66,39.06,39.06,0,0
20100323,39.26,40.37,39.26,40.37,0,0
20100324,40.37,40.37,39.26,40.37,0,0
20100325,40.27,40.37,40.27,40.37,0,0
20100331,40.27,40.37,40.27,40.37,0,0
20100401,40.27,40.37,40.27,40.37,0,0
20100406,40.27,40.27,40.27,40.27,0,0
20100407,39.56,39.87,39.36,39.87,0,0
20100408,39.87,40.37,39.46,40.37,0,0
20100409,40.27,40.37,40.27,40.37,0,0
20100412,40.27,42.39,39.46,42.39,0,0
20100414,41.18,44.31,41.18,41.38,0,0
20100415,43.4,43.4,43.4,43.4,0,0
20100416,40.57,41.28,39.56,41.28,0,0
20100419,39.76,39.76,39.36,39.36,0,0
20100420,41.58,41.58,38.55,40.77,0,0
20100421,39.87,40.77,39.87,40.77,0,0
20100422,41.58,41.68,41.28,41.28,0,0
20100426,40.37,40.37,38.45,38.86,0,0
20100427,38.65,38.86,38.55,38.86,0,0
20100428,38.86,38.86,38.65,38.65,0,0
20100429,40.17,41.38,40.17,41.38,0,0
20100504,40.37,40.37,38.86,38.86,0,0
20100505,37.24,40.27,37.24,40.27,0,0
20100511,39.87,40.98,39.87,40.37,0,0
20100512,40.87,40.98,40.87,40.98,0,0
20100513,40.37,41.48,40.37,41.38,0,0
20100514,41.28,41.78,41.28,41.78,0,0
20100517,41.58,43.3,40.87,43.3,0,0
20100518,43.3,46.32,43.3,45.72,0,0
20100519,45.72,46.22,44.51,46.22,0,0
20100520,44.41,44.91,43.4,44.91,0,0
20100521,42.19,44.21,41.38,42.99,0,0
20100524,41.58,44.81,41.58,42.19,0,0
20100525,41.58,41.58,41.58,41.58,0,0
20100526,40.57,41.28,40.37,40.67,0,0
20100527,40.87,42.29,40.87,41.28,0,0
20100528,42.39,42.39,40.47,40.47,0,0
20100531,41.88,41.88,41.88,41.88,0,0
20100602,40.47,41.28,40.37,41.28,0,0
20100604,40.87,40.87,40.57,40.57,0,0
20100608,40.37,40.37,40.37,40.37,0,0
20100609,40.37,40.37,38.86,38.86,0,0
20100610,40.27,40.37,39.06,39.06,0,0
20100611,39.46,39.46,39.36,39.36,0,0
20100614,39.06,39.06,38.45,38.45,0,0
20100615,39.66,39.66,39.66,39.66,0,0
20100616,38.05,38.35,37.95,38.35,0,0
20100617,38.35,38.35,38.25,38.35,0,0
20100621,39.66,39.66,39.66,39.66,0,0
20100622,38.35,38.35,38.25,38.25,0,0
20100623,37.44,38.76,37.34,38.76,0,0
20100625,37.34,38.15,34.72,38.15,0,0
20100628,37.65,38.65,34.31,34.72,0,0
20100629,34.62,34.72,34.31,34.42,0,0
20100630,34.62,34.62,33.81,33.81,0,0
20100701,34.42,38.05,34.42,38.05,0,0
20100702,38.05,38.15,38.05,38.15,0,0
20100705,37.85,37.85,37.85,37.85,0,0
20100706,37.75,37.75,37.75,37.75,0,0
20100707,37.24,37.24,33.51,34.31,0,0
20100708,35.02,35.93,34.31,35.73,0,0
20100709,35.42,36.23,33.71,33.71,0,0
20100712,33.91,33.91,33.91,33.91,0,0
20100713,33.51,35.83,33.51,35.53,0,0
20100714,34.72,35.32,33,33.51,0,0
20100715,34.72,34.72,30.38,30.38,0,0
20100716,30.58,32.6,30.58,32.3,0,0
20100719,30.98,31.39,30.88,30.88,0,0
20100720,31.39,33.31,31.29,32.6,0,0
20100721,31.39,32.09,31.08,32.09,0,0
20100722,31.19,32.2,31.08,32.2,0,0
20100723,31.39,32.09,30.78,31.99,0,0
20100726,31.79,31.79,30.78,31.59,0,0
20100727,31.89,32.2,31.39,31.39,0,0
20100728,31.39,31.39,30.98,31.39,0,0
20100729,31.39,32.9,31.39,32.9,0,0
20100730,31.49,32.9,31.49,31.99,0,0
20100802,32.09,32.2,31.39,31.39,0,0
20100803,31.69,32.3,31.39,31.39,0,0
20100804,32.3,32.8,31.49,32.3,0,0
20100805,32.9,33,32.2,33,0,0
20100806,32.8,34.01,32.8,34.01,0,0
20100809,33.51,33.51,32.8,33.2,0,0
20100810,33.81,33.81,32.09,32.09,0,0
20100812,32.2,32.2,31.79,31.79,0,0
20100813,31.79,31.79,31.79,31.79,0,0
20100817,32.2,33.51,30.58,32.7,0,0
20100818,33,33,30.78,32.7,0,0
20100819,30.98,32.2,30.58,31.29,0,0
20100820,31.79,31.79,31.08,31.08,0,0
20100823,32.09,32.09,31.69,31.69,0,0
20100824,31.69,31.69,30.88,30.88,0,0
20100825,30.88,31.29,30.88,31.29,0,0
20100826,30.78,30.98,30.78,30.98,0,0
20100827,30.88,31.49,30.28,30.28,0,0
20100830,30.38,30.78,30.08,30.78,0,0
20100831,31.08,31.08,30.28,30.28,0,0
20100901,30.48,30.78,30.38,30.48,0,0
20100902,30.78,31.08,30.18,30.28,0,0
20100903,30.58,31.59,30.38,31.39,0,0
20100906,30.58,30.78,30.28,30.78,0,0
20100907,30.68,30.68,30.68,30.68,0,0
20100908,30.68,33.61,30.68,32.9,0,0
20100909,33,34.21,32.9,32.9,0,0
20100910,32.7,33.51,32.7,33.51,0,0
20100914,32.2,32.2,30.28,32.09,0,0
20100915,30.78,30.78,30.78,30.78,0,0
20100916,31.29,31.29,30.98,30.98,0,0
20100917,32.2,32.3,32.2,32.3,0,0
20100920,32.4,32.6,31.99,31.99,0,0
20100921,32.3,32.3,31.08,31.89,0,0
20100922,31.29,32.3,31.29,32.3,0,0
20100923,32.6,33.91,32.6,33.61,0,0
20100924,33.31,35.22,33.31,35.22,0,0
20100927,35.12,38.55,35.12,38.55,0,0
20100928,38.35,40.17,38.35,39.56,0,0
20100929,36.64,39.87,36.64,39.87,0,0
20100930,39.56,39.76,39.56,39.76,0,0
20101001,37.54,41.08,37.54,40.47,0,0
20101004,38.45,39.36,38.05,39.36,0,0
20101006,37.34,39.87,37.34,37.65,0,0
20101007,37.95,37.95,36.43,36.43,0,0
20101008,37.85,39.97,37.85,39.97,0,0
20101011,39.87,40.77,36.53,40.27,0,0
20101013,38.76,38.76,38.76,38.76,0,0
20101014,38.45,39.76,38.35,39.76,0,0
20101015,39.97,41.08,39.36,40.37,0,0
20101018,40.27,41.28,39.46,39.46,0,0
20101019,41.08,41.38,40.37,41.38,0,0
20101020,41.28,41.88,41.28,41.88,0,0
20101021,40.98,41.78,40.98,41.78,0,0
20101022,40.37,43.5,40.37,43.5,0,0
20101025,43.4,43.9,43.4,43.9,0,0
20101026,42.39,43.9,42.39,42.39,0,0
20101027,41.38,44.21,41.38,44.21,0,0
20101028,43.4,49.96,43.4,49.76,0,0
20101029,49.45,49.45,46.93,46.93,0,0
20101102,46.53,49.45,46.53,49.45,0,0
20101103,47.43,49.05,47.03,49.05,0,0
20101104,49.05,49.15,47.43,47.43,0,0
20101105,49.45,49.86,44,49.86,0,0
20101108,46.53,49.45,46.43,49.45,0,0
20101109,48.44,49.76,48.44,49.76,0,0
20101110,49.76,50.16,47.23,49.66,0,0
20101112,48.44,57.73,48.44,51.17,0,0
20101115,51.27,61.06,51.27,60.56,0,0
20101116,56.52,61.56,56.52,58.94,0,0
20101117,58.84,60.45,58.84,59.85,0,0
20101118,60.56,60.56,57.93,59.95,0,0
20101119,59.95,59.95,59.95,59.95,0,0
20101122,60.45,61.56,60.45,61.06,0,0
20101123,61.06,62.47,58.33,60.56,0,0
20101124,58.13,58.54,58.13,58.44,0,0
20101125,60.45,60.56,60.45,60.56,0,0
20101129,60.05,60.05,58.13,59.55,0,0
20101201,59.34,60.45,59.04,59.04,0,0
20101202,58.94,60.35,58.94,60.05,0,0
20101203,59.24,60.15,56.01,60.15,0,0
20101209,59.55,59.55,58.03,58.44,0,0
20101213,57.93,58.03,57.93,58.03,0,0
20101214,58.03,58.03,58.03,58.03,0,0
20101215,54.9,58.44,54.9,58.44,0,0
20101216,55,57.43,52.48,57.43,0,0
20101217,56.52,57.43,56.52,57.43,0,0
20101220,56.52,57.53,56.52,57.53,0,0
20101221,57.53,58.44,57.53,58.03,0,0
20101222,55.51,60.45,55.51,60.45,0,0
20101223,60.45,63.48,60.45,62.98,0,0
20101227,60.56,63.08,60.56,63.08,0,0
20101228,62.07,63.18,60.76,61.56,0,0
20101229,63.08,65.3,60.66,64.29,0,0
20101230,61.26,67.22,61.26,66.91,0,0
20101231,66.91,66.91,66.91,66.91,0,0
20110103,67.01,67.01,63.18,66.11,0,0
20110104,66.51,66.61,63.28,63.99,0,0
20110105,61.56,64.39,61.56,61.56,0,0
20110107,61.06,62.98,61.06,62.98,0,0
20110110,62.98,66.51,62.98,66.51,0,0
20110112,61.16,64.19,61.16,64.19,0,0
20110114,60.56,62.37,59.85,62.37,0,0
20110117,61.97,62.17,59.55,59.55,0,0
20110118,60.45,62.37,60.45,62.07,0,0
20110119,61.56,61.56,61.56,61.56,0,0
20110120,60.56,60.56,60.56,60.56,0,0
20110121,59.75,60.35,59.75,60.35,0,0
20110126,59.04,59.04,58.74,58.74,0,0
20110127,56.52,56.52,56.52,56.52,0,0
20110131,55.71,55.71,53.49,53.49,0,0
20110201,54.5,54.5,54.5,54.5,0,0
20110202,53.89,53.89,51.07,51.07,0,0
20110203,55.91,55.91,52.08,52.08,0,0
20110204,53.19,54.5,53.19,54.5,0,0
20110207,56.11,60.56,56.11,60.35,0,0
20110208,60.35,60.35,60.35,60.35,0,0
20110209,60.35,60.35,59.04,59.04,0,0
20110210,59.34,59.44,59.34,59.44,0,0
20110211,59.44,59.44,50.66,50.66,0,0
20110214,55.51,58.94,51.47,56.92,0,0
20110215,51.67,56.32,51.67,55.51,0,0
20110217,50.46,50.46,45.52,45.52,0,0
20110218,50.97,53.49,50.97,53.49,0,0
20110221,52.78,52.78,47.13,52.48,0,0
20110222,49.45,52.88,49.45,52.88,0,0
20110225,50.06,50.56,48.24,48.24,0,0
20110228,52.48,52.48,52.48,52.48,0,0
20110301,51.88,51.88,51.88,51.88,0,0
20110303,48.75,50.97,48.75,50.97,0,0
20110304,49.45,51.47,49.45,51.47,0,0
20110307,51.47,51.47,47.23,51.47,0,0
20110308,48.44,51.47,48.44,51.47,0,0
20110310,48.44,50.46,48.44,50.46,0,0
20110311,50.36,51.37,50.36,51.37,0,0
20110314,51.37,51.47,51.37,51.47,0,0
20110315,49.25,49.45,45.42,49.45,0,0
20110316,51.37,51.37,51.37,51.37,0,0
20110317,51.37,51.47,51.37,51.47,0,0
20110318,50.77,50.77,48.04,50.66,0,0
20110321,48.44,51.27,47.84,50.46,0,0
20110322,51.17,51.17,48.44,50.97,0,0
20110324,48.14,50.77,48.14,50.46,0,0
20110325,49.45,50.26,46.93,50.16,0,0
20110329,49.76,49.96,49.76,49.96,0,0
20110330,50.56,50.56,50.56,50.56,0,0
20110331,45.72,49.96,45.72,49.76,0,0
20110401,45.52,49.66,45.52,49.05,0,0
20110404,48.44,48.85,46.22,48.85,0,0
20110405,49.45,49.45,43.4,48.34,0,0
20110406,44.41,46.93,41.38,45.42,0,0
20110407,45.42,46.63,42.89,46.02,0,0
20110408,45.92,46.12,45.92,46.12,0,0
20110411,46.32,46.53,46.32,46.53,0,0
20110412,46.53,48.34,46.53,48.34,0,0
20110413,46.63,46.63,45.62,45.62,0,0
20110414,47.94,48.24,47.94,48.24,0,0
20110415,45.92,45.92,45.92,45.92,0,0
20110418,45.42,45.42,45.42,45.42,0,0
20110419,45.01,45.01,45.01,45.01,0,0
20110420,46.43,46.53,44.71,44.71,0,0
20110421,44.91,45.42,44.61,44.61,0,0
20110426,47.74,48.44,47.74,47.74,0,0
20110427,45.92,45.92,45.92,45.92,0,0
20110428,45.92,48.44,44.71,48.44,0,0
20110429,46.93,46.93,46.43,46.93,0,0
20110504,48.54,48.54,43.09,43.4,0,0
20110505,45.21,45.21,45.21,45.21,0,0
20110506,43.5,43.5,40.77,40.77,0,0
20110509,42.39,46.83,39.56,39.56,0,0
20110510,40.47,43.4,40.37,43.4,0,0
20110511,42.39,43.5,42.39,43.4,0,0
20110513,40.87,40.87,40.47,40.47,0,0
20110516,40.87,41.28,40.37,40.87,0,0
20110517,44.31,52.99,44.31,52.99,0,0
20110518,52.88,52.88,45.82,45.82,0,0
20110519,44.61,48.44,41.18,41.88,0,0
20110520,41.18,42.89,39.46,42.89,0,0
20110523,40.37,41.88,39.56,41.88,0,0
20110524,40.07,40.57,39.97,40.37,0,0
20110525,41.38,41.38,41.38,41.38,0,0
20110526,41.38,42.79,39.97,42.79,0,0
20110527,38.86,42.29,38.35,41.28,0,0
20110530,39.26,40.77,38.55,40.47,0,0
20110531,38.86,38.96,38.86,38.86,0,0
20110601,41.08,41.18,38.35,41.18,0,0
20110602,41.18,42.39,41.18,42.39,0,0
20110603,38.45,42.39,38.45,42.39,0,0
20110606,42.29,42.29,39.06,39.06,0,0
20110607,38.65,42.19,38.65,42.19,0,0
20110613,42.09,42.09,42.09,42.09,0,0
20110614,42.09,42.09,42.09,42.09,0,0
20110615,42.09,42.09,42.09,42.09,0,0
20110616,38.45,41.98,37.95,37.95,0,0
20110617,41.88,41.88,41.88,41.88,0,0
20110620,38.35,41.78,38.35,41.78,0,0
20110622,40.27,40.57,38.15,40.57,0,0
20110624,40.37,40.37,40.37,40.37,0,0
20110628,38.45,38.45,37.85,37.85,0,0
20110629,40.37,40.37,40.37,40.37,0,0
20110630,38.55,39.36,38.55,39.36,0,0
20110704,40.37,40.37,38.55,38.55,0,0
20110705,38.55,38.55,37.85,37.85,0,0
20110707,40.07,40.07,40.07,40.07,0,0
20110708,37.85,37.85,35.93,35.93,0,0
20110712,37.85,39.97,37.85,39.97,0,0
20110713,39.76,40.37,39.76,40.37,0,0
20110714,40.27,40.37,38.35,38.35,0,0
20110715,40.27,40.37,40.27,40.37,0,0
20110718,41.88,41.88,36.33,36.33,0,0
20110719,41.88,41.88,35.42,41.68,0,0
20110720,35.73,41.18,35.63,41.18,0,0
20110727,35.83,36.13,35.83,36.13,0,0
20110728,36.03,39.26,36.03,39.26,0,0
20110801,35.83,35.83,35.42,35.42,0,0
20110803,35.42,35.42,35.42,35.42,0,0
20110804,35.22,35.22,28.86,28.86,0,0
20110805,30.18,32.7,30.18,32.7,0,0
20110808,28.36,30.18,28.36,30.18,0,0
20110809,30.08,30.18,27.86,30.18,0,0
20110810,30.18,30.18,30.08,30.08,0,0
20110811,25.33,29.77,25.33,29.77,0,0
20110812,30.18,30.18,29.27,30.18,0,0
20110816,31.29,32.7,30.18,32.2,0,0
20110817,32.09,35.12,26.75,30.18,0,0
20110818,31.29,31.29,26.85,26.85,0,0
20110819,29.77,29.77,29.77,29.77,0,0
20110830,27.75,27.75,25.23,25.23,0,0
20110831,25.23,26.75,24.63,25.23,0,0
20110901,25.53,25.53,25.23,25.23,0,0
20110902,25.23,25.23,24.22,25.23,0,0
20110905,25.23,25.23,24.52,24.52,0,0
20110906,24.73,25.23,24.73,25.23,0,0
20110907,25.74,25.74,24.83,25.74,0,0
20110908,25.74,25.74,24.73,25.43,0,0
20110909,25.43,25.53,24.32,25.53,0,0
20110912,25.53,25.53,24.02,25.53,0,0
20110913,25.53,25.53,24.02,25.23,0,0
20110914,25.23,25.23,25.23,25.23,0,0
20110915,25.23,25.23,25.23,25.23,0,0
20110916,25.23,25.23,25.23,25.23,0,0
20110919,25.23,25.23,24.02,25.23,0,0
20110920,25.23,25.23,24.42,25.03,0,0
20110921,25.13,25.13,24.63,24.63,0,0
20110922,24.63,24.63,24.32,24.32,0,0
20110923,24.32,24.63,23.82,24.63,0,0
20110926,24.63,24.63,24.63,24.63,0,0
20110927,24.63,29.27,24.63,29.17,0,0
20110928,29.07,29.07,28.76,28.76,0,0
20110929,28.66,28.66,28.66,28.66,0,0
20110930,28.66,28.66,28.66,28.66,0,0
20111003,28.66,28.66,28.66,28.66,0,0
20111004,28.66,28.66,25.23,25.23,0,0
20111005,25.23,25.23,25.23,25.23,0,0
20111006,25.23,25.23,24.12,24.12,0,0
20111007,24.02,24.02,22.41,22.41,0,0
20111010,25.23,25.23,24.73,25.23,0,0
20111011,25.23,25.63,25.23,25.63,0,0
20111012,25.63,29.07,25.63,27.75,0,0
20111013,27.75,27.75,27.65,27.65,0,0
20111014,27.75,27.75,27.75,27.75,0,0
20111017,27.75,29.07,26.24,28.76,0,0
20111018,28.76,28.76,28.26,28.26,0,0
20111019,28.26,28.26,27.75,27.75,0,0
20111020,27.75,27.75,27.45,27.45,0,0
20111021,28.86,28.86,28.46,28.46,0,0
20111024,28.76,28.76,28.36,28.36,0,0
20111025,27.75,27.75,27.75,27.75,0,0
20111026,27.75,27.75,27.65,27.65,0,0
20111027,27.65,27.65,27.65,27.65,0,0
20111028,27.65,27.65,23.31,26.14,0,0
20111031,26.14,26.14,26.14,26.14,0,0
20111102,26.04,26.04,25.63,25.63,0,0
20111103,25.63,25.74,25.23,25.74,0,0
20111104,25.74,25.74,25.74,25.74,0,0
20111107,25.94,25.94,25.94,25.94,0,0
20111108,28.16,28.16,27.15,27.15,0,0
20111109,27.15,27.15,27.15,27.15,0,0
20111110,27.15,27.15,27.15,27.15,0,0
20111114,27.15,27.15,27.15,27.15,0,0
20111115,27.15,27.15,27.05,27.05,0,0
20111116,27.05,27.05,27.05,27.05,0,0
20111117,27.05,27.05,22.71,26.75,0,0
20111118,26.64,26.64,26.64,26.64,0,0
20111121,26.64,26.64,26.64,26.64,0,0
20111122,26.64,26.64,26.64,26.64,0,0
20111123,26.64,26.64,21.8,26.04,0,0
20111124,26.04,26.14,26.04,26.14,0,0
20111125,26.14,26.75,26.14,26.75,0,0
20111128,27.75,27.75,27.25,27.25,0,0
20111129,27.75,27.75,26.24,26.24,0,0
20111130,27.75,27.75,24.42,24.42,0,0
20111201,24.42,24.42,24.42,24.42,0,0
20111202,24.42,24.42,24.42,24.42,0,0
20111205,24.42,24.42,23.21,24.22,0,0
20111206,24.22,24.22,20.19,21.9,0,0
20111207,21.9,21.9,20.08,21.9,0,0
20111208,21.9,21.9,20.19,20.19,0,0
20111209,21.9,21.9,21.9,21.9,0,0
20111212,21.9,21.9,21.9,21.9,0,0
20111213,21.9,21.9,20.19,20.19,0,0
20111214,20.19,20.19,20.19,20.19,0,0
20111215,20.19,20.19,20.19,20.19,0,0
20111216,20.19,20.19,16.75,20.19,0,0
20111219,20.19,21.19,17.16,21.19,0,0
20111220,21.19,21.19,21.19,21.19,0,0
20111221,21.19,21.9,21.19,21.7,0,0
20111222,22.2,22.2,17.96,22.1,0,0
20111223,22.1,22.1,22.1,22.1,0,0
20111227,22.41,22.41,18.17,20.19,0,0
20111228,21.09,21.09,20.08,20.08,0,0
20111229,19.88,20.08,19.88,20.08,0,0
20111230,20.08,20.29,20.08,20.29,0,0
20120102,22.41,22.41,22,22,0,0
20120103,22,22,22,22,0,0
20120104,21.7,21.7,20.29,21.19,0,0
20120105,21.19,21.19,20.08,20.08,0,0
20120109,20.08,20.08,18.67,19.98,0,0
20120110,21.19,21.19,21.19,21.19,0,0
20120111,21.19,21.19,21.19,21.19,0,0
20120112,21.19,21.19,18.37,20.08,0,0
20120113,20.08,20.08,18.17,19.88,0,0
20120116,19.78,19.78,17.66,17.66,0,0
20120117,19.18,19.18,17.86,19.07,0,0
20120118,19.07,19.07,17.56,17.86,0,0
20120119,19.07,19.07,19.07,19.07,0,0
20120120,19.07,19.07,19.07,19.07,0,0
20120123,19.07,19.07,19.07,19.07,0,0
20120124,19.07,19.18,19.07,19.18,0,0
20120125,19.18,19.18,19.18,19.18,0,0
20120126,19.18,19.38,18.17,19.38,0,0
20120127,19.38,19.38,19.38,19.38,0,0
20120130,19.38,19.48,19.38,19.48,0,0
20120131,19.48,21.19,18.67,21.19,0,0
20120201,21.19,21.4,21.19,21.4,0,0
20120202,21.8,21.8,19.18,21.6,0,0
20120203,21.5,21.5,19.18,20.29,0,0
20120206,21.7,21.7,18.17,21.09,0,0
20120207,20.59,20.59,19.68,19.68,0,0
20120208,20.08,21.6,18.67,21.6,0,0
20120209,21.6,21.6,21.5,21.5,0,0
20120210,20.99,20.99,20.99,20.99,0,0
20120213,20.59,20.59,19.18,20.59,0,0
20120214,19.68,20.79,19.68,20.79,0,0
20120215,20.79,20.79,19.48,20.79,0,0
20120216,20.79,20.79,19.38,20.79,0,0
20120217,20.79,20.79,20.79,20.79,0,0
20120220,20.69,20.69,19.38,20.69,0,0
20120221,21.7,21.7,19.68,21.7,0,0
20120222,21.7,21.7,19.68,21.6,0,0
20120223,21.6,21.6,19.98,21.6,0,0
20120224,21.6,21.6,21.4,21.4,0,0
20120227,21.4,21.4,20.19,20.19,0,0
20120228,21.4,21.4,21.3,21.3,0,0
20120229,21.3,21.5,19.28,21.5,0,0
20120301,21.4,21.4,19.68,21.3,0,0
20120302,21.3,21.4,18.87,21.4,0,0
20120305,21.4,21.4,19.68,21.4,0,0
20120306,21.3,21.4,19.18,21.4,0,0
20120307,21.4,21.4,19.18,20.19,0,0
20120308,20.19,20.39,19.68,20.39,0,0
20120309,20.39,20.39,19.58,19.58,0,0
20120312,20.39,20.39,20.39,20.39,0,0
20120313,20.39,20.39,19.48,20.39,0,0
20120314,20.39,20.39,20.39,20.39,0,0
20120315,20.39,20.39,20.39,20.39,0,0
20120316,20.39,21.19,19.68,21.19,0,0
20120319,21.5,21.5,21.5,21.5,0,0
20120320,21.5,21.5,21.5,21.5,0,0
20120321,21.5,21.5,19.68,21.09,0,0
20120322,21.19,21.4,20.19,21.4,0,0
20120323,21.4,21.4,21.4,21.4,0,0
20120326,21.4,21.4,21.4,21.4,0,0
20120327,21.4,21.4,21.3,21.3,0,0
20120328,21.3,21.3,21.3,21.3,0,0
20120329,21.3,21.3,20.99,20.99,0,0
20120330,20.99,20.99,20.99,20.99,0,0
20120402,20.99,21.4,20.19,21.4,0,0
20120403,21.4,21.4,21.4,21.4,0,0
20120404,21.4,21.4,21.4,21.4,0,0
20120405,21.4,21.4,21.4,21.4,0,0
20120410,19.98,19.98,19.98,19.98,0,0
20120411,21.4,21.4,21.4,21.4,0,0
20120412,21.4,21.4,21.4,21.4,0,0
20120413,21.4,21.4,20.69,20.69,0,0
20120416,20.69,20.69,20.69,20.69,0,0
20120417,20.69,20.69,20.69,20.69,0,0
20120418,20.69,20.69,20.59,20.69,0,0
20120419,20.69,20.69,20.69,20.69,0,0
20120420,20.69,20.69,20.69,20.69,0,0
20120423,20.69,20.69,20.69,20.69,0,0
20120424,21.4,21.4,19.78,20.69,0,0
20120425,20.69,20.69,19.88,19.88,0,0
20120426,20.69,21.4,20.69,21.4,0,0
20120427,21.4,21.4,21.4,21.4,0,0
20120430,21.4,21.4,20.99,20.99,0,0
20120502,20.99,20.99,19.68,20.99,0,0
20120504,20.99,21.4,20.99,21.4,0,0
20120507,21.4,21.4,18.37,21.09,0,0
20120508,21.09,21.09,18.67,21.09,0,0
20120509,21.09,21.09,18.67,18.67,0,0
20120510,18.67,20.08,18.67,20.08,0,0
20120511,20.08,20.08,19.18,19.18,0,0
20120514,19.18,20.08,19.07,20.08,0,0
20120515,19.98,19.98,18.27,19.98,0,0
20120516,19.98,19.98,19.88,19.88,0,0
20120517,19.98,19.98,19.98,19.98,0,0
20120518,19.98,19.98,18.17,19.98,0,0
20120521,19.98,19.98,19.98,19.98,0,0
20120522,19.98,19.98,19.98,19.98,0,0
20120523,19.98,21.09,18.27,21.09,0,0
20120524,20.69,20.69,20.69,20.69,0,0
20120525,20.69,21.4,18.97,21.4,0,0
20120528,21.4,21.4,21.3,21.3,0,0
20120529,21.3,21.3,21.3,21.3,0,0
20120530,21.3,21.3,18.97,18.97,0,0
20120531,21.3,21.3,18.97,18.97,0,0
20120601,21.3,21.3,21.3,21.3,0,0
20120604,21.19,21.19,17.56,20.19,0,0
20120605,21.09,21.09,21.09,21.09,0,0
20120606,20.08,20.08,20.08,20.08,0,0
20120608,19.98,20.19,19.98,20.19,0,0
20120611,21.19,21.19,21.19,21.19,0,0
20120612,21.09,21.09,21.09,21.09,0,0
20120613,21.09,21.09,21.09,21.09,0,0
20120614,20.79,20.79,20.79,20.79,0,0
20120615,20.69,20.69,20.69,20.69,0,0
20120618,20.59,20.59,20.59,20.59,0,0
20120619,21.09,21.19,20.49,21.19,0,0
20120620,21.19,21.19,19.58,20.99,0,0
20120621,20.99,21.19,20.99,21.19,0,0
20120622,21.19,22.51,21.19,22.51,0,0
20120625,22.51,24.52,22.51,24.52,0,0
20120626,24.52,24.52,24.52,24.52,0,0
20120627,24.52,24.52,24.52,24.52,0,0
20120628,24.32,26.95,24.32,26.95,0,0
20120629,26.95,27.86,26.95,27.86,0,0
20120702,27.86,27.86,25.33,27.55,0,0
20120703,27.25,27.35,25.23,27.35,0,0
20120704,27.25,27.25,27.25,27.25,0,0
20120705,27.35,27.35,27.35,27.35,0,0
20120706,27.15,27.15,25.33,25.33,0,0
20120709,27.05,28.06,27.05,28.06,0,0
20120710,27.55,27.55,27.25,27.55,0,0
20120711,27.25,27.25,27.25,27.25,0,0
20120712,27.15,27.75,25.53,27.75,0,0
20120713,25.74,27.65,25.43,27.15,0,0
20120716,25.53,25.53,25.53,25.53,0,0
20120717,25.23,25.23,22.71,25.23,0,0
20120718,25.23,25.23,25.23,25.23,0,0
20120719,25.23,25.23,25.23,25.23,0,0
20120720,25.13,25.13,24.63,24.63,0,0
20120723,24.63,24.63,24.63,24.63,0,0
20120724,22,24.02,21.19,24.02,0,0
20120725,24.02,24.02,24.02,24.02,0,0
20120726,23.92,23.92,23.92,23.92,0,0
20120727,24.02,24.02,24.02,24.02,0,0
20120730,24.02,24.02,24.02,24.02,0,0
20120731,24.02,24.02,24.02,24.02,0,0
20120801,24.02,24.02,24.02,24.02,0,0
20120802,22.71,24.02,22.71,24.02,0,0
20120803,22.2,22.2,22.2,22.2,0,0
20120806,24.02,24.02,21.7,21.7,0,0
20120807,24.02,24.02,24.02,24.02,0,0
20120808,21.7,21.7,21.7,21.7,0,0
20120809,21.7,23.92,21.7,23.92,0,0
20120810,22.2,22.2,22.2,22.2,0,0
20120813,22.2,22.2,20.29,22.2,0,0
20120814,22.2,22.2,22.1,22.1,0,0
20120816,22,22,22,22,0,0
20120817,22,22,22,22,0,0
20120820,22,22,22,22,0,0
20120821,22,22,20.19,22,0,0
20120822,22,22,22,22,0,0
20120823,22,22,22,22,0,0
20120824,22,22,22,22,0,0
20120827,22,22,20.19,22,0,0
20120828,22,22,22,22,0,0
20120829,22,23.21,19.58,23.21,0,0
20120830,23.72,23.72,23.62,23.62,0,0
20120831,23.62,23.62,23.62,23.62,0,0
20120903,23.62,23.62,20.08,23.21,0,0
20120904,23.31,23.31,19.38,21.09,0,0
20120905,21.09,23.11,21.09,23.11,0,0
20120906,23.21,23.21,23.21,23.21,0,0
20120907,23.11,23.11,23.11,23.11,0,0
20120910,23.11,23.11,23.11,23.11,0,0
20120911,23.01,23.01,23.01,23.01,0,0
20120912,22.91,22.91,19.18,22.91,0,0
20120913,23.11,23.11,23.11,23.11,0,0
20120914,23.01,23.01,18.77,22.91,0,0
20120917,23.11,23.11,23.11,23.11,0,0
20120918,23.01,23.01,23.01,23.01,0,0
20120919,22.2,22.2,18.77,22.2,0,0
20120920,22.2,22.2,19.98,19.98,0,0
20120921,22.2,22.2,19.88,22.2,0,0
20120924,19.18,19.18,19.18,19.18,0,0
20120925,19.18,19.18,19.18,19.18,0,0
20120926,19.18,19.18,19.18,19.18,0,0
20120927,19.18,19.18,19.18,19.18,0,0
20120928,19.18,19.18,19.18,19.18,0,0
20121001,19.18,22.1,19.18,22.1,0,0
20121002,22.1,22.1,22.1,22.1,0,0
20121003,22.1,22.1,22.1,22.1,0,0
20121004,22.1,22.1,22.1,22.1,0,0
20121005,22.1,22.1,22.1,22.1,0,0
20121008,22.1,22.1,22.1,22.1,0,0
20121009,20.69,20.69,20.69,20.69,0,0
20121010,20.69,20.69,19.18,20.69,0,0
20121011,20.69,20.69,20.69,20.69,0,0
20121012,20.69,20.69,20.69,20.69,0,0
20121015,20.19,20.19,19.18,20.08,0,0
20121016,19.88,19.88,19.28,19.88,0,0
20121017,19.88,19.88,19.88,19.88,0,0
20121018,19.88,19.88,19.88,19.88,0,0
20121019,19.88,19.88,18.57,19.68,0,0
20121022,20.08,20.08,20.08,20.08,0,0
20121023,20.08,20.08,20.08,20.08,0,0
20121024,20.08,20.08,20.08,20.08,0,0
20121025,20.08,20.08,20.08,20.08,0,0
20121026,20.08,20.08,20.08,20.08,0,0
20121029,20.08,20.08,20.08,20.08,0,0
20121030,19.98,19.98,19.98,19.98,0,0
20121031,19.98,19.98,19.98,19.98,0,0
20121102,19.98,19.98,19.98,19.98,0,0
20121105,19.98,19.98,19.98,19.98,0,0
20121106,19.98,19.98,19.98,19.98,0,0
20121107,19.98,19.98,19.98,19.98,0,0
20121108,19.98,19.98,19.98,19.98,0,0
20121109,19.98,19.98,19.88,19.98,0,0
20121112,19.98,19.98,19.98,19.98,0,0
20121113,19.98,19.98,19.98,19.98,0,0
20121114,19.58,19.58,19.58,19.58,0,0
20121115,19.58,20.08,19.58,20.08,0,0
20121116,20.08,20.08,20.08,20.08,0,0
20121119,19.48,19.48,19.48,19.48,0,0
20121120,19.48,19.48,19.48,19.48,0,0
20121121,18.67,19.28,18.67,19.28,0,0
20121122,19.28,19.28,19.28,19.28,0,0
20121123,19.28,19.28,19.28,19.28,0,0
20121126,19.28,19.28,19.28,19.28,0,0
20121127,19.28,19.28,19.28,19.28,0,0
20121128,19.28,19.28,19.18,19.18,0,0
20121129,19.18,19.18,19.18,19.18,0,0
20121130,19.18,19.18,19.07,19.07,0,0
20121203,19.07,19.18,19.07,19.18,0,0
20121204,19.18,19.18,19.18,19.18,0,0
20121205,19.07,19.18,18.27,19.18,0,0
20121206,19.18,19.18,19.18,19.18,0,0
20121207,19.18,19.18,18.77,18.97,0,0
20121210,19.18,19.18,18.47,18.97,0,0
20121211,19.18,19.18,18.47,18.97,0,0
20121212,19.18,19.28,18.57,19.28,0,0
20121213,19.48,19.68,18.97,19.68,0,0
20121214,19.68,19.68,18.97,19.68,0,0
20121217,19.68,19.68,18.97,19.68,0,0
20121218,19.68,19.68,18.97,19.68,0,0
20121219,19.68,19.68,19.07,19.68,0,0
20121220,19.68,19.68,19.58,19.58,0,0
20121221,19.58,19.58,19.58,19.58,0,0
20121227,19.58,19.58,19.58,19.58,0,0
20121228,19.58,19.68,19.58,19.68,0,0
20130102,19.68,19.68,18.87,19.68,0,0
20130103,19.68,19.68,19.68,19.68,0,0
20130104,19.68,19.68,19.68,19.68,0,0
20130107,19.68,19.88,19.68,19.88,0,0
20130108,19.88,19.88,19.88,19.88,0,0
20130109,19.88,19.88,18.77,18.77,0,0
20130114,19.18,19.18,19.18,19.18,0,0
20130117,18.87,20.08,18.87,20.08,0,0
20130118,20.08,20.08,19.68,19.68,0,0
20130121,19.68,19.68,19.68,19.68,0,0
20130122,19.68,19.68,19.68,19.68,0,0
20130123,19.68,19.68,19.68,19.68,0,0
20130124,19.48,20.08,19.48,20.08,0,0
20130125,20.08,20.08,20.08,20.08,0,0
20130128,20.08,20.08,20.08,20.08,0,0
20130129,20.08,20.08,20.08,20.08,0,0
20130130,19.68,19.68,19.38,19.38,0,0
20130131,19.38,19.38,19.38,19.38,0,0
20130201,19.38,19.38,19.38,19.38,0,0
20130204,19.38,19.38,19.38,19.38,0,0
20130205,19.38,19.38,19.18,19.18,0,0
20130206,19.18,19.18,19.18,19.18,0,0
20130207,19.18,19.18,19.18,19.18,0,0
20130208,19.18,20.08,19.18,20.08,0,0
20130211,20.08,20.08,20.08,20.08,0,0
20130212,20.08,22,20.08,22,0,0
20130213,22,22,22,22,0,0
20130214,22,22,20.08,20.29,0,0
20130215,20.19,21.8,20.19,21.8,0,0
20130218,21.3,22.1,21.3,22.1,0,0
20130219,22,22.1,21.5,22.1,0,0
20130220,22.1,22.1,22.1,22.1,0,0
20130221,22,24.12,22,24.12,0,0
20130222,24.12,24.12,24.12,24.12,0,0
20130225,24.02,24.02,22.71,24.02,0,0
20130226,24.02,24.02,23.92,23.92,0,0
20130227,23.92,23.92,22.81,23.82,0,0
20130228,23.92,23.92,23.92,23.92,0,0
20130301,23.92,23.92,23.92,23.92,0,0
20130304,23.92,23.92,23.01,23.01,0,0
20130305,23.21,23.92,23.21,23.92,0,0
20130306,23.92,23.92,23.92,23.92,0,0
20130307,23.92,23.92,22.81,23.92,0,0
20130308,23.92,23.92,23.92,23.92,0,0
20130311,23.92,23.92,23.21,23.21,0,0
20130312,23.21,24.02,22.2,23.52,0,0
20130313,23.52,23.72,22.51,23.52,0,0
20130314,23.52,23.52,23.52,23.52,0,0
20130315,24.02,24.12,23.41,24.12,0,0
20130318,23.92,24.12,23.92,24.12,0,0
20130319,24.02,24.02,24.02,24.02,0,0
20130320,24.02,24.02,22.61,24.02,0,0
20130321,24.02,24.02,24.02,24.02,0,0
20130322,24.02,26.14,24.02,26.14,0,0
20130325,26.04,26.04,26.04,26.04,0,0
20130326,26.04,26.04,25.03,26.04,0,0
20130327,25.23,26.04,24.22,26.04,0,0
20130328,26.04,26.04,25.74,25.74,0,0
20130402,25.84,26.04,25.33,26.04,0,0
20130403,26.04,26.04,26.04,26.04,0,0
20130404,26.04,26.14,25.43,26.14,0,0
20130405,26.14,26.14,26.14,26.14,0,0
20130408,26.14,26.14,25.33,26.14,0,0
20130409,26.14,26.14,25.23,26.14,0,0
20130410,26.14,26.14,26.14,26.14,0,0
20130411,26.14,26.14,25.74,26.14,0,0
20130412,26.14,26.14,26.14,26.14,0,0
20130415,26.95,26.95,26.95,26.95,0,0
20130417,26.95,28.06,26.95,28.06,0,0
20130419,27.75,28.06,27.75,28.06,0,0
20130422,28.06,28.06,27.25,28.06,0,0
20130423,28.06,28.06,27.25,27.75,0,0
20130424,26.95,27.55,26.95,27.55,0,0
20130425,26.75,27.15,26.75,27.15,0,0
20130426,27.15,27.15,27.15,27.15,0,0
20130429,27.15,27.55,25.23,27.55,0,0
20130430,26.54,26.85,26.54,26.85,0,0
20130502,26.44,26.44,25.43,25.43,0,0
20130506,25.23,25.23,24.22,24.42,0,0
20130507,23.62,24.22,23.62,24.22,0,0
20130508,24.02,24.02,22.41,23.92,0,0
20130509,23.01,23.72,23.01,23.72,0,0
20130510,23.72,23.72,23.72,23.72,0,0
20130513,23.72,23.92,22.1,23.92,0,0
20130517,23.21,24.42,23.21,24.42,0,0
20130521,24.22,24.22,23.21,23.21,0,0
20130527,22.3,22.3,22.3,22.3,0,0
20130529,22.2,22.2,22.2,22.2,0,0
20130531,22.2,22.2,22.2,22.2,0,0
20130603,22.2,22.2,22.2,22.2,0,0
20130604,22.2,22.2,22.2,22.2,0,0
20130605,22.2,22.2,21.5,21.5,0,0
20130607,21.5,21.5,21.5,21.5,0,0
20130610,21.5,21.5,21.5,21.5,0,0
20130614,21.19,21.19,20.19,20.19,0,0
20130617,20.39,20.39,20.39,20.39,0,0
20130618,20.39,20.39,20.39,20.39,0,0
20130619,20.39,20.39,20.29,20.29,0,0
20130620,20.19,20.69,20.19,20.59,0,0
20130621,20.19,20.19,20.19,20.19,0,0
20130627,19.98,19.98,19.78,19.78,0,0
20130705,19.58,19.58,19.58,19.58,0,0
20130711,19.98,19.98,19.98,19.98,0,0
20130712,19.98,20.59,19.98,20.59,0,0
20130715,20.79,21.09,19.68,19.68,0,0
20130716,19.48,19.78,19.38,19.38,0,0
20130717,19.78,19.78,19.18,19.18,0,0
20130718,19.18,19.18,19.18,19.18,0,0
20130722,18.17,18.57,18.17,18.57,0,0
20130724,18.27,18.57,18.17,18.57,0,0
20130725,18.07,18.27,18.07,18.27,0,0
20130731,18.67,18.67,18.67,18.67,0,0
20130801,18.27,18.27,18.07,18.27,0,0
20130802,18.27,18.27,17.66,17.86,0,0
20130805,17.36,17.36,17.36,17.36,0,0
20130806,17.36,17.36,17.26,17.26,0,0
20130807,17.26,18.17,17.26,18.17,0,0
20130808,17.56,17.56,17.16,17.16,0,0
20130809,16.65,17.36,16.25,16.25,0,0
20130812,16.35,18.07,15.24,17.66,0,0
20130813,17.56,17.56,16.85,17.56,0,0
20130814,17.56,17.56,16.96,17.56,0,0
20130816,17.56,17.56,17.16,17.56,0,0
20130819,17.56,17.56,17.56,17.56,0,0
20130820,17.46,17.46,16.75,16.75,0,0
20130821,16.75,16.75,16.15,16.15,0,0
20130822,15.95,17.46,15.24,15.64,0,0
20130823,15.85,16.96,15.85,16.35,0,0
20130826,16.96,17.76,16.96,17.76,0,0
20130827,17.76,17.76,17.76,17.76,0,0
20130828,17.66,17.66,16.96,17.36,0,0
20130830,17.36,17.36,16.85,16.85,0,0
20130902,17.16,17.16,17.16,17.16,0,0
20130903,16.75,16.75,16.75,16.75,0,0
20130904,16.85,16.85,16.85,16.85,0,0
20130910,16.65,16.85,16.65,16.75,0,0
20130911,16.65,16.65,16.65,16.65,0,0
20130912,16.65,17.16,16.55,17.16,0,0
20130913,17.16,18.17,17.16,18.17,0,0
20130916,17.96,17.96,17.96,17.96,0,0
20130917,17.96,17.96,17.96,17.96,0,0
20130918,17.96,17.96,17.16,17.16,0,0
20130920,16.65,16.65,16.65,16.65,0,0
20130923,16.65,18.47,16.65,18.07,0,0
20130924,17.96,17.96,17.96,17.96,0,0
20130925,17.76,17.76,17.76,17.76,0,0
20130926,17.66,17.66,17.66,17.66,0,0
20130927,17.76,17.76,17.76,17.76,0,0
20130930,17.76,17.76,17.76,17.76,0,0
20131001,17.76,17.76,16.96,16.96,0,0
20131002,17.16,17.16,17.16,17.16,0,0
20131003,17.46,17.46,17.46,17.46,0,0
20131007,17.16,17.16,17.16,17.16,0,0
20131008,17.16,17.16,17.16,17.16,0,0
20131009,17.16,17.66,16.15,17.66,0,0
20131011,16.96,16.96,16.96,16.96,0,0
20131014,17.16,18.07,16.55,16.55,0,0
20131015,16.55,17.16,16.55,17.16,0,0
20131016,17.16,17.16,17.16,17.16,0,0
20131017,16.65,16.65,16.55,16.55,0,0
20131018,16.55,16.55,16.15,16.35,0,0
20131021,16.35,17.16,16.35,17.16,0,0
20131022,16.35,17.16,16.15,17.16,0,0
20131023,17.16,17.96,17.16,17.96,0,0
20131024,18.07,18.07,18.07,18.07,0,0
20131025,17.96,17.96,17.96,17.96,0,0
20131029,17.96,18.47,17.66,17.66,0,0
20131031,17.66,17.66,17.66,17.66,0,0
20131106,17.86,17.86,17.86,17.86,0,0
20131113,17.86,17.86,16.85,16.85,0,0
20131114,17.06,18.67,17.06,18.67,0,0
20131115,19.07,19.58,17.66,19.58,0,0
20131118,20.08,21.3,20.08,20.49,0,0
20131119,20.19,20.19,20.08,20.08,0,0
20131120,20.08,20.08,19.07,19.07,0,0
20131121,19.07,19.07,19.07,19.07,0,0
20131126,19.48,20.08,19.48,19.88,0,0
20131127,19.18,19.18,19.18,19.18,0,0
20131128,19.48,19.48,18.37,18.37,0,0
20131129,18.37,19.07,18.37,19.07,0,0
20131202,19.18,19.18,19.18,19.18,0,0
20131203,18.47,18.97,18.17,18.97,0,0
20131204,19.18,19.18,19.18,19.18,0,0
20131210,19.18,19.18,19.18,19.18,0,0
20131213,18.67,18.67,18.67,18.67,0,0
20131216,18.77,19.07,18.77,19.07,0,0
20131218,19.28,19.28,19.28,19.28,0,0
20131220,19.18,19.18,19.18,19.18,0,0
20131223,19.38,19.38,19.38,19.38,0,0
20131227,19.28,19.28,19.28,19.28,0,0
20131230,19.28,19.28,19.28,19.28,0,0
20140102,19.18,19.18,19.18,19.18,0,0
20140103,19.18,19.18,18.17,18.97,0,0
20140107,19.07,19.07,19.07,19.07,0,0
20140108,19.07,19.07,19.07,19.07,0,0
20140109,19.18,19.18,19.18,19.18,0,0
20140110,18.17,18.17,18.17,18.17,0,0
20140113,18.37,18.37,18.37,18.37,0,0
20140114,18.37,18.37,16.85,17.86,0,0
20140115,17.96,17.96,17.96,17.96,0,0
20140116,18.07,18.07,18.07,18.07,0,0
20140120,18.17,18.17,18.17,18.17,0,0
20140122,18.17,18.17,18.17,18.17,0,0
20140123,18.17,18.17,18.17,18.17,0,0
20140124,18.27,18.27,18.27,18.27,0,0
20140129,18.27,18.27,18.27,18.27,0,0
20140130,18.27,18.37,18.27,18.37,0,0
20140131,18.37,18.37,18.27,18.27,0,0
20140203,17.66,17.66,17.66,17.66,0,0
20140204,18.27,18.27,18.27,18.27,0,0
20140205,18.27,18.27,18.27,18.27,0,0
20140206,18.37,18.37,17.66,18.17,0,0
20140210,18.27,18.27,18.27,18.27,0,0
20140211,18.37,18.37,18.37,18.37,0,0
20140212,18.37,18.37,18.37,18.37,0,0
20140213,18.37,18.37,18.37,18.37,0,0
20140214,18.37,18.37,18.37,18.37,0,0
20140217,18.37,18.37,18.37,18.37,0,0
20140218,18.37,18.37,18.37,18.37,0,0
20140219,18.27,18.27,18.27,18.27,0,0
20140220,18.27,18.27,18.27,18.27,0,0
20140221,18.27,18.27,18.27,18.27,0,0
20140224,18.17,18.17,18.17,18.17,0,0
20140225,18.27,18.27,17.66,17.66,0,0
20140226,17.46,17.46,17.26,17.26,0,0
20140227,17.26,17.26,17.26,17.26,0,0
20140228,17.26,17.26,17.26,17.26,0,0
20140303,17.26,17.26,16.15,17.16,0,0
20140305,16.45,16.45,16.45,16.45,0,0
20140306,16.45,17.16,16.45,17.16,0,0
20140312,16.55,16.55,16.55,16.55,0,0
20140313,16.45,16.45,16.45,16.45,0,0
20140314,16.45,16.45,16.45,16.45,0,0
20140318,17.16,17.16,17.16,17.16,0,0
20140319,17.16,17.16,16.15,16.15,0,0
20140321,16.55,16.55,16.55,16.55,0,0
20140324,16.55,16.55,16.55,16.55,0,0
20140326,16.15,16.55,16.15,16.55,0,0
20140331,16.25,16.25,16.25,16.25,0,0
20140401,16.25,16.85,16.25,16.65,0,0
20140402,16.65,16.65,16.55,16.55,0,0
20140403,16.45,16.85,16.25,16.85,0,0
20140409,16.85,17.06,16.85,17.06,0,0
20140410,17.06,17.06,16.35,16.35,0,0
20140411,16.35,16.35,16.35,16.35,0,0
20140415,16.25,16.25,16.25,16.25,0,0
20140416,16.25,16.35,16.25,16.35,0,0
20140417,16.35,16.35,16.35,16.35,0,0
20140423,16.35,16.35,16.35,16.35,0,0
20140424,16.55,16.55,16.55,16.55,0,0
20140425,16.65,16.65,16.55,16.55,0,0
20140428,16.55,16.55,15.95,15.95,0,0
20140429,16.15,16.15,16.15,16.15,0,0
20140502,15.74,15.74,15.74,15.74,0,0
20140505,15.74,15.74,15.74,15.74,0,0
20140506,15.74,15.74,15.74,15.74,0,0
20140507,16.15,16.45,16.15,16.45,0,0
20140512,16.45,16.96,16.45,16.96,0,0
20140513,17.06,17.06,17.06,17.06,0,0
20140514,17.16,17.16,16.65,16.65,0,0
20140515,17.06,17.16,17.06,17.16,0,0
20140516,17.16,18.87,17.16,18.87,0,0
20140519,18.87,20.19,18.87,20.19,0,0
20140520,20.08,20.08,20.08,20.08,0,0
20140521,19.98,20.19,19.98,20.19,0,0
20140522,20.19,21.09,20.19,20.99,0,0
20140523,21.09,21.5,21.09,21.19,0,0
20140526,21.7,22,21.7,22,0,0
20140527,21.9,21.9,20.69,20.69,0,0
20140528,20.69,21.4,20.69,21.4,0,0
20140529,21.4,21.4,21.4,21.4,0,0
20140530,21.4,21.4,21.4,21.4,0,0
20140602,21.3,21.3,21.3,21.3,0,0
20140603,21.5,24.93,21.5,24.73,0,0
20140604,24.83,26.14,23.31,25.74,0,0
20140605,25.53,25.53,25.53,25.53,0,0
20140606,25.33,25.53,25.33,25.53,0,0
20140609,25.13,25.13,25.13,25.13,0,0
20140610,24.73,24.73,24.73,24.73,0,0
20140611,22.2,23.72,20.79,23.72,0,0
20140613,23.72,23.72,23.72,23.72,0,0
20140616,23.72,24.02,21.8,21.8,0,0
20140617,23.21,23.21,23.21,23.21,0,0
20140620,23.21,23.62,23.21,23.62,0,0
20140623,23.62,23.62,23.62,23.62,0,0
20140624,23.62,23.62,23.62,23.62,0,0
20140625,22.91,23.01,21.5,23.01,0,0
20140626,21.5,23.01,17.36,17.36,0,0
20140627,20.69,20.69,18.87,20.19,0,0
20140630,20.39,23.62,19.38,23.62,0,0
20140701,23.62,23.62,23.62,23.62,0,0
20140702,23.72,24.12,23.72,24.12,0,0
20140703,24.22,25.23,24.22,25.03,0,0
20140704,25.23,25.23,25.23,25.23,0,0
20140707,25.53,26.85,25.53,26.85,0,0
20140708,26.64,26.64,26.24,26.24,0,0
20140709,26.24,26.24,26.24,26.24,0,0
20140710,26.24,26.24,24.32,26.04,0,0
20140711,26.04,26.04,26.04,26.04,0,0
20140714,26.04,26.04,24.02,24.02,0,0
20140715,24.02,24.02,24.02,24.02,0,0
20140716,24.02,24.02,23.72,23.72,0,0
20140718,24.22,24.52,24.22,24.52,0,0
20140721,23.72,23.72,22.2,22.2,0,0
20140722,22.2,23.21,21.7,23.21,0,0
20140725,22.2,24.73,21.7,24.73,0,0
20140729,25.03,25.74,25.03,25.74,0,0
20140801,24.73,25.74,24.73,25.74,0,0
20140804,25.63,25.63,25.63,25.63,0,0
20140805,25.63,25.63,21.9,23.72,0,0
20140807,23.21,23.21,23.21,23.21,0,0
20140808,23.21,25.23,21.7,25.23,0,0
20140812,22.2,25.53,21.9,25.53,0,0
20140813,25.43,25.43,21.7,21.7,0,0
20140814,21.7,25.23,20.29,25.23,0,0
20140818,24.73,24.73,24.73,24.73,0,0
20140819,24.73,24.73,24.73,24.73,0,0
20140820,24.73,24.73,22.2,22.2,0,0
20140821,22.2,22.2,21.19,21.19,0,0
20140828,22.2,22.2,20.29,21.4,0,0
20140901,21.4,21.4,21.19,21.19,0,0
20140902,21.19,21.19,21.19,21.19,0,0
20140903,21.19,21.19,21.19,21.19,0,0
20140904,20.99,20.99,20.29,20.29,0,0
20140905,20.29,21.09,19.58,20.29,0,0
20140911,19.68,19.68,19.58,19.58,0,0
20140912,19.58,21.4,18.97,21.4,0,0
20140923,20.39,20.39,19.98,19.98,0,0
20140924,21.09,21.09,21.09,21.09,0,0
20140925,19.78,20.19,19.78,20.19,0,0
20140926,20.39,22.51,20.39,20.99,0,0
20140929,20.99,20.99,20.08,20.69,0,0
20140930,20.59,20.59,20.59,20.59,0,0
20141001,20.59,22.2,19.88,22.2,0,0
20141002,22.2,22.2,22.2,22.2,0,0
20141006,22.2,22.2,20.79,21.5,0,0
20141007,20.19,21.19,19.68,20.69,0,0
20141013,19.68,21.5,19.28,21.19,0,0
20141016,20.69,20.69,19.78,19.78,0,0
20141017,19.78,20.19,19.78,20.19,0,0
20141027,20.19,21.19,20.08,21.19,0,0
20141030,20.19,21.5,20.08,21.5,0,0
20141031,21.6,21.7,20.08,20.08,0,0
20141103,20.19,20.79,20.19,20.79,0,0
20141104,20.19,20.19,20.19,20.19,0,0
20141106,20.19,20.19,20.19,20.19,0,0
20141107,20.19,20.19,20.19,20.19,0,0
20141110,20.19,20.19,20.19,20.19,0,0
20141112,20.19,20.19,19.28,19.28,0,0
20141113,19.38,20.08,19.38,20.08,0,0
20141114,20.08,20.19,20.08,20.19,0,0
20141117,20.19,20.19,20.19,20.19,0,0
20141118,20.19,20.19,20.19,20.19,0,0
20141119,19.98,19.98,19.38,19.98,0,0
20141120,19.98,19.98,19.98,19.98,0,0
20141121,19.98,19.98,19.98,19.98,0,0
20141124,19.98,19.98,19.98,19.98,0,0
20141125,19.98,19.98,19.98,19.98,0,0
20141126,19.38,19.38,18.67,18.67,0,0
20141127,18.57,18.57,16.45,18.57,0,0
20141204,18.27,18.27,18.27,18.27,0,0
20141208,18.57,18.77,18.57,18.77,0,0
20141209,18.17,18.17,16.65,17.66,0,0
20141210,17.16,17.16,16.85,16.85,0,0
20141211,17.46,17.66,16.55,16.85,0,0
20141212,16.85,16.85,16.85,16.85,0,0
20141215,16.85,18.47,16.85,18.47,0,0
20141216,17.36,17.36,17.06,17.06,0,0
20141217,17.06,18.27,17.06,18.27,0,0
20141218,18.77,20.19,18.77,20.19,0,0
20141219,20.08,20.08,16.55,16.55,0,0
20141222,16.55,16.55,16.55,16.55,0,0
20141223,17.66,17.66,17.66,17.66,0,0
