Date,Open,High,Low,Close,Volume,OpenInt
20080123,43.182,43.182,43.182,43.182,0,0
20080124,43.182,43.819,43.182,43.819,0,0
20080125,42.868,50.802,42.868,47.625,0,0
20080128,49.214,49.214,39.565,47.31,0,0
20080129,45.085,58.423,45.085,57.148,0,0
20080130,62.74,63.494,57.148,63.494,0,0
20080131,63.494,76.194,57.148,62.866,0,0
20080201,67.309,76.204,60.325,76.204,0,0
20080204,79.381,85.727,76.204,82.55,0,0
20080205,88.895,98.425,88.895,98.425,0,0
20080206,101.6,139.7,101.6,127.07,0,0
20080207,127,133.35,116.85,131.39,0,0
20080208,138.12,155.58,138.12,154.31,0,0
20080211,168.27,168.27,107.95,108.26,0,0
20080212,107.95,107.95,90.547,95.25,0,0
20080213,95.25,95.25,89.982,92.073,0,0
20080214,90.169,90.169,88.895,88.895,0,0
20080215,88.895,91.444,88.895,91.444,0,0
20080218,95.259,95.259,88.904,88.904,0,0
20080219,90.178,90.178,77.343,77.343,0,0
20080220,79.058,79.371,76.141,79.371,0,0
20080221,81.912,81.912,70.8,76.078,0,0
20080222,75.441,75.441,65.729,66.671,0,0
20080225,66.986,72.891,66.986,71.312,0,0
20080226,72.326,72.389,66.043,66.357,0,0
20080227,72.389,72.389,63.503,71.437,0,0
20080228,72.389,80.323,69.848,75.88,0,0
20080229,78.106,78.106,70.037,76.204,0,0
20080303,76.204,79.381,76.204,78.421,0,0
20080304,79.058,79.058,69.848,77.918,0,0
20080305,77.469,79.058,71.634,78.681,0,0
20080306,78.995,78.995,78.869,78.869,0,0
20080307,70.235,78.744,69.911,78.744,0,0
20080310,78.744,86.678,77.478,85.341,0,0
20080311,84.138,84.138,69.848,77.469,0,0
20080312,77.469,77.469,70.486,73.027,0,0
20080313,66.806,71.186,63.503,67.309,0,0
20080314,66.545,69.785,66.357,66.357,0,0
20080317,63.503,63.503,46.036,51.565,0,0
20080318,52.643,52.643,44.456,50.613,0,0
20080319,50.489,50.802,47.625,50.039,0,0
20080320,47.688,50.676,47.688,50.676,0,0
20080325,49.537,49.537,45.597,48.514,0,0
20080326,44.959,48.262,44.959,46.988,0,0
20080327,44.698,46.988,44.259,46.36,0,0
20080328,44.582,48.199,44.456,48.199,0,0
20080402,53.342,53.342,53.342,53.342,0,0
20080403,51.117,54.617,46.997,51.439,0,0
20080404,53.154,53.154,48.711,52.643,0,0
20080407,52.067,52.705,47.625,50.991,0,0
20080408,50.991,50.991,48.262,49.214,0,0
20080409,49.851,50.165,47.625,47.94,0,0
20080410,47.94,52.382,45.461,50.165,0,0
20080411,48.262,52.006,47.625,48.136,0,0
20080414,51.376,52.58,48.648,52.58,0,0
20080415,52.705,53.782,50.802,51.502,0,0
20080416,50.802,50.802,47.885,49.339,0,0
20080417,51.117,51.117,47.94,50.291,0,0
20080418,48.262,49.779,47.625,47.625,0,0
20080421,49.851,49.851,40.642,40.642,0,0
20080422,47.562,47.562,46.547,46.547,0,0
20080423,46.925,46.997,45.085,46.862,0,0
20080424,46.736,46.736,41.531,46.61,0,0
20080425,46.297,46.36,41.907,45.085,0,0
20080428,42.544,45.085,42.544,45.085,0,0
20080429,44.133,46.162,41.468,46.162,0,0
20080430,43.047,47.625,43.047,47.625,0,0
20080505,47.625,48.262,45.722,47.625,0,0
20080506,48.89,50.165,48.89,49.851,0,0
20080507,50.165,52.705,47.94,47.94,0,0
20080508,47.814,52.571,47.814,48.9,0,0
20080509,50.174,51.439,47.625,49.788,0,0
20080512,50.237,50.237,48.9,48.9,0,0
20080514,42.544,46.297,41.405,46.162,0,0
20080515,44.896,44.896,41.719,42.544,0,0
20080516,41.97,41.97,37.527,37.59,0,0
20080519,37.59,38.991,36.19,36.199,0,0
20080520,36.199,39.376,36.199,39.054,0,0
20080521,41.279,41.279,39.367,39.367,0,0
20080523,38.165,39.054,38.165,39.054,0,0
20080526,32.447,35.499,32.447,35.499,0,0
20080527,34.925,37.59,34.925,37.59,0,0
20080528,36.764,37.142,36.764,36.764,0,0
20080529,33.65,36.127,31.935,33.973,0,0
20080530,32.133,33.273,20.635,20.635,0,0
20080602,21.012,22.223,20.321,21.273,0,0
20080603,21.273,21.273,19.432,20.132,0,0
20080604,19.684,22.61,19.118,20.832,0,0
20080605,21.021,21.021,18.93,19.684,0,0
20080606,18.67,20.384,18.033,18.033,0,0
20080609,17.781,17.781,15.555,17.144,0,0
20080610,18.22,18.22,14.604,16.066,0,0
20080611,13.715,16.444,13.715,16.003,0,0
20080612,16.703,16.703,16.318,16.381,0,0
20080613,17.583,18.795,17.144,17.592,0,0
20080616,18.732,18.732,14.99,15.555,0,0
20080617,14.917,15.241,13.715,14.038,0,0
20080618,14.289,14.738,13.338,14.666,0,0
20080619,15.241,15.241,14.604,15.052,0,0
20080620,15.501,15.501,12.189,12.189,0,0
20080623,12.637,12.637,10.223,10.601,0,0
20080624,10.851,11.112,9.901,10.735,0,0
20080625,10.798,11.112,10.42,11.112,0,0
20080626,11.049,13.275,11.049,13.275,0,0
20080627,12.961,15.816,12.961,15.303,0,0
20080630,15.816,19.558,15.241,17.144,0,0
20080701,18.22,19.046,17.52,18.292,0,0
20080702,18.292,18.741,15.878,15.94,0,0
20080703,16.003,16.003,14.604,15.94,0,0
20080704,14.927,15.94,14.101,14.604,0,0
20080707,14.029,14.541,13.338,13.967,0,0
20080708,13.652,14.541,12.763,14.478,0,0
20080709,15.178,15.618,14.927,14.927,0,0
20080710,15.564,15.564,14.289,15.241,0,0
20080711,14.352,18.607,14.352,17.269,0,0
20080714,17.144,17.718,16.318,17.466,0,0
20080715,16.516,17.153,14.604,14.604,0,0
20080716,14.604,16.129,14.352,15.816,0,0
20080717,14.99,17.781,14.99,16.829,0,0
20080718,16.955,16.955,15.241,16.381,0,0
20080721,15.555,16.955,15.303,16.766,0,0
20080722,16.516,17.781,16.192,17.781,0,0
20080723,16.318,18.095,16.318,18.095,0,0
20080724,16.892,18.22,16.892,18.033,0,0
20080725,17.97,18.346,15.869,17.144,0,0
20080728,17.457,17.457,15.878,16.192,0,0
20080729,15.878,16.255,14.729,14.729,0,0
20080730,17.018,17.018,16.255,16.255,0,0
20080731,16.444,16.444,15.052,15.878,0,0
20080801,16.39,16.39,15.241,15.68,0,0
20080804,16.192,16.192,13.454,14.99,0,0
20080805,15.69,15.69,13.652,14.729,0,0
20080806,15.241,15.241,13.526,14.604,0,0
20080807,14.604,14.604,14.289,14.478,0,0
20080808,13.715,14.604,12.252,12.45,0,0
20080811,13.975,13.975,12.387,12.7,0,0
20080812,12.763,13.526,12.763,13.4,0,0
20080813,13.912,15.241,13.778,14.478,0,0
20080814,14.99,15.178,13.015,13.015,0,0
20080818,13.078,13.329,12.566,13.212,0,0
20080819,12.387,13.024,12.072,12.252,0,0
20080820,12.063,13.141,12.063,12.952,0,0
20080821,12.126,12.952,12.126,12.952,0,0
20080822,12.189,13.275,12.126,13.275,0,0
20080825,12.198,12.898,12.135,12.889,0,0
20080826,12.063,12.45,12.063,12.45,0,0
20080827,12.763,12.763,11.112,11.112,0,0
20080828,12.252,12.252,12.252,12.252,0,0
20080829,12.315,12.315,10.851,11.112,0,0
20080901,11.175,11.175,10.923,10.923,0,0
20080902,10.178,11.489,10.178,10.986,0,0
20080903,10.286,10.735,9.972,10.601,0,0
20080904,10.538,10.538,9.0744,9.523,0,0
20080905,9.3972,9.3972,7.9345,8.1948,0,0
20080908,8.3833,9.0833,8.3833,9.0833,0,0
20080909,9.0833,9.3972,8.5718,9.2094,0,0
20080910,9.1462,9.1462,8.3205,8.7603,0,0
20080911,8.886,8.886,8.5718,8.5718,0,0
20080912,8.3833,8.8231,8.2577,8.5718,0,0
20080915,8.2577,8.2577,7.4946,7.8717,0,0
20080916,7.4946,7.9345,7.423,7.4319,0,0
20080917,7.8807,9.846,7.4319,9.3343,0,0
20080918,9.0205,9.0205,7.6203,7.6832,0,0
20080919,8.1948,8.1948,7.6203,7.9345,0,0
20080922,7.6203,7.8089,7.3602,7.3691,0,0
20080923,7.3691,7.3691,6.7946,7.3691,0,0
20080924,7.3062,7.3062,7.2434,7.2434,0,0
20080925,7.2434,8.5807,7.2434,7.4946,0,0
20080926,7.0459,8.132,7.0459,7.8089,0,0
20080929,7.9345,7.9345,7.0459,7.0459,0,0
20080930,7.0459,7.5575,6.3458,7.3691,0,0
20081001,7.2434,7.2434,6.7318,6.7318,0,0
20081002,7.2434,7.2434,6.6061,7.2434,0,0
20081003,7.1805,7.1805,6.6689,7.1087,0,0
20081006,6.6689,6.6689,5.906,5.906,0,0
20081007,5.906,6.3549,5.906,6.3458,0,0
20081008,5.3315,6.283,5.143,6.2201,0,0
20081009,6.2201,6.2201,6.2201,6.2201,0,0
20081010,5.7085,6.0317,5.6457,6.0317,0,0
20081013,5.8432,6.0945,5.8432,6.0945,0,0
20081014,5.9688,6.0317,5.906,6.0317,0,0
20081015,5.6547,6.0945,5.6547,6.0945,0,0
20081016,6.0317,6.0317,6.0317,6.0317,0,0
20081017,5.9688,5.9688,5.0802,5.8432,0,0
20081020,5.7175,6.2201,5.7175,5.9688,0,0
20081021,6.2201,6.5433,5.906,5.906,0,0
20081022,6.2201,6.2201,5.906,5.906,0,0
20081023,5.529,6.1573,5.3943,6.1573,0,0
20081024,5.7803,6.1573,5.7803,5.8432,0,0
20081027,6.292,6.292,5.7175,6.1573,0,0
20081028,6.0317,6.0317,6.0317,6.0317,0,0
20081029,6.0945,6.3458,6.0945,6.2201,0,0
20081030,6.4087,6.4805,6.3458,6.4805,0,0
20081031,6.4805,6.4805,6.0317,6.0317,0,0
20081103,5.7803,5.8432,5.7803,5.8432,0,0
20081104,6.292,7.4946,5.7803,7.1087,0,0
20081105,6.9831,8.5089,6.4087,6.9203,0,0
20081106,6.0317,6.0945,5.6547,5.7803,0,0
20081107,6.1573,6.1573,5.0802,5.0802,0,0
20081110,5.2059,5.3315,5.2059,5.3315,0,0
20081112,5.3943,5.3943,4.6943,4.7032,0,0
20081113,5.4033,5.4033,4.7661,4.7661,0,0
20081114,5.3405,5.3405,4.5147,5.143,0,0
20081117,4.1288,5.0802,4.1288,4.5058,0,0
20081118,4.8827,4.9545,4.4429,4.9545,0,0
20081119,4.5776,4.8916,4.5776,4.8916,0,0
20081120,4.8289,4.8289,4.8289,4.8289,0,0
20081121,4.8289,4.8289,4.4429,4.4429,0,0
20081124,4.5058,5.2059,4.5058,5.0173,0,0
20081125,5.0802,5.0802,5.0173,5.0802,0,0
20081126,5.0802,5.0802,4.1288,4.8916,0,0
20081127,4.7032,4.7032,4.7032,4.7032,0,0
20081128,4.5776,4.9545,4.0031,4.8916,0,0
20081201,4.8916,5.0173,4.8916,5.0173,0,0
20081202,4.1917,4.7661,4.1917,4.7661,0,0
20081203,4.1917,4.8916,4.1917,4.8916,0,0
20081204,4.4429,4.4429,4.4429,4.4429,0,0
20081205,4.3801,4.3801,4.066,4.3174,0,0
20081208,4.4429,4.4429,4.4429,4.4429,0,0
20081209,4.3174,4.3174,4.3174,4.3174,0,0
20081210,4.3174,4.3174,4.3174,4.3174,0,0
20081211,3.9403,4.1288,3.8057,4.1288,0,0
20081212,3.7519,4.7032,3.7519,4.7032,0,0
20081215,3.8147,4.5776,3.8147,4.1288,0,0
20081216,4.5776,4.5776,4.1917,4.1917,0,0
20081217,4.1917,4.1917,4.1917,4.1917,0,0
20081218,4.4429,4.5058,3.8057,3.8057,0,0
20081219,3.8685,4.4429,3.8057,3.8057,0,0
20081222,3.8057,3.8057,3.7429,3.7429,0,0
20081223,3.8057,4.4429,3.8057,4.1288,0,0
20081229,4.3174,4.9545,4.3174,4.8916,0,0
20081230,4.4429,4.7661,4.1288,4.5686,0,0
20081231,3.9941,4.4429,3.8685,4.4429,0,0
20090105,3.8057,4.3801,3.8057,4.3801,0,0
20090106,3.9313,4.3801,3.8685,3.8775,0,0
20090107,3.8775,4.066,3.5633,3.9403,0,0
20090108,3.8147,3.8147,3.6262,3.7429,0,0
20090109,4.057,4.057,3.6172,3.6172,0,0
20090112,3.5543,3.8685,3.4915,3.7429,0,0
20090114,3.68,3.68,3.68,3.68,0,0
20090116,3.2402,3.7429,3.2402,3.6172,0,0
20090119,3.68,3.68,3.6172,3.6172,0,0
20090120,3.6172,3.6172,3.2402,3.3658,0,0
20090121,3.3658,3.6172,3.1774,3.3031,0,0
20090122,3.1145,3.2402,3.1145,3.2402,0,0
20090123,3.1774,3.1774,2.6658,3.1145,0,0
20090127,3.3658,3.3658,3.1145,3.1774,0,0
20090128,2.8005,3.3031,2.603,3.3031,0,0
20090129,3.2402,3.2402,3.2402,3.2402,0,0
20090202,3.4915,3.4915,3.4915,3.4915,0,0
20090204,3.2402,3.2402,3.2402,3.2402,0,0
20090205,3.2402,3.2402,3.2402,3.2402,0,0
20090206,3.2402,3.9403,3.2402,3.9403,0,0
20090209,4.1917,4.389,4.0031,4.3801,0,0
20090210,4.4429,4.4429,4.4429,4.4429,0,0
20090211,4.3801,4.6943,4.3801,4.5058,0,0
20090212,4.1288,4.3801,3.8685,4.3801,0,0
20090213,4.3801,4.3801,3.8685,4.2545,0,0
20090216,3.68,4.0031,3.6172,4.0031,0,0
20090217,3.6262,3.8775,3.4287,3.4287,0,0
20090218,3.1774,3.3658,3.1145,3.3658,0,0
20090219,3.3658,3.8775,3.3658,3.8057,0,0
20090220,3.7429,3.7429,3.2941,3.7429,0,0
20090225,3.4915,4.4429,3.4915,4.066,0,0
20090226,4.4429,4.4429,3.5543,3.8057,0,0
20090227,3.8057,4.1288,3.8057,4.1288,0,0
20090302,3.8147,4.2545,3.4915,4.2545,0,0
20090304,4.1917,4.1917,4.1917,4.1917,0,0
20090305,4.1917,4.3174,3.8147,4.3174,0,0
20090306,3.7429,4.1917,3.7429,4.1917,0,0
20090309,3.9403,4.1917,3.9403,4.1917,0,0
20090311,3.4287,4.1917,3.4287,4.1917,0,0
20090312,3.8147,4.1288,3.8147,4.1288,0,0
20090313,4.066,4.066,3.3031,3.8057,0,0
20090316,3.8057,3.8057,3.7429,3.8057,0,0
20090317,3.9313,3.9313,3.68,3.68,0,0
20090318,3.6172,3.68,3.6172,3.68,0,0
20090319,3.8057,3.8775,3.6172,3.8775,0,0
20090320,4.066,4.6404,4.066,4.6315,0,0
20090323,5.0084,5.0084,4.5686,4.7032,0,0
20090324,4.7661,5.2777,4.5147,4.8289,0,0
20090325,5.0173,5.8432,4.9545,5.8432,0,0
20090326,5.7175,6.4805,5.7175,6.1573,0,0
20090327,6.4087,6.4087,5.2687,5.9688,0,0
20090330,5.7175,5.7175,5.143,5.3315,0,0
20090331,4.9545,5.52,4.7572,5.2059,0,0
20090401,4.7572,5.3943,4.7572,5.3943,0,0
20090402,5.3943,5.3943,4.8827,5.3943,0,0
20090403,5.3943,5.3943,5.0802,5.3943,0,0
20090406,5.0802,5.2687,4.6315,4.7032,0,0
20090407,4.7032,4.7032,4.5058,4.7032,0,0
20090408,4.5058,5.3315,4.5058,5.3315,0,0
20090409,5.3315,5.4571,4.9545,5.143,0,0
20090414,6.2201,6.2201,5.0173,5.4571,0,0
20090415,5.3943,5.9688,5.3943,5.9688,0,0
20090416,6.0945,6.7318,6.0945,6.4805,0,0
20090417,6.6689,8.132,6.3458,8.132,0,0
20090420,8.0601,8.9577,7.9345,8.6975,0,0
20090421,8.1948,8.4462,7.2434,7.6203,0,0
20090422,7.8717,7.8717,7.1087,7.8717,0,0
20090423,7.6832,8.3833,7.2434,8.3833,0,0
20090424,8.132,8.3205,7.6832,8.132,0,0
20090427,7.2434,7.9345,7.2434,7.6832,0,0
20090428,7.2434,7.4946,6.9831,7.3691,0,0
20090429,6.9831,7.8089,6.9203,7.8089,0,0
20090430,7.1716,7.5575,7.0459,7.5575,0,0
20090504,7.3691,7.8089,7.1087,7.4319,0,0
20090505,7.4946,7.5575,6.9831,7.4319,0,0
20090506,7.3691,8.0601,7.3691,7.8717,0,0
20090507,7.3691,7.6832,6.7318,7.1716,0,0
20090508,6.7946,7.746,6.7946,7.746,0,0
20090511,7.746,7.746,6.6061,7.2434,0,0
20090512,7.3062,7.5575,7.1087,7.1087,0,0
20090513,7.4319,7.4319,6.6689,7.2434,0,0
20090514,6.5433,7.2434,6.5433,7.2434,0,0
20090515,6.7318,7.1716,6.7318,7.0459,0,0
20090518,7.2434,7.3691,7.2434,7.3691,0,0
20090519,7.3691,7.6203,6.9203,7.3691,0,0
20090520,6.9831,7.2434,6.6061,7.1087,0,0
20090522,6.5433,6.9831,6.5433,6.9831,0,0
20090525,6.5433,7.1087,6.5433,7.1087,0,0
20090526,6.6689,6.8575,6.5433,6.8575,0,0
20090527,6.8575,7.1716,6.8575,7.1716,0,0
20090528,7.2434,7.4319,6.9831,6.9831,0,0
20090529,7.2434,7.3691,7.2434,7.3691,0,0
20090601,7.4319,7.4319,7.4319,7.4319,0,0
20090602,7.4319,7.5575,6.9203,7.3691,0,0
20090603,7.1716,7.3691,6.7318,7.3691,0,0
20090604,6.9203,7.1716,6.7318,6.7946,0,0
20090605,6.6689,7.0459,6.6689,7.0459,0,0
20090608,6.7318,7.0459,6.7318,7.0459,0,0
20090609,6.7946,7.0459,6.7946,7.0459,0,0
20090610,6.8575,7.3691,6.7318,7.3691,0,0
20090612,7.3691,7.4946,6.9831,7.4946,0,0
20090615,7.4946,7.4946,7.4319,7.4319,0,0
20090616,6.8575,7.3062,6.7946,7.3062,0,0
20090617,7.4319,7.4319,6.6689,6.6689,0,0
20090618,6.6689,7.0459,6.6689,7.0459,0,0
20090619,6.6061,6.9831,6.3458,6.9831,0,0
20090623,6.0317,6.0317,5.9688,6.0317,0,0
20090624,6.0317,6.0317,5.9688,5.9688,0,0
20090625,5.9688,5.9688,5.9688,5.9688,0,0
20090626,5.906,5.9688,5.906,5.9688,0,0
20090629,5.7175,6.3458,5.7175,6.3458,0,0
20090630,6.4176,6.8575,6.4176,6.7318,0,0
20090702,6.6061,6.6061,6.6061,6.6061,0,0
20090703,6.6061,6.6061,6.6061,6.6061,0,0
20090706,6.6061,6.9203,6.3458,6.8575,0,0
20090707,6.4176,6.7318,6.3458,6.7318,0,0
20090708,6.7946,6.8575,5.8432,6.7318,0,0
20090709,6.7318,6.7946,6.6689,6.7946,0,0
20090710,6.7318,6.7318,6.283,6.6689,0,0
20090713,6.0317,6.6689,5.9688,6.6061,0,0
20090714,6.0317,6.283,5.9688,6.283,0,0
20090715,6.283,6.283,5.6547,6.0945,0,0
20090716,6.0945,6.0945,5.3943,5.9688,0,0
20090717,6.0945,6.1573,5.9688,6.1573,0,0
20090720,6.3458,6.3458,5.529,5.906,0,0
20090721,5.7175,6.0317,5.3943,5.7175,0,0
20090722,5.7175,5.9688,5.7175,5.9688,0,0
20090723,5.9688,6.283,5.9688,6.283,0,0
20090724,6.283,6.283,6.283,6.283,0,0
20090727,6.0317,6.2201,5.7803,6.2201,0,0
20090729,5.6547,6.0945,5.6547,6.0945,0,0
20090730,5.7175,6.0945,5.6547,6.0945,0,0
20090731,6.0317,6.2201,5.7803,6.2201,0,0
20090803,6.2201,7.2434,6.2201,6.2201,0,0
20090804,6.3458,6.9203,6.3458,6.9203,0,0
20090805,6.0945,7.3062,6.0945,7.0459,0,0
20090806,6.4176,6.6061,6.2201,6.6061,0,0
20090807,6.6061,6.8575,5.6547,6.7946,0,0
20090810,6.4805,6.9203,6.283,6.9203,0,0
20090811,7.0459,7.0459,6.4805,6.9203,0,0
20090812,6.5433,6.6689,6.5433,6.6689,0,0
20090813,6.3458,6.5433,6.283,6.5433,0,0
20090814,6.6061,6.6689,6.5433,6.6689,0,0
20090817,6.6061,6.6061,6.3458,6.5433,0,0
20090818,6.5433,6.6061,6.0317,6.1573,0,0
20090819,6.1573,6.3458,5.906,6.3458,0,0
20090820,6.283,6.6689,6.283,6.6061,0,0
20090821,6.6689,8.2577,6.6689,7.746,0,0
20090824,7.8717,8.6975,7.6203,7.8089,0,0
20090825,7.746,7.8717,7.3691,7.8717,0,0
20090826,7.8089,8.132,7.1087,8.132,0,0
20090827,7.4946,8.132,7.4946,8.132,0,0
20090828,8.1948,8.1948,7.6832,8.0601,0,0
20090831,7.8717,8.0601,7.8717,8.0601,0,0
20090901,7.9345,8.132,7.1716,7.6203,0,0
20090902,7.5575,7.5575,6.4176,6.4176,0,0
20090903,6.9831,6.9831,6.1573,6.8575,0,0
20090904,6.6061,6.6061,6.4176,6.4176,0,0
20090907,6.4805,6.8575,6.4805,6.7318,0,0
20090908,6.7318,6.7318,6.0945,6.6689,0,0
20090909,6.283,6.7946,6.283,6.7946,0,0
20090911,6.6689,6.6689,6.6689,6.6689,0,0
20090914,6.4805,6.4805,6.0945,6.0945,0,0
20090915,6.2201,6.2201,5.9688,6.1573,0,0
20090916,6.2201,6.2201,5.8432,6.2201,0,0
20090917,6.2201,6.283,5.906,6.1573,0,0
20090921,6.3458,6.3458,6.2201,6.2201,0,0
20090922,6.3458,6.6061,5.906,6.3458,0,0
20090923,6.1573,6.1573,5.9688,6.1573,0,0
20090924,6.1573,6.2201,6.1573,6.1573,0,0
20090925,6.3458,6.3458,5.8432,6.1573,0,0
20090928,6.2201,6.2201,6.1573,6.2201,0,0
20090929,6.2201,6.2201,6.2201,6.2201,0,0
20090930,5.7803,6.0317,5.7175,5.7175,0,0
20091001,5.5919,5.906,5.5919,5.906,0,0
20091002,5.7803,5.7803,5.529,5.529,0,0
20091005,5.529,6.2201,4.8916,5.3315,0,0
20091006,5.4571,6.2201,5.4571,6.1573,0,0
20091007,5.7175,6.5433,5.6547,6.3458,0,0
20091008,6.6061,6.7946,6.4176,6.7318,0,0
20091009,6.7318,6.7318,6.0945,6.5433,0,0
20091012,6.4805,6.5433,6.1573,6.1573,0,0
20091013,6.3458,6.3458,6.0945,6.3458,0,0
20091014,5.9688,6.3458,5.9688,6.3458,0,0
20091015,6.3458,6.3458,6.3458,6.3458,0,0
20091016,6.4176,6.4176,5.7803,6.3458,0,0
20091019,6.283,6.283,6.283,6.283,0,0
20091020,6.2201,6.2201,5.529,5.9688,0,0
20091021,5.5919,6.0945,5.3315,5.4571,0,0
20091022,5.3943,5.3943,4.9545,5.143,0,0
20091023,5.4571,5.4571,5.4571,5.4571,0,0
20091026,5.3943,5.3943,4.9545,5.143,0,0
20091027,5.3315,5.3315,4.7661,5.0802,0,0
20091028,4.7661,5.5919,4.7032,5.5919,0,0
20091029,5.2059,5.5919,5.0802,5.529,0,0
20091030,5.5919,5.5919,5.0802,5.4571,0,0
20091102,5.4571,5.4571,5.0173,5.0173,0,0
20091103,5.2687,5.2687,4.9545,5.2687,0,0
20091104,5.2687,5.5919,5.2059,5.5919,0,0
20091105,5.6547,5.6547,5.2687,5.529,0,0
20091106,5.5919,5.9688,5.5919,5.9688,0,0
20091109,5.2687,5.5919,5.2059,5.5919,0,0
20091110,5.3315,5.3315,5.3315,5.3315,0,0
20091112,5.3315,5.3943,5.143,5.3943,0,0
20091113,5.3315,5.5919,5.143,5.3943,0,0
20091116,5.143,5.2059,5.0173,5.2059,0,0
20091117,5.143,5.3943,5.0173,5.0173,0,0
20091118,5.2059,5.2059,5.0802,5.2059,0,0
20091119,5.2687,5.2687,5.0173,5.2059,0,0
20091120,5.2687,5.2687,5.2687,5.2687,0,0
20091123,5.2687,5.2687,5.2687,5.2687,0,0
20091124,5.2687,5.2687,5.0802,5.0802,0,0
20091125,5.2687,5.2687,4.9545,5.2687,0,0
20091126,5.0173,5.2059,4.9545,5.2059,0,0
20091130,4.7661,5.2059,4.7661,5.143,0,0
20091201,5.3315,5.3315,5.2687,5.2687,0,0
20091203,5.2059,5.2687,4.8289,5.0802,0,0
20091204,5.0802,5.0802,4.7661,5.0173,0,0
20091207,5.0173,5.0173,4.7661,4.9545,0,0
20091208,5.0173,5.0173,4.7661,4.7661,0,0
20091209,4.9545,4.9545,4.6315,4.9545,0,0
20091210,4.5686,4.8289,4.5058,4.8289,0,0
20091211,4.5058,4.9545,4.4429,4.9545,0,0
20091214,4.7032,4.7661,4.5686,4.5686,0,0
20091215,4.7661,4.7661,4.4429,4.7661,0,0
20091217,4.4429,4.7032,4.3174,4.7032,0,0
20091218,4.066,4.5686,4.066,4.2545,0,0
20091221,4.5058,4.5058,4.2545,4.2545,0,0
20091222,4.2545,4.3174,4.1288,4.1288,0,0
20091223,4.2545,4.3801,4.1288,4.1288,0,0
20091228,4.066,4.3801,3.9403,4.3801,0,0
20091229,4.3801,4.3801,4.1288,4.1288,0,0
20091230,4.3801,4.5686,4.3801,4.5686,0,0
20091231,4.4429,4.5686,4.4429,4.5686,0,0
20100104,4.7661,5.0802,4.7661,4.9545,0,0
20100105,5.0173,5.0173,4.4429,4.4429,0,0
20100106,4.8289,5.0802,4.5686,5.0173,0,0
20100107,5.0173,5.0173,4.8916,5.0173,0,0
20100108,5.0173,5.3315,4.9545,5.2687,0,0
20100111,5.2687,5.2687,4.9545,5.2687,0,0
20100112,5.2687,5.2687,4.8916,5.2059,0,0
20100113,5.143,5.143,4.5686,5.143,0,0
20100115,4.8289,6.1573,4.8289,5.906,0,0
20100118,6.1573,6.1573,5.529,6.1573,0,0
20100119,6.1573,6.9203,5.8432,6.3458,0,0
20100120,6.6689,7.6203,6.6689,7.6203,0,0
20100121,7.6203,7.8717,6.9831,7.4946,0,0
20100122,6.6689,6.7946,6.3458,6.5433,0,0
20100125,6.4176,6.7946,6.1573,6.6061,0,0
20100126,6.9831,6.9831,5.7175,5.9688,0,0
20100127,6.2201,6.6689,5.7803,6.5433,0,0
20100128,6.9831,7.746,6.5433,7.4319,0,0
20100129,6.9831,7.5575,6.7946,7.3062,0,0
20100201,6.9203,8.0601,6.9203,7.746,0,0
20100202,7.6203,9.2723,7.4946,8.886,0,0
20100203,9.1462,11.112,8.886,11.112,0,0
20100204,11.363,12.45,10.223,10.223,0,0
20100205,9.586,9.972,8.7603,9.909,0,0
20100208,9.909,9.909,8.9577,9.586,0,0
20100209,9.3972,9.909,9.3972,9.712,0,0
20100210,9.972,11.624,9.972,10.923,0,0
20100211,11.3,11.561,10.16,10.861,0,0
20100212,10.923,10.923,10.16,10.412,0,0
20100215,10.798,10.798,10.16,10.475,0,0
20100216,10.223,10.223,9.523,9.909,0,0
20100217,9.972,9.972,8.886,9.3343,0,0
20100218,9.2094,10.286,9.2094,9.2723,0,0
20100219,10.035,10.035,9.2094,9.649,0,0
20100222,8.9577,9.586,8.9577,9.2094,0,0
20100223,8.6975,9.523,8.6975,9.1462,0,0
20100224,8.6975,8.6975,7.8089,8.132,0,0
20100225,8.6975,8.7603,7.746,8.5718,0,0
20100226,7.9345,9.4601,7.9345,8.886,0,0
20100301,9.2094,9.2094,7.9973,8.886,0,0
20100302,8.886,8.886,8.3833,8.886,0,0
20100303,8.886,8.886,8.3205,8.7603,0,0
20100304,8.7603,9.846,8.7603,9.586,0,0
20100305,9.3343,9.909,9.0833,9.4601,0,0
20100308,9.0833,9.649,9.0833,9.3972,0,0
20100309,8.886,9.783,8.886,9.783,0,0
20100310,9.2723,9.649,8.886,9.649,0,0
20100311,9.0833,9.3343,8.886,9.2094,0,0
20100312,9.2094,9.2094,8.6975,9.0833,0,0
20100315,9.2094,9.2094,8.5718,9.0205,0,0
20100316,8.7603,9.0833,8.2577,8.8231,0,0
20100317,9.0833,9.0833,8.2577,8.9577,0,0
20100318,8.3205,8.7603,8.0601,8.5089,0,0
20100319,8.1948,8.5089,7.9973,8.5089,0,0
20100322,8.0601,8.0601,8.0601,8.0601,0,0
20100323,8.2577,8.5089,8.2577,8.5089,0,0
20100324,8.7603,8.7603,8.6975,8.6975,0,0
20100325,8.6975,8.6975,8.6975,8.6975,0,0
20100326,8.2577,8.5089,7.9973,8.5089,0,0
20100329,8.2577,8.6975,8.2577,8.6975,0,0
20100330,8.0601,8.6346,8.0601,8.5718,0,0
20100401,8.1948,8.5718,8.1948,8.5718,0,0
20100406,8.3205,8.5718,8.3205,8.5718,0,0
20100407,8.5718,8.886,8.5718,8.886,0,0
20100408,8.2577,9.4601,8.2577,9.3343,0,0
20100409,9.3343,9.649,9.0833,9.4601,0,0
20100412,9.649,9.649,8.9577,9.3343,0,0
20100413,8.0601,9.2094,8.0601,8.886,0,0
20100414,8.6975,8.6975,8.6975,8.6975,0,0
20100415,8.5718,8.5718,8.4462,8.4462,0,0
20100419,8.2577,8.5718,8.2577,8.5718,0,0
20100421,8.2577,8.5718,8.2577,8.3205,0,0
20100422,8.5718,8.6346,8.5089,8.6346,0,0
20100423,8.6346,8.6975,8.2577,8.5718,0,0
20100426,8.8231,8.8231,8.5718,8.5718,0,0
20100428,8.5089,8.6346,8.5089,8.6346,0,0
20100430,8.7603,8.8231,8.7603,8.8231,0,0
20100504,9.1462,9.1462,9.1462,9.1462,0,0
20100505,9.3343,9.3343,9.3343,9.3343,0,0
20100506,8.5718,9.1462,8.5718,9.1462,0,0
20100507,8.0601,8.8231,8.0601,8.8231,0,0
20100510,7.9973,8.9577,7.9973,8.9577,0,0
20100511,8.886,9.0833,8.886,9.0833,0,0
20100517,8.886,8.886,8.1948,8.1948,0,0
20100518,8.5718,8.8231,8.5718,8.8231,0,0
20100519,8.1948,8.7603,8.1948,8.7603,0,0
20100520,8.0601,8.6346,7.9973,8.6346,0,0
20100524,8.1948,8.5089,8.1948,8.5089,0,0
20100525,7.9973,8.6346,7.2434,8.5718,0,0
20100528,8.2577,8.2577,8.2577,8.2577,0,0
20100531,8.2577,8.2577,8.2577,8.2577,0,0
20100601,8.5089,8.5089,8.5089,8.5089,0,0
20100602,7.6203,8.1948,7.6203,8.1948,0,0
20100604,8.1948,8.1948,7.6203,7.746,0,0
20100607,8.4462,8.4462,7.4946,7.9973,0,0
20100608,7.6203,8.1948,7.3691,7.3691,0,0
20100609,7.2434,7.3691,6.6061,7.1716,0,0
20100610,6.6689,7.1716,6.6689,7.1716,0,0
20100611,7.1087,7.1087,7.1087,7.1087,0,0
20100615,7.1087,7.1087,7.1087,7.1087,0,0
20100617,6.6061,6.6061,5.8432,6.5433,0,0
20100621,6.0317,6.0317,5.9688,5.9688,0,0
20100622,6.0317,6.5433,6.0317,6.5433,0,0
20100624,6.4805,6.4805,5.4571,6.3458,0,0
20100625,6.5433,6.5433,6.3458,6.4805,0,0
20100628,6.5433,6.5433,6.5433,6.5433,0,0
20100701,6.0945,6.4805,6.0945,6.4805,0,0
20100702,6.0945,6.4805,6.0945,6.4805,0,0
20100708,5.8432,5.8432,5.8432,5.8432,0,0
20100709,6.1573,6.3458,5.7175,6.3458,0,0
20100713,5.8432,5.8432,5.4571,5.4571,0,0
20100714,6.1573,6.1573,6.1573,6.1573,0,0
20100722,5.7175,6.3458,5.7175,6.3458,0,0
20100723,6.3458,6.3458,6.3458,6.3458,0,0
20100726,6.3458,7.1087,6.283,7.1087,0,0
20100727,6.5433,7.3062,6.4805,7.3062,0,0
20100728,7.3062,7.3062,7.3062,7.3062,0,0
20100729,6.7318,7.5575,6.7318,7.5575,0,0
20100802,7.4319,7.4319,7.3062,7.3062,0,0
20100803,6.9831,7.3691,6.9831,7.3062,0,0
20100804,6.7946,7.3691,6.7946,7.3691,0,0
20100806,6.5433,6.5433,6.5433,6.5433,0,0
20100809,7.3062,7.3062,6.5433,6.5433,0,0
20100810,6.5433,6.5433,6.5433,6.5433,0,0
20100812,6.4805,6.4805,6.4805,6.4805,0,0
20100813,6.9203,6.9203,6.9203,6.9203,0,0
20100819,6.9203,7.2434,6.5433,7.1716,0,0
20100820,7.1716,7.1716,7.1716,7.1716,0,0
20100823,6.4805,6.4805,6.4805,6.4805,0,0
20100824,6.7946,6.7946,6.7946,6.7946,0,0
20100826,5.4571,6.7946,5.4571,6.7946,0,0
20100830,6.3458,6.3458,6.3458,6.3458,0,0
20100831,6.3458,6.3458,6.3458,6.3458,0,0
20100901,6.2201,6.2201,5.8432,5.8432,0,0
20100902,6.3458,6.3458,6.3458,6.3458,0,0
20100903,6.0317,6.0317,6.0317,6.0317,0,0
20100906,6.0317,6.3458,6.0317,6.3458,0,0
20100907,5.906,5.906,5.906,5.906,0,0
20100908,6.3458,6.3458,6.3458,6.3458,0,0
20100909,5.8432,5.8432,5.8432,5.8432,0,0
20100910,5.906,6.2201,5.7803,6.2201,0,0
20100913,5.7803,5.7803,5.7803,5.7803,0,0
20100914,5.7175,5.7175,5.7175,5.7175,0,0
20100916,6.2201,6.2201,5.6547,6.1573,0,0
20100917,5.7175,5.7175,5.7175,5.7175,0,0
20100920,6.0945,6.0945,6.0945,6.0945,0,0
20100921,6.2201,6.3458,5.7803,5.7803,0,0
20100923,6.4805,6.4805,6.4805,6.4805,0,0
20100924,6.4805,6.4805,5.9688,6.0945,0,0
20100927,6.0945,6.5433,5.9688,6.5433,0,0
20100928,6.5433,7.1087,6.5433,6.7946,0,0
20100929,6.6061,6.6061,6.6061,6.6061,0,0
20101001,6.7318,7.1716,6.3458,7.1716,0,0
20101004,7.1087,7.6203,7.1087,7.6203,0,0
20101005,7.6203,8.9577,7.6203,8.2577,0,0
20101006,8.2577,8.6975,8.2577,8.5718,0,0
20101007,8.2577,8.4462,7.8089,8.4462,0,0
20101008,8.1948,8.3833,8.1948,8.3833,0,0
20101011,8.3205,8.3205,8.132,8.132,0,0
20101012,7.6832,7.9973,7.6203,7.9345,0,0
20101014,7.9973,8.4462,7.9973,8.4462,0,0
20101015,7.6203,7.746,7.6203,7.746,0,0
20101020,7.1087,7.746,7.1087,7.746,0,0
20101021,7.5575,7.5575,7.5575,7.5575,0,0
20101022,7.5575,7.5575,7.5575,7.5575,0,0
20101029,7.1116,7.4302,6.7929,6.9842,0,0
20101102,7.4319,7.4319,6.9203,7.3691,0,0
20101103,6.7946,7.3691,6.7946,6.9831,0,0
20101108,6.6061,6.6689,6.6061,6.6689,0,0
20101109,6.4805,6.4805,6.3458,6.3458,0,0
20101110,6.4805,6.4805,6.4805,6.4805,0,0
20101112,6.1573,6.5433,6.1573,6.5433,0,0
20101117,6.1573,6.2201,6.0317,6.2201,0,0
20101118,5.9688,6.0945,5.9688,6.0945,0,0
20101119,5.906,6.1573,5.906,6.1573,0,0
20101122,5.906,5.906,5.906,5.906,0,0
20101123,5.9688,5.9688,5.906,5.906,0,0
20101124,5.7803,6.1573,5.7803,6.0945,0,0
20101125,6.1573,6.1573,6.1573,6.1573,0,0
20101126,6.0945,6.5433,6.0945,6.4805,0,0
20101129,6.3458,7.3691,6.3458,7.3691,0,0
20101130,7.0459,7.0459,6.8575,6.8575,0,0
20101201,7.4319,7.5575,6.8575,7.5575,0,0
20101202,7.4946,7.746,7.4946,7.746,0,0
20101203,7.1087,7.3062,6.7946,7.3062,0,0
20101206,6.6061,7.3062,6.6061,7.3062,0,0
20101207,6.9831,7.2434,6.9831,7.2434,0,0
20101208,7.2434,7.2434,7.2434,7.2434,0,0
20101209,6.9831,6.9831,6.9831,6.9831,0,0
20101210,6.9831,6.9831,6.8575,6.8575,0,0
20101213,6.8575,6.8575,6.8575,6.8575,0,0
20101214,6.7318,6.7318,6.6061,6.6061,0,0
20101215,6.4176,6.4176,6.3458,6.3458,0,0
20101216,6.283,6.283,6.283,6.283,0,0
20101220,6.283,6.283,5.9688,5.9688,0,0
20101221,6.0317,6.0317,6.0317,6.0317,0,0
20101222,5.7803,5.7803,5.529,5.7175,0,0
20101223,6.2201,6.2201,5.5919,5.5919,0,0
20101227,6.0945,6.0945,5.7803,6.0317,0,0
20101228,6.0317,6.0945,5.9688,6.0945,0,0
20101229,6.1556,6.1556,6.1556,6.1556,0,0
20101230,6.1556,7.3665,6.1556,6.7929,0,0
20101231,7.0479,7.5577,7.0479,7.1116,0,0
20110103,6.6689,6.6689,6.3458,6.3458,0,0
20110104,6.3458,6.3458,6.3458,6.3458,0,0
20110105,6.3458,6.3458,6.2201,6.2201,0,0
20110110,6.5433,6.5433,6.3458,6.3458,0,0
20110111,6.5433,6.9831,6.5433,6.9203,0,0
20110112,6.9831,7.2434,6.9831,7.2434,0,0
20110113,7.2434,7.5575,6.9203,6.9203,0,0
20110114,6.9203,6.9203,6.9203,6.9203,0,0
20110117,7.5575,8.1948,7.5575,8.1948,0,0
20110118,7.8089,8.1948,7.4946,8.1948,0,0
20110119,8.132,8.1948,7.6832,8.1948,0,0
20110120,8.132,8.132,7.9973,7.9973,0,0
20110121,7.6832,8.132,7.6832,8.132,0,0
20110124,7.6832,7.8089,7.6832,7.8089,0,0
20110125,7.6832,7.6832,7.6832,7.6832,0,0
20110126,7.4946,7.4946,7.4946,7.4946,0,0
20110127,7.4946,7.4946,7.4946,7.4946,0,0
20110128,7.4319,7.4319,7.4319,7.4319,0,0
20110131,6.9204,7.8127,6.9204,7.8127,0,0
20110202,6.9203,7.746,6.9203,6.9203,0,0
20110203,6.7318,6.7318,6.6061,6.6061,0,0
20110204,6.6061,6.9831,6.6061,6.9831,0,0
20110207,6.6061,7.3062,6.6061,7.3062,0,0
20110208,6.6689,6.6689,6.6689,6.6689,0,0
20110209,6.7318,6.7946,6.7318,6.7946,0,0
20110214,6.6689,6.6689,6.5433,6.5433,0,0
20110215,6.9203,6.9203,6.7946,6.8575,0,0
20110216,6.5433,6.7946,6.5433,6.5433,0,0
20110217,6.4176,6.4176,6.4176,6.4176,0,0
20110218,6.5433,6.8575,6.5433,6.6061,0,0
20110221,6.8575,6.8575,6.6689,6.6689,0,0
20110222,6.6061,6.6061,6.283,6.3458,0,0
20110224,6.3458,6.6061,6.283,6.6061,0,0
20110225,6.6061,6.6061,6.6061,6.6061,0,0
20110228,6.6017,7.1753,6.6017,6.9842,0,0
20110301,7.5575,9.0205,7.5575,8.9577,0,0
20110302,8.8231,9.2723,7.9345,8.5089,0,0
20110303,8.4462,8.5089,7.8089,8.5089,0,0
20110304,7.6832,8.886,7.6832,8.7603,0,0
20110307,8.3833,8.6975,7.6832,8.5718,0,0
20110308,7.746,8.132,7.746,8.132,0,0
20110309,7.746,7.746,7.6832,7.746,0,0
20110310,7.6832,7.8089,7.6203,7.8089,0,0
20110311,7.4946,7.4946,7.4946,7.4946,0,0
20110314,7.6203,7.9345,7.6203,7.9345,0,0
20110316,7.8717,8.5089,7.8717,8.5089,0,0
20110317,8.132,8.4462,8.132,8.4462,0,0
20110318,8.132,8.5089,8.132,8.5089,0,0
20110321,7.8089,8.3833,7.8089,8.3833,0,0
20110322,7.746,8.1948,7.3691,8.1948,0,0
20110324,7.6832,7.6832,7.5575,7.6203,0,0
20110325,7.3691,7.746,6.6689,7.746,0,0
20110328,7.6203,7.6203,7.3691,7.3691,0,0
20110329,7.9345,7.9345,7.9345,7.9345,0,0
20110401,7.4319,7.746,7.4319,7.746,0,0
20110404,7.6203,7.6203,7.6203,7.6203,0,0
20110405,7.6203,8.132,7.6203,8.132,0,0
20110406,7.8089,7.8089,7.6203,7.6203,0,0
20110407,7.3691,7.9973,7.3691,7.9973,0,0
20110411,7.6203,8.0601,7.6203,7.6203,0,0
20110412,8.0601,8.0601,8.0601,8.0601,0,0
20110413,7.4319,7.746,7.3062,7.3062,0,0
20110414,6.9831,6.9831,6.8575,6.8575,0,0
20110415,6.9203,8.1948,6.8575,7.9345,0,0
20110418,7.9345,7.9345,7.4946,7.8089,0,0
20110419,7.4946,7.8089,7.4946,7.8089,0,0
20110420,7.4946,7.4946,7.4946,7.4946,0,0
20110421,7.8089,8.5718,7.8089,8.5718,0,0
20110426,8.5718,8.6975,8.5718,8.6975,0,0
20110427,8.6975,8.8231,8.6975,8.8231,0,0
20110502,8.8231,9.4601,8.8231,9.4601,0,0
20110504,9.3972,9.4601,8.4462,8.886,0,0
20110505,8.886,8.886,8.886,8.886,0,0
20110506,8.8231,8.8231,8.132,8.132,0,0
20110509,7.9345,8.8231,7.9345,8.8231,0,0
20110510,7.8717,8.4462,7.8089,8.4462,0,0
20110511,8.4462,8.5718,7.9345,8.5718,0,0
20110512,7.8089,8.132,7.8089,7.8089,0,0
20110513,8.1948,8.1948,8.1948,8.1948,0,0
20110516,8.1948,8.2577,8.1948,8.2577,0,0
20110517,8.1948,8.7603,8.1948,8.7603,0,0
20110518,8.2577,8.6975,8.2577,8.6975,0,0
20110519,8.3205,8.6975,8.3205,8.6975,0,0
20110523,7.9973,8.8231,7.9973,8.8231,0,0
20110524,9.0205,9.2094,8.6346,8.6346,0,0
20110525,8.7603,8.7603,8.7603,8.7603,0,0
20110526,8.7603,9.523,8.7603,9.523,0,0
20110527,8.2577,9.3972,8.2577,9.3972,0,0
20110531,8.5684,9.3972,8.2588,9.3333,0,0
20110602,9.2094,9.2094,9.2094,9.2094,0,0
20110603,8.886,9.1462,8.6346,8.6346,0,0
20110606,9.0205,9.1462,9.0205,9.1462,0,0
20110608,8.4501,9.0875,8.2588,9.0875,0,0
20110613,8.886,9.1462,8.6346,8.6346,0,0
20110615,8.3833,9.0833,8.3833,9.0833,0,0
20110616,8.3864,9.0238,8.3864,9.0238,0,0
20110620,8.4462,9.3972,8.4462,9.3972,0,0
20110622,8.5684,9.2055,8.5684,9.2055,0,0
20110627,8.2588,9.1422,8.2588,9.1422,0,0
20110630,8.4501,9.0875,8.4501,9.0875,0,0
20110701,8.4501,8.8872,8.4501,8.8872,0,0
20110704,8.2498,8.951,8.2498,8.951,0,0
20110705,8.2498,9.0875,8.2498,9.0875,0,0
20110707,8.2498,9.0875,8.2498,9.0875,0,0
20110708,8.3773,8.951,8.3773,8.951,0,0
20110711,8.5684,8.7597,8.1769,8.7597,0,0
20110715,8.3135,8.3773,7.7307,8.3773,0,0
20110718,7.922,8.3773,7.7307,8.3773,0,0
20110720,7.8582,8.7597,7.8582,8.7597,0,0
20110722,8.2498,8.6322,8.0495,8.6322,0,0
20110728,7.922,8.5048,7.922,8.5048,0,0
20110801,7.8582,8.1769,7.8582,8.1769,0,0
20110803,7.5395,7.5395,6.7019,7.0843,0,0
20110804,7.0843,7.0843,6.7019,6.7019,0,0
20110805,6.374,6.6381,5.6729,6.6381,0,0
20110808,5.7366,6.3104,5.7366,6.3104,0,0
20110809,5.7366,5.9916,5.4726,5.9916,0,0
20110810,5.8004,6.3104,5.8004,6.3104,0,0
20110811,5.9916,6.3104,5.8004,6.3104,0,0
20110812,5.8642,6.3104,5.8004,6.3104,0,0
20110816,5.6729,6.3104,5.4726,6.3104,0,0
20110817,5.9916,6.1191,5.8004,6.1191,0,0
20110818,5.8004,5.8004,5.8004,5.8004,0,0
20110819,6.1191,6.3104,6.1191,6.3104,0,0
20110823,6.3104,6.4378,6.3104,6.4378,0,0
20110829,5.9916,6.3104,5.9916,6.3104,0,0
20110830,5.9916,6.374,5.9916,6.2466,0,0
20110901,5.8004,6.2466,5.8004,6.2466,0,0
20110902,6.1191,6.1191,6.1191,6.1191,0,0
20110906,5.8004,6.1191,5.8004,6.1191,0,0
20110907,6.1191,6.2466,6.1191,6.2466,0,0
20110912,6.2466,6.2466,6.2466,6.2466,0,0
20110915,6.1191,6.374,6.1191,6.374,0,0
20110916,6.374,6.4378,6.374,6.4378,0,0
20110921,5.9916,7.0206,5.9916,6.7019,0,0
20110922,6.0553,6.374,5.8004,6.374,0,0
20110926,5.9279,6.1828,5.9279,6.1828,0,0
20110929,5.9279,6.1828,5.9279,6.1828,0,0
20111005,6.1828,6.1828,6.1828,6.1828,0,0
20111010,5.9279,6.4378,5.9279,6.4378,0,0
20111011,6.4378,6.4378,6.4378,6.4378,0,0
20111019,6.1828,6.4378,5.9279,6.4378,0,0
20111025,6.3104,6.3104,6.3104,6.3104,0,0
20111028,5.9279,6.2466,5.9279,6.2466,0,0
20111031,5.9279,6.3104,5.9279,6.3104,0,0
20111102,5.9279,6.3104,5.9279,6.3104,0,0
20111103,5.9279,6.3104,5.9279,6.3104,0,0
20111109,5.9279,6.0553,5.8004,6.0553,0,0
20111115,6.0553,6.2466,6.0553,6.2466,0,0
20111121,6.0553,6.2466,6.0553,6.2466,0,0
20111123,5.5363,6.2466,5.5363,6.2466,0,0
20111128,6.1828,6.4378,6.1828,6.4378,0,0
20111129,6.374,6.374,6.374,6.374,0,0
20111202,5.9916,6.4378,5.9916,6.4378,0,0
20111205,6.4378,6.4378,6.4378,6.4378,0,0
20111206,6.4378,6.4378,6.4378,6.4378,0,0
20111208,6.4378,6.4378,5.9916,6.4378,0,0
20111212,6.374,6.4378,6.374,6.4378,0,0
20111213,5.9916,5.9916,5.2813,5.8642,0,0
20111214,5.8004,5.8004,5.8004,5.8004,0,0
20111215,5.8004,5.8642,5.8004,5.8642,0,0
20111216,5.4089,5.8642,5.4089,5.8642,0,0
20111219,5.7366,6.1191,5.7366,6.1191,0,0
20111223,5.8004,6.1191,5.8004,6.1191,0,0
20111227,5.5363,6.1191,5.5363,6.1191,0,0
20111230,6.115,6.2466,6.115,6.2466,0,0
20120102,6.3104,6.7019,6.3104,6.7019,0,0
20120103,5.8004,6.4378,5.8004,6.4378,0,0
20120110,6.4378,6.4378,6.4378,6.4378,0,0
20120117,5.8004,6.1191,5.8004,6.1191,0,0
20120125,5.4726,6.1191,5.1538,6.1191,0,0
20120126,5.4089,6.374,5.4089,6.374,0,0
20120201,6.374,6.5744,5.9916,6.5744,0,0
20120202,6.5744,6.5744,6.5744,6.5744,0,0
20120203,6.4378,6.7019,6.4378,6.6381,0,0
20120206,6.6381,6.6381,6.6381,6.6381,0,0
20120207,6.5106,6.8294,6.5106,6.8294,0,0
20120208,6.7657,6.7657,6.7657,6.7657,0,0
20120209,6.8931,6.8931,6.8294,6.8294,0,0
20120210,6.7019,6.7019,6.7019,6.7019,0,0
20120213,6.7657,6.7657,6.374,6.6381,0,0
20120214,6.6381,6.6381,6.6381,6.6381,0,0
20120215,6.5106,6.5106,6.5106,6.5106,0,0
20120216,6.7657,6.8294,6.7657,6.8294,0,0
20120221,6.4378,6.5744,6.374,6.374,0,0
20120222,6.4378,6.4378,6.4378,6.4378,0,0
20120223,6.4378,6.4378,6.4378,6.4378,0,0
20120224,6.4378,6.4378,6.4378,6.4378,0,0
20120227,6.4378,6.4378,6.4378,6.4378,0,0
20120229,6.3104,6.3104,6.3104,6.3104,0,0
20120302,6.0553,6.374,6.0553,6.374,0,0
20120305,6.0553,6.0553,6.0553,6.0553,0,0
20120306,6.0553,6.0553,6.0553,6.0553,0,0
20120307,5.9916,5.9916,5.9916,5.9916,0,0
20120308,6.0553,6.374,6.0553,6.374,0,0
20120309,6.1191,8.1131,6.1191,7.2754,0,0
20120312,7.2118,7.2118,6.7657,7.148,0,0
20120313,6.7657,8.0495,6.7657,7.922,0,0
20120314,7.667,7.8582,7.6033,7.8582,0,0
20120316,7.2754,7.9857,7.2118,7.4758,0,0
20120319,7.5395,7.5395,7.5395,7.5395,0,0
20120320,7.667,7.667,7.667,7.667,0,0
20120321,7.667,7.667,7.412,7.412,0,0
20120322,7.2118,7.6033,7.2118,7.2754,0,0
20120323,7.5395,7.5395,7.5395,7.5395,0,0
20120327,7.412,7.412,7.412,7.412,0,0
20120328,6.8294,7.2754,6.8294,7.2754,0,0
20120329,7.2754,7.2754,7.2754,7.2754,0,0
20120330,7.2798,7.2798,7.2798,7.2798,0,0
20120402,7.2754,7.2754,7.2754,7.2754,0,0
20120403,7.2118,7.6033,7.2118,7.6033,0,0
20120404,7.412,7.667,7.412,7.412,0,0
20120405,7.667,7.667,6.8294,7.3483,0,0
20120410,6.6381,7.2118,6.6381,7.2118,0,0
20120413,6.8931,6.8931,6.8931,6.8931,0,0
20120417,6.8931,6.9568,6.8931,6.9568,0,0
20120418,6.9568,6.9568,6.9568,6.9568,0,0
20120420,6.5106,6.9568,6.4378,6.9568,0,0
20120425,6.2466,6.6381,6.1191,6.6381,0,0
20120427,6.5106,6.5106,6.1191,6.1191,0,0
20120430,6.4344,6.4344,6.4344,6.4344,0,0
20120507,6.1191,6.4378,6.1191,6.4378,0,0
20120508,6.4378,6.4378,6.4378,6.4378,0,0
20120511,6.6381,6.6381,6.6381,6.6381,0,0
20120515,5.9916,6.3104,5.9916,6.3104,0,0
20120517,6.3104,6.3104,6.3104,6.3104,0,0
20120518,6.3104,6.3104,6.3104,6.3104,0,0
20120523,6.3104,6.3104,6.3104,6.3104,0,0
20120529,6.3104,6.3104,6.3104,6.3104,0,0
20120530,6.0553,6.3104,6.0553,6.3104,0,0
20120601,6.3104,6.3104,6.3104,6.3104,0,0
20120604,6.3104,6.3104,6.3104,6.3104,0,0
20120606,5.9929,6.115,5.805,6.115,0,0
20120608,6.3104,6.3104,5.8004,5.8004,0,0
20120613,6.0553,6.1191,5.8004,5.8004,0,0
20120614,6.1191,6.3104,6.1191,6.3104,0,0
20120615,5.8642,6.8931,5.7366,6.7657,0,0
20120618,6.2466,6.7657,6.2466,6.7657,0,0
20120620,6.2466,6.8294,6.2466,6.8294,0,0
20120621,6.3104,6.5744,6.3104,6.5744,0,0
20120622,6.5753,6.5753,6.1808,6.5753,0,0
20120625,6.2466,6.374,6.2466,6.374,0,0
20120627,6.5744,6.5744,6.5744,6.5744,0,0
20120628,6.1191,6.374,6.1191,6.374,0,0
20120629,6.378,6.378,6.378,6.378,0,0
20120702,6.374,6.4378,6.374,6.4378,0,0
20120710,6.3123,6.378,6.3123,6.378,0,0
20120711,6.3123,6.3123,6.3123,6.3123,0,0
20120712,6.9792,6.9792,6.9792,6.9792,0,0
20120713,6.7162,6.7162,6.7162,6.7162,0,0
20120717,5.9835,5.9835,5.9835,5.9835,0,0
20120718,6.3123,6.3123,6.3123,6.3123,0,0
20120719,6.2466,6.3123,5.9835,6.3123,0,0
20120731,5.4481,5.9835,5.3824,5.9835,0,0
20120807,5.9835,5.9835,5.9835,5.9835,0,0
20120808,6.0493,6.0493,6.0493,6.0493,0,0
20120809,6.0493,6.0493,6.0493,6.0493,0,0
20120810,5.3824,5.9835,5.3824,5.9835,0,0
20120816,4.9879,6.0493,4.9879,6.0493,0,0
20120817,4.9879,5.9178,4.9879,5.9178,0,0
20120820,5.8521,5.8521,5.8521,5.8521,0,0
20120821,5.5797,5.8521,5.5797,5.8521,0,0
20120822,5.6454,6.0493,5.6454,6.0493,0,0
20120824,5.9178,6.5096,5.9178,6.5096,0,0
20120827,6.378,6.378,6.378,6.378,0,0
20120828,6.378,6.8477,6.1808,6.7162,0,0
20120829,6.7162,6.8477,6.7162,6.8477,0,0
20120830,6.8477,8.1722,6.8477,7.308,0,0
20120831,8.1065,8.1065,6.7819,6.7819,0,0
20120903,8.0406,8.0406,8.0406,8.0406,0,0
20120904,7.9749,7.9749,6.9792,7.8434,0,0
20120905,6.9792,7.1108,6.9135,7.1108,0,0
20120907,7.308,7.308,7.308,7.308,0,0
20120910,7.4395,7.4395,7.4395,7.4395,0,0
20120911,7.7777,7.7777,6.7819,6.9792,0,0
20120912,7.5804,7.5804,7.5804,7.5804,0,0
20120919,7.5804,7.6461,7.5804,7.6461,0,0
20120920,7.1765,7.6461,7.1108,7.6461,0,0
20120924,7.5804,8.1065,7.5804,8.1065,0,0
20120925,7.9092,8.2379,7.9092,8.2379,0,0
20120926,7.9092,8.5761,7.9092,8.5761,0,0
20120927,8.5103,9.1679,8.3695,8.3695,0,0
20120928,9.1679,9.571,8.6418,9.571,0,0
20121001,9.835,9.835,9.835,9.835,0,0
20121002,8.9706,8.9706,8.9706,8.9706,0,0
20121004,8.9706,8.9706,8.8391,8.8391,0,0
20121005,9.4398,9.4398,9.4398,9.4398,0,0
20121008,8.4352,9.2994,8.4352,9.2994,0,0
20121009,9.2994,11.169,9.2994,11.169,0,0
20121010,10.164,10.164,10.164,10.164,0,0
20121011,10.896,11.169,10.568,11.169,0,0
20121012,9.966,10.304,9.901,10.304,0,0
20121015,8.5761,9.966,8.5761,8.6418,0,0
20121016,8.6418,10.304,8.5103,10.304,0,0
20121017,10.304,10.304,9.637,9.637,0,0
20121018,10.304,10.568,8.5103,8.5103,0,0
20121019,8.7734,10.633,8.7734,10.633,0,0
20121022,10.238,10.304,10.238,10.304,0,0
20121024,10.238,10.304,10.238,10.304,0,0
20121025,10.304,10.896,10.304,10.896,0,0
20121026,10.238,10.238,9.901,9.901,0,0
20121029,10.164,10.164,10.164,10.164,0,0
20121030,10.098,10.633,10.098,10.304,0,0
20121031,10.568,10.568,9.571,9.966,0,0
20121102,9.966,10.568,9.966,10.568,0,0
20121106,9.966,9.966,9.3749,9.966,0,0
20121107,10.238,10.238,9.3749,9.966,0,0
20121108,9.2994,9.835,9.2994,9.835,0,0
20121109,9.966,10.164,9.966,10.032,0,0
20121112,9.703,9.835,9.703,9.835,0,0
20121113,10.164,10.164,10.164,10.164,0,0
20121114,10.238,10.831,10.238,10.831,0,0
20121115,9.835,9.835,9.835,9.835,0,0
20121119,10.37,10.37,10.37,10.37,0,0
20121120,10.633,10.633,10.633,10.633,0,0
20121121,9.506,10.633,9.506,10.633,0,0
20121122,10.765,10.765,9.4398,9.4398,0,0
20121123,9.3749,10.765,8.7734,9.571,0,0
20121127,10.502,10.502,9.3749,9.3749,0,0
20121128,8.8391,9.3749,8.6418,9.0364,0,0
20121129,8.3695,9.769,8.3695,9.769,0,0
20121203,9.0364,9.0364,7.9749,8.4352,0,0
20121204,8.5761,8.5761,8.5761,8.5761,0,0
20121205,8.8391,10.238,8.8391,9.4398,0,0
20121206,9.966,9.966,9.966,9.966,0,0
20121210,9.966,9.966,9.966,9.966,0,0
20121211,9.966,9.966,9.966,9.966,0,0
20121214,9.1679,9.2994,8.9706,9.2994,0,0
20121217,8.8391,9.0364,8.7734,9.0364,0,0
20121218,8.7734,8.9706,8.7734,8.9706,0,0
20121220,9.1679,9.2336,8.6418,8.6418,0,0
20121227,8.6418,8.6418,8.6418,8.6418,0,0
20121228,8.6418,8.9706,8.6418,8.9706,0,0
20130108,9.2994,9.2994,9.2994,9.2994,0,0
20130109,8.9706,9.506,8.9706,9.506,0,0
20130114,9.506,9.506,9.506,9.506,0,0
20130116,9.769,9.769,9.769,9.769,0,0
20130118,9.637,9.637,9.637,9.637,0,0
20130121,8.9706,9.637,8.9706,9.637,0,0
20130123,8.9048,9.2336,8.9048,9.2336,0,0
20130124,8.9706,9.2336,8.8391,9.0364,0,0
20130125,9.0364,9.2336,9.0364,9.2336,0,0
20130129,8.3037,8.7734,8.3037,8.7734,0,0
20130205,9.1021,9.1679,9.1021,9.1679,0,0
20130207,9.2994,9.2994,9.2994,9.2994,0,0
20130211,9.2336,9.2336,9.2336,9.2336,0,0
20130212,8.6418,8.6418,8.6418,8.6418,0,0
20130218,8.9706,8.9706,8.9706,8.9706,0,0
20130219,8.9706,8.9706,8.1722,8.5103,0,0
20130220,8.5103,8.7734,8.5103,8.7734,0,0
20130221,9.1021,9.2336,9.1021,9.2336,0,0
20130222,9.2336,9.571,9.2336,9.571,0,0
20130226,8.9706,9.4398,8.6418,9.4398,0,0
20130227,9.4398,9.4398,9.4398,9.4398,0,0
20130228,9.3749,9.4398,9.3749,9.4398,0,0
20130304,8.5761,9.4398,8.5761,9.4398,0,0
20130305,8.5761,9.4398,8.5103,9.4398,0,0
20130308,8.9706,8.9706,8.4352,8.4352,0,0
20130311,8.5761,8.5761,8.5761,8.5761,0,0
20130313,8.5761,8.5761,8.5761,8.5761,0,0
20130318,8.5761,8.5761,8.5761,8.5761,0,0
20130319,8.1065,8.3037,7.5053,8.2379,0,0
20130320,7.5053,8.1722,7.5053,8.1722,0,0
20130321,6.7819,8.0406,6.7819,8.0406,0,0
20130322,7.308,7.7777,7.308,7.7777,0,0
20130402,8.1065,8.1065,8.1065,8.1065,0,0
20130408,7.308,7.308,7.0449,7.0449,0,0
20130409,7.5804,7.5804,6.9135,7.308,0,0
20130412,6.7819,7.7777,6.7819,7.7777,0,0
20130415,8.1065,8.1065,8.1065,8.1065,0,0
20130419,6.9792,8.1065,6.8477,8.1065,0,0
20130422,6.8477,7.5804,6.5753,7.5804,0,0
20130423,7.0449,8.1065,7.0449,8.1065,0,0
20130430,7.977,7.977,7.977,7.977,0,0
20130502,9.1021,9.1021,9.1021,9.1021,0,0
20130507,7.6461,9.1021,7.6461,9.1021,0,0
20130510,7.9092,8.9048,7.9092,8.9048,0,0
20130513,8.1065,8.9048,8.1065,8.9048,0,0
20130514,8.1065,8.4352,7.2422,8.4352,0,0
20130517,8.1065,8.6418,8.1065,8.6418,0,0
20130520,7.3737,7.9749,7.0449,7.6461,0,0
20130522,7.6461,7.6461,7.6461,7.6461,0,0
20130523,7.6461,7.6461,7.6461,7.6461,0,0
20130524,7.6461,7.6461,7.308,7.6461,0,0
20130528,7.0449,7.308,7.0449,7.308,0,0
20130529,6.7185,7.309,5.9828,5.9828,0,0
20130603,5.7111,5.7111,5.7111,5.7111,0,0
20130604,7.309,7.309,7.309,7.309,0,0
20130606,7.2413,7.2413,7.2413,7.2413,0,0
20130607,7.1765,7.2422,7.1765,7.2422,0,0
20130611,7.308,8.4352,6.9792,7.308,0,0
20130612,7.308,7.6461,7.308,7.6461,0,0
20130613,7.1765,7.1765,7.1765,7.1765,0,0
20130614,7.6461,7.6461,7.6461,7.6461,0,0
20130624,7.2422,7.5053,6.9792,7.5053,0,0
20130625,7.2413,7.5027,7.2413,7.5027,0,0
20130626,6.9135,7.5053,6.6411,7.5053,0,0
20130703,6.7185,7.5027,6.6411,6.6411,0,0
20130704,7.5027,7.5027,7.5027,7.5027,0,0
20130710,6.5055,6.7185,6.3119,6.7185,0,0
20130711,6.7088,7.735,6.7088,7.735,0,0
20130712,7.3284,7.735,6.8444,7.4639,0,0
20130717,6.5733,6.5733,6.5733,6.5733,0,0
20130718,7.4639,8.5579,6.5055,8.5579,0,0
20130719,7.8802,8.219,7.8802,8.219,0,0
20130723,7.8802,8.219,7.8802,8.219,0,0
20130724,7.8802,8.219,7.8802,8.219,0,0
20130725,8.219,8.5579,7.8802,8.5579,0,0
20130729,8.219,8.219,8.219,8.219,0,0
20130730,8.219,8.219,8.219,8.219,0,0
20130731,7.8802,8.5579,7.8802,8.5579,0,0
20130801,7.948,8.5579,7.948,8.5579,0,0
20130802,7.948,8.5579,7.948,8.5579,0,0
20130805,8.4223,8.4223,8.0835,8.4223,0,0
20130809,8.219,8.219,8.219,8.219,0,0
20130813,8.219,8.3546,8.219,8.3546,0,0
20130814,7.2606,8.3546,7.2606,8.3546,0,0
20130816,7.3284,8.1513,6.8444,7.5995,0,0
20130819,7.3284,7.3284,7.3284,7.3284,0,0
20130826,6.9218,7.4639,6.6411,7.4639,0,0
20130830,7.8124,7.8124,7.8124,7.8124,0,0
20130905,7.4639,7.4639,7.4639,7.4639,0,0
20130913,7.8124,8.5579,7.8124,8.5579,0,0
20130916,7.3962,8.219,7.3962,8.219,0,0
20130917,7.5317,8.219,7.5317,8.219,0,0
20130920,8.219,8.2868,8.219,8.2868,0,0
20130924,8.4223,8.4223,8.4223,8.4223,0,0
20130925,7.8802,9.2452,7.8802,9.2452,0,0
20130926,8.5579,9.1774,8.5579,9.1774,0,0
20131007,8.219,8.8386,8.219,8.8386,0,0
20131011,8.8386,9.2452,8.8386,9.2452,0,0
20131015,8.5579,9.2452,7.5995,9.2452,0,0
20131016,9.1097,9.1097,9.1097,9.1097,0,0
20131021,8.5579,9.0419,8.5579,9.0419,0,0
20131023,8.9064,8.9064,8.9064,8.9064,0,0
20131025,8.5579,8.5579,8.5579,8.5579,0,0
20131029,9.0419,9.0419,9.0419,9.0419,0,0
20131031,8.9741,8.9741,8.9741,8.9741,0,0
20131106,8.5579,9.0419,8.5579,9.0419,0,0
20131107,9.0419,9.0419,9.0419,9.0419,0,0
20131112,9.0419,9.0419,9.0419,9.0419,0,0
20131113,8.9741,8.9741,8.9741,8.9741,0,0
20131115,8.5579,8.5579,8.0157,8.0157,0,0
20131118,9.0419,9.0419,8.5579,8.5579,0,0
20131120,7.6672,8.4901,7.6672,8.4901,0,0
20131121,7.2606,7.6672,7.2606,7.6672,0,0
20131122,8.0835,8.0835,8.0835,8.0835,0,0
20131129,7.8802,7.8802,7.8802,7.8802,0,0
20131203,7.1929,7.8802,6.9218,7.5317,0,0
20131205,6.9896,7.5317,6.8444,7.5317,0,0
20131211,7.5317,7.5317,7.5317,7.5317,0,0
20131218,7.5317,8.0835,7.5317,7.5995,0,0
20131219,6.9218,8.0157,6.9218,7.948,0,0
20131223,7.6672,7.6672,7.6672,7.6672,0,0
20131227,7.6672,7.948,7.6672,7.948,0,0
20131230,7.948,7.948,7.948,7.948,0,0
20140102,8.0835,8.0835,8.0835,8.0835,0,0
20140103,8.0835,8.0835,8.0835,8.0835,0,0
20140109,8.0157,8.0157,8.0157,8.0157,0,0
20140110,8.0157,8.0157,8.0157,8.0157,0,0
20140114,8.0157,8.0157,8.0157,8.0157,0,0
20140116,8.0157,8.1513,8.0157,8.1513,0,0
20140120,8.1513,8.1513,8.1513,8.1513,0,0
20140121,8.2868,8.2868,8.2868,8.2868,0,0
20140122,8.4901,8.4901,8.4901,8.4901,0,0
20140123,8.4901,8.4901,8.4901,8.4901,0,0
20140124,8.4901,8.4901,8.4901,8.4901,0,0
20140129,8.4901,8.4901,8.4901,8.4901,0,0
20140130,8.4901,8.4901,8.4901,8.4901,0,0
20140131,8.5579,8.5579,8.5579,8.5579,0,0
20140203,7.6672,8.5579,7.3284,8.5579,0,0
20140211,8.4901,8.4901,8.4901,8.4901,0,0
20140213,8.4901,8.4901,8.4901,8.4901,0,0
20140217,8.3546,8.3546,8.219,8.219,0,0
20140218,7.948,8.219,7.948,8.219,0,0
20140219,7.8124,8.4901,7.8124,8.4901,0,0
20140224,8.4901,8.4901,8.4901,8.4901,0,0
20140304,8.1513,8.4901,7.5995,8.4901,0,0
20140305,8.1513,9.516,8.1513,9.4485,0,0
20140306,8.5579,9.1774,8.5579,9.1774,0,0
20140307,9.3807,9.516,9.3807,9.516,0,0
20140314,8.0835,9.0419,7.5995,8.219,0,0
20140317,8.4901,8.4901,8.4901,8.4901,0,0
20140320,8.4223,8.4223,8.4223,8.4223,0,0
20140321,8.4223,8.4223,8.4223,8.4223,0,0
20140402,7.5995,7.6672,6.8444,7.6672,0,0
20140403,8.219,8.219,8.219,8.219,0,0
20140407,7.5995,7.5995,7.5995,7.5995,0,0
20140410,7.5317,7.5317,7.5317,7.5317,0,0
20140414,6.9218,7.5317,6.9218,7.5317,0,0
20140415,7.5317,7.5317,6.8444,7.4639,0,0
20140417,7.4639,8.9064,7.4639,8.9064,0,0
20140422,8.6256,10.271,8.6256,10.271,0,0
20140423,10.204,10.407,9.584,10.407,0,0
20140424,9.661,10.271,8.6256,8.6256,0,0
20140425,10.136,10.204,9.584,10.204,0,0
20140428,10.339,10.339,9.797,10.271,0,0
20140429,10.204,10.339,10.204,10.339,0,0
20140430,10.136,10.271,10.136,10.271,0,0
20140502,10.62,10.62,10.271,10.407,0,0
20140505,9.933,10.552,9.933,10.552,0,0
20140506,10.136,10.271,9.865,10.204,0,0
20140507,10.204,10.204,10.204,10.204,0,0
20140508,10.204,10.271,10.204,10.204,0,0
20140509,10.271,10.823,10.271,10.62,0,0
20140512,10.068,10.959,10.068,10.823,0,0
20140513,10.891,11.298,10.62,11.162,0,0
20140514,11.23,11.298,10.959,11.298,0,0
20140515,11.23,11.298,10.755,11.23,0,0
20140516,11.23,13.36,11.23,13.011,0,0
20140519,12.324,12.943,12.324,12.876,0,0
20140520,12.876,14.173,12.876,13.079,0,0
20140521,13.079,13.698,13.079,13.698,0,0
20140522,13.698,13.834,13.698,13.834,0,0
20140523,13.834,13.834,13.834,13.834,0,0
20140526,13.834,13.834,13.834,13.834,0,0
20140527,12.74,13.698,12.604,13.698,0,0
20140528,13.563,13.631,12.74,13.563,0,0
20140529,12.604,13.563,12.604,13.563,0,0
20140604,12.401,13.282,12.401,13.282,0,0
20140609,13.011,13.011,13.011,13.011,0,0
20140610,12.672,12.672,12.672,12.672,0,0
20140611,13.011,13.011,13.011,13.011,0,0
20140616,13.011,13.011,13.011,13.011,0,0
20140617,13.563,13.563,13.563,13.563,0,0
20140623,13.427,13.427,13.011,13.427,0,0
20140625,13.495,13.495,13.011,13.495,0,0
20140627,12.401,13.495,12.401,13.495,0,0
20140701,13.495,13.495,13.495,13.495,0,0
20140702,13.495,13.495,12.876,13.427,0,0
20140703,12.876,12.876,12.876,12.876,0,0
20140704,12.876,12.876,12.876,12.876,0,0
20140707,12.876,12.876,12.876,12.876,0,0
20140709,12.876,12.876,12.876,12.876,0,0
20140710,14.15,16.98,14.15,16.7,0,0
20140711,14.29,16.63,14.29,16.55,0,0
20140714,16.48,16.48,16.48,16.48,0,0
20140715,16.41,16.41,14.72,16.34,0,0
20140716,16.41,16.41,16.41,16.41,0,0
20140717,16.34,16.34,14.72,14.72,0,0
20140718,15.42,16.41,15.42,16.41,0,0
20140722,14.86,16.34,14.86,16.34,0,0
20140725,16.34,16.34,16.34,16.34,0,0
20140729,14.86,16.34,14.86,16.34,0,0
20140730,16.34,16.34,16.34,16.34,0,0
20140731,16.34,16.34,16.34,16.34,0,0
20140804,16.34,16.34,16.34,16.34,0,0
20140805,16.27,16.27,16.27,16.27,0,0
20140806,16.2,16.2,15.35,15.92,0,0
20140807,14.86,15.92,14.86,15.92,0,0
20140808,14.15,15.92,14.15,15.92,0,0
20140811,15.92,15.92,15.92,15.92,0,0
20140812,15.49,16.34,15.49,16.34,0,0
20140813,16.27,16.27,16.27,16.27,0,0
20140814,15.56,16.34,15.56,16.34,0,0
20140818,16.34,16.34,14.15,15.49,0,0
20140819,15.49,15.49,14.15,15.49,0,0
20140822,15.14,16.34,15.14,16.34,0,0
20140826,15.14,16.34,15.14,16.34,0,0
20140902,15.49,15.49,15.49,15.49,0,0
20140904,15.64,15.64,15.64,15.64,0,0
20140905,15.56,15.64,15.56,15.64,0,0
20140908,15.64,15.71,15.64,15.71,0,0
20140909,15.71,15.71,15.71,15.71,0,0
20140910,15.56,15.71,15.56,15.71,0,0
20140911,15.71,15.71,15.71,15.71,0,0
20140912,15.71,15.71,15.71,15.71,0,0
20140915,15.56,15.71,15.56,15.71,0,0
20140916,15.71,15.71,15.71,15.71,0,0
20140918,15.71,15.71,15.71,15.71,0,0
20140923,15.64,16.2,15.64,16.2,0,0
20140924,16.41,19.67,16.41,19.67,0,0
20140925,20.16,22,20.16,22,0,0
20140926,22,22,22,22,0,0
20140929,22,22,16.98,21.86,0,0
20140930,21.86,21.86,17.69,18.68,0,0
20141001,21.15,21.15,21.15,21.15,0,0
20141003,20.16,20.52,18.75,18.75,0,0
20141006,18.82,20.3,18.82,20.23,0,0
20141007,19.46,19.46,19.46,19.46,0,0
20141008,19.46,19.46,19.46,19.46,0,0
20141009,18.61,19.46,18.61,19.46,0,0
20141010,19.46,19.46,19.46,19.46,0,0
20141013,20.23,20.23,19.81,19.81,0,0
20141014,20.16,20.16,20.16,20.16,0,0
20141015,19.81,20.16,19.81,20.09,0,0
20141016,20.16,20.16,20.16,20.16,0,0
20141017,20.16,20.16,20.16,20.16,0,0
20141020,19.46,19.46,19.46,19.46,0,0
20141021,19.46,19.46,19.46,19.46,0,0
20141022,19.46,19.46,19.46,19.46,0,0
20141023,19.46,19.46,19.46,19.46,0,0
20141024,19.46,19.46,19.46,19.46,0,0
20141027,19.46,19.46,19.46,19.46,0,0
20141028,19.38,19.46,19.38,19.46,0,0
20141029,19.46,19.46,19.46,19.46,0,0
20141030,19.46,19.46,19.46,19.46,0,0
20141031,19.46,19.46,19.46,19.46,0,0
20141103,19.46,19.46,19.46,19.46,0,0
20141105,19.46,19.46,19.46,19.46,0,0
20141107,18.61,19.46,18.47,19.46,0,0
20141112,19.46,19.46,19.46,19.46,0,0
20141113,19.46,19.46,19.46,19.46,0,0
20141114,19.46,19.46,19.46,19.46,0,0
20141117,19.46,19.46,19.1,19.1,0,0
20141118,19.1,19.1,19.1,19.1,0,0
20141120,19.1,19.1,19.1,19.1,0,0
20141121,19.1,19.1,16.63,18.39,0,0
20141124,18.25,18.96,17.76,18.96,0,0
20141125,16.98,16.98,15.64,16.91,0,0
20141126,15.64,15.64,15.56,15.56,0,0
20141127,14.15,15.49,14.15,15.49,0,0
20141128,15.49,15.56,15.49,15.56,0,0
20141202,15.49,15.49,15.49,15.49,0,0
20141203,15.49,15.56,15.49,15.56,0,0
20141204,15.56,15.56,14.86,15.56,0,0
20141205,14.86,15.56,14.86,15.56,0,0
20141208,15.56,15.56,15.56,15.56,0,0
20141209,15.56,15.56,15.56,15.56,0,0
20141210,15.21,15.56,15.21,15.35,0,0
20141211,15.35,15.35,15.35,15.35,0,0
20141212,15.35,15.56,15.35,15.42,0,0
20141215,14.29,14.29,14.29,14.29,0,0
20141216,14.86,15.42,14.86,15.42,0,0
20141217,15.56,15.56,15.35,15.35,0,0
20141218,15.56,15.56,15.56,15.56,0,0
20141219,14.57,15.21,14.57,15.21,0,0
20141222,14.93,15.42,14.72,15.42,0,0
20141223,15.56,15.56,15.56,15.56,0,0
20141229,15.42,15.56,14.57,15.56,0,0
20141230,14.36,14.36,14.36,14.36,0,0
