Date,Open,High,Low,Close,Volume,OpenInt
20110325,12.01,12.01,12.01,12.01,0,0
20110328,13.89,14.41,12.64,13.27,0,0
20110329,12.64,12.64,12.01,12.32,0,0
20110330,12.32,12.64,12.01,12.01,0,0
20110331,11.85,12.32,11.69,12.32,0,0
20110404,12.32,12.32,12.32,12.32,0,0
20110405,12.01,12.01,11.38,11.38,0,0
20110406,11.41,11.88,11.41,11.88,0,0
20110411,11.38,11.38,10.11,10.74,0,0
20110418,11.38,11.38,11.38,11.38,0,0
20110421,11.38,11.38,11.38,11.38,0,0
20110426,11.38,11.69,11.38,11.69,0,0
20110427,11.69,11.69,11.69,11.69,0,0
20110428,11.69,11.69,11.51,11.67,0,0
20110429,11.75,11.85,11.53,11.85,0,0
20110502,11.87,11.87,11.85,11.85,0,0
20110504,11.85,11.85,11.85,11.85,0,0
20110505,11.85,11.85,11.85,11.85,0,0
20110506,12,12,12,12,0,0
20110509,12,12,11.94,11.94,0,0
20110510,12,12,11.69,11.69,0,0
20110511,11.81,11.81,11.69,11.69,0,0
20110512,11.63,11.67,11.63,11.67,0,0
20110513,11.66,11.69,11.66,11.69,0,0
20110516,11.72,11.72,11.72,11.72,0,0
20110517,11.72,11.72,11.72,11.72,0,0
20110518,11.49,11.49,11.38,11.38,0,0
20110519,11.46,11.46,11.46,11.46,0,0
20110520,11.34,11.34,6.32,6.32,0,0
20110523,6.29,6.29,6.29,6.29,0,0
20110524,6.23,6.23,6.23,6.23,0,0
20110525,6.29,6.29,6.29,6.29,0,0
20110526,6.3,6.3,6.3,6.3,0,0
20110527,6.3,6.3,6.3,6.3,0,0
20110530,6.33,6.33,6.33,6.33,0,0
20110531,6.33,6.33,6.33,6.33,0,0
20110601,6.33,6.34,6.33,6.34,0,0
20110602,6.34,6.35,6.34,6.35,0,0
20110603,6.35,6.35,6.35,6.35,0,0
20110606,6.35,6.35,6.32,6.32,0,0
20110607,6.33,6.33,6.33,6.33,0,0
20110608,6.32,6.32,6.32,6.32,0,0
20110609,6.3,6.3,6.2,6.25,0,0
20110610,6.37,6.44,6.37,6.44,0,0
20110613,6.44,6.44,6.42,6.42,0,0
20110614,6.42,6.42,6.42,6.42,0,0
20110615,6.42,6.42,6.42,6.42,0,0
20110616,6.42,6.42,6.42,6.42,0,0
20110617,6.41,6.41,6.41,6.41,0,0
20110620,6.34,6.34,6.34,6.34,0,0
20110621,6.25,6.25,6.25,6.25,0,0
20110622,6.25,6.25,6.25,6.25,0,0
20110624,6.16,6.16,6.16,6.16,0,0
20110627,6.16,6.16,6.16,6.16,0,0
20110628,6.16,6.16,6.16,6.16,0,0
20110629,6.16,6.16,6.16,6.16,0,0
20110630,6.21,6.21,6.21,6.21,0,0
20110701,6.27,6.32,6.27,6.32,0,0
20110704,6.42,6.42,6.42,6.42,0,0
20110705,6.44,6.44,6.44,6.44,0,0
20110706,6.47,6.47,6.34,6.37,0,0
20110707,6.33,6.33,6.33,6.33,0,0
20110708,6.34,6.34,6.34,6.34,0,0
20110711,6.3,6.34,6.3,6.34,0,0
20110712,6.33,6.33,6.33,6.33,0,0
20110713,6.34,6.34,6.34,6.34,0,0
20110714,6.37,6.37,6.34,6.34,0,0
20110715,6.34,6.37,6.34,6.37,0,0
20110718,6.38,6.38,6.38,6.38,0,0
20110719,6.37,6.37,6.37,6.37,0,0
20110720,6.34,6.34,6.34,6.34,0,0
20110721,6.33,6.33,6.33,6.33,0,0
20110722,6.34,6.37,6.34,6.37,0,0
20110725,6.37,6.37,6.37,6.37,0,0
20110726,6.37,6.37,6.34,6.34,0,0
20110727,6.37,6.37,6.37,6.37,0,0
20110728,6.37,6.37,6.25,6.25,0,0
20110729,6.3,6.3,5.92,5.92,0,0
20110801,6.13,6.13,6.13,6.13,0,0
20110802,6.13,6.16,6.13,6.16,0,0
20110804,5.95,5.95,5.95,5.95,0,0
20110808,6.04,6.04,6.04,6.04,0,0
20110809,5.86,5.86,5.84,5.84,0,0
20110810,5.84,5.84,5.84,5.84,0,0
20110812,5.84,5.84,5.84,5.84,0,0
20110816,5.98,5.98,5.97,5.97,0,0
20110817,5.94,5.94,5.44,5.44,0,0
20110818,5.43,5.43,5.43,5.43,0,0
20110822,5.42,5.42,5.42,5.42,0,0
20110823,5.41,5.41,5.41,5.41,0,0
20110825,5.34,5.34,5.34,5.34,0,0
20110826,5.34,5.34,5.34,5.34,0,0
20110829,5.34,5.34,5.34,5.34,0,0
20110830,5.34,5.34,5.34,5.34,0,0
20110902,5.15,5.22,5.15,5.15,0,0
20110905,5.12,5.21,5.12,5.21,0,0
20110906,5.15,5.15,5.15,5.15,0,0
20110907,5.21,5.21,5.21,5.21,0,0
20110908,5.21,5.21,5.21,5.21,0,0
20110909,5.12,5.12,4.99,4.99,0,0
20110912,4.92,4.92,4.92,4.92,0,0
20110913,4.83,4.83,4.64,4.64,0,0
20110914,4.6,4.6,4.6,4.6,0,0
20110915,4.41,4.47,4.41,4.47,0,0
20110916,4.41,4.41,4.41,4.41,0,0
20110920,4.34,4.34,4.34,4.34,0,0
20110922,4.34,4.34,4.34,4.34,0,0
20110926,4.34,4.34,4.34,4.34,0,0
20110927,4.34,4.34,4.34,4.34,0,0
20110929,4.34,4.34,4.34,4.34,0,0
20110930,4.34,4.34,4.07,4.07,0,0
20111003,4.22,4.22,4.22,4.22,0,0
20111005,4.18,4.18,4.18,4.18,0,0
20111006,4.18,4.18,4.18,4.18,0,0
20111007,4.18,4.18,4.18,4.18,0,0
20111010,4.18,4.18,4.18,4.18,0,0
20111011,4.15,4.15,4.15,4.15,0,0
20111013,4.15,4.15,4.15,4.15,0,0
20111014,4.15,4.15,4.15,4.15,0,0
20111017,4.15,4.15,4.15,4.15,0,0
20111018,4.13,4.13,4.13,4.13,0,0
20111019,4.13,4.13,4.13,4.13,0,0
20111020,4.13,4.13,4.13,4.13,0,0
20111021,4.13,4.13,4.13,4.13,0,0
20111024,4.13,4.13,4.13,4.13,0,0
20111025,4.13,4.13,4.13,4.13,0,0
20111026,4.13,4.13,4.13,4.13,0,0
20111027,4.13,4.13,4.13,4.13,0,0
20111028,4.13,4.13,4.13,4.13,0,0
20111031,4.09,4.09,4.09,4.09,0,0
20111102,4.09,4.09,4.09,4.09,0,0
20111103,4.09,4.09,4.09,4.09,0,0
20111104,4.09,4.09,4.09,4.09,0,0
20111107,4.09,4.09,4.09,4.09,0,0
20111108,4.09,4.09,4.09,4.09,0,0
20111109,4.09,4.09,4.09,4.09,0,0
20111110,4.15,4.15,4.15,4.15,0,0
20111114,4.19,4.22,4.19,4.22,0,0
20111116,4.34,4.34,4.34,4.34,0,0
20111117,4.34,4.34,4.34,4.34,0,0
20111118,4.34,4.34,4.34,4.34,0,0
20111121,4.34,4.34,4.34,4.34,0,0
20111122,4.34,4.34,4.15,4.15,0,0
20111123,4.15,4.15,4.15,4.15,0,0
20111124,4.15,4.15,4.15,4.15,0,0
20111125,4.15,4.15,4.15,4.15,0,0
20111128,4.15,4.15,4.15,4.15,0,0
20111129,4.15,4.15,4.15,4.15,0,0
20111130,4.15,4.15,4.15,4.15,0,0
20111201,4.15,4.15,4.15,4.15,0,0
20111202,4.15,4.15,4.15,4.15,0,0
20111205,4.15,4.15,4.15,4.15,0,0
20111206,4.15,4.15,4.15,4.15,0,0
20111207,4.15,4.15,4.15,4.15,0,0
20111208,4.15,4.15,4.15,4.15,0,0
20111209,4.15,4.15,4.15,4.15,0,0
20111212,4.15,4.15,4.15,4.15,0,0
20111213,4.15,4.15,4.15,4.15,0,0
20111214,4.15,4.15,4.15,4.15,0,0
20111215,4.15,4.15,4.15,4.15,0,0
20111222,4.31,4.31,4.31,4.31,0,0
20111223,4.31,4.31,4.31,4.31,0,0
20111227,4.31,4.31,4.31,4.31,0,0
20111228,4.31,4.31,4.31,4.31,0,0
20111229,4.31,4.31,4.31,4.31,0,0
20120103,4.39,4.39,4.39,4.39,0,0
20120104,4.4,4.4,4.4,4.4,0,0
20120105,4.4,4.4,4.4,4.4,0,0
20120109,4.4,4.4,4.4,4.4,0,0
20120110,4.4,4.4,4.4,4.4,0,0
20120111,4.46,4.46,4.46,4.46,0,0
20120112,4.46,4.46,4.46,4.46,0,0
20120113,4.46,4.46,4.46,4.46,0,0
20120116,4.46,4.46,4.46,4.46,0,0
20120117,4.46,4.46,4.46,4.46,0,0
20120118,4.46,4.46,4.46,4.46,0,0
20120119,4.46,4.46,4.46,4.46,0,0
20120120,4.46,4.46,4.46,4.46,0,0
20120123,4.46,4.46,4.46,4.46,0,0
20120124,4.46,4.46,4.46,4.46,0,0
20120125,4.46,4.46,4.46,4.46,0,0
20120126,4.46,4.46,4.46,4.46,0,0
20120127,4.46,4.46,4.46,4.46,0,0
20120130,4.46,4.46,4.46,4.46,0,0
20120131,4.46,4.46,4.46,4.46,0,0
20120201,4.46,4.46,4.46,4.46,0,0
20120202,4.46,4.46,4.46,4.46,0,0
20120207,4.31,4.31,4.31,4.31,0,0
20120208,4.31,4.31,4.31,4.31,0,0
20120209,4.31,4.31,3.99,3.99,0,0
20120210,3.99,3.99,3.99,3.99,0,0
20120213,3.99,3.99,3.99,3.99,0,0
20120214,3.99,3.99,3.99,3.99,0,0
20120215,3.99,3.99,3.99,3.99,0,0
20120216,3.99,3.99,3.99,3.99,0,0
20120217,3.99,4,3.99,4,0,0
20120220,4,4,4,4,0,0
20120221,4,4,4,4,0,0
20120222,4,4,4,4,0,0
20120223,4,4,4,4,0,0
20120224,4,4,4,4,0,0
20120227,4,4,4,4,0,0
20120228,4,4,4,4,0,0
20120229,4,4,4,4,0,0
20120301,4,4,4,4,0,0
20120302,4,4,4,4,0,0
20120305,4,4,4,4,0,0
20120306,4,4,4,4,0,0
20120307,4,4,4,4,0,0
20120308,4,4,4,4,0,0
20120309,4.01,4.34,4.01,4.34,0,0
20120312,4.57,4.57,4.57,4.57,0,0
20120313,4.37,4.37,4.05,4.05,0,0
20120314,4.09,4.09,4.09,4.09,0,0
20120315,3.96,4.9,3.96,4.63,0,0
20120319,4.57,4.57,4.57,4.57,0,0
20120320,4.57,4.77,4.57,4.77,0,0
20120321,4.57,5.1,4.57,4.68,0,0
20120322,4.57,4.57,4.57,4.57,0,0
20120323,4.26,4.26,3.57,3.57,0,0
20120326,3.29,3.29,3.29,3.29,0,0
20120327,2.83,2.83,2.83,2.83,0,0
20120328,2.83,2.83,2.83,2.83,0,0
20120329,2.86,2.86,2.86,2.86,0,0
20120330,2.71,2.71,2.71,2.71,0,0
20120402,2.71,2.71,2.71,2.71,0,0
20120403,2.71,2.71,2.71,2.71,0,0
20120405,2.71,2.71,2.71,2.71,0,0
20120410,2.71,2.71,2.71,2.71,0,0
20120411,2.71,2.71,2.71,2.71,0,0
20120412,2.71,2.71,2.71,2.71,0,0
20120416,2.43,2.43,2.43,2.43,0,0
20120417,2.43,2.43,2.43,2.43,0,0
20120418,2.43,2.43,2.43,2.43,0,0
20120419,2.43,2.43,2.43,2.43,0,0
20120420,2.32,2.32,2,2,0,0
20120423,1.95,1.95,1.95,1.95,0,0
20120424,1.94,1.94,1.94,1.94,0,0
20120426,2,2,1.99,1.99,0,0
20120427,1.94,1.94,1.94,1.94,0,0
20120430,1.94,1.94,1.94,1.94,0,0
20120502,1.94,1.94,1.94,1.94,0,0
20120504,1.94,1.94,1.94,1.94,0,0
20120507,1.94,1.94,1.94,1.94,0,0
20120508,1.94,1.94,1.94,1.94,0,0
20120509,1.94,1.94,1.94,1.94,0,0
20120510,1.94,1.94,1.94,1.94,0,0
20120511,1.94,2.22,1.94,2.22,0,0
20120514,2.19,2.19,2.19,2.19,0,0
20120522,2.36,2.36,2.36,2.36,0,0
20120523,2.36,2.36,2.36,2.36,0,0
20120524,2.36,2.36,2.36,2.36,0,0
20120525,2.36,2.36,2.36,2.36,0,0
20120528,2.36,2.36,2.36,2.36,0,0
20120529,2.36,2.36,2.36,2.36,0,0
20120530,2.36,2.36,2.36,2.36,0,0
20120531,2.36,2.36,2.36,2.36,0,0
20120601,2.25,2.25,1.93,1.93,0,0
20120604,1.82,1.82,1.82,1.82,0,0
20120605,1.71,1.71,1.66,1.66,0,0
20120611,1.62,1.62,1.62,1.62,0,0
20120613,1.7,1.7,1.7,1.7,0,0
20120614,1.77,1.77,1.71,1.71,0,0
20120627,1.71,1.71,1.71,1.71,0,0
20120628,1.68,1.68,1.56,1.56,0,0
20120629,1.58,1.58,1.58,1.58,0,0
20120702,1.54,1.54,1.54,1.54,0,0
20120704,1.54,1.55,1.54,1.55,0,0
20120705,1.55,1.55,1.55,1.55,0,0
20120713,1.48,1.48,1.48,1.48,0,0
20120717,1.51,1.51,1.51,1.51,0,0
20120718,1.51,1.51,1.51,1.51,0,0
20120719,1.51,1.51,1.51,1.51,0,0
20120720,1.51,1.51,1.51,1.51,0,0
20120723,1.51,1.51,1.51,1.51,0,0
20120724,1.51,1.51,1.51,1.51,0,0
20120725,1.51,1.51,1.51,1.51,0,0
20120726,1.51,1.51,1.51,1.51,0,0
20120727,1.51,1.51,1.51,1.51,0,0
20120730,1.51,1.51,1.51,1.51,0,0
20120731,1.51,1.51,1.51,1.51,0,0
20120801,1.51,1.51,1.51,1.51,0,0
20120802,1.51,1.51,1.51,1.51,0,0
20120803,1.51,1.51,1.51,1.51,0,0
20120813,1.48,1.48,1.48,1.48,0,0
20120814,1.5,1.5,1.5,1.5,0,0
20120816,1.5,1.5,1.5,1.5,0,0
20120820,1.51,1.65,1.51,1.65,0,0
20120821,1.65,1.68,1.65,1.68,0,0
20120822,1.71,1.79,1.71,1.79,0,0
20120823,1.79,1.97,1.79,1.97,0,0
20120824,1.99,1.99,1.98,1.98,0,0
20120827,1.96,1.96,1.82,1.82,0,0
20120828,1.8,1.8,1.8,1.8,0,0
20120903,1.69,1.69,1.68,1.68,0,0
20120905,1.68,1.68,1.68,1.68,0,0
20120906,1.68,1.68,1.68,1.68,0,0
20120910,1.68,1.68,1.44,1.44,0,0
20120911,1.43,1.43,1.43,1.43,0,0
20120918,1.43,1.43,1.43,1.43,0,0
20120919,1.43,1.43,1.43,1.43,0,0
20120920,1.43,1.44,1.43,1.44,0,0
20120921,1.44,1.54,1.44,1.54,0,0
20120924,1.54,1.54,1.54,1.54,0,0
20120927,1.53,1.53,1.51,1.51,0,0
20121002,1.56,1.64,1.56,1.64,0,0
20121003,1.69,1.78,1.69,1.78,0,0
20121004,1.81,1.91,1.81,1.91,0,0
20121005,1.96,2.12,1.96,2.12,0,0
20121008,2.18,2.3,2.18,2.3,0,0
20121009,2.27,2.27,2.17,2.2,0,0
20121010,2.17,2.17,1.91,1.91,0,0
20121022,1.89,1.89,1.78,1.78,0,0
20121026,1.72,1.72,1.65,1.65,0,0
20121029,1.56,1.56,1.54,1.54,0,0
20121030,1.51,1.51,1.43,1.43,0,0
20121031,1.34,1.34,1.24,1.24,0,0
20121105,1.14,1.19,1.14,1.19,0,0
20121106,1.23,1.32,1.23,1.32,0,0
20121107,1.39,1.39,1.39,1.39,0,0
20121108,1.42,1.66,1.42,1.66,0,0
20121109,1.66,1.75,1.66,1.75,0,0
20121115,1.75,1.92,1.75,1.92,0,0
20121116,2.05,2.05,1.58,1.79,0,0
20121119,1.71,1.84,1.71,1.84,0,0
20121120,1.95,1.95,1.95,1.95,0,0
20121121,1.95,1.99,1.82,1.99,0,0
20121122,2.07,2.07,2.07,2.07,0,0
20121123,2.07,2.12,2.07,2.12,0,0
20121126,2.14,2.31,2.14,2.31,0,0
20121127,2.53,2.74,2.53,2.74,0,0
20121203,3.06,3.06,2.76,2.76,0,0
20121204,2.76,2.76,2.76,2.76,0,0
20121205,2.76,2.76,2.76,2.76,0,0
20121212,2.76,2.76,2.76,2.76,0,0
20121213,2.76,2.76,2.57,2.57,0,0
20121214,2.43,2.43,2.39,2.39,0,0
20121218,2.23,2.23,2.23,2.23,0,0
20121227,2.11,2.11,2.11,2.11,0,0
20130108,2.11,2.38,2.11,2.38,0,0
20130110,2.38,2.38,2.38,2.38,0,0
20130117,2.43,2.43,2.43,2.43,0,0
20130118,2.64,2.72,2.64,2.72,0,0
20130122,2.79,2.79,2.79,2.79,0,0
20130123,2.81,3.12,2.81,3.12,0,0
20130124,3.16,3.2,3.16,3.2,0,0
20130125,3.38,3.57,3.35,3.35,0,0
20130130,3.12,3.12,3.12,3.12,0,0
20130204,3.12,3.12,3.12,3.12,0,0
20130219,2.57,2.57,2.57,2.57,0,0
20130220,2.77,2.78,2.65,2.65,0,0
20130221,2.65,2.74,2.65,2.74,0,0
20130222,2.74,3.3,2.74,3.3,0,0
20130225,3.07,3.07,3.07,3.07,0,0
20130301,3.55,3.55,3.55,3.55,0,0
20130304,3.3,3.3,3.3,3.3,0,0
20130305,3.3,3.3,3.29,3.3,0,0
20130306,3.3,3.3,3.29,3.29,0,0
20130318,3.07,3.07,3.07,3.07,0,0
20130325,2.87,3.06,2.87,3.06,0,0
20130327,2.85,2.85,2.85,2.85,0,0
20130415,3,3,3,3,0,0
20130417,2.81,2.81,2.81,2.81,0,0
20130426,2.69,2.69,2.63,2.63,0,0
20130506,2.46,2.46,2.45,2.45,0,0
20130516,2.45,2.45,2.45,2.45,0,0
20130517,2.69,3.18,2.69,3.18,0,0
20130520,3.2,3.48,3.2,3.48,0,0
20130524,3.26,3.26,3.24,3.24,0,0
20130527,3.01,3.01,3.01,3.01,0,0
20130604,2.73,2.73,2.71,2.71,0,0
20130605,2.57,2.57,2.44,2.44,0,0
20130620,2.3,2.3,2.25,2.25,0,0
20130621,2.2,2.2,2.08,2.08,0,0
20130624,2.08,2.08,2.08,2.08,0,0
20130625,2.08,2.08,2.08,2.08,0,0
20130626,2.08,2.08,2.08,2.08,0,0
20130628,2.08,2.08,2.08,2.08,0,0
20130701,2.08,2.08,2.08,2.08,0,0
20130702,2.08,2.08,2.08,2.08,0,0
20130703,2.08,2.08,2.08,2.08,0,0
20130704,2.08,2.08,2.08,2.08,0,0
20130716,1.96,1.96,1.81,1.81,0,0
20130717,1.71,1.71,1.68,1.68,0,0
20130718,1.55,1.55,1.55,1.55,0,0
20130808,1.71,1.71,1.71,1.71,0,0
20130813,1.69,1.69,1.37,1.39,0,0
20130814,1.41,1.44,1.41,1.44,0,0
20130821,1.39,1.39,1.28,1.28,0,0
20130823,1.28,1.28,1.22,1.22,0,0
20130829,1.22,1.22,1.22,1.22,0,0
20130830,1.22,1.23,1.22,1.23,0,0
20130902,1.23,1.37,1.23,1.37,0,0
20130903,1.42,1.42,1.41,1.41,0,0
20130904,1.38,1.44,1.37,1.44,0,0
20130905,1.41,1.44,1.39,1.44,0,0
20130906,1.42,1.5,1.42,1.5,0,0
20130909,1.49,1.49,1.49,1.49,0,0
20130910,1.55,1.64,1.55,1.64,0,0
20130913,1.71,1.73,1.71,1.73,0,0
20130916,1.74,1.74,1.74,1.74,0,0
20130918,1.74,1.74,1.71,1.71,0,0
20130924,1.72,1.72,1.55,1.55,0,0
20130925,1.55,1.55,1.55,1.55,0,0
20131002,1.55,1.55,1.55,1.55,0,0
20131025,1.55,1.55,1.55,1.55,0,0
20131028,1.55,1.77,1.55,1.77,0,0
20131030,1.8,1.8,1.37,1.42,0,0
20131106,1.41,1.46,1.41,1.46,0,0
20131107,1.49,1.49,1.49,1.49,0,0
20131108,1.49,1.49,1.48,1.48,0,0
20131112,1.49,1.49,1.49,1.49,0,0
20131113,1.49,1.49,1.49,1.49,0,0
20131114,1.49,1.5,1.49,1.5,0,0
20131115,1.54,1.57,1.49,1.57,0,0
20131118,1.57,1.57,1.49,1.49,0,0
20131121,1.62,1.69,1.62,1.69,0,0
20131202,1.72,1.72,1.38,1.38,0,0
20131203,1.66,1.66,1.53,1.53,0,0
20131204,1.57,1.57,1.49,1.49,0,0
20131205,1.54,1.54,1.54,1.54,0,0
20131206,1.54,1.54,1.54,1.54,0,0
20131212,1.54,1.54,1.46,1.46,0,0
20131217,1.57,1.57,1.57,1.57,0,0
20140102,1.54,1.54,1.54,1.54,0,0
20140103,1.54,1.54,1.54,1.54,0,0
20140110,1.44,1.44,1.44,1.44,0,0
20140116,1.35,1.35,1.35,1.35,0,0
20140122,1.33,1.33,1.05,1.05,0,0
20140123,0.94,0.94,0.92,0.92,0,0
20140124,0.92,0.92,0.74,0.92,0,0
20140127,0.94,1.05,0.94,0.99,0,0
20140128,0.8,1.05,0.78,1.05,0,0
20140129,1.26,1.26,1.26,1.26,0,0
20140130,1.39,1.39,1.39,1.39,0,0
20140131,1.44,1.56,1.44,1.56,0,0
20140203,1.56,1.65,1.56,1.57,0,0
20140204,1.62,1.62,1.62,1.62,0,0
20140205,1.51,1.51,1.4,1.4,0,0
20140206,1.4,1.4,1.39,1.39,0,0
20140207,1.37,1.37,1.37,1.37,0,0
20140210,1.18,1.18,1.18,1.18,0,0
20140212,1.31,1.36,1.31,1.36,0,0
20140217,1.31,1.31,1.31,1.31,0,0
20140218,1.34,1.34,1.34,1.34,0,0
20140219,1.34,1.34,1.34,1.34,0,0
20140220,1.34,1.34,1.26,1.26,0,0
20140227,1.5,1.5,1.5,1.5,0,0
20140228,1.51,1.51,1.51,1.51,0,0
20140303,1.51,1.51,1.46,1.46,0,0
20140304,1.46,1.46,1.46,1.46,0,0
20140318,1.36,1.36,1.36,1.36,0,0
20140325,1.18,1.18,1.18,1.18,0,0
20140402,1.18,1.36,1.18,1.25,0,0
20140403,1.26,1.26,1.26,1.26,0,0
20140404,1.26,1.26,1.26,1.26,0,0
20140408,1.27,1.27,1.18,1.18,0,0
20140423,1.19,1.19,1.19,1.19,0,0
20140424,1.14,1.14,1.12,1.12,0,0
20140428,1.13,1.35,1.13,1.19,0,0
20140502,1.12,1.12,1.05,1.08,0,0
20140516,1.13,1.13,1.05,1.05,0,0
20140527,1.05,1.05,0.99,0.99,0,0
20140606,1.05,1.05,0.99,0.99,0,0
20140702,1.11,1.11,1.07,1.07,0,0
20140725,1.01,1.01,0.95,0.95,0,0
20140731,1.01,1.01,1.01,1.01,0,0
20140811,1.01,1.03,1.01,1.03,0,0
20140812,1.06,1.06,1.06,1.06,0,0
20140819,1.09,1.09,1.09,1.09,0,0
20140820,1.09,1.13,1.06,1.12,0,0
20140821,1.13,1.13,1.13,1.13,0,0
20140826,1.12,1.12,1.12,1.12,0,0
20140827,1.12,1.13,1.12,1.13,0,0
20140902,1.2,1.2,1.19,1.19,0,0
20140905,1.11,1.11,1.11,1.11,0,0
20140910,1.17,1.17,1.15,1.15,0,0
20141008,1.09,1.09,1.09,1.09,0,0
20141029,1.09,1.09,1.09,1.09,0,0
20141031,1.03,1.03,1.03,1.03,0,0
20141103,1.09,1.09,1.09,1.09,0,0
20141112,1.02,1.02,1.02,1.02,0,0
20141113,1.02,1.02,1.02,1.02,0,0
20141117,1.02,1.02,1.02,1.02,0,0
20141126,1.02,1.02,1.02,1.02,0,0
20141208,1.02,1.02,1.02,1.02,0,0
20141215,1,1.01,1,1.01,0,0
20141219,1.01,1.01,1.01,1.01,0,0
20141222,0.95,0.95,0.91,0.91,0,0
20141223,0.91,0.91,0.91,0.91,0,0
20141229,0.98,0.98,0.91,0.91,0,0
20141230,0.91,0.91,0.91,0.91,0,0
