Date,Open,High,Low,Close,Volume,OpenInt
20110325,19.4,19.4,19.4,19.4,0,0
20110328,22.5,23.3,20.4,21.4,0,0
20110329,20.4,20.4,19.4,19.9,0,0
20110330,19.9,20.4,19.4,19.4,0,0
20110331,19.1,19.9,18.9,19.9,0,0
20110404,19.9,19.9,19.9,19.9,0,0
20110405,19.4,19.4,18.4,18.4,0,0
20110406,18.5,19.2,18.5,19.2,0,0
20110411,18.4,18.4,16.3,17.3,0,0
20110418,18.3,18.4,18.3,18.4,0,0
20110421,18.4,18.4,18.4,18.4,0,0
20110426,18.4,18.9,18.4,18.9,0,0
20110427,18.9,18.9,18.9,18.9,0,0
20110428,18.9,18.9,18.6,18.8,0,0
20110429,18.9,19.1,18.6,19.1,0,0
20110502,19.1,19.1,19.1,19.1,0,0
20110504,19.1,19.1,19.1,19.1,0,0
20110505,19.1,19.1,19.1,19.1,0,0
20110506,19.3,19.4,19.3,19.4,0,0
20110509,19.4,19.4,19.3,19.3,0,0
20110510,19.4,19.4,18.9,18.9,0,0
20110511,19.1,19.1,18.9,18.9,0,0
20110512,18.8,18.9,18.8,18.8,0,0
20110513,18.8,18.9,18.8,18.9,0,0
20110516,18.9,18.9,18.9,18.9,0,0
20110517,18.9,18.9,18.9,18.9,0,0
20110518,18.5,18.5,18.3,18.4,0,0
20110519,18.5,18.5,18.5,18.5,0,0
20110520,18.3,23,18.3,23,0,0
20110523,22.9,25.3,22.9,25.3,0,0
20110524,25.1,25.1,25.1,25.1,0,0
20110525,25.3,25.3,25.3,25.3,0,0
20110526,25.3,25.4,25.3,25.4,0,0
20110527,25.4,25.4,25.4,25.4,0,0
20110530,25.5,25.5,25.5,25.5,0,0
20110531,25.5,25.5,25.5,25.5,0,0
20110601,25.5,25.5,25.5,25.5,0,0
20110602,25.5,25.6,25.5,25.6,0,0
20110603,25.6,25.6,25.6,25.6,0,0
20110606,25.6,25.6,25.4,25.4,0,0
20110607,25.5,25.5,25.5,25.5,0,0
20110608,25.5,25.5,25.5,25.5,0,0
20110609,25.4,25.4,25,25.2,0,0
20110610,25.7,26,25.7,25.9,0,0
20110613,25.9,25.9,25.9,25.9,0,0
20110614,25.9,25.9,25.9,25.9,0,0
20110615,25.9,25.9,25.9,25.9,0,0
20110616,25.9,25.9,25.9,25.9,0,0
20110617,25.9,25.9,25.8,25.8,0,0
20110620,25.5,25.5,25.5,25.5,0,0
20110621,25.1,25.1,25.1,25.1,0,0
20110622,25.1,25.2,25.1,25.2,0,0
20110624,24.8,24.8,24.8,24.8,0,0
20110627,24.8,24.8,24.8,24.8,0,0
20110628,24.8,24.8,24.8,24.8,0,0
20110629,24.8,24.8,24.8,24.8,0,0
20110630,25,25,25,25,0,0
20110701,25.2,25.4,25.2,25.4,0,0
20110704,25.8,25.9,25.8,25.9,0,0
20110705,26,26,25.9,25.9,0,0
20110706,26,26,25.5,25.6,0,0
20110707,25.5,25.5,25.5,25.5,0,0
20110708,25.5,25.5,25.5,25.5,0,0
20110711,25.4,25.5,25.4,25.5,0,0
20110712,25.5,25.5,25.5,25.5,0,0
20110713,25.5,25.5,25.5,25.5,0,0
20110714,25.6,25.6,25.5,25.5,0,0
20110715,25.5,25.7,25.5,25.7,0,0
20110718,25.7,25.7,25.7,25.7,0,0
20110719,25.7,25.7,25.7,25.7,0,0
20110720,25.5,25.5,25.5,25.5,0,0
20110721,25.5,25.5,25.5,25.5,0,0
20110722,25.5,25.7,25.5,25.7,0,0
20110725,25.7,25.7,25.7,25.7,0,0
20110726,25.7,25.7,25.5,25.5,0,0
20110727,25.6,25.7,25.6,25.7,0,0
20110728,25.7,25.7,25.2,25.2,0,0
20110729,25.4,25.4,23.8,23.8,0,0
20110801,24.6,24.7,24.6,24.7,0,0
20110802,24.7,24.8,24.7,24.8,0,0
20110804,24,24,24,24,0,0
20110808,24.4,24.4,24.3,24.3,0,0
20110809,23.6,23.6,23.5,23.5,0,0
20110810,23.5,23.5,23.5,23.5,0,0
20110812,23.5,23.5,23.5,23.5,0,0
20110816,24.1,24.1,24,24,0,0
20110817,23.9,29.6,23.9,29.6,0,0
20110818,29.6,29.6,29.6,29.6,0,0
20110822,29.5,29.5,29.5,29.5,0,0
20110823,29.4,29.5,29.4,29.5,0,0
20110825,29.1,29.1,29.1,29.1,0,0
20110826,29.1,29.1,29.1,29.1,0,0
20110829,29.1,29.1,29.1,29.1,0,0
20110830,29.1,29.1,29.1,29.1,0,0
20110902,28,28.4,28,28.1,0,0
20110905,27.9,28.4,27.9,28.4,0,0
20110906,28.1,28.1,28.1,28.1,0,0
20110907,28.4,28.4,28.4,28.4,0,0
20110908,28.4,28.4,28.4,28.4,0,0
20110909,27.9,27.9,27.2,27.2,0,0
20110912,26.8,26.8,26.8,26.8,0,0
20110913,26.3,26.3,25.2,25.2,0,0
20110914,25,25.1,25,25.1,0,0
20110915,24,24.4,24,24.4,0,0
20110916,24,24,24,24,0,0
20110920,23.6,23.6,23.6,23.6,0,0
20110922,23.6,23.6,23.6,23.6,0,0
20110926,23.6,23.6,23.6,23.6,0,0
20110927,23.6,23.6,23.6,23.6,0,0
20110929,23.6,23.6,23.6,23.6,0,0
20110930,23.6,23.6,22.2,22.2,0,0
20111003,23,23,23,23,0,0
20111005,22.8,22.8,22.8,22.8,0,0
20111006,22.8,22.8,22.8,22.8,0,0
20111007,22.8,22.8,22.8,22.8,0,0
20111010,22.8,22.8,22.8,22.8,0,0
20111011,22.6,22.6,22.6,22.6,0,0
20111013,22.6,22.6,22.6,22.6,0,0
20111014,22.6,22.6,22.6,22.6,0,0
20111017,22.6,22.6,22.6,22.6,0,0
20111018,22.5,22.5,22.5,22.5,0,0
20111019,22.5,22.5,22.5,22.5,0,0
20111020,22.5,22.5,22.5,22.5,0,0
20111021,22.5,22.5,22.5,22.5,0,0
20111024,22.5,22.5,22.5,22.5,0,0
20111025,22.5,22.5,22.5,22.5,0,0
20111026,22.5,22.5,22.5,22.5,0,0
20111027,22.5,22.5,22.5,22.5,0,0
20111028,22.5,22.5,22.5,22.5,0,0
20111031,22.3,22.3,22.3,22.3,0,0
20111102,22.3,22.3,22.3,22.3,0,0
20111103,22.3,22.3,22.3,22.3,0,0
20111104,22.3,22.3,22.3,22.3,0,0
20111107,22.3,22.3,22.3,22.3,0,0
20111108,22.3,22.3,22.3,22.3,0,0
20111109,22.3,22.3,22.3,22.3,0,0
20111110,22.6,22.6,22.6,22.6,0,0
20111114,22.8,23,22.8,23,0,0
20111116,23.7,23.7,23.7,23.7,0,0
20111117,23.7,23.7,23.7,23.7,0,0
20111118,23.7,23.7,23.7,23.7,0,0
20111121,23.7,23.7,23.7,23.7,0,0
20111122,23.7,34.2,23.7,34.2,0,0
20111123,34.2,34.2,34.2,34.2,0,0
20111124,34.2,34.2,34.2,34.2,0,0
20111125,34.2,34.2,34.2,34.2,0,0
20111128,34.2,34.2,34.2,34.2,0,0
20111129,34.2,34.2,34.2,34.2,0,0
20111130,34.2,34.2,34.2,34.2,0,0
20111201,34.2,34.2,34.2,34.2,0,0
20111202,34.2,34.2,34.2,34.2,0,0
20111205,34.2,34.2,34.2,34.2,0,0
20111206,34.2,34.2,34.2,34.2,0,0
20111207,34.2,34.2,34.2,34.2,0,0
20111208,34.2,34.2,34.2,34.2,0,0
20111209,34.2,34.2,34.2,34.2,0,0
20111212,34.2,34.2,34.2,34.2,0,0
20111213,34.2,34.2,34.2,34.2,0,0
20111214,34.2,34.2,34.2,34.2,0,0
20111215,34.2,34.2,34.2,34.2,0,0
20111222,35.5,35.5,35.5,35.5,0,0
20111223,35.5,35.5,35.5,35.5,0,0
20111227,35.5,35.5,35.5,35.5,0,0
20111228,35.5,35.5,35.5,35.5,0,0
20111229,35.5,35.5,35.5,35.5,0,0
20120103,36.2,36.2,36.1,36.1,0,0
20120104,36.2,36.2,36.2,36.2,0,0
20120105,36.2,36.2,36.2,36.2,0,0
20120109,36.2,36.2,36.2,36.2,0,0
20120110,36.2,36.2,36.2,36.2,0,0
20120111,36.7,36.7,36.7,36.7,0,0
20120112,36.7,36.7,36.7,36.7,0,0
20120113,36.7,36.7,36.7,36.7,0,0
20120116,36.7,36.7,36.7,36.7,0,0
20120117,36.7,36.7,36.7,36.7,0,0
20120118,36.7,36.7,36.7,36.7,0,0
20120119,36.7,36.7,36.7,36.7,0,0
20120120,36.7,36.7,36.7,36.7,0,0
20120123,36.7,36.7,36.7,36.7,0,0
20120124,36.7,36.7,36.7,36.7,0,0
20120125,36.7,36.7,36.7,36.7,0,0
20120126,36.7,36.7,36.7,36.7,0,0
20120127,36.7,36.7,36.7,36.7,0,0
20120130,36.7,36.7,36.7,36.7,0,0
20120131,36.7,36.7,36.7,36.7,0,0
20120201,36.7,36.7,36.7,36.7,0,0
20120202,36.7,36.7,36.7,36.7,0,0
20120207,35.5,35.5,35.5,35.5,0,0
20120208,35.5,35.5,35.5,35.5,0,0
20120209,35.5,35.5,20.7,20.7,0,0
20120210,20.7,20.7,20.7,20.7,0,0
20120213,20.7,20.7,20.7,20.7,0,0
20120214,20.7,20.7,20.7,20.7,0,0
20120215,20.7,20.7,20.7,20.7,0,0
20120216,20.7,20.7,20.7,20.7,0,0
20120217,20.7,21.1,20.7,21.1,0,0
20120220,21.1,21.1,21.1,21.1,0,0
20120221,21.1,21.1,21.1,21.1,0,0
20120222,21.1,21.1,21.1,21.1,0,0
20120223,21.1,21.1,21.1,21.1,0,0
20120224,21.1,21.1,21.1,21.1,0,0
20120227,21.1,21.1,21.1,21.1,0,0
20120228,21.1,21.1,21.1,21.1,0,0
20120229,21.1,21.1,21.1,21.1,0,0
20120301,21.1,21.1,21.1,21.1,0,0
20120302,21.1,21.1,21.1,21.1,0,0
20120305,21.1,21.1,21.1,21.1,0,0
20120306,21.1,21.1,21.1,21.1,0,0
20120307,21.1,21.1,21.1,21.1,0,0
20120308,21.1,21.1,21.1,21.1,0,0
20120309,21.2,22.9,21.2,22.9,0,0
20120312,24.1,24.1,24.1,24.1,0,0
20120313,23,23,21.3,21.3,0,0
20120314,21.5,21.5,21.5,21.5,0,0
20120315,20.8,25.8,20.8,24.4,0,0
20120319,24.1,24.1,24.1,24.1,0,0
20120320,24.1,25.2,24.1,25.1,0,0
20120321,24,26.8,24,24.7,0,0
20120322,24.1,24.1,24.1,24.1,0,0
20120323,22.4,22.4,18.8,18.8,0,0
20120326,17.3,17.3,17.3,17.3,0,0
20120327,14.9,14.9,14.9,14.9,0,0
20120328,14.9,14.9,14.9,14.9,0,0
20120329,15.1,15.1,15,15,0,0
20120330,14.2,14.3,14.2,14.3,0,0
20120402,14.3,14.3,14.3,14.3,0,0
20120403,14.3,14.3,14.3,14.3,0,0
20120405,14.3,14.3,14.3,14.3,0,0
20120410,14.3,14.3,14.3,14.3,0,0
20120411,14.3,14.3,14.3,14.3,0,0
20120412,14.3,14.3,14.3,14.3,0,0
20120416,12.8,12.8,12.8,12.8,0,0
20120417,12.8,12.8,12.8,12.8,0,0
20120418,12.8,12.8,12.8,12.8,0,0
20120419,12.8,12.8,12.8,12.8,0,0
20120420,12.2,12.2,10.5,10.5,0,0
20120423,10.2,10.3,10.2,10.3,0,0
20120424,10.3,10.3,10.2,10.2,0,0
20120426,10.5,10.5,10.4,10.4,0,0
20120427,10.1,10.2,10.1,10.2,0,0
20120430,10.2,10.2,10.2,10.2,0,0
20120502,10.2,10.2,10.2,10.2,0,0
20120504,10.2,10.2,10.2,10.2,0,0
20120507,10.2,10.2,10.2,10.2,0,0
20120508,10.2,10.2,10.2,10.2,0,0
20120509,10.2,10.2,10.2,10.2,0,0
20120510,10.2,10.2,10.2,10.2,0,0
20120511,10.2,11.7,10.2,11.6,0,0
20120514,11.5,11.5,11.5,11.5,0,0
20120522,12.4,12.4,12.3,12.3,0,0
20120523,12.3,12.3,12.3,12.3,0,0
20120524,12.3,12.3,12.3,12.3,0,0
20120525,12.3,12.3,12.3,12.3,0,0
20120528,12.3,12.3,12.3,12.3,0,0
20120529,12.3,12.3,12.3,12.3,0,0
20120530,12.3,12.3,12.3,12.3,0,0
20120531,12.3,12.3,12.3,12.3,0,0
20120601,11.7,11.7,10.1,10.1,0,0
20120604,9.5,9.5,9.5,9.5,0,0
20120605,8.9,8.9,8.6,8.7,0,0
20120611,8.5,8.5,8.5,8.5,0,0
20120613,8.9,8.9,8.9,8.9,0,0
20120614,9.2,9.2,8.9,8.9,0,0
20120627,8.9,8.9,8.9,8.9,0,0
20120628,8.7,8.7,8.1,8.2,0,0
20120629,8.3,8.3,8.3,8.3,0,0
20120702,8.1,8.1,8.1,8.1,0,0
20120704,8.1,8.2,8.1,8.2,0,0
20120705,8.2,8.2,8.1,8.1,0,0
20120713,7.7,7.8,7.7,7.8,0,0
20120717,7.9,7.9,7.9,7.9,0,0
20120718,7.9,7.9,7.9,7.9,0,0
20120719,7.9,7.9,7.9,7.9,0,0
20120720,7.9,7.9,7.9,7.9,0,0
20120723,7.9,7.9,7.9,7.9,0,0
20120724,7.9,7.9,7.9,7.9,0,0
20120725,7.9,7.9,7.9,7.9,0,0
20120726,7.9,7.9,7.9,7.9,0,0
20120727,7.9,7.9,7.9,7.9,0,0
20120730,7.9,7.9,7.9,7.9,0,0
20120731,7.9,7.9,7.9,7.9,0,0
20120801,7.9,7.9,7.9,7.9,0,0
20120802,7.9,7.9,7.9,7.9,0,0
20120803,7.9,7.9,7.9,7.9,0,0
20120813,7.7,7.8,7.7,7.8,0,0
20120814,7.9,7.9,7.9,7.9,0,0
20120816,7.9,7.9,7.9,7.9,0,0
20120820,7.9,8.7,7.9,8.6,0,0
20120821,8.6,8.8,8.6,8.8,0,0
20120822,8.9,9.4,8.9,9.4,0,0
20120823,9.4,10.3,9.4,10.3,0,0
20120824,10.4,10.4,10.3,10.3,0,0
20120827,10.2,10.2,10.2,10.2,0,0
20120828,10.1,10.1,10.1,10.1,0,0
20120903,9.5,9.5,9.4,9.4,0,0
20120905,9.4,9.4,9.4,9.4,0,0
20120906,9.4,9.4,9.4,9.4,0,0
20120910,9.4,9.4,8,8,0,0
20120911,7.9,8,7.9,8,0,0
20120918,8,8,8,8,0,0
20120919,8,8,8,8,0,0
20120920,8,8,8,8,0,0
20120921,8,8.6,8,8.6,0,0
20120924,8.6,8.6,8.6,8.6,0,0
20120927,8.6,8.6,8.4,8.4,0,0
20121002,8.7,9.2,8.7,9.2,0,0
20121003,9.5,10,9.5,9.9,0,0
20121004,10.1,10.6,10.1,10.6,0,0
20121005,10.9,11.8,10.9,11.8,0,0
20121008,12.2,12.8,12.2,12.8,0,0
20121009,12.7,12.7,12.1,12.2,0,0
20121010,12.1,12.1,10.6,10.6,0,0
20121022,10.5,10.5,9.9,9.9,0,0
20121026,9.6,9.6,9.2,9.2,0,0
20121029,8.7,8.7,8.6,8.6,0,0
20121030,8.4,8.4,8,8,0,0
20121031,7.5,7.5,6.9,6.9,0,0
20121105,6.8,7.1,6.8,7.1,0,0
20121106,7.3,7.9,7.3,7.9,0,0
20121107,8.3,8.3,8.3,8.3,0,0
20121108,8.5,10,8.5,9.9,0,0
20121109,9.9,10.4,9.9,10.4,0,0
20121115,10.4,11.4,10.4,11.4,0,0
20121116,12.2,12.2,9.4,10.7,0,0
20121119,10.2,11,10.2,11,0,0
20121120,11.7,11.7,11.6,11.6,0,0
20121121,11.6,11.9,10.8,11.9,0,0
20121122,12.4,12.4,12.3,12.3,0,0
20121123,12.3,12.6,12.3,12.6,0,0
20121126,12.7,13.8,12.7,13.8,0,0
20121127,15.1,16.4,15.1,16.3,0,0
20121203,18.2,18.2,16.4,16.4,0,0
20121204,16.4,16.4,16.4,16.4,0,0
20121205,16.4,16.5,16.4,16.5,0,0
20121212,16.5,16.5,16.5,16.5,0,0
20121213,16.5,16.5,15.3,15.3,0,0
20121214,14.5,14.5,14.2,14.2,0,0
20121218,13.2,13.3,13.2,13.3,0,0
20121227,12.6,12.6,12.6,12.6,0,0
20130108,12.6,14.2,12.6,14.2,0,0
20130110,14.2,14.2,14.2,14.2,0,0
20130117,14.5,14.5,14.5,14.5,0,0
20130118,15.8,16.2,15.8,16.2,0,0
20130122,16.7,16.7,16.6,16.6,0,0
20130123,16.7,18.6,16.7,18.6,0,0
20130124,18.8,19.1,18.8,19,0,0
20130125,20.1,21.2,19.9,20,0,0
20130130,18.6,18.6,18.6,18.6,0,0
20130204,18.6,18.6,18.6,18.6,0,0
20130219,47.6,47.6,47.6,47.6,0,0
20130220,51.2,51.3,49,49.1,0,0
20130221,49.1,50.8,49.1,50.8,0,0
20130222,50.8,61.1,50.8,61.1,0,0
20130225,56.9,56.9,56.9,56.9,0,0
20130301,57.5,57.5,57.5,57.5,0,0
20130304,53.5,53.5,53.5,53.5,0,0
20130305,53.5,53.5,53.4,53.5,0,0
20130306,53.5,53.5,53.4,53.4,0,0
20130318,49.7,49.8,49.7,49.8,0,0
20130325,46.5,49.7,46.5,49.7,0,0
20130327,46.3,46.3,46.2,46.2,0,0
20130415,48.6,48.7,48.6,48.7,0,0
20130417,45.6,45.6,45.6,45.6,0,0
20130426,43.7,43.7,42.6,42.6,0,0
20130506,39.9,39.9,39.7,39.7,0,0
20130516,39.7,39.7,39.7,39.7,0,0
20130517,43.7,51.7,43.7,51.7,0,0
20130520,51.9,56.5,51.9,56.4,0,0
20130524,52.8,52.8,52.5,52.5,0,0
20130527,48.9,48.9,48.8,48.8,0,0
20130604,44.3,44.3,44,44,0,0
20130605,41.7,41.7,39.6,39.6,0,0
20130620,37.3,37.3,36.5,36.5,0,0
20130621,35.8,35.8,33.8,33.8,0,0
20130624,33.8,33.8,33.8,33.8,0,0
20130625,33.8,33.8,33.8,33.8,0,0
20130626,33.8,33.8,33.8,33.8,0,0
20130628,33.8,33.8,33.8,33.8,0,0
20130701,33.8,33.8,33.8,33.8,0,0
20130702,33.8,33.8,33.8,33.8,0,0
20130703,33.8,33.8,33.8,33.8,0,0
20130704,33.8,33.8,33.8,33.8,0,0
20130716,31.8,31.8,29.4,29.4,0,0
20130717,27.8,27.8,27.2,27.2,0,0
20130718,25.2,25.2,25.2,25.2,0,0
20140811,35.9,35.9,35.9,35.9,0,0
20140812,37.2,37.2,37.2,37.2,0,0
20140819,38.1,38.2,38.1,38.2,0,0
20140820,38.2,39.6,37.3,39.1,0,0
20140821,39.6,39.6,39.6,39.6,0,0
20140826,39.1,39.1,39.1,39.1,0,0
20140827,39.1,39.6,39.1,39.6,0,0
20140902,42,42,41.5,41.5,0,0
20140905,39,39,39,39,0,0
20140910,41,41,40.5,40.5,0,0
20141008,38.2,38.2,38.2,38.2,0,0
20141029,38.2,38.2,38.2,38.2,0,0
20141031,36.1,36.1,36,36,0,0
20141103,38.3,38.3,38.3,38.3,0,0
20141112,35.8,35.8,35.8,35.8,0,0
20141113,35.8,35.8,35.8,35.8,0,0
20141117,35.8,35.8,35.8,35.8,0,0
20141126,35.8,35.8,35.8,35.8,0,0
20141208,35.7,35.8,35.7,35.8,0,0
