Date,Open,High,Low,Close,Volume,OpenInt
20100226,26.94,26.94,26.94,26.94,0,0
20100301,27.04,27.04,25.5,27,0,0
20100302,25.84,29,25.84,29,0,0
20100303,29.18,29.6,27.86,28.9,0,0
20100304,27.5,29.36,27.4,29.36,0,0
20100305,27.22,28.98,27.22,28.7,0,0
20100308,28,28.58,27.58,28.58,0,0
20100309,28,29.2,28,28.82,0,0
20100310,28.02,28.02,28,28,0,0
20100311,27.8,28.4,27.54,28.38,0,0
20100312,27.84,28.56,27.84,28.36,0,0
20100315,27.88,28.36,27.84,28.36,0,0
20100316,28.46,28.46,27.86,28,0,0
20100317,28.44,28.44,27.9,27.9,0,0
20100318,28.38,28.38,28.2,28.2,0,0
20100319,28.28,28.28,28.28,28.28,0,0
20100322,28.58,28.58,28.58,28.58,0,0
20100323,27.62,28.38,26.64,28.38,0,0
20100324,27.34,27.8,27.34,27.8,0,0
20100325,27.1,27.1,27.1,27.1,0,0
20100326,28.16,28.16,27.04,27.4,0,0
20100329,28.1,28.4,28.1,28.4,0,0
20100330,28.4,28.4,28.34,28.34,0,0
20100331,28.34,28.34,27.36,28.18,0,0
20100401,28.3,28.3,27.26,27.26,0,0
20100406,28.18,28.18,27.26,27.6,0,0
20100407,27.6,28,27.48,28,0,0
20100408,28.06,28.06,28.06,28.06,0,0
20100409,28.06,28.06,27.92,27.98,0,0
20100412,28,28,28,28,0,0
20100413,27.98,28.2,27.96,28.2,0,0
20100414,28.2,28.2,27.86,27.86,0,0
20100415,28,28,28,28,0,0
20100416,28,28,27.9,27.9,0,0
20100419,27.9,28.14,27.9,28,0,0
20100420,28.04,28.04,28.04,28.04,0,0
20100421,28,28,27.8,27.8,0,0
20100422,28.12,28.12,28.12,28.12,0,0
20100423,28.08,28.08,28.08,28.08,0,0
20100426,28.06,28.06,28.06,28.06,0,0
20100427,28,28,28,28,0,0
20100428,28.08,28.08,28.08,28.08,0,0
20100429,28.08,28.08,28.08,28.08,0,0
20100430,28.06,28.06,28,28,0,0
20100504,28.06,28.06,28.06,28.06,0,0
20100505,28,28,27.44,27.44,0,0
20100506,27.6,27.6,26,27.48,0,0
20100507,26.28,27.98,26.28,27.98,0,0
20100511,27.98,27.98,27.98,27.98,0,0
20100514,27.2,27.98,27.2,27.98,0,0
20100517,27.98,27.98,27.98,27.98,0,0
20100518,27.8,28.2,27.8,28.2,0,0
20100519,28.12,28.12,28.1,28.1,0,0
20100520,28.1,28.1,28.1,28.1,0,0
20100521,27.98,27.98,27.96,27.96,0,0
20100524,28,28,28,28,0,0
20100525,27.8,27.8,27.2,27.2,0,0
20100526,27.5,27.5,26.6,27.4,0,0
20100527,28,28,28,28,0,0
20100528,27.9,27.9,27.9,27.9,0,0
20100531,26.4,26.4,26.4,26.4,0,0
20100601,27.4,27.4,27.4,27.4,0,0
20100602,26.4,28,26.4,28,0,0
20100604,27.9,27.9,27.9,27.9,0,0
20100607,27.42,27.42,26.4,27.3,0,0
20100608,26,26.8,26,26.8,0,0
20100610,27.2,27.2,26.2,26.9,0,0
20100611,27.7,27.7,27.7,27.7,0,0
20100614,26.2,27.4,26.2,27.4,0,0
20100615,26.2,26.2,26.2,26.2,0,0
20100616,27.2,29,27.2,28.9,0,0
20100617,28.22,28.9,28.02,28.9,0,0
20100618,29,29,28,28.98,0,0
20100621,28.98,28.98,28.98,28.98,0,0
20100622,28.02,28.98,28.02,28.98,0,0
20100623,28.02,28.98,27.98,28.98,0,0
20100624,28.02,28.98,28.02,28.8,0,0
20100625,28.04,28.98,28.04,28.96,0,0
20100628,28.02,28.96,28.02,28.96,0,0
20100629,28.98,28.98,28.98,28.98,0,0
20100630,28.02,28.8,28.02,28.8,0,0
20100701,28.04,28.8,28.04,28.8,0,0
20100702,28.8,28.8,28.8,28.8,0,0
20100705,28.98,29.4,28.98,29.4,0,0
20100706,28.2,29.3,28.2,29.3,0,0
20100707,28.2,28.2,28.2,28.2,0,0
20100708,29.4,29.4,29.4,29.4,0,0
20100712,28.34,29.3,28.34,29.3,0,0
20100715,29.38,29.38,29.38,29.38,0,0
20100720,29.36,29.36,29.36,29.36,0,0
20100721,29.36,29.36,29.36,29.36,0,0
20100723,28.6,29.36,28.6,29.36,0,0
20100802,29.24,29.36,29.24,29.36,0,0
20100803,28,29.36,28,29.36,0,0
20100804,28.3,29.2,28.3,29.2,0,0
20100805,28.3,29.2,28.24,29.2,0,0
20100809,28.2,29.2,28.2,29.2,0,0
20100810,28.1,29.4,27.7,29.4,0,0
20100812,29.38,29.48,29.38,29.48,0,0
20100813,29.46,29.46,29.46,29.46,0,0
20100816,29.44,29.44,29.44,29.44,0,0
20100817,29.4,29.48,29,29.48,0,0
20100818,29.46,29.46,29.46,29.46,0,0
20100820,29.42,29.42,29.42,29.42,0,0
20100823,29.46,29.46,29.46,29.46,0,0
20100824,28.24,29.42,28.24,29.4,0,0
20100825,27.8,29,27.8,29,0,0
20100826,27.64,28.94,27.62,28.9,0,0
20100827,27.42,28.82,27.42,28.82,0,0
20100830,27.42,28.76,27.42,28.76,0,0
20100831,27.42,28.72,27.42,28.72,0,0
20100901,28,28.7,28,28.7,0,0
20100903,28.5,28.5,28.5,28.5,0,0
20100906,28.6,28.6,28.6,28.6,0,0
20100909,28.56,28.56,28.56,28.56,0,0
20100913,28,28,28,28,0,0
20100914,28,28,28,28,0,0
20100915,28.36,28.36,28.34,28.34,0,0
20100916,28.34,28.34,28.3,28.3,0,0
20100917,28.38,28.38,28.38,28.38,0,0
20100920,28.36,28.36,28.36,28.36,0,0
20100921,28.34,28.34,28.34,28.34,0,0
20100922,27.98,28,27.98,28,0,0
20100923,27.98,27.98,27.98,27.98,0,0
20100924,27.96,27.96,27.88,27.88,0,0
20100929,26.6,27.8,26.6,27.8,0,0
20100930,27.96,27.96,27.8,27.8,0,0
20101001,27.8,27.8,27.8,27.8,0,0
20101004,26.2,27.8,26.2,27.8,0,0
20101005,27.8,27.8,27.8,27.8,0,0
20101006,27.76,27.76,27.76,27.76,0,0
20101007,27.78,27.78,27.78,27.78,0,0
20101008,27.74,27.8,27.74,27.8,0,0
20101011,27.74,27.74,27.74,27.74,0,0
20101012,27.76,27.76,27.76,27.76,0,0
20101013,27.74,27.74,27.74,27.74,0,0
20101014,27.74,27.74,27.74,27.74,0,0
20101015,27.58,27.58,27.58,27.58,0,0
20101018,27.58,27.58,27.58,27.58,0,0
20101019,26.8,27.56,26.8,27.56,0,0
20101020,27,27,27,27,0,0
20101021,27,27,27,27,0,0
20101022,27,27,27,27,0,0
20101025,26.98,26.98,26.96,26.96,0,0
20101026,26.96,26.96,26.96,26.96,0,0
20101027,26.94,26.94,26.7,26.94,0,0
20101028,26.92,26.92,26.92,26.92,0,0
20101029,26.78,26.78,26.78,26.78,0,0
20101102,26.66,26.98,26.66,26.98,0,0
20101103,27,27,27,27,0,0
20101104,26.98,26.98,26.98,26.98,0,0
20101105,26.8,26.8,26.8,26.8,0,0
20101108,27,27,27,27,0,0
20101109,27,27,27,27,0,0
20101110,26.8,26.8,26.8,26.8,0,0
20101115,26.8,26.8,26.2,26.2,0,0
20101116,26.2,26.2,26.2,26.2,0,0
20101119,26,27,26,27,0,0
20101122,26.88,26.88,26.2,26.88,0,0
20101124,26.88,26.88,26.88,26.88,0,0
20101125,26.86,26.86,26.86,26.86,0,0
20101126,26.86,26.86,26.86,26.86,0,0
20101129,26.86,26.86,26.86,26.86,0,0
20101130,26.86,26.86,26.84,26.84,0,0
20101201,26.86,26.86,26.86,26.86,0,0
20101203,26.84,26.86,24.9,26.86,0,0
20101206,26.84,26.84,26.84,26.84,0,0
20101210,26.4,26.8,26.4,26.6,0,0
20101213,25.42,26.38,25.42,26.38,0,0
20101217,25.5,25.7,25.42,25.42,0,0
20101220,24.92,25.2,24.92,25.2,0,0
20101221,25.8,25.8,25.8,25.8,0,0
20101222,24.9,25.9,24.9,25.9,0,0
20101223,24.9,25.9,24.9,25.48,0,0
20101227,25.9,25.9,25.9,25.9,0,0
20101228,25.78,25.78,24.8,25.76,0,0
20101229,25.78,25.78,25.78,25.78,0,0
20101231,25.8,25.8,25.8,25.8,0,0
20110103,26.4,28.54,25.46,27.32,0,0
20110104,27.4,27.4,27.4,27.4,0,0
20110105,27.4,27.4,25,25,0,0
20110107,24.6,24.6,24.6,24.6,0,0
20110110,25.58,25.58,25.58,25.58,0,0
20110112,25.58,25.58,25.58,25.58,0,0
20110113,26.6,26.6,26.6,26.6,0,0
20110120,26.46,26.46,26.46,26.46,0,0
20110121,26.46,26.46,26.46,26.46,0,0
20110124,26.4,26.4,25.2,25.2,0,0
20110127,25,25,25,25,0,0
20110201,23.8,23.8,23.8,23.8,0,0
20110207,23.8,23.8,23.8,23.8,0,0
20110208,23.8,23.8,23.8,23.8,0,0
20110215,23.3,24,23.3,24,0,0
20110216,24.6,25.58,24.6,25.58,0,0
20110218,25.76,25.76,25.76,25.76,0,0
20110222,25,25.2,25,25.2,0,0
20110223,25.68,25.68,25.6,25.6,0,0
20110224,25.7,25.7,25.7,25.7,0,0
20110228,25.54,25.54,25.54,25.54,0,0
20110301,24.04,24.96,22,24.96,0,0
20110302,23.98,23.98,23.98,23.98,0,0
20110303,23.94,23.94,23.94,23.94,0,0
20110308,23.76,23.76,23.76,23.76,0,0
20110310,23.6,25.8,23.6,25.8,0,0
20110315,23,24.9,23,24.9,0,0
20110316,24,24,23.6,24,0,0
20110321,24,24,24,24,0,0
20110322,24,24,24,24,0,0
20110323,24,24,24,24,0,0
20110324,22,23.96,22,23.96,0,0
20110325,22,23.7,22,23.7,0,0
20110328,22,22.9,22,22.9,0,0
20110329,21.36,22.8,20.6,22.6,0,0
20110330,22.56,22.56,22.56,22.56,0,0
20110331,23.4,23.4,22.9,22.9,0,0
20110401,21.6,24.6,21.6,22.98,0,0
20110404,22.98,22.98,22.98,22.98,0,0
20110405,22.78,22.78,22.78,22.78,0,0
20110406,22.6,22.6,22.6,22.6,0,0
20110407,22.74,22.74,22.74,22.74,0,0
20110408,21,21,21,21,0,0
20110412,22.8,22.8,22,22,0,0
20110413,22,22,22,22,0,0
20110414,22,22,22,22,0,0
20110415,22,22,22,22,0,0
20110419,22,22,22,22,0,0
20110420,22,22,22,22,0,0
20110421,20.78,21.6,20.78,21.6,0,0
20110426,21.7,21.7,21.7,21.7,0,0
20110428,21.68,21.68,21.68,21.68,0,0
20110429,20.8,20.8,20.8,20.8,0,0
20110504,21.4,21.68,21.4,21.68,0,0
20110505,21,21.58,20.8,20.8,0,0
20110506,20.76,20.76,20.76,20.76,0,0
20110509,21.4,21.4,21.4,21.4,0,0
20110513,20.7,20.7,20.7,20.7,0,0
20110520,20.7,20.7,20.7,20.7,0,0
20110531,20.6,20.6,20.6,20.6,0,0
20110606,20.58,20.58,20.58,20.58,0,0
20110607,20.44,20.44,20.44,20.44,0,0
20110609,20.2,20.2,20.2,20.2,0,0
20110615,19.2,20.18,19.2,20.18,0,0
20110616,18.96,19.94,18.96,19.94,0,0
20110704,19.4,19.4,19.4,19.4,0,0
20110708,18.6,19,18.6,19,0,0
20110711,17.8,19,17.8,19,0,0
20110718,18.4,18.4,18.4,18.4,0,0
20110719,18.4,18.8,17.02,17.02,0,0
20110720,17,17,17,17,0,0
20110721,16.02,16.02,16.02,16.02,0,0
20110722,16,16.2,16,16.2,0,0
20110725,15.8,18.38,15.8,18.26,0,0
20110726,15.1,16.98,14,16.76,0,0
20110727,14.02,14.02,14.02,14.02,0,0
20110728,13.8,15.98,13.8,15.98,0,0
20110729,13.6,13.6,13.6,13.6,0,0
20110801,16.24,16.24,15.88,15.88,0,0
20110803,15.4,15.4,15.4,15.4,0,0
20110804,15.8,15.8,15.46,15.46,0,0
20110805,14,14,13.62,13.62,0,0
20110808,13.8,15.46,13.62,13.62,0,0
20110809,13,13.62,13,13.62,0,0
20110810,15.08,15.08,12.68,12.68,0,0
20110811,14.78,14.78,14.72,14.72,0,0
20110812,12.7,14.76,12.7,14.76,0,0
20110816,14.76,14.76,14.76,14.76,0,0
20110817,14.76,14.76,14.76,14.76,0,0
20110818,14.76,14.76,14.76,14.76,0,0
20110819,14.6,14.6,11.9,14.4,0,0
20110822,12,14.4,12,14.4,0,0
20110823,14.6,14.76,14.6,14.76,0,0
20110824,12.1,12.1,12.1,12.1,0,0
20110825,13.32,13.32,12.02,12.02,0,0
20110826,12.02,12.02,12.02,12.02,0,0
20110829,12,13.98,12,13.98,0,0
20110830,15.1,15.1,15.1,15.1,0,0
20110831,13.8,15.1,13.8,15.1,0,0
20110901,15,15.1,15,15.1,0,0
20110906,13.64,14.8,13.6,14.8,0,0
20110907,14.78,14.78,14.78,14.78,0,0
20110908,13.6,14.8,13.6,14.6,0,0
20110912,14.6,14.6,14.6,14.6,0,0
20110913,15,15,15,15,0,0
20110915,15,15,15,15,0,0
20110920,14.96,14.96,14.96,14.96,0,0
20110921,15.1,15.1,15.1,15.1,0,0
20111003,15,15.1,14,15.1,0,0
20111012,15.08,15.1,15.08,15.1,0,0
20111014,15,17.88,15,15,0,0
20111020,17,17,17,17,0,0
20111021,17,17.2,17,17.2,0,0
20111028,17.18,17.6,17.18,17.6,0,0
20111107,17.76,17.76,17.76,17.76,0,0
20111110,17.7,17.76,17.7,17.76,0,0
20111115,16.02,17.76,16.02,17.76,0,0
20111116,17.76,17.76,17.76,17.76,0,0
20111206,16.02,16.02,16.02,16.02,0,0
20111207,16.02,17.72,16.02,17.72,0,0
20111219,14.24,14.24,14.24,14.24,0,0
20111220,17.08,17.56,17.08,17.56,0,0
20111230,17.56,17.56,17.56,17.56,0,0
20120102,18,18,18,18,0,0
20120119,17.6,17.6,15,17.58,0,0
20120120,17.76,17.76,17.76,17.76,0,0
20120131,17.7,17.7,17.7,17.7,0,0
20120208,17,17.36,17,17.36,0,0
20120213,17.2,17.76,17.2,17.76,0,0
20120214,17.76,17.76,17.76,17.76,0,0
20120302,17.76,17.76,17.76,17.76,0,0
20120329,17.74,17.76,16.2,17.76,0,0
20120402,17.58,17.58,17.58,17.58,0,0
20120412,17.58,17.58,17.58,17.58,0,0
20120427,17,18,17,18,0,0
20120509,17,17.88,17,17.88,0,0
20120510,17,17.4,17,17.4,0,0
20120511,17.38,17.38,17.38,17.38,0,0
20120515,17.4,17.4,17.4,17.4,0,0
20120516,16.8,16.8,14.8,14.8,0,0
20120517,16.8,16.8,16.8,16.8,0,0
20120518,17.1,17.3,17.1,17.2,0,0
20120522,17.2,17.2,17.2,17.2,0,0
20120523,14.6,14.6,14.6,14.6,0,0
20120524,14.6,14.6,14,14,0,0
20120525,14,14,13,14,0,0
20120531,14,14.86,14,14.86,0,0
20120601,12.4,14.86,12.4,13,0,0
20120604,14.86,14.86,14.86,14.86,0,0
20120605,14,14,14,14,0,0
20120606,14,14,14,14,0,0
20120618,14.9,14.9,14.9,14.9,0,0
20120620,14.9,14.9,14.9,14.9,0,0
20120625,14.02,14.02,14,14,0,0
20120626,14.02,14.02,14,14,0,0
20120627,14,14,14,14,0,0
20120628,13.98,13.98,13.98,13.98,0,0
20120629,13.6,14,12,14,0,0
20120706,14,14,14,14,0,0
20120709,14,14,14,14,0,0
20120713,14,14,14,14,0,0
20120717,14,14,14,14,0,0
20120719,12.4,13.98,12.4,13.98,0,0
20120720,13.98,13.98,13.98,13.98,0,0
20120727,13.98,13.98,13.98,13.98,0,0
20120801,12.8,13.8,12.8,12.8,0,0
20120802,13.98,13.98,13,13,0,0
20120803,13.12,13.98,13,13.06,0,0
20120806,13.98,13.98,13.98,13.98,0,0
20120807,13.88,13.88,13.88,13.88,0,0
20120808,13.9,13.98,13.9,13.98,0,0
20120809,13.98,13.98,13.98,13.98,0,0
20120814,13.98,13.98,13.98,13.98,0,0
20120816,13.98,13.98,13,13,0,0
20120817,13.98,13.98,13.98,13.98,0,0
20120820,13.98,13.98,13.96,13.96,0,0
20120821,13.98,13.98,13.96,13.96,0,0
20120822,13.98,15.02,13.98,15.02,0,0
20120823,16.02,17.98,15.04,15.04,0,0
20120824,17.88,17.88,17.88,17.88,0,0
20120827,19.98,19.98,15.42,17.88,0,0
20120828,17.86,20.12,17.86,19.38,0,0
20120829,19.98,20.72,19.98,20.2,0,0
20120830,20,20,19.02,19.04,0,0
20120831,20.46,21.98,20.46,21.8,0,0
20120903,23.46,23.46,20.52,20.8,0,0
20120904,23.28,23.28,21.02,22.92,0,0
20120905,21.4,21.4,21.2,21.2,0,0
20120907,21.4,21.4,21.4,21.4,0,0
20120910,21.22,21.44,21.22,21.44,0,0
20120911,21.5,21.5,21.4,21.4,0,0
20120912,21.02,21.02,20.4,20.4,0,0
20120913,20.4,21.58,20.4,21.58,0,0
20120918,21.76,21.76,20.6,21.74,0,0
20120919,20.4,21.54,20.08,21.54,0,0
20120920,21.4,21.4,21.22,21.22,0,0
20120921,21.14,21.14,21.14,21.14,0,0
20120924,19.64,20,19.6,19.6,0,0
20120925,20,20.7,19.64,20.66,0,0
20120926,20,20.34,20,20.34,0,0
20120927,20,20,18.5,19.98,0,0
20120928,20.28,20.28,18,19.28,0,0
20121001,19.98,19.98,19.98,19.98,0,0
20121002,19.98,20.6,18.02,20.2,0,0
20121003,20.54,20.54,20.5,20.5,0,0
20121004,20.26,20.26,20.26,20.26,0,0
20121005,20.3,20.3,20.3,20.3,0,0
20121008,20.36,20.36,18.6,19.88,0,0
20121009,19.6,19.72,19.6,19.72,0,0
20121010,18.44,19.36,18.04,19.36,0,0
20121011,19,19.36,17,18.58,0,0
20121012,17.2,17.68,16.62,16.62,0,0
20121015,17.02,17.4,16.62,17.32,0,0
20121016,17.4,17.4,15.9,16.3,0,0
20121017,16,16,16,16,0,0
20121018,16.58,16.58,16,16,0,0
20121019,15.9,16.26,15.44,16.26,0,0
20121022,15.82,16.42,15.8,16.42,0,0
20121023,15.56,16.9,15.16,16.9,0,0
20121024,17.6,19,16.04,19,0,0
20121025,16.5,18.5,16.3,18.5,0,0
20121026,17.98,18.9,17.98,18.8,0,0
20121029,18.8,21.3,18.8,21.2,0,0
20121030,21.16,21.2,20.02,21.18,0,0
20121031,21.18,21.18,20.2,21.16,0,0
20121102,20.4,21.18,20.4,21.18,0,0
20121105,19.62,21.16,19.6,21.16,0,0
20121106,20.12,20.12,20.1,20.1,0,0
20121107,21,21,20.1,20.96,0,0
20121108,20.96,24.98,20.96,23.92,0,0
20121109,23.94,26.78,23.94,24.4,0,0
20121112,24.38,24.38,23.98,23.98,0,0
20121113,23.1,25.14,22.92,25.14,0,0
20121114,24.98,25,24.54,24.98,0,0
20121115,24.98,24.98,24,24.8,0,0
20121116,24.8,25.6,24.44,24.6,0,0
20121119,24.8,26.48,24.8,25.82,0,0
20121120,25.82,26.8,25.22,25.3,0,0
20121121,25.22,26.14,25.04,25.52,0,0
20121122,26.14,27.18,25.8,26,0,0
20121123,26.04,26.12,25.26,26.12,0,0
20121126,26.18,26.2,25.6,26,0,0
20121127,26,26.1,25.6,25.98,0,0
20121128,25.64,27.2,25.64,26.52,0,0
20121129,25.8,30,25.8,30,0,0
20121130,29.96,30.3,29.96,30,0,0
20121203,30,32,30,31.8,0,0
20121204,32,33,31.7,32.76,0,0
20121205,30.72,31.7,30.42,30.8,0,0
20121206,30.32,30.32,29.2,29.2,0,0
20121207,29.2,29.8,28,28.6,0,0
20121210,28.58,30.94,28.58,30.94,0,0
20121211,30.52,31.44,30.5,31,0,0
20121212,30.94,30.98,30,30.38,0,0
20121213,30.9,31.2,30,30,0,0
20121214,30.38,31.44,30.38,30.98,0,0
20121217,31.06,31.06,30.5,30.84,0,0
20121218,30.2,30.8,30.2,30.4,0,0
20121219,30.4,30.78,29.36,30.78,0,0
20121220,30.6,30.8,30.6,30.8,0,0
20121221,29.4,30.5,29.3,30.5,0,0
20121227,29.1,29.2,28.2,29,0,0
20121228,29.2,29.3,28,28,0,0
20130102,27.7,28.18,27,27.8,0,0
20130103,27.98,27.98,25.8,27.78,0,0
20130104,26.1,26.98,25.98,26.98,0,0
20130107,26,26.98,25.72,26.88,0,0
20130108,26,26.4,26,26.38,0,0
20130109,27.78,27.96,27.6,27.9,0,0
20130110,27.9,29.3,27.9,29.3,0,0
20130111,29.04,29.28,28.8,29,0,0
20130114,28.5,29.18,28.4,29.18,0,0
20130115,29.18,30,28.14,30,0,0
20130116,29,29,29,29,0,0
20130117,29,29.4,29,29.4,0,0
20130118,29.3,29.4,29.3,29.4,0,0
20130121,28.5,29.4,28.5,29.4,0,0
20130123,28.5,29,28.4,29,0,0
20130124,28.9,29,28.9,29,0,0
20130125,30,30,29,29,0,0
20130128,29,29.9,29,29.9,0,0
20130129,28.5,29.88,28.2,29.88,0,0
20130131,29.88,29.88,28.3,28.3,0,0
20130201,29.88,29.88,29.88,29.88,0,0
20130205,29.28,29.86,29.28,29.7,0,0
20130207,29.7,29.7,29.7,29.7,0,0
20130208,29.3,29.3,29.3,29.3,0,0
20130211,29.28,29.28,29.28,29.28,0,0
20130212,28.96,28.96,28.8,28.8,0,0
20130213,28.04,28.76,28,28.76,0,0
20130214,28.7,30,28.7,30,0,0
20130215,28.08,29.36,27,29.36,0,0
20130218,29.3,30.5,29,30.48,0,0
20130219,30.8,31.78,30.8,31.56,0,0
20130220,32,32,30.36,30.98,0,0
20130221,31.9,31.9,29.8,30,0,0
20130222,30.9,31.9,30,31.5,0,0
20130225,31.8,31.8,30,31.38,0,0
20130226,31.2,31.68,30.16,30.92,0,0
20130227,30.16,30.8,30.16,30.8,0,0
20130228,30.3,31.72,30.14,31.68,0,0
20130301,31.68,31.9,31,31.9,0,0
20130304,31.9,31.9,29.9,29.9,0,0
20130305,29.9,29.9,29.8,29.8,0,0
20130306,29.62,30,29.6,30,0,0
20130307,29.3,30,28.7,28.7,0,0
20130308,28.38,29.76,28.38,29.76,0,0
20130311,29.4,30.2,29.4,30.2,0,0
20130312,30.2,30.36,29.4,30.36,0,0
20130313,29.5,30,29.5,30,0,0
20130314,30,30.1,28.72,30.1,0,0
20130315,29.02,29.98,28.72,29.98,0,0
20130318,28.72,29.9,28.5,29.58,0,0
20130320,29.4,29.4,28.62,29.4,0,0
20130321,28.44,29.4,28.28,29.4,0,0
20130322,27.8,29.38,27.52,29.38,0,0
20130326,28.6,28.8,28.4,28.8,0,0
20130327,28.78,28.8,27.6,28.8,0,0
20130328,28,28.68,27.54,27.82,0,0
20130402,27.84,28.58,26.8,28.58,0,0
20130403,28,28.58,28,28.58,0,0
20130404,28,28.56,27.78,28.56,0,0
20130405,27.2,27.96,27.2,27.9,0,0
20130408,28.58,28.58,26.6,28,0,0
20130409,26.9,27.88,26.6,27.88,0,0
20130410,27.78,27.78,27.78,27.78,0,0
20130411,27.88,27.88,26.8,27.88,0,0
20130412,26.64,27,24.6,26.78,0,0
20130415,25.48,25.48,25.48,25.48,0,0
20130417,25,25.48,24,25.48,0,0
20130418,25.9,25.9,23.8,25.56,0,0
20130419,24,25,23.8,25,0,0
20130422,24.1,24.1,22.8,24,0,0
20130423,24,24.9,23,24.9,0,0
20130424,24.58,24.58,24.58,24.58,0,0
20130426,24.4,25.8,24.4,25.8,0,0
20130429,26,26,26,26,0,0
20130430,26,26,26,26,0,0
20130502,26.78,26.78,25.02,25.98,0,0
20130506,25,25.8,24,25.8,0,0
20130507,24.1,25.56,24,25.56,0,0
20130508,24.4,26.78,24,26.78,0,0
20130509,26.38,26.38,26,26,0,0
20130510,25.04,26.76,25.04,26,0,0
20130513,26.4,26.4,26.4,26.4,0,0
20130514,26.76,26.78,26.2,26.78,0,0
20130515,26,26.76,26,26.76,0,0
20130516,26,28,26,27.6,0,0
20130517,27.6,27.96,27.6,27.96,0,0
20130520,27.4,27.4,27.2,27.2,0,0
20130521,27.2,27.2,27,27.2,0,0
20130522,26.6,26.6,26,26.2,0,0
20130523,26.2,26.2,26.2,26.2,0,0
20130524,26.3,27.4,26.3,27.4,0,0
20130527,27.4,27.4,27.4,27.4,0,0
20130528,26.56,27.3,26.56,27.3,0,0
20130529,27.2,27.4,27.2,27.4,0,0
20130531,27.74,27.96,27.74,27.96,0,0
20130603,28.38,28.38,26,27.98,0,0
20130604,27.8,27.8,27.8,27.8,0,0
20130605,27.78,27.78,27.78,27.78,0,0
20130606,27.54,27.54,27.54,27.54,0,0
20130607,27.2,27.2,27.2,27.2,0,0
20130610,27.2,28,27.2,28,0,0
20130611,27.7,28,27.7,28,0,0
20130612,28.1,28.8,27.6,28.8,0,0
20130613,28,28.18,27.64,28.18,0,0
20130614,28.74,28.74,27.8,27.8,0,0
20130617,28.74,28.74,27.8,27.8,0,0
20130618,28,28,28,28,0,0
20130619,28,28,28,28,0,0
20130620,27.3,28,27,28,0,0
20130621,26.98,28,26.6,28,0,0
20130625,27.98,32,27.98,32,0,0
20130626,29.6,31.2,29.6,31.2,0,0
20130627,31.2,31.98,31.2,31.8,0,0
20130628,31.4,31.4,30.7,31.4,0,0
20130701,31.4,31.5,31.2,31.5,0,0
20130702,31.9,31.98,30.2,31.98,0,0
20130703,31.98,32,31.98,32,0,0
20130704,32,35,32,33.6,0,0
20130705,31.8,33.58,31.8,33.58,0,0
20130708,33,34.8,33,34.8,0,0
20130709,34.6,34.6,34,34,0,0
20130710,34,34,34,34,0,0
20130711,33.6,33.6,33.6,33.6,0,0
20130712,33.6,33.6,32.72,32.72,0,0
20130715,32.72,32.72,32.46,32.46,0,0
20130716,33.18,33.18,33.18,33.18,0,0
20130717,32.46,33.18,32.46,33.18,0,0
20130718,32.44,45.36,32.4,45.36,0,0
20130719,44.8,44.8,44.8,44.8,0,0
20130722,44.83,44.83,44.83,44.83,0,0
20130723,44.86,46.2,44.86,44.86,0,0
20130724,44.83,45.92,44.83,45.92,0,0
20130725,45.92,45.92,44.83,45.92,0,0
20130726,45.92,45.92,45.08,45.92,0,0
20130729,45.92,45.92,45.36,45.92,0,0
20130730,46.14,46.48,45.92,46.48,0,0
20130731,46.48,46.76,46.2,46.76,0,0
20130801,46.76,52.36,46.76,50.74,0,0
20130802,53.2,53.2,51.77,52.86,0,0
20130805,53.2,53.42,52.36,53.42,0,0
20130806,53.42,53.42,51.8,51.8,0,0
20130807,51.8,52.78,50.4,52.36,0,0
20130808,52.36,52.78,50.51,52.36,0,0
20130809,50.71,53.12,50.71,53.09,0,0
20130812,51.52,53.28,51.52,53.28,0,0
20130813,53.54,53.76,53.28,53.28,0,0
20130814,53.2,53.76,53.17,53.76,0,0
20130816,53.48,53.48,52.78,53.34,0,0
20130819,53.2,53.37,53.2,53.37,0,0
20130820,53.34,53.62,53.34,53.62,0,0
20130821,53.73,55.86,53.42,55.86,0,0
20130822,55.86,61.26,55.86,60.2,0,0
20130823,60.2,61.15,57.43,57.43,0,0
20130826,57.4,57.4,56,57.09,0,0
20130827,57.06,59.78,54.6,59.75,0,0
20130828,56,59.64,56,59.64,0,0
20130829,59.22,59.22,57.65,58.63,0,0
20130830,58.66,58.66,56,58.66,0,0
20130902,58.66,58.66,56,57.68,0,0
20130903,57.65,57.65,55.72,55.72,0,0
20130904,55.16,56,53.76,53.76,0,0
20130905,54.77,54.77,51.83,53.2,0,0
20130906,53.48,55.3,53.48,55.3,0,0
20130909,55.58,55.97,54.6,55.97,0,0
20130910,54.6,55.69,54.6,55.69,0,0
20130911,56.98,56.98,56.98,56.98,0,0
20130912,54.91,56,54.88,54.91,0,0
20130913,56,56,53.2,53.34,0,0
20130916,53.2,53.34,52.61,52.92,0,0
20130917,52.64,55.41,52.64,52.92,0,0
20130918,53.48,53.48,53.2,53.2,0,0
20130919,53.2,53.76,53.2,53.76,0,0
20130920,53.76,53.76,53.76,53.76,0,0
20130923,53.62,53.62,52.36,53.2,0,0
20130924,53.2,53.2,52.39,52.39,0,0
20130926,52.39,53.2,52.39,53.2,0,0
20130927,53.2,53.2,50.96,53.2,0,0
20130930,53.17,53.2,53.17,53.17,0,0
20131001,53.17,53.17,51.1,52.36,0,0
20131002,51.1,51.1,51.1,51.1,0,0
20131003,51.04,52.08,50.68,50.68,0,0
20131004,50.68,52.78,50.43,51.8,0,0
20131007,50.74,53.06,50.74,52.89,0,0
20131008,51.52,51.52,50.96,50.96,0,0
20131009,52.89,52.89,51.02,51.02,0,0
20131010,51.27,52.86,51.27,52.86,0,0
20131011,52.36,52.89,52.36,52.89,0,0
20131014,53.17,53.17,51.94,53.17,0,0
20131015,53.17,53.17,51.97,53.06,0,0
20131016,53.06,53.2,53.06,53.06,0,0
20131017,52.92,55.72,52.92,54.6,0,0
20131018,54.88,56,53.2,56,0,0
20131021,56,56.06,56,56.06,0,0
20131022,56.56,57.32,56.42,57.32,0,0
20131023,57.32,58.8,57.32,57.46,0,0
20131024,57.46,58.24,56.28,58.24,0,0
20131025,58.38,58.38,58.38,58.38,0,0
20131028,58.24,61.18,56.48,61.04,0,0
20131029,61.01,61.04,60.76,60.76,0,0
20131030,60.62,60.62,58.77,58.77,0,0
20131104,58.77,58.77,58.49,58.77,0,0
20131105,58.8,58.8,57.96,58.8,0,0
20131106,58.8,58.8,58.02,58.02,0,0
20131107,58.8,58.8,56,56,0,0
20131108,55.44,55.44,53.2,54.32,0,0
20131112,55.02,55.02,54.32,54.35,0,0
20131113,54.6,54.63,54.6,54.6,0,0
20131114,55.05,55.05,53.2,53.2,0,0
20131115,53.2,53.2,46.76,50.43,0,0
20131118,50.4,50.4,47.6,48.97,0,0
20131119,48.97,49.14,48.72,49.14,0,0
20131120,49.08,51.38,49.08,51.38,0,0
20131121,50.82,51.38,50.54,51.38,0,0
20131122,50.96,50.96,50.37,50.37,0,0
20131125,50.4,50.79,49.84,49.84,0,0
20131126,49.84,50.68,47.6,47.6,0,0
20131127,47.6,49,46.2,46.2,0,0
20131128,46.2,50.68,46.2,49.56,0,0
20131129,49.56,49.56,49.56,49.56,0,0
20131202,49.28,49.28,49.28,49.28,0,0
20131203,49,49,47.74,48.02,0,0
20131204,48.02,48.58,47.85,48.58,0,0
20131205,47.71,48.16,47.71,47.71,0,0
20131206,47.71,47.71,45.67,47.57,0,0
20131209,47.32,47.32,45.25,46.45,0,0
20131210,45.44,46.2,45.08,46.2,0,0
20131211,45.14,45.58,44.24,44.55,0,0
20131212,44.72,44.72,43.71,44.1,0,0
20131213,45.92,45.92,45.08,45.08,0,0
20131216,45.36,48.72,45.36,46.76,0,0
20131217,46.76,47.18,45.42,47.18,0,0
20131218,47.18,47.18,45.64,47.18,0,0
20131219,48.13,48.13,46.34,46.76,0,0
20131220,47.29,47.29,45.39,45.39,0,0
20131223,46.76,48.16,46.76,48.16,0,0
20131227,47.6,47.6,45.78,47.6,0,0
20131230,47.32,47.32,47.32,47.32,0,0
20140102,45.56,50.37,45.56,48.41,0,0
20140103,50.32,50.32,48.41,49,0,0
20140107,50.32,50.4,48.47,48.47,0,0
20140108,49,49.14,49,49.14,0,0
20140109,48.41,48.41,48.41,48.41,0,0
20140110,49,52.86,48.41,52.86,0,0
20140113,48.5,51.24,48.47,51.24,0,0
20140114,49.56,50.4,49.56,50.4,0,0
20140116,48.72,50.4,48.41,50.37,0,0
20140117,47.74,48.41,47.6,48.41,0,0
20140120,47.07,47.07,46.48,46.48,0,0
20140121,46.76,47.57,46.2,47.57,0,0
20140122,47.32,47.32,45.61,47.29,0,0
20140123,47.18,47.18,45.64,45.64,0,0
20140124,45.64,45.78,44.8,45.36,0,0
20140127,45.08,45.5,42.84,45.5,0,0
20140128,43.12,45.36,43.12,45.36,0,0
20140129,45.36,45.92,43.71,45.08,0,0
20140130,43.2,45.58,43.2,45.58,0,0
20140131,45.58,45.61,43.26,43.82,0,0
20140203,45.36,45.36,45.36,45.36,0,0
20140204,45.08,45.22,45.08,45.22,0,0
20140206,42.92,45.22,42.92,44.52,0,0
20140207,44.8,45.64,44.8,45.64,0,0
20140210,45.64,45.64,44.24,44.24,0,0
20140211,44.77,49,44.77,48.97,0,0
20140212,49.64,49.64,44.97,46.45,0,0
20140213,45.36,45.36,43.43,45.08,0,0
20140214,44.8,45.08,44.8,45.08,0,0
20140217,45.5,45.64,43.96,44.27,0,0
20140218,45.33,45.36,44.8,44.8,0,0
20140219,44.52,44.77,43.99,44.77,0,0
20140220,44.8,44.8,42.59,44.21,0,0
20140221,44.66,44.8,44.66,44.8,0,0
20140224,44.8,46.48,44.8,46.48,0,0
20140225,45.36,45.36,44.8,44.8,0,0
20140226,45.86,45.86,43.96,43.96,0,0
20140227,45.36,45.36,43.15,43.15,0,0
20140228,43.26,44.52,39.37,42,0,0
20140303,40.21,43.4,38.92,43.37,0,0
20140304,43.4,44.66,43.37,44.66,0,0
20140305,44.52,44.52,43.96,43.96,0,0
20140307,43.93,43.96,43.93,43.96,0,0
20140310,42.14,43.68,42.14,43.68,0,0
20140311,43.68,43.68,43.68,43.68,0,0
20140312,42.42,43.09,42,43.09,0,0
20140313,41.19,42.84,41.19,42.84,0,0
20140314,42.56,42.56,41.44,41.72,0,0
20140317,41.16,41.83,41.16,41.83,0,0
20140318,41.83,41.83,41.83,41.83,0,0
20140319,41.16,41.16,41.16,41.16,0,0
20140320,41.72,41.72,41.72,41.72,0,0
20140321,41.72,41.72,41.72,41.72,0,0
20140324,41.44,41.44,41.44,41.44,0,0
20140325,41.44,41.72,41.44,41.72,0,0
20140326,41.72,41.72,41.72,41.72,0,0
20140327,40.74,41.66,40.6,40.6,0,0
20140328,41.66,41.66,41.66,41.66,0,0
20140331,41.16,41.66,40.88,41.66,0,0
20140401,41.66,41.66,41.02,41.66,0,0
20140402,40.91,41.38,40.88,41.38,0,0
20140403,40.6,41.44,40.6,41.44,0,0
20140404,41.38,41.38,41.38,41.38,0,0
20140407,41.41,41.41,40.18,41.41,0,0
20140408,40.18,41.13,40.04,41.13,0,0
20140409,39.79,40.6,38.92,40.6,0,0
20140410,40.57,40.6,40.32,40.6,0,0
20140411,38.39,40.85,38.39,40.85,0,0
20140414,40.6,40.6,38.36,39.12,0,0
20140415,39.62,39.62,38.64,38.64,0,0
20140416,40.54,40.54,38.92,38.92,0,0
20140417,38.92,38.92,38.92,38.92,0,0
20140422,40.01,40.01,39.48,39.48,0,0
20140423,39.31,40.88,39.31,40.88,0,0
20140424,40.6,40.88,40.21,40.21,0,0
20140425,40.32,40.32,39.76,39.76,0,0
20140428,39.76,39.76,39.76,39.76,0,0
20140429,39.76,39.76,39.76,39.76,0,0
20140430,39.76,39.76,39.2,39.2,0,0
20140505,39.2,39.2,38.36,38.36,0,0
20140506,37.8,38.22,37.8,37.8,0,0
20140507,37.1,37.1,36.96,36.96,0,0
20140508,37.77,37.77,37.77,37.77,0,0
20140509,37.52,37.74,36.96,36.96,0,0
20140512,37.77,37.77,36.4,36.4,0,0
20140513,36.4,37.72,36.4,37.72,0,0
20140514,37.72,37.72,37.72,37.72,0,0
20140515,37.66,37.66,35.87,35.87,0,0
20140516,37.49,37.49,34.16,36.12,0,0
20140519,36.12,36.12,34.16,35.84,0,0
20140521,36.93,36.93,36.93,36.93,0,0
20140522,36.96,36.96,35.28,36.26,0,0
20140523,36.29,36.29,35.28,36.29,0,0
20140526,36.4,37.8,36.4,37.77,0,0
20140527,37.8,38.84,37.3,38.84,0,0
20140528,38.84,38.84,38.64,38.84,0,0
20140529,38.84,38.92,38.84,38.92,0,0
20140530,38.64,38.64,37.8,37.8,0,0
20140602,37.8,37.8,36.4,37.63,0,0
20140603,37.52,37.52,37.52,37.52,0,0
20140604,37.52,37.8,37.52,37.8,0,0
20140605,37.77,38.75,37.77,38.75,0,0
20140606,38.72,38.75,38.72,38.75,0,0
20140609,38.75,38.75,38.75,38.75,0,0
20140610,38.75,38.75,38.75,38.75,0,0
20140611,38.75,38.75,38.61,38.61,0,0
20140612,37.02,38.36,36.99,38.33,0,0
20140616,38.33,38.33,38.33,38.33,0,0
20140618,38.3,38.3,38.3,38.3,0,0
20140623,36.99,36.99,35.56,35.56,0,0
20140624,35.56,36.76,34.02,36.62,0,0
20140625,34.72,36.4,34.16,36.4,0,0
20140626,35.39,36.4,35.39,36.4,0,0
20140630,37.8,37.8,37.8,37.8,0,0
20140702,37.21,37.21,37.21,37.21,0,0
20140703,37.13,37.16,36.4,37.16,0,0
20140707,37.18,37.8,36.4,37.8,0,0
20140708,39.62,39.62,36.4,36.4,0,0
20140709,37.83,37.83,36.4,36.4,0,0
20140710,36.37,36.37,36.37,36.37,0,0
20140711,35.03,36.65,35.03,36.65,0,0
20140714,36.43,36.43,36.43,36.43,0,0
20140718,36.26,36.26,35.64,35.64,0,0
20140721,35.64,35.64,35.59,35.59,0,0
20140722,34.61,34.61,30.94,33.6,0,0
20140723,33.6,34.3,33.6,34.3,0,0
20140725,35.25,35.25,35.25,35.25,0,0
20140728,33.6,34.55,33.6,34.55,0,0
20140729,32.76,33.88,31.64,33.57,0,0
20140730,33.6,33.6,33.6,33.6,0,0
20140731,32.26,33.6,32.26,33.6,0,0
20140801,33.6,33.6,33.6,33.6,0,0
20140804,33.6,33.6,33.32,33.6,0,0
20140805,33.88,33.88,33.88,33.88,0,0
20140806,33.88,33.88,32.2,33.29,0,0
20140808,32.2,32.2,31.08,31.75,0,0
20140811,32.17,32.17,30.8,32.17,0,0
20140812,32.17,32.34,31.92,32.34,0,0
20140813,32.2,32.2,32.2,32.2,0,0
20140814,30.83,31.64,29.68,31.5,0,0
20140818,29.68,29.68,29.68,29.68,0,0
20140819,29.68,31.64,29.68,31.64,0,0
20140820,31.64,33.04,31.64,33.04,0,0
20140821,33.04,33.04,33.04,33.04,0,0
20140822,31.64,35,31.64,35,0,0
20140826,33.32,34.69,32.17,34.69,0,0
20140827,33.21,35,33.21,35,0,0
20140828,33.35,33.35,33.35,33.35,0,0
20140829,33.32,33.32,33.32,33.32,0,0
20140901,32.34,34.97,32.34,34.97,0,0
20140902,33.15,33.15,33.01,33.01,0,0
20140903,32.76,32.76,31.92,31.92,0,0
20140904,31.92,31.92,30.8,31.61,0,0
20140905,31.22,33.01,31.22,33.01,0,0
20140908,31.3,32.62,31.22,32.62,0,0
20140909,32.45,32.45,32.45,32.45,0,0
20140910,31.28,32.45,31.19,31.19,0,0
20140911,32.48,32.48,32.48,32.48,0,0
20140912,30.94,31.84,30.8,31.84,0,0
20140915,29.68,31.64,29.68,31.64,0,0
20140916,32.87,32.87,32.87,32.87,0,0
20140919,31.92,31.92,30.66,31.92,0,0
20140923,30.8,31.08,30.8,31.08,0,0
20140924,30.69,31.89,28.28,31.89,0,0
20141002,31.36,31.89,31.36,31.89,0,0
20141003,31.78,31.78,30.8,30.8,0,0
20141006,30.52,31.78,30.52,31.78,0,0
20141007,31.64,31.64,31.64,31.64,0,0
20141008,31.64,31.78,30.52,31.78,0,0
20141009,31.78,31.78,31.78,31.78,0,0
20141010,30.52,30.52,30.38,30.38,0,0
20141013,30.38,30.52,30.38,30.52,0,0
20141014,28.62,28.62,28.62,28.62,0,0
20141015,28.7,29.06,28.28,29.06,0,0
20141016,31.53,31.53,28.28,30.24,0,0
20141017,30.8,30.8,30.8,30.8,0,0
20141020,28.28,30.8,28.28,30.8,0,0
20141021,30.8,30.8,30.8,30.8,0,0
20141022,30.49,30.49,30.49,30.49,0,0
20141027,30.8,30.8,30.8,30.8,0,0
20141028,31.36,31.36,31.36,31.36,0,0
20141029,31.36,31.36,31.36,31.36,0,0
20141030,31.36,31.36,31.36,31.36,0,0
20141031,30.8,31.61,29.4,30.41,0,0
20141103,29.9,29.9,28.28,28.28,0,0
20141104,28,28.03,28,28,0,0
20141105,28,28.98,27.58,27.58,0,0
20141106,26.88,27.86,24.92,25.34,0,0
20141107,25.2,25.2,24.64,24.92,0,0
20141110,24.92,24.92,24.64,24.75,0,0
20141112,26.6,29.09,23.8,27.41,0,0
20141113,25.2,27.69,24.89,27.27,0,0
20141114,25.48,26.74,25.28,26.74,0,0
20141117,27.27,27.27,27.27,27.27,0,0
20141118,26.99,27.94,26.99,27.94,0,0
20141119,27.89,27.89,27.89,27.89,0,0
20141120,27.72,27.72,27.72,27.72,0,0
20141121,27.58,28.84,27.58,28.84,0,0
20141124,28.98,28.98,27.58,28.42,0,0
20141125,27.75,27.75,27.58,27.72,0,0
20141126,26.71,27.97,26.71,27.97,0,0
20141127,26.71,27.83,26.35,27.83,0,0
20141128,26.35,27.72,26.35,27.72,0,0
20141201,26.63,28.81,26.6,27.94,0,0
20141202,27.86,27.86,27.69,27.69,0,0
20141203,27.69,27.69,25.82,27.27,0,0
20141204,25.87,27.16,25.87,27.16,0,0
20141205,25.96,27.16,25.96,26.01,0,0
20141208,26.01,26.32,26.01,26.32,0,0
20141209,25.68,26.54,25.62,26.54,0,0
20141210,25.76,25.76,25.54,25.76,0,0
20141211,25.34,26.29,25.34,25.37,0,0
20141212,25.62,26.15,25.2,25.48,0,0
20141215,25.23,26.29,25.2,26.29,0,0
20141216,25.23,26.04,25.23,26.04,0,0
20141217,25.34,25.96,25.34,25.96,0,0
20141218,25.06,25.9,25.06,25.9,0,0
20141219,25.2,25.98,25.2,25.2,0,0
20141222,25.2,25.76,24.75,24.81,0,0
20141223,24.67,25.62,24.67,25.62,0,0
20141229,25.45,25.45,25.45,25.45,0,0
20141230,25.56,25.76,25.56,25.76,0,0
