Date,Open,High,Low,Close,Volume,OpenInt
20100618,8.09,8.09,8.09,8.09,0,0
20100621,6.62,8.09,6.62,8.09,0,0
20100622,7.84,8.09,7.11,7.84,0,0
20100623,7.35,7.6,6.37,6.62,0,0
20100624,6.62,6.62,5.64,5.64,0,0
20100625,5.64,5.64,5.15,5.64,0,0
20100628,5.64,5.64,4.9,5.64,0,0
20100629,5.64,5.64,4.9,5.39,0,0
20100630,5.15,5.39,5.15,5.39,0,0
20100701,5.39,5.39,5.39,5.39,0,0
20100702,5.39,5.39,4.66,5.39,0,0
20100705,4.9,5.39,4.9,5.39,0,0
20100706,5.15,5.15,5.15,5.15,0,0
20100707,5.15,5.15,5.15,5.15,0,0
20100708,4.66,5.15,4.41,5.15,0,0
20100709,5.15,5.39,5.15,5.39,0,0
20100712,5.15,5.15,5.15,5.15,0,0
20100714,5.39,5.64,4.9,4.9,0,0
20100715,4.66,5.88,4.66,5.64,0,0
20100716,5.88,5.88,5.64,5.88,0,0
20100720,5.39,5.88,5.39,5.88,0,0
20100721,5.39,5.64,5.39,5.64,0,0
20100723,5.88,6.86,5.88,6.86,0,0
20100726,7.35,7.35,6.37,7.11,0,0
20100727,6.62,6.86,6.37,6.86,0,0
20100728,6.86,7.11,6.13,6.62,0,0
20100729,6.13,7.11,5.88,7.11,0,0
20100730,6.86,7.11,6.86,7.11,0,0
20100802,7.11,7.11,5.88,6.62,0,0
20100803,5.88,6.62,5.39,6.62,0,0
20100804,5.64,5.88,5.64,5.88,0,0
20100805,5.64,5.64,5.64,5.64,0,0
20100806,5.64,5.64,5.39,5.64,0,0
20100809,5.64,5.64,5.64,5.64,0,0
20100810,5.39,5.64,5.39,5.64,0,0
20100811,5.64,6.13,5.64,6.13,0,0
20100812,6.13,6.13,5.64,5.88,0,0
20100813,5.88,5.88,5.15,5.39,0,0
20100816,5.15,5.39,5.15,5.39,0,0
20100817,5.64,5.88,5.64,5.64,0,0
20100818,5.64,5.64,5.64,5.64,0,0
20100819,5.64,6.62,5.64,6.37,0,0
20100820,6.37,6.37,5.64,6.13,0,0
20100823,6.13,6.13,5.64,5.64,0,0
20100824,5.64,5.64,5.64,5.64,0,0
20100825,5.64,6.62,5.64,6.37,0,0
20100826,6.37,6.37,5.64,5.64,0,0
20100827,5.64,5.64,5.39,5.64,0,0
20100830,5.64,5.88,5.39,5.64,0,0
20100831,5.64,5.64,5.39,5.64,0,0
20100901,5.64,5.88,5.39,5.88,0,0
20100902,5.88,6.13,5.88,5.88,0,0
20100903,5.88,5.88,4.9,5.64,0,0
20100906,5.64,5.64,5.15,5.64,0,0
20100907,5.64,5.64,5.15,5.64,0,0
20100908,5.64,5.64,5.64,5.64,0,0
20100909,5.64,5.64,5.39,5.39,0,0
20100910,5.39,5.64,5.39,5.39,0,0
20100913,5.39,5.39,4.9,5.39,0,0
20100914,5.39,5.64,5.15,5.64,0,0
20100915,5.64,5.64,5.39,5.39,0,0
20100916,5.39,5.88,5.39,5.88,0,0
20100917,5.88,6.13,5.88,5.88,0,0
20100920,5.88,6.86,5.88,6.86,0,0
20100921,6.62,7.35,6.62,7.35,0,0
20100922,7.11,7.11,6.37,6.86,0,0
20100923,7.11,7.11,6.13,6.62,0,0
20100924,6.62,6.62,6.62,6.62,0,0
20100927,6.62,6.62,6.13,6.37,0,0
20100928,6.13,6.37,6.13,6.37,0,0
20100929,6.37,6.86,6.37,6.37,0,0
20100930,6.37,6.62,6.37,6.62,0,0
20101001,6.62,6.62,6.37,6.62,0,0
20101004,6.62,6.86,6.13,6.37,0,0
20101005,6.13,6.37,5.88,6.37,0,0
20101006,6.37,6.37,6.13,6.37,0,0
20101007,6.37,6.37,6.37,6.37,0,0
20101008,6.13,6.13,6.13,6.13,0,0
20101011,5.88,6.13,5.88,6.13,0,0
20101012,5.88,6.13,5.88,6.13,0,0
20101013,6.13,6.62,6.13,6.37,0,0
20101014,6.37,8.82,6.13,8.82,0,0
20101015,8.58,9.07,8.58,8.82,0,0
20101018,8.82,10.29,8.82,9.8,0,0
20101019,9.8,9.8,8.58,9.8,0,0
20101020,9.8,11.03,9.56,9.8,0,0
20101021,9.56,9.56,8.33,8.82,0,0
20101022,8.58,8.82,8.09,8.58,0,0
20101025,9.07,9.07,8.33,8.58,0,0
20101026,8.58,9.31,8.33,8.58,0,0
20101027,8.58,9.31,8.58,9.31,0,0
20101028,9.07,9.31,8.58,8.82,0,0
20101029,8.82,9.31,8.58,8.58,0,0
20101102,8.58,8.58,7.6,8.09,0,0
20101103,7.84,8.58,7.84,8.09,0,0
20101104,8.09,8.09,7.84,8.09,0,0
20101105,8.09,8.09,7.6,7.84,0,0
20101108,7.84,7.84,7.35,7.6,0,0
20101109,7.6,7.84,7.11,7.84,0,0
20101110,7.84,7.84,7.35,7.6,0,0
20101112,7.6,7.6,7.35,7.35,0,0
20101115,7.35,7.35,7.35,7.35,0,0
20101116,7.35,7.84,7.11,7.35,0,0
20101117,7.11,7.35,6.37,6.62,0,0
20101118,6.62,6.86,6.37,6.37,0,0
20101119,6.37,6.86,6.37,6.86,0,0
20101122,6.86,6.86,6.37,6.62,0,0
20101123,6.62,7.11,6.62,7.11,0,0
20101124,7.11,7.6,7.11,7.6,0,0
20101125,7.6,8.58,7.35,8.33,0,0
20101126,8.58,8.58,7.84,8.09,0,0
20101129,7.84,8.33,7.6,8.09,0,0
20101130,7.84,8.09,7.35,7.6,0,0
20101201,7.6,8.09,7.6,7.84,0,0
20101202,7.84,7.84,7.35,7.35,0,0
20101203,7.35,7.35,7.11,7.35,0,0
20101206,7.35,7.35,6.86,7.35,0,0
20101207,7.11,7.11,6.86,7.11,0,0
20101208,7.11,7.6,6.86,7.6,0,0
20101209,7.6,7.6,7.35,7.6,0,0
20101210,7.6,8.33,7.6,8.33,0,0
20101213,8.33,8.58,7.84,7.84,0,0
20101214,7.84,8.09,7.6,7.84,0,0
20101215,7.84,8.09,7.6,7.84,0,0
20101216,7.84,8.33,7.6,8.09,0,0
20101217,8.09,8.09,7.84,8.09,0,0
20101220,8.09,8.09,7.84,8.09,0,0
20101221,7.84,8.09,7.6,8.09,0,0
20101222,7.84,8.09,7.84,8.09,0,0
20101223,8.09,8.09,7.84,8.09,0,0
20101227,8.09,8.09,7.35,7.84,0,0
20101228,7.84,7.84,7.35,7.84,0,0
20101229,7.84,7.84,7.35,7.84,0,0
20101230,7.6,7.84,7.35,7.6,0,0
20101231,7.6,7.84,7.6,7.84,0,0
20110103,7.6,7.84,7.35,7.84,0,0
20110104,7.6,7.84,7.6,7.84,0,0
20110105,7.84,8.09,7.84,8.09,0,0
20110107,7.84,8.09,7.84,8.09,0,0
20110110,7.84,8.09,7.6,7.6,0,0
20110111,7.6,7.6,7.11,7.11,0,0
20110112,7.11,7.6,6.37,6.62,0,0
20110113,6.62,7.11,6.62,6.86,0,0
20110114,7.11,7.11,6.62,6.62,0,0
20110117,6.86,6.86,6.37,6.62,0,0
20110118,6.37,6.62,6.37,6.62,0,0
20110119,6.62,7.35,6.62,7.35,0,0
20110120,7.35,7.35,6.86,7.11,0,0
20110121,7.11,7.11,6.86,6.86,0,0
20110124,6.86,6.86,6.86,6.86,0,0
20110125,6.86,6.86,6.86,6.86,0,0
20110126,6.86,6.86,6.86,6.86,0,0
20110127,6.86,6.86,6.86,6.86,0,0
20110128,6.62,6.62,6.62,6.62,0,0
20110131,6.86,6.86,6.62,6.62,0,0
20110201,6.62,6.86,6.62,6.62,0,0
20110202,6.62,6.86,6.62,6.62,0,0
20110203,6.62,7.11,6.62,6.62,0,0
20110204,6.62,7.6,6.62,6.86,0,0
20110207,6.86,6.86,6.86,6.86,0,0
20110208,6.86,6.86,6.86,6.86,0,0
20110209,6.86,7.35,6.62,7.11,0,0
20110210,7.11,7.6,7.11,7.6,0,0
20110211,7.6,7.6,7.6,7.6,0,0
20110214,7.6,7.6,7.6,7.6,0,0
20110215,7.6,7.6,7.35,7.35,0,0
20110216,7.11,7.35,7.11,7.35,0,0
20110217,7.11,7.35,7.11,7.35,0,0
20110218,7.11,7.6,7.11,7.6,0,0
20110221,7.84,7.84,7.6,7.84,0,0
20110222,7.84,7.84,7.6,7.6,0,0
20110223,7.6,7.6,7.6,7.6,0,0
20110224,7.6,7.6,7.6,7.6,0,0
20110225,7.6,7.6,7.35,7.6,0,0
20110301,7.6,7.6,7.6,7.6,0,0
20110302,7.6,7.6,6.86,6.86,0,0
20110303,6.86,6.86,6.62,6.62,0,0
20110304,6.62,6.62,6.37,6.37,0,0
20110307,6.37,6.62,5.88,6.13,0,0
20110308,6.13,6.13,5.88,6.13,0,0
20110309,6.13,6.13,5.39,5.39,0,0
20110310,5.64,5.64,5.39,5.39,0,0
20110311,5.39,5.39,4.9,5.39,0,0
20110314,5.39,5.64,5.15,5.64,0,0
20110315,5.39,5.39,4.9,5.39,0,0
20110316,5.39,5.64,5.15,5.64,0,0
20110317,5.39,6.13,5.15,6.13,0,0
20110318,5.88,6.13,5.88,6.13,0,0
20110321,6.13,6.37,6.13,6.37,0,0
20110322,6.37,6.62,6.13,6.62,0,0
20110323,6.62,6.62,6.37,6.37,0,0
20110324,6.37,6.62,6.37,6.62,0,0
20110325,6.62,6.86,6.37,6.86,0,0
20110328,6.86,7.11,6.62,7.11,0,0
20110329,6.86,7.11,6.86,7.11,0,0
20110330,7.11,7.11,6.62,6.62,0,0
20110331,6.62,6.62,6.62,6.62,0,0
20110401,6.62,6.62,6.62,6.62,0,0
20110404,6.62,6.86,6.37,6.37,0,0
20110405,6.37,6.62,6.37,6.62,0,0
20110406,6.62,6.62,6.37,6.37,0,0
20110407,6.37,6.37,6.37,6.37,0,0
20110408,6.37,6.37,6.37,6.37,0,0
20110411,6.13,6.13,6.13,6.13,0,0
20110412,6.13,6.37,6.13,6.13,0,0
20110413,6.13,6.86,6.13,6.86,0,0
20110414,6.62,7.11,6.62,6.86,0,0
20110415,6.62,7.11,6.62,7.11,0,0
20110418,7.11,7.11,6.86,6.86,0,0
20110419,6.86,6.86,6.86,6.86,0,0
20110420,6.86,7.11,6.86,6.86,0,0
20110421,7.11,7.35,7.11,7.35,0,0
20110426,7.11,7.11,6.86,7.11,0,0
20110427,7.11,7.11,5.88,6.13,0,0
20110428,5.88,6.13,5.88,6.13,0,0
20110429,6.13,6.37,6.13,6.37,0,0
20110502,6.37,6.37,6.13,6.13,0,0
20110504,6.37,6.37,5.88,6.13,0,0
20110505,6.13,6.13,6.13,6.13,0,0
20110506,6.13,6.13,6.13,6.13,0,0
20110509,6.13,6.13,5.39,5.64,0,0
20110510,5.88,5.88,5.88,5.88,0,0
20110511,6.13,6.13,6.13,6.13,0,0
20110512,6.13,6.13,5.88,5.88,0,0
20110513,5.88,6.13,5.88,6.13,0,0
20110516,6.13,6.13,5.88,5.88,0,0
20110517,5.88,5.88,5.39,5.64,0,0
20110518,5.64,5.64,5.64,5.64,0,0
20110519,5.64,5.88,5.64,5.64,0,0
20110520,5.64,5.88,5.39,5.39,0,0
20110523,5.39,5.39,5.39,5.39,0,0
20110524,5.39,5.39,5.39,5.39,0,0
20110525,5.39,6.13,5.39,6.13,0,0
20110526,6.13,6.13,5.88,6.13,0,0
20110527,6.13,6.37,5.64,5.88,0,0
20110530,5.88,6.13,5.88,6.13,0,0
20110531,6.13,6.37,6.13,6.13,0,0
20110601,6.13,6.13,5.88,5.88,0,0
20110602,5.88,6.13,5.88,6.13,0,0
20110603,6.13,6.13,5.64,5.64,0,0
20110606,5.64,5.64,5.64,5.64,0,0
20110607,5.64,5.88,5.64,5.88,0,0
20110608,5.88,6.13,5.39,6.13,0,0
20110609,5.88,5.88,5.88,5.88,0,0
20110610,5.88,6.13,5.88,6.13,0,0
20110613,6.13,6.13,5.64,6.13,0,0
20110614,6.13,6.13,5.88,5.88,0,0
20110615,5.88,5.88,5.88,5.88,0,0
20110616,5.88,5.88,5.39,5.88,0,0
20110617,5.88,5.88,5.64,5.88,0,0
20110620,5.88,5.88,5.39,5.39,0,0
20110621,5.39,5.88,5.39,5.88,0,0
20110622,5.88,5.88,5.39,5.64,0,0
20110624,5.39,5.64,5.39,5.64,0,0
20110627,5.64,5.64,5.64,5.64,0,0
20110628,5.64,5.64,5.15,5.15,0,0
20110629,5.15,5.39,5.15,5.39,0,0
20110630,5.39,5.39,5.39,5.39,0,0
20110701,5.39,5.39,5.15,5.15,0,0
20110704,5.15,5.15,4.9,4.9,0,0
20110705,4.9,5.15,4.9,5.15,0,0
20110706,5.15,5.15,4.9,5.15,0,0
20110707,5.15,5.15,4.9,5.15,0,0
20110708,5.15,5.15,5.15,5.15,0,0
20110711,5.15,5.15,4.9,5.15,0,0
20110712,5.15,5.15,4.9,5.15,0,0
20110713,5.15,5.15,5.15,5.15,0,0
20110714,5.15,5.15,4.9,5.15,0,0
20110715,5.15,5.15,4.66,5.15,0,0
20110718,5.15,5.15,5.15,5.15,0,0
20110719,4.9,5.15,4.9,5.15,0,0
20110720,5.15,5.15,4.66,4.66,0,0
20110721,4.9,5.15,4.9,5.15,0,0
20110722,5.15,5.15,4.9,5.15,0,0
20110725,5.15,5.15,4.66,5.15,0,0
20110726,5.15,5.15,4.9,4.9,0,0
20110727,4.9,5.15,4.9,5.15,0,0
20110728,5.15,5.15,5.15,5.15,0,0
20110729,5.15,5.15,4.66,5.15,0,0
20110801,5.15,5.15,5.15,5.15,0,0
20110802,5.15,5.15,4.66,4.9,0,0
20110803,4.66,4.9,4.66,4.9,0,0
20110804,4.9,4.9,4.41,4.9,0,0
20110805,4.66,4.66,3.68,3.92,0,0
20110808,3.92,3.92,3.92,3.92,0,0
20110809,3.68,3.68,3.19,3.19,0,0
20110810,3.43,3.92,3.43,3.43,0,0
20110811,3.43,3.68,3.43,3.68,0,0
20110812,3.68,4.17,3.68,4.17,0,0
20110816,4.17,4.17,3.92,4.17,0,0
20110818,4.17,4.17,3.43,3.43,0,0
20110819,3.68,3.68,3.68,3.68,0,0
20110822,3.68,3.68,3.68,3.68,0,0
20110823,3.68,4.41,3.68,3.92,0,0
20110824,4.17,4.17,4.17,4.17,0,0
20110825,3.92,3.92,3.92,3.92,0,0
20110826,3.92,3.92,3.68,3.68,0,0
20110829,3.68,4.17,3.68,3.92,0,0
20110830,3.92,3.92,3.68,3.68,0,0
20110831,3.92,3.92,3.68,3.68,0,0
20110901,3.92,3.92,3.92,3.92,0,0
20110902,3.92,3.92,3.68,3.68,0,0
20110905,3.68,3.68,3.68,3.68,0,0
20110906,3.68,3.92,3.68,3.92,0,0
20110907,3.92,3.92,3.92,3.92,0,0
20110908,3.92,3.92,3.92,3.92,0,0
20110909,3.92,3.92,3.92,3.92,0,0
20110912,3.92,3.92,3.92,3.92,0,0
20110913,3.92,3.92,3.92,3.92,0,0
20110914,3.92,3.92,3.92,3.92,0,0
20110915,3.92,3.92,3.92,3.92,0,0
20110916,3.92,3.92,3.92,3.92,0,0
20110919,3.92,3.92,3.92,3.92,0,0
20110920,3.92,4.17,3.68,3.92,0,0
20110921,3.92,3.92,3.92,3.92,0,0
20110922,3.92,3.92,3.43,3.43,0,0
20110923,3.68,3.68,3.68,3.68,0,0
20110926,3.68,3.68,3.43,3.43,0,0
20110927,3.43,3.68,3.43,3.68,0,0
20110928,3.43,3.92,3.43,3.92,0,0
20110929,3.92,3.92,3.92,3.92,0,0
20110930,3.92,3.92,3.92,3.92,0,0
20111003,3.92,3.92,3.92,3.92,0,0
20111004,3.92,3.92,3.68,3.92,0,0
20111005,3.92,3.92,3.92,3.92,0,0
20111006,3.92,4.17,3.92,4.17,0,0
20111007,4.41,4.41,3.92,4.41,0,0
20111010,4.41,4.41,3.92,3.92,0,0
20111011,3.68,3.92,3.43,3.92,0,0
20111012,3.68,3.92,3.68,3.92,0,0
20111013,3.68,3.68,3.43,3.43,0,0
20111014,3.43,3.43,3.43,3.43,0,0
20111017,3.43,3.43,3.19,3.19,0,0
20111018,3.19,3.19,3.19,3.19,0,0
20111019,3.19,3.43,3.19,3.19,0,0
20111020,3.19,3.19,3.19,3.19,0,0
20111021,3.19,3.19,3.19,3.19,0,0
20111024,3.19,3.19,3.19,3.19,0,0
20111025,3.19,3.19,3.19,3.19,0,0
20111026,3.19,3.19,3.19,3.19,0,0
20111027,3.19,3.43,3.19,3.43,0,0
20111028,3.43,3.43,3.43,3.43,0,0
20111031,3.43,3.43,2.94,2.94,0,0
20111102,2.94,3.19,2.94,3.19,0,0
20111103,3.19,3.19,3.19,3.19,0,0
20111104,3.19,3.19,3.19,3.19,0,0
20111107,3.19,3.19,2.94,2.94,0,0
20111108,2.94,3.43,2.94,3.43,0,0
20111109,3.43,3.43,3.43,3.43,0,0
20111110,3.43,3.43,3.43,3.43,0,0
20111114,3.43,3.43,3.19,3.43,0,0
20111115,2.94,3.19,2.94,3.19,0,0
20111116,2.94,3.19,2.94,3.19,0,0
20111117,3.19,3.19,3.19,3.19,0,0
20111118,2.94,2.94,2.45,2.94,0,0
20111121,2.94,2.94,2.94,2.94,0,0
20111122,2.94,2.94,2.94,2.94,0,0
20111123,2.94,2.94,2.94,2.94,0,0
20111124,2.94,2.94,2.45,2.45,0,0
20111125,2.45,2.45,2.45,2.45,0,0
20111128,2.45,2.45,2.45,2.45,0,0
20111129,2.45,2.45,2.45,2.45,0,0
20111130,2.45,2.45,2.45,2.45,0,0
20111201,2.45,2.45,2.45,2.45,0,0
20111202,2.45,2.45,2.21,2.21,0,0
20111206,2.45,2.45,2.45,2.45,0,0
20111207,2.45,2.45,2.21,2.45,0,0
20111208,2.45,2.45,2.45,2.45,0,0
20111209,2.45,2.45,2.45,2.45,0,0
20111212,2.45,2.45,2.21,2.21,0,0
20111213,2.21,2.45,2.21,2.45,0,0
20111214,2.45,2.45,2.45,2.45,0,0
20111215,2.45,2.45,2.45,2.45,0,0
20111216,2.45,2.45,2.45,2.45,0,0
20111219,2.45,2.45,2.21,2.21,0,0
20111220,2.21,2.21,2.21,2.21,0,0
20111221,2.21,2.21,2.21,2.21,0,0
20111222,2.21,2.21,2.21,2.21,0,0
20111223,2.21,2.21,2.21,2.21,0,0
20111227,2.21,2.21,1.96,1.96,0,0
20111228,2.21,2.21,2.21,2.21,0,0
20111229,2.21,2.21,2.21,2.21,0,0
20111230,2.21,2.21,2.21,2.21,0,0
20120102,2.21,2.21,2.21,2.21,0,0
20120103,2.21,2.21,2.21,2.21,0,0
20120110,2.21,2.21,2.21,2.21,0,0
20120111,2.21,2.21,2.21,2.21,0,0
20120112,2.21,2.21,2.21,2.21,0,0
20120117,2.21,2.21,2.21,2.21,0,0
20120118,2.21,2.21,2.21,2.21,0,0
20120119,2.21,2.21,2.21,2.21,0,0
20120120,2.21,2.45,2.21,2.45,0,0
20120123,2.45,2.45,2.45,2.45,0,0
20120124,2.45,2.7,2.45,2.7,0,0
20120125,2.7,2.7,2.7,2.7,0,0
20120126,2.7,2.7,2.7,2.7,0,0
20120127,2.7,2.7,2.7,2.7,0,0
20120130,2.7,2.7,2.7,2.7,0,0
20120131,2.7,2.7,2.45,2.45,0,0
20120201,2.45,2.7,2.45,2.7,0,0
20120202,2.7,2.7,2.7,2.7,0,0
20120203,2.7,2.7,2.45,2.45,0,0
20120206,2.45,3.19,2.45,3.19,0,0
20120207,3.19,3.68,2.94,3.19,0,0
20120208,2.94,3.43,2.7,3.43,0,0
20120209,3.43,3.68,3.43,3.68,0,0
20120210,3.68,3.68,2.94,2.94,0,0
20120213,2.7,2.7,2.7,2.7,0,0
20120214,2.7,2.7,2.7,2.7,0,0
20120215,2.7,2.7,2.45,2.7,0,0
20120216,2.7,2.7,2.7,2.7,0,0
20120217,2.7,2.7,2.45,2.7,0,0
20120220,2.7,2.7,2.7,2.7,0,0
20120221,2.7,2.94,2.7,2.94,0,0
20120222,2.7,2.7,2.7,2.7,0,0
20120227,2.7,2.7,2.7,2.7,0,0
20120228,2.7,2.7,2.45,2.45,0,0
20120229,2.45,2.7,2.45,2.7,0,0
20120301,2.7,2.7,2.7,2.7,0,0
20120302,2.7,2.7,2.7,2.7,0,0
20120305,2.7,2.7,2.45,2.45,0,0
20120306,2.45,2.45,2.45,2.45,0,0
20120307,2.45,2.45,2.45,2.45,0,0
20120308,2.45,2.45,2.45,2.45,0,0
20120309,2.45,2.7,2.45,2.7,0,0
20120312,2.7,2.7,2.7,2.7,0,0
20120313,2.7,2.7,2.7,2.7,0,0
20120314,2.7,2.7,2.7,2.7,0,0
20120315,2.7,2.7,2.7,2.7,0,0
20120316,2.7,2.7,2.7,2.7,0,0
20120319,2.7,2.7,2.7,2.7,0,0
20120320,2.7,2.7,2.7,2.7,0,0
20120321,2.7,2.7,2.7,2.7,0,0
20120322,2.7,2.7,2.7,2.7,0,0
20120323,2.7,2.7,2.45,2.45,0,0
20120330,2.21,2.45,2.21,2.45,0,0
20120402,2.45,2.45,2.45,2.45,0,0
20120403,2.45,2.45,2.45,2.45,0,0
20120404,2.45,2.45,2.45,2.45,0,0
20120405,2.21,2.21,2.21,2.21,0,0
20120410,2.21,2.21,2.21,2.21,0,0
20120411,2.21,2.21,1.96,1.96,0,0
20120412,1.96,1.96,1.96,1.96,0,0
20120413,1.96,2.21,1.96,2.21,0,0
20120416,2.21,2.21,2.21,2.21,0,0
20120417,2.21,2.21,2.21,2.21,0,0
20120418,2.21,2.21,2.21,2.21,0,0
20120419,2.21,2.21,2.21,2.21,0,0
20120420,2.21,2.45,2.21,2.45,0,0
20120423,2.45,2.45,2.45,2.45,0,0
20120424,2.45,2.45,2.45,2.45,0,0
20120425,2.45,2.45,2.21,2.21,0,0
20120426,2.21,2.21,2.21,2.21,0,0
20120427,2.21,2.21,2.21,2.21,0,0
20120430,2.21,2.21,2.21,2.21,0,0
20120502,2.21,2.21,2.21,2.21,0,0
20120504,2.21,2.21,2.21,2.21,0,0
20120507,2.21,2.21,2.21,2.21,0,0
20120508,2.21,2.21,2.21,2.21,0,0
20120509,2.21,2.21,2.21,2.21,0,0
20120510,2.21,2.21,2.21,2.21,0,0
20120511,2.21,2.21,2.21,2.21,0,0
20120514,2.21,2.21,1.96,1.96,0,0
20120515,1.96,1.96,1.96,1.96,0,0
20120516,1.96,2.21,1.96,2.21,0,0
20120517,1.96,2.21,1.96,2.21,0,0
20120518,2.21,2.21,1.96,1.96,0,0
20120521,1.96,1.96,1.96,1.96,0,0
20120522,1.96,2.21,1.96,2.21,0,0
20120523,2.21,2.21,2.21,2.21,0,0
20120524,2.21,2.21,2.21,2.21,0,0
20120525,2.21,2.21,2.21,2.21,0,0
20120528,2.21,2.21,2.21,2.21,0,0
20120529,2.21,2.21,2.21,2.21,0,0
20120530,2.21,2.21,2.21,2.21,0,0
20120531,2.21,2.21,2.21,2.21,0,0
20120601,2.21,2.21,1.96,2.21,0,0
20120604,2.21,2.21,1.96,1.96,0,0
20120605,1.96,1.96,1.96,1.96,0,0
20120606,1.72,1.72,1.72,1.72,0,0
20120608,1.72,1.96,1.72,1.96,0,0
20120611,1.96,2.21,1.96,2.21,0,0
20120612,1.96,1.96,1.96,1.96,0,0
20120613,1.96,1.96,1.96,1.96,0,0
20120614,1.96,1.96,1.96,1.96,0,0
20120615,1.96,1.96,1.96,1.96,0,0
20120619,1.96,2.21,1.96,2.21,0,0
20120620,2.21,2.21,2.21,2.21,0,0
20120621,2.21,2.21,2.21,2.21,0,0
20120622,2.21,2.21,2.21,2.21,0,0
20120625,2.21,2.21,2.21,2.21,0,0
20120626,2.21,2.21,2.21,2.21,0,0
20120627,2.21,2.21,2.21,2.21,0,0
20120628,2.21,2.21,2.21,2.21,0,0
20120629,1.96,1.96,1.96,1.96,0,0
20120703,2.21,2.21,2.21,2.21,0,0
20120704,2.21,2.21,2.21,2.21,0,0
20120705,2.21,2.21,2.21,2.21,0,0
20120706,2.21,2.21,2.21,2.21,0,0
20120709,2.21,2.21,1.72,1.72,0,0
20120710,1.72,1.72,1.72,1.72,0,0
20120711,1.72,1.72,1.72,1.72,0,0
20120716,1.72,1.72,1.72,1.72,0,0
20120717,1.72,1.72,1.72,1.72,0,0
20120718,1.72,1.72,1.72,1.72,0,0
20120719,1.72,1.72,1.72,1.72,0,0
20120720,1.72,1.72,1.72,1.72,0,0
20120723,1.72,1.72,1.72,1.72,0,0
20120724,1.72,1.72,1.72,1.72,0,0
20120725,1.72,1.72,1.72,1.72,0,0
20120726,1.72,1.72,1.72,1.72,0,0
20120727,1.72,1.72,1.72,1.72,0,0
20120730,1.72,1.72,1.72,1.72,0,0
20120731,1.47,1.47,1.47,1.47,0,0
20120801,1.47,1.47,1.47,1.47,0,0
20120803,1.23,1.47,1.23,1.47,0,0
20120806,1.47,1.47,1.47,1.47,0,0
20120807,1.47,1.47,1.47,1.47,0,0
20120808,1.47,1.47,1.47,1.47,0,0
20120809,1.47,1.47,1.47,1.47,0,0
20120810,1.47,1.47,1.47,1.47,0,0
20120814,1.47,1.47,1.47,1.47,0,0
20120816,1.47,1.47,1.47,1.47,0,0
20120817,1.47,1.47,1.47,1.47,0,0
20120820,1.47,1.47,1.47,1.47,0,0
20120821,1.47,1.47,1.47,1.47,0,0
20120822,1.47,1.47,1.47,1.47,0,0
20120823,1.47,1.47,1.47,1.47,0,0
20120824,1.47,1.47,1.47,1.47,0,0
20120827,1.47,1.47,1.47,1.47,0,0
20120828,1.47,1.47,1.47,1.47,0,0
20120829,1.47,1.47,1.47,1.47,0,0
20120830,1.47,1.47,1.47,1.47,0,0
20120831,1.47,1.47,1.47,1.47,0,0
20120910,1.47,1.47,1.47,1.47,0,0
20120911,1.47,1.47,1.47,1.47,0,0
20120912,1.47,1.47,1.47,1.47,0,0
20120913,1.47,1.47,1.47,1.47,0,0
20120914,1.47,1.47,1.47,1.47,0,0
20120919,1.47,1.47,1.47,1.47,0,0
20120920,1.47,1.72,1.47,1.72,0,0
20120921,1.72,1.72,1.72,1.72,0,0
20120924,1.72,1.72,1.72,1.72,0,0
20120925,1.72,1.72,1.72,1.72,0,0
20120926,1.96,1.96,1.96,1.96,0,0
20120927,1.96,1.96,1.96,1.96,0,0
20120928,1.96,1.96,1.96,1.96,0,0
20121001,1.96,1.96,1.96,1.96,0,0
20121004,1.96,1.96,1.96,1.96,0,0
20121005,1.96,1.96,1.96,1.96,0,0
20121011,1.96,1.96,1.96,1.96,0,0
20121012,1.96,1.96,1.96,1.96,0,0
20121015,1.96,1.96,1.96,1.96,0,0
20121018,1.72,1.72,1.72,1.72,0,0
20121019,1.72,1.72,1.72,1.72,0,0
20121022,1.72,1.72,1.72,1.72,0,0
20121023,1.72,1.72,1.72,1.72,0,0
20121024,1.72,1.72,1.72,1.72,0,0
20121025,1.72,1.72,1.72,1.72,0,0
20121026,1.72,1.72,1.72,1.72,0,0
20121029,1.72,1.72,1.72,1.72,0,0
20121030,1.72,1.72,1.72,1.72,0,0
20121031,1.72,1.72,1.72,1.72,0,0
20121102,1.72,1.96,1.72,1.96,0,0
20121105,1.96,1.96,1.96,1.96,0,0
20121106,1.96,1.96,1.96,1.96,0,0
20121107,1.96,1.96,1.96,1.96,0,0
20121108,1.96,1.96,1.96,1.96,0,0
20121109,1.96,1.96,1.96,1.96,0,0
20121112,1.96,1.96,1.96,1.96,0,0
20121113,1.96,1.96,1.96,1.96,0,0
20121114,2.21,2.21,2.21,2.21,0,0
20121115,2.21,2.21,2.21,2.21,0,0
20121116,2.21,2.21,2.21,2.21,0,0
20121119,2.21,2.21,2.21,2.21,0,0
20121120,2.21,2.21,1.96,1.96,0,0
20121121,1.96,1.96,1.96,1.96,0,0
20121122,1.96,1.96,1.96,1.96,0,0
20121130,1.96,1.96,1.96,1.96,0,0
20121203,1.96,1.96,1.96,1.96,0,0
20121204,1.96,1.96,1.96,1.96,0,0
20121205,1.72,1.96,1.72,1.96,0,0
20121210,1.72,1.72,1.72,1.72,0,0
20121212,1.47,1.47,1.47,1.47,0,0
20121213,1.47,1.47,1.47,1.47,0,0
20121214,1.47,1.47,1.47,1.47,0,0
20121217,1.47,1.47,1.47,1.47,0,0
20121218,1.47,1.47,1.47,1.47,0,0
20121219,1.23,1.23,1.23,1.23,0,0
20121220,1.47,1.47,1.47,1.47,0,0
20121228,1.47,1.47,1.47,1.47,0,0
20130103,1.23,1.23,1.23,1.23,0,0
20130104,1.23,1.23,1.23,1.23,0,0
20130107,1.23,1.23,1.23,1.23,0,0
20130108,1.23,1.23,1.23,1.23,0,0
20130109,1.23,1.23,1.23,1.23,0,0
20130110,1.47,1.47,1.47,1.47,0,0
20130111,1.47,1.47,1.47,1.47,0,0
20130114,1.47,1.47,1.47,1.47,0,0
20130115,1.47,1.47,1.47,1.47,0,0
20130117,1.47,1.47,1.47,1.47,0,0
20130118,1.47,1.47,1.47,1.47,0,0
20130121,1.47,1.47,1.47,1.47,0,0
20130122,1.47,1.47,1.47,1.47,0,0
20130123,1.47,1.47,1.47,1.47,0,0
20130124,1.47,1.47,1.47,1.47,0,0
20130125,1.47,1.47,1.47,1.47,0,0
20130128,1.47,1.47,1.47,1.47,0,0
20130129,1.72,1.72,1.72,1.72,0,0
20130131,1.72,1.72,1.72,1.72,0,0
20130201,1.72,1.72,1.72,1.72,0,0
20130204,1.72,1.72,1.72,1.72,0,0
20130205,1.72,1.72,1.72,1.72,0,0
20130208,1.72,1.72,1.72,1.72,0,0
20130211,1.72,1.72,1.72,1.72,0,0
20130212,1.72,1.72,1.72,1.72,0,0
20130213,1.72,1.72,1.72,1.72,0,0
20130215,1.72,1.72,1.72,1.72,0,0
20130218,1.72,1.72,1.72,1.72,0,0
20130219,1.72,1.72,1.72,1.72,0,0
20130220,1.72,1.72,1.72,1.72,0,0
20130222,1.47,1.47,1.47,1.47,0,0
20130225,1.47,1.47,1.47,1.47,0,0
20130226,1.47,1.72,1.47,1.72,0,0
20130227,1.47,1.47,1.47,1.47,0,0
20130228,1.47,1.47,1.47,1.47,0,0
20130301,1.47,1.47,1.47,1.47,0,0
20130304,1.47,1.47,1.47,1.47,0,0
20130305,1.47,1.47,1.47,1.47,0,0
20130306,1.47,1.47,1.47,1.47,0,0
20130307,1.47,1.72,1.47,1.72,0,0
20130308,1.72,1.96,1.72,1.96,0,0
20130311,1.72,1.72,1.72,1.72,0,0
20130312,1.72,1.72,1.72,1.72,0,0
20130313,1.72,1.72,1.72,1.72,0,0
20130314,1.72,1.72,1.72,1.72,0,0
20130315,1.72,1.72,1.72,1.72,0,0
20130318,1.72,1.72,1.72,1.72,0,0
20130319,1.72,1.72,1.72,1.72,0,0
20130320,1.72,1.72,1.72,1.72,0,0
20130321,1.72,1.72,1.72,1.72,0,0
20130322,1.72,1.72,1.72,1.72,0,0
20130325,1.72,1.72,1.72,1.72,0,0
20130326,1.72,1.72,1.72,1.72,0,0
20130327,1.72,1.72,1.72,1.72,0,0
20130328,1.72,1.72,1.72,1.72,0,0
20130402,1.72,1.72,1.72,1.72,0,0
20130403,1.72,1.72,1.72,1.72,0,0
20130404,1.72,1.72,1.72,1.72,0,0
20130405,1.72,1.72,1.72,1.72,0,0
20130408,1.72,1.72,1.72,1.72,0,0
20130409,1.72,1.72,1.72,1.72,0,0
20130410,1.72,1.72,1.72,1.72,0,0
20130411,1.72,1.72,1.72,1.72,0,0
20130412,1.72,1.72,1.72,1.72,0,0
20130418,1.96,1.96,1.96,1.96,0,0
20130419,1.96,1.96,1.96,1.96,0,0
20130422,1.96,1.96,1.96,1.96,0,0
20130423,1.96,1.96,1.96,1.96,0,0
20130424,1.96,1.96,1.96,1.96,0,0
20130425,1.72,1.72,1.72,1.72,0,0
20130507,1.47,1.47,1.47,1.47,0,0
20130508,1.47,1.47,1.47,1.47,0,0
20130509,1.47,1.47,1.47,1.47,0,0
20130510,1.47,1.47,1.47,1.47,0,0
20130513,1.47,1.47,1.47,1.47,0,0
20130514,1.47,1.47,1.47,1.47,0,0
20130515,1.47,1.47,1.47,1.47,0,0
20130516,1.47,1.47,1.47,1.47,0,0
20130527,1.47,1.47,1.47,1.47,0,0
20130528,1.47,1.47,1.47,1.47,0,0
20130529,1.47,1.47,1.47,1.47,0,0
20130531,1.47,1.47,1.47,1.47,0,0
20130603,1.47,1.47,1.47,1.47,0,0
20130610,1.47,1.47,1.47,1.47,0,0
20130611,1.47,1.47,1.47,1.47,0,0
20130612,1.47,1.47,1.47,1.47,0,0
20130613,1.47,1.47,1.47,1.47,0,0
20130627,1.72,1.72,1.72,1.72,0,0
20130703,1.47,1.47,1.47,1.47,0,0
20130705,1.23,1.23,1.23,1.23,0,0
20130708,1.23,1.23,1.23,1.23,0,0
20130709,1.23,1.23,1.23,1.23,0,0
20130710,1.23,1.23,1.23,1.23,0,0
20130712,1.23,1.23,0.98,0.98,0,0
20130715,0.98,0.98,0.98,0.98,0,0
20130718,0.98,0.98,0.98,0.98,0,0
20130719,1.23,1.23,1.23,1.23,0,0
20130722,1.23,1.23,1.23,1.23,0,0
20130723,1.23,1.23,1.23,1.23,0,0
20130724,1.23,1.23,1.23,1.23,0,0
20130725,1.23,1.23,1.23,1.23,0,0
20130726,1.23,1.23,1.23,1.23,0,0
20130729,1.23,1.23,1.23,1.23,0,0
20130730,1.23,1.23,1.23,1.23,0,0
20130731,1.23,1.23,1.23,1.23,0,0
20130801,1.23,1.23,1.23,1.23,0,0
20130802,1.23,1.23,1.23,1.23,0,0
20130805,1.23,1.23,1.23,1.23,0,0
20130806,1.23,1.23,0.98,0.98,0,0
20130807,0.98,0.98,0.74,0.74,0,0
20130808,0.74,0.74,0.74,0.74,0,0
20130809,0.74,0.74,0.74,0.74,0,0
20130812,0.74,0.74,0.74,0.74,0,0
20130813,0.74,0.74,0.74,0.74,0,0
20130814,0.74,0.74,0.74,0.74,0,0
20130816,0.74,0.74,0.74,0.74,0,0
20130819,0.74,0.74,0.74,0.74,0,0
20130826,0.74,0.74,0.74,0.74,0,0
20130827,0.74,0.74,0.74,0.74,0,0
20130828,0.74,0.74,0.74,0.74,0,0
20130829,0.74,0.74,0.74,0.74,0,0
20130830,0.74,0.74,0.74,0.74,0,0
20130902,0.74,0.74,0.74,0.74,0,0
20130903,0.74,0.74,0.74,0.74,0,0
20130904,0.74,0.74,0.74,0.74,0,0
20130905,0.74,0.74,0.74,0.74,0,0
20130906,0.74,0.74,0.74,0.74,0,0
20130909,0.74,0.74,0.74,0.74,0,0
20130910,0.74,0.74,0.74,0.74,0,0
20130911,0.74,0.74,0.74,0.74,0,0
20130912,0.74,0.74,0.74,0.74,0,0
20130913,0.74,0.74,0.74,0.74,0,0
20130916,0.74,0.74,0.74,0.74,0,0
20130917,0.74,0.74,0.74,0.74,0,0
20130918,0.74,0.74,0.74,0.74,0,0
20130919,0.74,0.74,0.74,0.74,0,0
20130920,0.74,0.74,0.74,0.74,0,0
20130923,0.74,0.74,0.74,0.74,0,0
20130924,0.74,0.74,0.74,0.74,0,0
20130925,0.74,0.74,0.74,0.74,0,0
20130926,0.74,0.74,0.74,0.74,0,0
20130927,0.74,0.74,0.74,0.74,0,0
20130930,0.74,0.74,0.74,0.74,0,0
20131001,0.74,0.74,0.74,0.74,0,0
20131002,0.74,0.74,0.74,0.74,0,0
20131003,0.74,0.74,0.74,0.74,0,0
20131004,0.74,0.74,0.74,0.74,0,0
20131007,0.74,0.74,0.74,0.74,0,0
20131008,0.74,0.74,0.74,0.74,0,0
20131009,0.74,0.74,0.74,0.74,0,0
20131010,0.74,0.74,0.74,0.74,0,0
20131011,0.74,0.74,0.74,0.74,0,0
20131014,0.74,0.74,0.74,0.74,0,0
20131015,0.74,0.74,0.74,0.74,0,0
20131016,0.74,0.74,0.74,0.74,0,0
20131017,0.74,0.74,0.74,0.74,0,0
20131018,0.74,0.74,0.74,0.74,0,0
20131021,0.74,0.74,0.74,0.74,0,0
20131022,0.74,0.74,0.74,0.74,0,0
20131023,0.74,0.74,0.74,0.74,0,0
20131024,0.74,0.74,0.74,0.74,0,0
20131025,0.74,0.74,0.74,0.74,0,0
20131028,0.74,0.74,0.49,0.49,0,0
20131029,0.49,0.49,0.49,0.49,0,0
20131030,0.49,0.49,0.49,0.49,0,0
20131031,0.49,0.49,0.49,0.49,0,0
20131104,0.49,0.49,0.49,0.49,0,0
20131105,0.49,0.49,0.49,0.49,0,0
20131106,0.49,0.49,0.49,0.49,0,0
20131107,0.49,0.74,0.49,0.74,0,0
20131108,0.74,0.98,0.74,0.98,0,0
20131112,0.98,0.98,0.98,0.98,0,0
20131113,0.98,0.98,0.98,0.98,0,0
20131121,0.98,0.98,0.98,0.98,0,0
20131122,0.98,1.23,0.98,1.23,0,0
20131125,1.23,1.23,1.23,1.23,0,0
20131126,1.23,1.23,1.23,1.23,0,0
20131127,1.23,1.23,1.23,1.23,0,0
20131128,1.23,1.23,1.23,1.23,0,0
20131129,1.23,1.23,1.23,1.23,0,0
20131202,1.23,1.23,1.23,1.23,0,0
20131203,1.23,1.23,1.23,1.23,0,0
20131204,1.23,1.23,1.23,1.23,0,0
20131205,1.23,1.23,1.23,1.23,0,0
20131206,1.23,1.23,1.23,1.23,0,0
20131209,1.23,1.23,1.23,1.23,0,0
20131210,1.23,1.23,1.23,1.23,0,0
20131211,1.23,1.23,1.23,1.23,0,0
20131212,1.23,1.23,0.74,0.74,0,0
20131213,0.74,0.74,0.74,0.74,0,0
20131216,0.74,0.74,0.74,0.74,0,0
20131217,0.74,0.74,0.74,0.74,0,0
20131218,0.74,0.74,0.74,0.74,0,0
20131219,0.74,0.74,0.74,0.74,0,0
20131220,0.74,0.74,0.49,0.49,0,0
20131223,0.74,0.74,0.74,0.74,0,0
20131227,0.74,0.74,0.74,0.74,0,0
20140102,0.74,0.74,0.74,0.74,0,0
20140103,0.98,0.98,0.74,0.74,0,0
20140107,0.74,0.74,0.74,0.74,0,0
20140108,0.74,0.74,0.74,0.74,0,0
20140109,0.74,0.74,0.74,0.74,0,0
20140110,0.74,0.74,0.74,0.74,0,0
20140113,0.74,0.74,0.74,0.74,0,0
20140114,0.74,0.98,0.74,0.98,0,0
20140115,0.98,1.23,0.98,1.23,0,0
20140116,1.23,1.23,1.23,1.23,0,0
20140117,1.23,1.23,1.23,1.23,0,0
20140120,1.23,1.23,1.23,1.23,0,0
20140121,1.23,1.23,1.23,1.23,0,0
20140122,1.23,1.23,1.23,1.23,0,0
20140123,1.47,1.47,1.47,1.47,0,0
20140124,1.47,1.47,1.47,1.47,0,0
20140127,1.47,1.47,1.47,1.47,0,0
20140128,1.47,1.47,1.47,1.47,0,0
20140129,1.47,1.72,1.47,1.72,0,0
20140130,1.72,1.72,1.72,1.72,0,0
20140131,1.72,1.72,1.72,1.72,0,0
20140203,1.72,1.72,1.72,1.72,0,0
20140204,1.72,1.72,1.72,1.72,0,0
20140205,1.72,1.72,1.72,1.72,0,0
20140206,1.72,1.72,1.72,1.72,0,0
20140207,1.72,1.72,1.72,1.72,0,0
20140210,1.72,1.72,1.72,1.72,0,0
20140211,1.72,1.72,1.72,1.72,0,0
20140212,1.72,1.72,1.72,1.72,0,0
20140213,1.72,1.72,1.72,1.72,0,0
20140214,1.72,1.72,1.72,1.72,0,0
20140217,1.72,1.72,1.72,1.72,0,0
20140218,1.72,1.72,1.72,1.72,0,0
20140219,1.72,1.72,1.72,1.72,0,0
20140220,1.72,1.72,1.72,1.72,0,0
20140221,1.72,1.72,1.72,1.72,0,0
20140225,1.23,1.23,1.23,1.23,0,0
20140303,1.23,1.23,1.23,1.23,0,0
20140318,1.23,1.23,1.23,1.23,0,0
20140319,1.23,1.23,1.23,1.23,0,0
20140320,1.23,1.23,1.23,1.23,0,0
20140321,1.23,1.23,1.23,1.23,0,0
20140324,1.23,1.23,1.23,1.23,0,0
20140325,1.23,1.23,1.23,1.23,0,0
20140326,1.23,1.23,0.98,0.98,0,0
20140327,0.98,0.98,0.98,0.98,0,0
20140328,0.98,0.98,0.98,0.98,0,0
20140331,0.98,0.98,0.98,0.98,0,0
20140401,0.98,0.98,0.98,0.98,0,0
20140402,0.98,0.98,0.98,0.98,0,0
20140403,0.98,0.98,0.98,0.98,0,0
20140404,0.98,0.98,0.98,0.98,0,0
20140407,0.98,0.98,0.98,0.98,0,0
20140408,0.98,0.98,0.98,0.98,0,0
20140409,0.98,0.98,0.98,0.98,0,0
20140410,0.98,0.98,0.98,0.98,0,0
20140411,0.98,0.98,0.98,0.98,0,0
20140414,0.98,0.98,0.98,0.98,0,0
20140415,0.98,0.98,0.74,0.74,0,0
20140416,0.74,0.74,0.74,0.74,0,0
20140417,0.74,0.74,0.74,0.74,0,0
20140422,0.74,0.98,0.74,0.98,0,0
20140423,0.98,0.98,0.98,0.98,0,0
20140424,0.98,0.98,0.98,0.98,0,0
20140425,0.98,0.98,0.98,0.98,0,0
20140428,0.98,0.98,0.98,0.98,0,0
20140429,0.98,0.98,0.98,0.98,0,0
20140430,0.98,0.98,0.98,0.98,0,0
20140502,0.98,1.23,0.98,1.23,0,0
20140505,1.23,1.23,1.23,1.23,0,0
20140506,1.23,1.23,1.23,1.23,0,0
20140507,0.98,0.98,0.98,0.98,0,0
20140508,0.98,0.98,0.98,0.98,0,0
20140512,0.98,0.98,0.98,0.98,0,0
20140513,0.98,0.98,0.98,0.98,0,0
20140527,0.98,0.98,0.98,0.98,0,0
20140528,0.98,0.98,0.98,0.98,0,0
20140529,0.98,0.98,0.98,0.98,0,0
20140530,0.98,0.98,0.98,0.98,0,0
20140602,0.98,0.98,0.98,0.98,0,0
20140603,0.98,0.98,0.98,0.98,0,0
20140604,0.98,0.98,0.98,0.98,0,0
20140605,0.98,0.98,0.98,0.98,0,0
20140606,0.98,0.98,0.98,0.98,0,0
20140609,0.98,0.98,0.98,0.98,0,0
20140610,0.98,0.98,0.98,0.98,0,0
20140611,0.98,0.98,0.98,0.98,0,0
20140612,0.98,0.98,0.98,0.98,0,0
20140613,0.98,0.98,0.98,0.98,0,0
20140617,0.98,0.98,0.74,0.74,0,0
20140618,0.74,0.74,0.74,0.74,0,0
20140620,0.74,0.74,0.74,0.74,0,0
20140624,0.74,0.74,0.74,0.74,0,0
20140625,0.74,0.74,0.74,0.74,0,0
20140626,0.74,0.74,0.74,0.74,0,0
20140627,0.74,0.74,0.74,0.74,0,0
20140630,0.74,0.74,0.74,0.74,0,0
20140701,0.74,0.74,0.74,0.74,0,0
20140702,0.74,0.74,0.74,0.74,0,0
20140703,0.74,0.74,0.74,0.74,0,0
20140704,0.74,0.74,0.74,0.74,0,0
20140707,0.74,0.74,0.74,0.74,0,0
20140708,0.74,0.74,0.74,0.74,0,0
20140709,0.74,0.74,0.74,0.74,0,0
20140710,0.74,0.74,0.74,0.74,0,0
20140711,0.74,0.74,0.74,0.74,0,0
20140714,0.74,0.74,0.74,0.74,0,0
20140715,0.74,0.74,0.74,0.74,0,0
20140716,0.74,0.74,0.74,0.74,0,0
20140717,0.74,0.74,0.74,0.74,0,0
20140718,0.74,0.74,0.74,0.74,0,0
20140721,0.74,0.74,0.74,0.74,0,0
20140722,0.74,0.74,0.74,0.74,0,0
20140723,0.74,0.74,0.74,0.74,0,0
20140724,0.74,0.74,0.74,0.74,0,0
20140725,0.74,0.74,0.74,0.74,0,0
20140728,0.74,0.74,0.74,0.74,0,0
20140729,0.74,0.74,0.74,0.74,0,0
20140730,0.74,0.74,0.74,0.74,0,0
20140731,0.74,0.74,0.74,0.74,0,0
20140801,0.74,0.74,0.74,0.74,0,0
20140804,0.74,0.74,0.74,0.74,0,0
20140805,0.74,0.74,0.74,0.74,0,0
20140806,0.74,0.74,0.74,0.74,0,0
20140807,0.74,0.74,0.74,0.74,0,0
20140808,0.74,0.74,0.74,0.74,0,0
20140811,0.74,0.74,0.74,0.74,0,0
20140812,0.74,0.74,0.74,0.74,0,0
20140813,0.74,0.74,0.74,0.74,0,0
20140814,0.74,0.98,0.74,0.98,0,0
20140818,0.98,0.98,0.98,0.98,0,0
20140819,0.98,0.98,0.98,0.98,0,0
20140820,0.98,0.98,0.98,0.98,0,0
20140821,0.98,0.98,0.98,0.98,0,0
20140822,0.98,0.98,0.98,0.98,0,0
20140825,0.98,0.98,0.98,0.98,0,0
20140826,0.98,0.98,0.98,0.98,0,0
20140827,0.98,0.98,0.98,0.98,0,0
20140828,0.98,0.98,0.98,0.98,0,0
20140829,0.98,0.98,0.98,0.98,0,0
20140901,0.98,0.98,0.98,0.98,0,0
20140902,0.98,0.98,0.98,0.98,0,0
20140903,0.98,0.98,0.98,0.98,0,0
20140904,0.98,0.98,0.98,0.98,0,0
20140905,0.98,0.98,0.98,0.98,0,0
20140908,0.98,0.98,0.98,0.98,0,0
20140909,0.98,0.98,0.98,0.98,0,0
20140910,0.98,0.98,0.98,0.98,0,0
20140911,0.98,0.98,0.98,0.98,0,0
20140912,0.98,0.98,0.98,0.98,0,0
20140915,0.98,0.98,0.98,0.98,0,0
20140916,0.98,0.98,0.98,0.98,0,0
20140917,0.98,0.98,0.98,0.98,0,0
20140918,0.98,0.98,0.98,0.98,0,0
20140919,0.98,0.98,0.98,0.98,0,0
20140922,0.98,0.98,0.98,0.98,0,0
20140923,0.98,0.98,0.98,0.98,0,0
20140924,0.98,0.98,0.98,0.98,0,0
20140925,0.98,0.98,0.98,0.98,0,0
20140926,0.98,0.98,0.98,0.98,0,0
20140929,0.98,0.98,0.74,0.74,0,0
20140930,0.74,0.74,0.74,0.74,0,0
20141001,0.74,0.74,0.74,0.74,0,0
20141002,0.74,0.74,0.74,0.74,0,0
20141003,0.74,0.74,0.74,0.74,0,0
20141006,0.74,0.74,0.74,0.74,0,0
20141007,0.74,0.74,0.74,0.74,0,0
20141008,0.74,0.74,0.74,0.74,0,0
20141009,0.74,0.74,0.74,0.74,0,0
20141010,0.74,0.74,0.74,0.74,0,0
20141013,0.74,0.74,0.74,0.74,0,0
20141014,0.74,0.74,0.74,0.74,0,0
20141015,0.74,0.74,0.74,0.74,0,0
20141016,0.74,0.74,0.74,0.74,0,0
20141017,0.74,0.74,0.74,0.74,0,0
20141020,0.74,0.74,0.74,0.74,0,0
20141103,0.74,0.74,0.74,0.74,0,0
20141104,0.74,0.74,0.74,0.74,0,0
20141105,0.74,0.74,0.74,0.74,0,0
20141106,0.74,0.74,0.74,0.74,0,0
20141107,0.74,0.74,0.74,0.74,0,0
20141110,0.74,0.74,0.74,0.74,0,0
20141112,0.74,0.74,0.74,0.74,0,0
20141113,0.74,0.74,0.74,0.74,0,0
20141114,0.74,0.74,0.74,0.74,0,0
20141117,0.74,0.74,0.74,0.74,0,0
20141118,0.74,0.74,0.74,0.74,0,0
20141119,0.74,0.74,0.74,0.74,0,0
20141120,0.74,0.74,0.74,0.74,0,0
20141121,0.74,0.74,0.74,0.74,0,0
20141124,0.74,0.74,0.74,0.74,0,0
20141125,0.74,0.74,0.74,0.74,0,0
20141126,0.74,0.74,0.74,0.74,0,0
20141127,0.74,0.74,0.74,0.74,0,0
20141128,0.74,0.74,0.74,0.74,0,0
20141201,0.74,0.74,0.74,0.74,0,0
20141202,0.74,0.74,0.74,0.74,0,0
20141203,0.74,0.74,0.74,0.74,0,0
20141204,0.74,0.74,0.74,0.74,0,0
20141205,0.74,0.74,0.74,0.74,0,0
20141208,0.74,0.74,0.74,0.74,0,0
20141209,0.74,0.74,0.74,0.74,0,0
20141210,0.74,0.74,0.74,0.74,0,0
20141211,0.74,0.74,0.74,0.74,0,0
20141212,0.74,0.74,0.74,0.74,0,0
20141215,0.74,0.74,0.74,0.74,0,0
20141216,0.74,0.74,0.74,0.74,0,0
20141217,0.74,0.74,0.74,0.74,0,0
20141218,0.74,0.74,0.74,0.74,0,0
20141219,0.74,0.74,0.74,0.74,0,0
20141222,0.74,0.74,0.74,0.74,0,0
20141223,0.74,0.74,0.49,0.49,0,0
20141229,0.49,0.49,0.49,0.49,0,0
20141230,0.49,0.49,0.49,0.49,0,0
