Date,Open,High,Low,Close,Volume,OpenInt
20080410,190.8,190.8,190.8,190.8,0,0
20080411,178,178,177.3,177.3,0,0
20080414,178,184.7,178,184,0,0
20080415,194.9,194.9,194.2,194.2,0,0
20080416,232.2,247.5,219.5,219.5,0,0
20080417,223.7,223.7,218.6,222.9,0,0
20080418,223.7,223.7,222.9,222.9,0,0
20080421,203.4,203.4,202.6,202.6,0,0
20080422,211.9,211.9,185.7,185.7,0,0
20080423,171.2,171.2,155.9,170.5,0,0
20080424,200,200,199.2,199.2,0,0
20080425,186.4,186.4,185.7,185.7,0,0
20080428,186.4,189.8,161,189.1,0,0
20080429,184.7,184.7,184,184,0,0
20080430,171.2,186.4,171.2,184,0,0
20080505,172.9,184.7,172.9,184,0,0
20080506,184.7,184.7,162.7,182.3,0,0
20080507,183.1,183.1,182.3,182.3,0,0
20080508,169.5,183.1,169.5,182.3,0,0
20080509,184.7,227.1,184.7,226.2,0,0
20080512,228.8,228.8,224.5,224.5,0,0
20080513,228.8,254.2,186.4,253.2,0,0
20080515,288.1,288.1,285.3,285.3,0,0
20080516,230.5,232.2,189.8,211,0,0
20080519,218.6,218.6,190.8,190.8,0,0
20080520,184.7,184.7,177.3,177.3,0,0
20080526,205.1,205.1,204.3,204.3,0,0
20080527,220.3,222,194.2,194.2,0,0
20080528,178,178,177.3,177.3,0,0
20080529,171.2,194.9,169.5,194.2,0,0
20080530,200,200,199.2,199.2,0,0
20080606,169.5,169.5,168.8,168.8,0,0
20080611,169.5,169.5,168.8,168.8,0,0
20080612,201.7,201.7,200.9,200.9,0,0
20080616,172.9,186.4,169.5,185.7,0,0
20080619,169.5,186.4,169.5,185.7,0,0
20080627,169.5,179.7,169.5,179,0,0
20080630,189.8,189.8,189.1,189.1,0,0
20080708,169.5,169.5,168.8,168.8,0,0
20080714,169.5,203.4,169.5,202.6,0,0
20080715,178,178,177.3,177.3,0,0
20080722,169.5,169.5,168.8,168.8,0,0
20080723,169.5,169.5,167.1,167.1,0,0
20080731,171.2,171.2,170.5,170.5,0,0
20080804,172.9,200,172.9,199.2,0,0
20080806,183.1,183.1,182.3,182.3,0,0
20080807,183.1,186.4,183.1,185.7,0,0
20080814,186.4,186.4,185.7,185.7,0,0
20080818,189.8,189.8,136.8,136.8,0,0
20080819,164.4,164.4,163.8,163.8,0,0
20080827,162.7,162.7,162.1,162.1,0,0
20080901,161,161,160.4,160.4,0,0
20080902,157.6,188.1,157.6,187.4,0,0
20080909,152.5,184.7,152.5,184,0,0
20080919,184.7,184.7,184,184,0,0
20080930,186.4,186.4,185.7,185.7,0,0
20081030,152.5,184.7,152.5,184,0,0
20081031,184.7,184.7,184,184,0,0
20081124,184.7,184.7,184,184,0,0
20090107,152.5,179.7,152.5,179,0,0
20090112,144.1,169.5,144.1,168.8,0,0
20090210,135.6,135.6,135.1,135.1,0,0
20090218,162.7,162.7,162.1,162.1,0,0
20090219,178,178,177.3,177.3,0,0
20090305,184.7,184.7,177.3,177.3,0,0
20101115,62.9,62.9,62.9,62.9,0,0
20101116,60.3,60.9,56.3,60.9,0,0
20101117,58.8,61.9,58.8,61.9,0,0
20101118,61.8,61.8,59.3,61.4,0,0
20101119,62.3,62.3,59.3,61.4,0,0
20101122,58.8,60.4,58.3,60.4,0,0
20101123,57.8,58.8,57.3,57.8,0,0
20101124,60.3,60.3,56.3,56.8,0,0
20101125,55.3,59.8,55.3,57.8,0,0
20101126,56.8,60.3,56.8,58.3,0,0
20101129,58.3,58.3,55.3,56.8,0,0
20101130,55.3,56.8,51.8,54.3,0,0
20101201,53.3,53.3,49.7,51.8,0,0
20101202,50.3,54.8,50.3,54.3,0,0
20101203,55.8,60.8,55.3,60.8,0,0
20101206,59.8,63.8,59.8,62.3,0,0
20101207,61.8,61.8,59.3,60.3,0,0
20101208,59.3,61.8,59.3,61.8,0,0
20101209,61.3,61.8,59.3,61.8,0,0
20101210,61.8,61.8,59.3,61.3,0,0
20101213,61.3,61.3,57.3,59.3,0,0
20101214,58.8,63.8,58.8,59.8,0,0
20101215,61.8,61.8,57.3,57.3,0,0
20101216,61.3,66.3,61.3,64.9,0,0
20101217,64.8,65.3,61.8,63.9,0,0
20101220,63.8,63.8,59.8,61.9,0,0
20101221,61.3,61.8,57.3,57.3,0,0
20101222,57.3,58.8,54.8,58.3,0,0
20101223,55.8,56.8,53.3,55.8,0,0
20101227,54.8,56.8,54.8,56.8,0,0
20101228,56.8,56.8,55.3,56.8,0,0
20101229,54.8,56.3,51.3,52.3,0,0
20101230,52.3,52.8,49.7,49.8,0,0
20101231,49.2,50.3,45.2,45.3,0,0
20110103,45.7,49.2,45.7,47.3,0,0
20110104,48.2,48.2,44.2,45.3,0,0
20110105,45.2,48.2,45.2,47.8,0,0
20110107,48.7,48.7,44.3,44.3,0,0
20110110,43.2,43.2,38.7,42.3,0,0
20110111,43.2,44.2,43.2,43.8,0,0
20110112,41.7,43.7,41.7,42.3,0,0
20110113,42.7,44.3,42.7,44.3,0,0
20110114,44.2,44.8,43.7,44.8,0,0
20110117,45.7,51.3,44.7,51.3,0,0
20110118,52.3,52.3,48.2,50.8,0,0
20110119,50.8,51.8,48.2,51.3,0,0
20110120,50.3,50.8,49.2,50.8,0,0
20110121,50.8,50.8,48.2,50.3,0,0
20110124,50.3,50.3,48.2,48.8,0,0
20110125,49.7,49.7,48.2,49.3,0,0
20110126,48.7,49.2,47.7,47.8,0,0
20110127,45.2,46.7,45.2,45.3,0,0
20110128,47.3,47.3,47.3,47.3,0,0
20110131,47.2,47.7,46.2,47.3,0,0
20110201,46.2,46.2,43.7,44.8,0,0
20110202,44.7,45.2,44.2,44.8,0,0
20110203,45.7,46.8,44.7,46.8,0,0
20110204,45.2,51.3,45.2,50.3,0,0
20110207,49.7,56.3,49.7,55.3,0,0
20110208,53.3,55.3,53.3,54.8,0,0
20110209,54.8,54.8,52.3,53.3,0,0
20110210,53.3,53.3,50.8,51.3,0,0
20110211,52.3,52.3,48.7,50.3,0,0
20110214,50.3,51.3,48.2,51.3,0,0
20110215,49.2,50.3,47.7,50.3,0,0
20110216,49.7,49.7,45.2,46.8,0,0
20110217,46.7,49.7,46.7,47.8,0,0
20110218,48.2,49.2,46.2,47.3,0,0
20110221,47.7,47.8,46.7,47.8,0,0
20110222,50.3,51.3,47.2,48.8,0,0
20110223,48.7,48.7,46.2,46.8,0,0
20110224,47.2,48.7,46.7,46.8,0,0
20110225,48.2,48.2,46.3,46.3,0,0
20110228,48.2,48.2,45.7,47.3,0,0
20110301,46.7,48.7,45.7,47.8,0,0
20110302,47.7,47.7,44.7,46.3,0,0
20110303,45.7,45.7,43.7,45.3,0,0
20110304,45.7,46.2,44.2,45.8,0,0
20110307,44.2,44.7,42.2,42.3,0,0
20110308,42.2,44.7,42.2,44.3,0,0
20110309,45.2,45.3,42.7,45.3,0,0
20110310,43.2,44.7,42.7,43.8,0,0
20110311,44.2,45.2,43.2,43.8,0,0
20110314,43.2,43.2,42.2,42.8,0,0
20110315,42.7,42.7,40.2,40.2,0,0
20110316,40.2,51.2,40.2,51.2,0,0
20110317,52.4,52.4,51.2,52.4,0,0
20110318,52.4,54.2,52.4,52.4,0,0
20110321,52.3,53,49.4,53,0,0
20110322,51.2,54.2,50,54.2,0,0
20110323,53,53.6,51.8,53.6,0,0
20110324,54.8,57.7,54.2,57.2,0,0
20110325,57.1,57.1,53.6,56,0,0
20110328,54.8,56.5,53.6,55.4,0,0
20110329,54.2,64.3,53,62.6,0,0
20110330,63.1,67.3,60.7,63.8,0,0
20110331,63.7,66.7,60.7,62,0,0
20110401,62.5,62.5,58.9,61.4,0,0
20110404,60.1,61.3,58.3,59.6,0,0
20110405,58.9,59.5,57.1,58.4,0,0
20110406,57.7,60.7,57.7,59,0,0
20110407,58.9,61.3,58.9,60.2,0,0
20110408,59.5,59.5,57.1,59,0,0
20110411,58.3,58.3,54.8,55.4,0,0
20110412,55.4,58.3,55.4,57.8,0,0
20110413,56,56,54.2,54.8,0,0
20110414,53.5,54.2,51.8,54.2,0,0
20110415,54.2,55.4,53,55.4,0,0
20110418,53.6,55.4,53,54.2,0,0
20110419,54.2,54.8,53,54.2,0,0
20110420,53.6,54.2,53,54.2,0,0
20110421,53,53.6,51.8,53,0,0
20110426,53,53.6,51.2,53,0,0
20110427,51.8,53,51.2,51.8,0,0
20110428,51.2,51.8,50.6,51.2,0,0
20110429,50.6,56.5,50,54.8,0,0
20110502,54.8,54.8,52.4,54.2,0,0
20110504,53,53.6,50,50.6,0,0
20110505,50,52.4,49.4,51.2,0,0
20110506,51.2,52.4,50.6,52.4,0,0
20110509,51.8,54.8,50.6,50.6,0,0
20110510,52.4,52.4,50,51.8,0,0
20110511,50,51.2,48.8,50.1,0,0
20110512,49.4,49.5,47,49.5,0,0
20110513,50.6,54.3,50,52.4,0,0
20110516,52.4,52.4,19.4,19.4,0,0
20110517,18.9,19.6,17.8,19.6,0,0
20110518,19.1,19.4,18.7,19.4,0,0
20110519,18.9,20.1,18.9,18.9,0,0
20110520,18.9,19.6,18.9,19.2,0,0
20110523,19.2,19.2,18.2,18.9,0,0
20110524,18.9,36.1,17.7,36.1,0,0
20110525,35.7,37.6,35.7,37.1,0,0
20110526,37.1,38.1,36.2,37.6,0,0
20110527,37.1,38.1,36.7,38.1,0,0
20110530,36.7,37.6,35.7,36.6,0,0
20110531,36.2,37.1,35.7,36.6,0,0
20110601,35.7,40.5,35.7,38.1,0,0
20110602,39.5,39.5,38.1,38.1,0,0
20110603,36.7,39,34.3,35.7,0,0
20110606,35.7,35.7,33.3,33.8,0,0
20110607,34.3,34.8,33.3,34.2,0,0
20110608,33.6,34.6,30.8,32.3,0,0
20110609,32.2,34.2,29.9,34.2,0,0
20110610,35.1,36.1,34.1,36.1,0,0
20110613,36.5,36.5,33.6,35.7,0,0
20110614,35.7,35.7,33.8,35.2,0,0
20110615,34.8,34.8,33.3,34.2,0,0
20110616,33.2,33.6,31.8,33.3,0,0
20110617,31.9,34.3,31.9,33.3,0,0
20110620,32.4,32.9,31,31.9,0,0
20110621,31,31.4,29.5,30.4,0,0
20110622,29.4,29.4,27,29,0,0
20110624,28.6,30.9,28.6,30.9,0,0
20110627,30.5,31,29,30,0,0
20110628,28.1,28.6,28.1,28.5,0,0
20110629,28.4,28.4,26.5,27.6,0,0
20110630,27.1,28.1,26.7,27.6,0,0
20110701,27.6,29,26.7,28.5,0,0
20110704,28.4,28.9,27.5,28.1,0,0
20110705,28.6,28.6,26.7,27.6,0,0
20110706,28.1,28.6,27.6,28.1,0,0
20110707,28.1,28.6,28.1,28.5,0,0
20110708,28.4,28.5,27,28.5,0,0
20110711,28,28,27,27.6,0,0
20110712,27.1,27.1,24.3,27.1,0,0
20110713,26.7,26.7,25.2,26.2,0,0
20110714,25.2,25.2,24.3,24.7,0,0
20110715,25.1,25.1,23.2,23.8,0,0
20110718,23.8,25.2,22.4,23.8,0,0
20110719,23.8,24.8,23.8,24.7,0,0
20110720,24.6,26.1,24.6,24.7,0,0
20110721,24.6,26.1,24.6,25.7,0,0
20110722,25.7,26.2,25.2,26.2,0,0
20110725,26.2,26.2,24.8,25.7,0,0
20110726,24.8,27.1,24.8,26.6,0,0
20110727,27,27,26.1,26.2,0,0
20110728,26.7,26.7,24.8,25.7,0,0
20110729,24.3,26.2,24.3,25.2,0,0
20110801,25.2,25.7,25.2,25.7,0,0
20110802,25.7,25.7,24.3,24.3,0,0
20110803,24.8,24.8,20.5,20.5,0,0
20110804,21.4,22.4,18.1,19,0,0
20110805,18.5,20.4,15.6,20,0,0
20110808,18.6,19,18.1,18.5,0,0
20110809,17.5,18.5,15.2,17.1,0,0
20110810,18,19,17.5,19,0,0
20110811,18,23.8,18,23.8,0,0
20110812,23.3,23.8,22.9,23.3,0,0
20110816,25.2,25.7,23.8,24.7,0,0
20110817,25.1,26.2,23.7,26.2,0,0
20110818,26.2,26.7,10.4,10.4,0,0
20110819,9.7,10.8,9.7,10.8,0,0
20110822,10.6,10.8,10.4,10.6,0,0
20110823,10.6,10.8,10.2,10.2,0,0
20110824,10.6,10.6,10.2,10.4,0,0
20110825,10.4,10.8,10.4,10.6,0,0
20110826,10.8,10.8,10,10.4,0,0
20110829,9.7,10.8,9.7,10.8,0,0
20110830,10.2,10.8,10.2,10.8,0,0
20110831,10.8,11.9,10.8,11.7,0,0
20110901,12.1,12.1,10.8,11.1,0,0
20110902,10.9,11.8,10.7,11.1,0,0
20110905,10.7,11.5,10.7,10.8,0,0
20110906,11,11.2,10.6,10.8,0,0
20110907,10.8,11.2,10.6,10.8,0,0
20110908,11,11.1,10.6,11.1,0,0
20110909,11.1,12,10.9,11.3,0,0
20110912,11.1,11.5,10.7,11.3,0,0
20110913,11.1,12,11.1,11.9,0,0
20110914,11.9,13.2,11.9,12.8,0,0
20110915,13.2,14.1,12.6,13.7,0,0
20110916,13.9,13.9,12.8,13.4,0,0
20110919,13.4,14.3,13,14.3,0,0
20110920,14.3,14.5,14.1,14.3,0,0
20110921,14.5,14.5,13.4,13.9,0,0
20110922,13.7,14.3,13.3,13.9,0,0
20110923,13.9,15.7,13.9,15.4,0,0
20110926,15.2,17.1,15.2,16.7,0,0
20110927,16.3,16.7,15.6,16.7,0,0
20110928,16.9,16.9,15.4,16.3,0,0
20110929,16.1,16.3,15.7,16.1,0,0
20110930,15.7,15.7,14.8,15.4,0,0
20111003,15.4,15.4,14.5,15,0,0
20111004,15,15,13.5,14.5,0,0
20111005,14.5,14.5,13.9,14.5,0,0
20111006,14.9,15.2,13.9,14.7,0,0
20111007,14.7,14.7,13.8,14.1,0,0
20111010,14.1,14.3,13.2,14.1,0,0
20111011,14.1,15.4,14.1,15.4,0,0
20111012,15.8,16.5,15.2,15.8,0,0
20111013,15.2,16.2,15.2,16.1,0,0
20111014,15.4,16.1,15.2,16.1,0,0
20111017,16.1,17.2,15.7,16.1,0,0
20111018,16.1,16.5,15.7,16.5,0,0
20111019,16.5,16.7,15.8,16.5,0,0
20111020,16.1,16.1,15.8,16.1,0,0
20111021,15.9,17,15.7,16.5,0,0
20111024,15.8,16.3,15.2,16.3,0,0
20111025,15.9,16.3,15.4,15.6,0,0
20111026,15.4,16.1,15.2,16.1,0,0
20111027,15.4,15.9,15.2,15.2,0,0
20111028,15.2,15.8,14.8,15,0,0
20111031,15.7,16.1,15.2,15.2,0,0
20111102,15,15.8,14.5,15.8,0,0
20111103,15.2,16,15.2,15.8,0,0
20111104,16,16.2,15.6,15.8,0,0
20111107,15.8,16.9,15.6,16.9,0,0
20111108,16.5,16.9,16.5,16.9,0,0
20111109,16,16.5,15.8,16.3,0,0
20111110,16.3,17.8,16.1,17.8,0,0
20111114,17.6,18.2,17.4,18.2,0,0
20111115,18.2,18.2,16.9,17.1,0,0
20111116,16.9,16.9,15.8,16.9,0,0
20111117,16.9,16.9,16,16.5,0,0
20111118,16.1,16.3,15.2,15.8,0,0
20111121,15.2,15.6,14.7,15.6,0,0
20111122,15.6,16.2,14.9,16.2,0,0
20111123,15.3,16,15.3,15.3,0,0
20111124,15.3,16,15.1,15.3,0,0
20111125,14.9,15.5,14.9,15.5,0,0
20111128,15.5,16.8,15.5,16.4,0,0
20111129,15.7,16,15.3,16,0,0
20111130,15.3,15.8,14.9,15.5,0,0
20111201,15,15,14.2,14.6,0,0
20111202,14.4,15.3,14.2,15.3,0,0
20111205,14.6,15.3,14.6,15.3,0,0
20111206,14.9,15.7,14.9,15.7,0,0
20111207,15.7,16.2,15,16.2,0,0
20111208,15.5,16.2,15.1,15.5,0,0
20111209,14.8,15.5,14.8,15.5,0,0
20111212,14.8,15.5,14.4,15.1,0,0
20111213,14.7,15.1,14.2,15.1,0,0
20111214,14.9,14.9,14.2,14.9,0,0
20111215,14.2,14.9,14.2,14.9,0,0
20111216,14.9,15.1,14.9,15.1,0,0
20111219,15.1,15.6,15.1,15.1,0,0
20111220,14.4,14.9,14.2,14.9,0,0
20111221,14.4,15.1,14,14,0,0
20111222,14.2,15.1,14,15.1,0,0
20111223,14,14.9,14,14.9,0,0
20111227,14,14.4,14,14.2,0,0
20111228,14.9,15.3,14.6,15.3,0,0
20111229,15.1,16,15.1,15.5,0,0
20111230,15.5,15.9,14.2,14.6,0,0
20120102,14.2,15.1,14.2,15.1,0,0
20120103,15.6,16,14.9,15.1,0,0
20120104,15.3,15.6,14.7,15.1,0,0
20120105,14.4,14.9,14.2,14.6,0,0
20120109,14.6,14.6,14.4,14.4,0,0
20120110,14,14.6,13.7,14,0,0
20120111,14,14,13.6,14,0,0
20120112,13.6,14.2,13.6,14.2,0,0
20120113,14.4,14.4,13.7,13.7,0,0
20120116,14.1,14.2,13.7,14.2,0,0
20120117,14.2,14.6,14,14.2,0,0
20120118,13.7,14,13.5,13.5,0,0
20120119,13.5,14,13.3,14,0,0
20120120,13.6,13.8,13.6,13.7,0,0
20120123,13.7,14.8,13.7,14.4,0,0
20120124,14.9,15.7,14.9,15.5,0,0
20120125,15.7,15.7,14.8,15.3,0,0
20120126,15.1,15.5,14.9,15.3,0,0
20120127,15.3,15.5,14.9,15.5,0,0
20120130,15.7,16.6,15.3,16.6,0,0
20120131,16.8,17.9,16.8,17.1,0,0
20120201,17.1,17.8,16.7,17.5,0,0
20120202,17.7,17.7,17.1,17.5,0,0
20120203,17.1,17.7,17.1,17.5,0,0
20120206,17.5,17.5,17.1,17.3,0,0
20120207,17.3,18.4,17.1,17.7,0,0
20120208,17.7,18.8,17.7,18.6,0,0
20120209,18.8,21.9,18.6,20.4,0,0
20120210,20.2,20.4,19.3,20.2,0,0
20120213,21.1,21.3,20.4,21.3,0,0
20120214,18.4,19.5,10.1,10.1,0,0
20120215,9.9,10.5,9.7,10.1,0,0
20120216,10,10.1,9.9,10,0,0
20120217,9.9,10.3,9.9,10,0,0
20120220,10,10.3,9.9,10.1,0,0
20120221,10.2,10.2,9.9,10,0,0
20120222,10,10.1,9.3,9.6,0,0
20120223,9.7,9.7,9.1,9.4,0,0
20120224,9.3,9.5,9.1,9.4,0,0
20120227,9.3,9.4,9.1,9.4,0,0
20120228,9.1,9.4,9,9.4,0,0
20120229,9.4,9.4,9.1,9.4,0,0
20120301,9.1,9.4,9.1,9.4,0,0
20120302,9.4,9.6,9.4,9.5,0,0
20120305,9.5,9.9,9.1,9.5,0,0
20120306,9.3,9.5,9.1,9.1,0,0
20120307,9,9.2,8.7,8.9,0,0
20120308,8.8,9.3,8.6,8.8,0,0
20120309,8.8,8.8,8.6,8.8,0,0
20120312,8.8,8.8,8.4,8.4,0,0
20120313,8.4,8.9,8.4,8.4,0,0
20120314,8.4,8.8,8.4,8.6,0,0
20120315,8.7,9,8.6,9,0,0
20120316,9,9.1,8.8,8.9,0,0
20120319,9,9.1,8.8,8.8,0,0
20120320,8.8,8.8,8.8,8.8,0,0
20120321,8.8,9.3,8.8,9.3,0,0
20120322,9.2,9.2,8.5,8.9,0,0
20120323,8.6,9.1,8.5,9.1,0,0
20120326,9.1,9.2,9,9,0,0
20120327,8.9,9.1,8.8,9.1,0,0
20120328,8.7,8.9,8.4,8.9,0,0
20120329,8.6,8.6,8.5,8.6,0,0
20120330,8.7,8.7,8.4,8.6,0,0
20120402,8.7,8.8,8.4,8.8,0,0
20120403,8.8,8.8,8.3,8.5,0,0
20120404,8.4,8.4,7.9,8.3,0,0
20120405,8.3,8.3,7.8,8.3,0,0
20120410,8.2,8.3,8.1,8.3,0,0
20120411,8.3,8.3,7.8,8.3,0,0
20120412,7.9,8.3,7.9,8.3,0,0
20120413,8.1,8.3,7.9,8.3,0,0
20120416,8.1,8.3,7.9,8.3,0,0
20120417,8.3,8.3,8.1,8.3,0,0
20120418,8.7,8.7,8.1,8.1,0,0
20120419,8.1,8.1,7.9,8,0,0
20120420,7.9,7.9,7.4,7.9,0,0
20120423,7.4,8,6.8,7.6,0,0
20120424,7.6,8.2,7.3,7.8,0,0
20120425,7.5,7.9,7.5,7.9,0,0
20120426,7.9,7.9,7.7,7.8,0,0
20120427,7.7,7.7,7.6,7.6,0,0
20120430,7.8,8.1,7.6,8.1,0,0
20120504,7.7,8.1,7.6,8.1,0,0
20120507,7.9,7.9,7.9,7.9,0,0
20120508,7.9,8,7.8,7.8,0,0
20120509,8.1,8.1,7.5,7.8,0,0
20120510,7.5,8,7.5,8,0,0
20120511,8,8.4,7.8,8.3,0,0
20120514,8.2,8.2,6.9,6.9,0,0
20120515,7,7,6.6,6.7,0,0
20120516,6.5,6.8,6.2,6.6,0,0
20120517,6.4,6.6,6.2,6.6,0,0
20120518,6.4,6.6,6.1,6.6,0,0
20120521,6.3,6.4,6.3,6.3,0,0
20120522,6.2,6.6,6.2,6.6,0,0
20120523,6.3,6.3,6.1,6.1,0,0
20120524,6.4,6.4,5.9,6.3,0,0
20120525,6.2,6.2,6,6.1,0,0
20120528,6,6.1,6,6.1,0,0
20120529,6.1,6.1,5.7,6,0,0
20120530,5.7,5.7,5.7,5.7,0,0
20120531,5.8,5.8,5.7,5.7,0,0
20120601,5.7,5.7,5.6,5.7,0,0
20120604,5.7,6,5.7,6,0,0
20120605,5.8,6.1,5.7,5.8,0,0
20120606,5.6,6,5.4,6,0,0
20120608,5.3,5.8,5.3,5.8,0,0
20120611,5.5,5.8,5.5,5.8,0,0
20120612,5.5,5.8,5.4,5.8,0,0
20120613,5.5,12.7,5.5,12.7,0,0
20120614,12.2,12.7,12.2,12.7,0,0
20120615,12.2,12.5,12,12.5,0,0
20120618,12.3,12.7,12.3,12.5,0,0
20120619,12.5,12.7,12.5,12.7,0,0
20120620,12.7,12.7,12.2,12.2,0,0
20120621,12,12.2,12,12,0,0
20120622,12,12.2,11.8,12.2,0,0
20120625,11.5,12.4,11.5,12.2,0,0
20120626,12.2,12.2,11.7,11.7,0,0
20120627,11.7,12,11.7,12,0,0
20120628,11.7,12,10.7,11.7,0,0
20120629,11.2,11.5,11,11.2,0,0
20120702,11.2,11.7,10.2,10.8,0,0
20120703,10.6,11.5,10.3,11.2,0,0
20120704,11.7,11.7,10.7,11.2,0,0
20120705,11.2,11.2,10.2,11,0,0
20120706,10.3,11.2,10.3,11,0,0
20120709,11,11,10.3,10.3,0,0
20120710,10,11,10,10,0,0
20120711,10,10.7,9.8,10.5,0,0
20120712,10.5,10.5,10.5,10.5,0,0
20120713,10.5,11,10.5,11,0,0
20120716,11,11.7,11,11.7,0,0
20120717,11.7,11.7,11.5,11.5,0,0
20120718,11.2,11.7,11,11.7,0,0
20120719,11,11,11,11,0,0
20120720,11,11,10.5,11,0,0
20120723,10.8,11,10.5,10.5,0,0
20120724,11,11.7,10.5,11.7,0,0
20120725,11.7,12.2,11.5,12.2,0,0
20120727,11.5,11.5,11.2,11.5,0,0
20120730,11.2,11.7,11.2,11.7,0,0
20120731,11.7,11.7,11.5,11.7,0,0
20120801,12,12,11.2,11.2,0,0
20120802,11.4,12,11.4,12,0,0
20120803,12,12.3,11.5,12.2,0,0
20120806,12.2,13.4,12.2,13.4,0,0
20120807,13.4,14.1,13.4,13.9,0,0
20120808,13.4,13.9,13.4,13.9,0,0
20120809,14.1,15.9,14.1,15.9,0,0
20120810,15.9,15.9,15.2,15.4,0,0
20120813,15.4,16.9,15.4,16.6,0,0
20120814,16.3,16.3,15.1,15.9,0,0
20120816,15.2,15.9,14.7,15.4,0,0
20120817,14.2,14.2,13.7,14.2,0,0
20120820,13.5,13.5,12.5,12.5,0,0
20120821,12.7,13.4,12.5,13.4,0,0
20120822,13.2,13.4,12.9,13.4,0,0
20120823,12.9,14.1,12.9,13.9,0,0
20120824,13.9,14.7,13.9,14.7,0,0
20120827,14.5,15.4,13.4,13.4,0,0
20120828,12.8,13.2,12.6,13.2,0,0
20120829,12.6,12.6,11.9,11.9,0,0
20120830,12.1,12.1,11,11.3,0,0
20120831,11.1,11.9,11.1,11.9,0,0
20120903,11.9,12.1,11.9,12.1,0,0
20120904,12.1,12.8,12.1,12.8,0,0
20120905,12.2,12.6,12.2,12.6,0,0
20120906,12.6,12.8,12.4,12.4,0,0
20120907,12.2,13.2,12.2,12.6,0,0
20120911,12.6,12.6,12.6,12.6,0,0
20120913,12.2,12.2,11.8,12.1,0,0
20120914,12.5,13.4,12.5,13.2,0,0
20120917,13.4,13.4,12.6,13.4,0,0
20120918,12.8,13.4,12.1,13.2,0,0
20120919,13,13.2,12.8,13.2,0,0
20120920,13.2,13.2,13.2,13.2,0,0
20120921,13.2,13.2,12.3,13.2,0,0
20120924,12.3,12.8,12.3,12.4,0,0
20120925,12.4,14.3,12.4,13.8,0,0
20120926,14,14,13.2,13.8,0,0
20120927,13.4,13.8,13.4,13.8,0,0
20120928,13.6,13.8,13.4,13.4,0,0
20121001,13,13.6,13,13.6,0,0
20121002,13,13.6,12.7,13.4,0,0
20121003,12.8,13.4,12.6,13.2,0,0
20121004,13.4,13.4,12.8,13.4,0,0
20121005,13.4,13.4,13,13.4,0,0
20121008,13,13.8,13,13.6,0,0
20121009,13.2,13.8,13.2,13.8,0,0
20121010,13.2,13.4,13.2,13.4,0,0
20121011,13.4,13.4,13.4,13.4,0,0
20121012,13.6,15.1,13.6,14.7,0,0
20121015,14.3,14.5,13.9,14.5,0,0
20121016,14.1,14.5,13.8,13.8,0,0
20121017,13.8,14.3,13.8,14.3,0,0
20121018,14.5,15.3,14.5,15.3,0,0
20121019,15.1,16.1,15.1,16,0,0
20121022,15.4,15.8,14.9,15.8,0,0
20121023,15.4,15.6,15.2,15.5,0,0
20121024,15.5,15.7,14.9,15.1,0,0
20121025,15.3,15.3,14.7,14.7,0,0
20121026,14.5,15.4,14.5,15.1,0,0
20121029,15.1,15.3,15.1,15.1,0,0
20121030,15.1,16,14.9,15.3,0,0
20121031,15.3,15.8,15.3,15.8,0,0
20121102,15.8,16.2,15,16,0,0
20121105,16,16,15.1,16,0,0
20121106,16,16.2,16,16,0,0
20121107,16.2,16.2,15.4,16,0,0
20121108,15.4,15.5,14.7,15.5,0,0
20121109,14.6,16.2,14.6,16.2,0,0
20121112,15.8,15.8,15.1,15.8,0,0
20121113,15.8,15.8,15,15.3,0,0
20121114,14.9,15.8,14.9,15.8,0,0
20121115,15,15,12.1,12.1,0,0
20121116,11.5,12.3,11.5,11.7,0,0
20121119,12.1,12.1,10.6,11.9,0,0
20121120,11.7,11.9,10.8,11.1,0,0
20121121,11.1,11.3,10.7,11.3,0,0
20121122,10.9,12.8,10.2,12.8,0,0
20121123,12.8,13.9,12.2,13.4,0,0
20121126,12.8,13.4,12.8,13.4,0,0
20121127,13.4,13.8,13.4,13.8,0,0
20121128,13.6,13.8,12.7,13.4,0,0
20121129,12.6,13.2,12.6,13.2,0,0
20121203,12.3,12.3,11.7,12.1,0,0
20121204,12.1,12.1,12.1,12.1,0,0
20121205,12.1,12.1,11.7,12.1,0,0
20121206,11.7,12.1,11.7,12.1,0,0
20121207,11.5,12.1,11.5,12.1,0,0
20121210,11.5,11.9,11,11.9,0,0
20121211,11.7,11.9,11.3,11.3,0,0
20121212,11.5,11.7,11.1,11.5,0,0
20121213,11.3,48.1,11.3,48.1,0,0
20121214,48.2,49.1,45.5,48.1,0,0
20121217,46.4,48.2,45.5,47.2,0,0
20121218,47.3,48.2,46.3,46.3,0,0
20121219,46.4,47.3,43.8,45.5,0,0
20121220,44.6,45.5,44.6,44.6,0,0
20121221,43.8,45.5,43.8,45.5,0,0
20121227,43.8,45.5,43.8,44.6,0,0
20121228,45.5,47.2,45.5,47.2,0,0
20130102,45.5,48.1,44.6,48.1,0,0
20130103,45.5,48.2,45.5,48.1,0,0
20130104,47.3,47.3,42,44.6,0,0
20130107,44.6,44.6,43.7,43.7,0,0
20130108,42.9,48.2,42.9,48.1,0,0
20130109,44.6,44.6,44.6,44.6,0,0
20130110,44.6,45.5,44.6,45.5,0,0
20130111,45.5,48.2,45.5,48.1,0,0
20130114,45.5,45.5,45.5,45.5,0,0
20130115,47.3,48.2,45.5,46.3,0,0
20130116,48.2,49.1,46.3,46.3,0,0
20130117,47.3,49.1,47.3,49,0,0
20130118,48.2,48.2,47.3,48.2,0,0
20130121,46.4,48.2,44.6,48.1,0,0
20130122,47.3,47.3,47.2,47.2,0,0
20130123,47.3,47.3,44.6,46.3,0,0
20130124,44.6,45.5,40.2,44.6,0,0
20130125,43.8,43.8,41.1,42.8,0,0
20130128,42,43.7,41.1,43.7,0,0
20130129,43.8,44.6,43.8,44.6,0,0
20130130,43.8,44.6,43.8,44.6,0,0
20130131,42.9,44.6,42.9,44.6,0,0
20130201,44.6,44.6,43.8,44.6,0,0
20130204,43.8,44.6,42,44.6,0,0
20130205,43.8,43.8,42.8,42.8,0,0
20130206,43.8,44.6,43.7,43.7,0,0
20130207,44.6,47.3,44.6,47.2,0,0
20130208,47.3,49,47.3,49,0,0
20130211,47.3,48.2,47.3,48.1,0,0
20130212,50.9,55.4,50.9,54.4,0,0
20130213,55.4,55.4,6.1,6.1,0,0
20130214,6,6,5.8,5.9,0,0
20130215,5.9,6.2,5.9,6.2,0,0
20130218,6.2,6.4,6.1,6.3,0,0
20130219,6.2,6.2,6,6,0,0
20130220,6,6,5.8,5.9,0,0
20130221,5.9,5.9,5.7,5.7,0,0
20130222,5.7,6,5.7,6,0,0
20130225,5.8,5.8,5.8,5.8,0,0
20130226,5.7,5.7,5.5,5.6,0,0
20130227,5.5,5.5,5.5,5.5,0,0
20130228,5.7,5.7,5.5,5.5,0,0
20130301,5.5,5.5,5,5.5,0,0
20130304,5.5,5.8,5.5,5.8,0,0
20130305,5.8,5.8,5.8,5.8,0,0
20130306,5.8,5.9,5.8,5.9,0,0
20130307,5.8,5.8,5.8,5.8,0,0
20130308,5.7,5.9,5.7,5.9,0,0
20130311,5.9,6.2,5.8,6.1,0,0
20130312,6.1,6.1,6,6.1,0,0
20130313,5.7,6.1,5.7,6,0,0
20130314,5.9,6.1,5.7,6,0,0
20130315,5.8,5.9,5.7,5.7,0,0
20130318,5.6,5.7,5.4,5.5,0,0
20130319,5.7,5.7,5.7,5.7,0,0
20130320,5.6,5.6,5.4,5.6,0,0
20130321,5.4,6.3,5.4,6.3,0,0
20130322,6.3,6.8,6.2,6.7,0,0
20130325,6.5,6.8,6.1,6.4,0,0
20130326,6.2,6.3,5.8,6.3,0,0
20130328,5.9,6.2,5.7,6.2,0,0
20130402,5.8,6.1,5.8,6.1,0,0
20130403,5.8,5.8,5.8,5.8,0,0
20130404,5.7,6.1,5.7,6.1,0,0
20130405,5.8,6.1,5.8,6.1,0,0
20130408,5.8,6,5.8,6,0,0
20130409,5.9,6,5.8,6,0,0
20130410,6,6.1,6,6.1,0,0
20130411,5.8,6.1,5.8,6.1,0,0
20130412,5.8,6,5.8,6,0,0
20130415,6,6,5.7,5.7,0,0
20130417,5.6,5.6,5,5.1,0,0
20130418,5.1,5.5,5.1,5.2,0,0
20130419,5.3,5.6,5.3,5.6,0,0
20130422,5.4,5.8,5.4,5.6,0,0
20130423,5.6,5.6,5.4,5.6,0,0
20130424,5.3,5.6,5.3,5.6,0,0
20130425,5.6,5.6,5.6,5.6,0,0
20130426,5.5,5.9,5.5,5.9,0,0
20130429,5.9,6.1,5.9,6,0,0
20130430,6,6.1,6,6.1,0,0
20130502,6,6.1,6,6.1,0,0
20130506,5.7,6,5.7,6,0,0
20130507,5.7,5.8,5.4,5.8,0,0
20130509,5.8,5.8,5.8,5.8,0,0
20130510,5.7,5.9,5.6,5.9,0,0
20130513,5.8,5.8,5.6,5.6,0,0
20130514,5.5,5.8,5.5,5.8,0,0
20130515,5.7,5.8,5.6,5.8,0,0
20130517,5.6,6.1,5.6,6.1,0,0
20130523,5.4,5.4,4.2,4.2,0,0
20130524,4,4.5,4,4.4,0,0
20130527,4.4,4.5,4,4.5,0,0
20130528,4.5,4.9,4.5,4.7,0,0
20130529,4.7,4.7,4.4,4.5,0,0
20130531,4.4,89.3,3.7,89.3,0,0
20130603,84.4,93.3,84.4,89.3,0,0
20130604,88.9,91.6,82.2,91.6,0,0
20130605,86.7,87.1,84.4,87.1,0,0
20130606,86.7,88.9,84.4,84.9,0,0
20130607,84.4,91.6,84.4,91.6,0,0
20130610,91.1,91.1,82.2,87.1,0,0
20130611,82.2,82.6,80,82.6,0,0
20130612,82.2,84.9,80,84.9,0,0
20130613,84.4,84.9,84.4,84.9,0,0
20130614,80,82.6,80,82.6,0,0
20130617,86.7,86.7,82.2,84.9,0,0
20130618,82.2,82.6,82.2,82.6,0,0
20130619,82.2,87.1,82.2,87.1,0,0
20130620,86.7,87.1,82.2,87.1,0,0
20130621,84.4,87.1,84.4,87.1,0,0
20130624,86.7,86.7,80,80.4,0,0
20130625,80,84.9,80,84.9,0,0
20130626,77.8,84.9,77.8,84.9,0,0
20130627,80,82.6,80,82.6,0,0
20130628,82.2,82.2,73.3,78.2,0,0
20130701,75.6,78.2,75.6,78.2,0,0
20130702,77.8,78.2,75.6,78.2,0,0
20130903,80,93.8,80,93.8,0,0
20130904,93.3,105,93.3,105,0,0
20130905,104.4,113.3,100,107.2,0,0
20130906,104.4,108.9,97.8,102.7,0,0
20130909,97.8,100,95.6,96,0,0
20130910,97.8,102.2,95.6,100.5,0,0
20130911,97.8,100,97.8,98.3,0,0
20130912,102.2,107.2,102.2,107.2,0,0
20130913,108.9,108.9,7.4,7.4,0,0
20130916,7.9,7.9,7.4,7.7,0,0
20130917,7.7,8.8,7.7,8.8,0,0
20130918,8.6,8.8,8.5,8.8,0,0
20130919,8.2,8.5,7.9,8.5,0,0
20130920,8,8.5,7.9,8.3,0,0
20130923,7.7,8.3,7.7,7.9,0,0
20130924,8.1,8.1,8,8,0,0
20130925,7.7,7.7,7.7,7.7,0,0
20130926,7.9,8.5,7.9,8.5,0,0
20130927,8.5,8.8,8,8.5,0,0
20130930,8.5,8.5,7.9,8.3,0,0
20131001,8.1,8.6,7.8,8.2,0,0
20131002,8,8.7,8,8.6,0,0
20131003,8.3,8.3,8.3,8.3,0,0
20131004,8.1,8.5,8.1,8.5,0,0
20131007,8.7,8.7,8.3,8.5,0,0
20131008,8.3,8.3,8,8.2,0,0
20131009,8,8,8,8,0,0
20131010,7.7,8.2,7.4,8.2,0,0
20131011,8.2,8.4,7.9,8.3,0,0
20131014,8.5,8.5,8.3,8.3,0,0
20131015,7.8,8.3,7.7,8.2,0,0
20131016,8,8,7.9,7.9,0,0
20131017,8.2,8.4,7.9,8.3,0,0
20131018,8.5,9.5,8.5,9.4,0,0
20131021,9.4,9.4,8.9,9.4,0,0
20131022,8.9,9.4,8.8,9.4,0,0
20131023,9.4,10.2,9.1,9.4,0,0
20131024,9.4,9.4,8.9,9,0,0
20131025,9.2,9.5,9,9.4,0,0
20131028,9.4,9.4,9.1,9.4,0,0
20131029,8.9,9.4,8.9,9.3,0,0
20131030,9.3,10.1,9.3,9.3,0,0
20131031,9.6,9.6,9.6,9.6,0,0
20131104,9.4,9.6,9.4,9.6,0,0
20131105,9.6,9.6,9.1,9.1,0,0
20131106,8.9,9,8.9,9,0,0
20131107,9.2,9.2,8.8,9,0,0
20131108,8.8,9.3,8.8,9,0,0
20131112,9,10,9,9.4,0,0
20131113,9.4,9.4,9.4,9.4,0,0
20131114,8.9,9.4,8.9,9.4,0,0
20131115,8.2,8.6,7.8,8.3,0,0
20131118,8,8,7.7,7.7,0,0
20131119,7.5,9,7.4,7.7,0,0
20131120,7.7,8.3,7.7,7.7,0,0
20131121,7.9,7.9,7.4,7.5,0,0
20131122,7.7,7.9,7.4,7.5,0,0
20131125,7.2,7.5,7,7.5,0,0
20131126,7.3,7.5,7.2,7.5,0,0
20131127,7.3,7.5,7.2,7.5,0,0
20131128,7.2,7.7,7,7.5,0,0
20131129,7.2,7.5,6.7,7.2,0,0
20131202,7,7.2,6.7,7.2,0,0
20131203,7,7.4,7,7.2,0,0
20131204,7,7.2,6.6,6.6,0,0
20131205,6.9,7.2,6.9,7.2,0,0
20131206,6.9,7.2,6.6,7.1,0,0
20131209,6.8,7.1,6.8,7.1,0,0
20131210,6.9,7.3,6.8,7.2,0,0
20131211,7,7.7,7,7.5,0,0
20131212,7,7.4,6.9,7.4,0,0
20131213,6.9,7.1,6.6,7.1,0,0
20131216,6.5,6.9,6.3,6.6,0,0
20131217,6.8,6.9,6.3,6.6,0,0
20131218,6.6,7.2,6.4,7.1,0,0
20131219,6.8,7.6,6.8,7.5,0,0
20131220,7.3,7.7,7,7.5,0,0
20131223,7.7,7.7,7.7,7.7,0,0
20131227,7.4,7.4,7.4,7.4,0,0
20131230,7.1,7.6,7.1,7.5,0,0
20140102,8,10.6,7.7,10.6,0,0
20140103,10.6,10.6,9.5,10.4,0,0
20140107,10,10,8.6,8.6,0,0
20140108,8.6,8.6,8.6,8.6,0,0
20140109,8.6,9.4,8.6,9.1,0,0
20140113,8.7,9.3,8.7,9.3,0,0
20140114,9.3,9.3,9.1,9.3,0,0
20140116,8.9,9.3,8.9,9.3,0,0
20140117,9.1,9.1,8.5,9.1,0,0
20140120,8.5,8.7,8.5,8.7,0,0
20140121,8.7,8.7,8.3,8.7,0,0
20140122,8.7,8.7,8.5,8.7,0,0
20140123,8.5,8.6,8.3,8.6,0,0
20140124,8.6,9,8.6,8.9,0,0
20140127,8.3,8.7,8.3,8.7,0,0
20140128,8.1,8.6,8.1,8.6,0,0
20140129,8.8,8.8,8.7,8.7,0,0
20140130,8.1,8.7,8.1,8.7,0,0
20140131,8.7,8.9,8.3,8.7,0,0
20140203,8.7,8.7,8.1,8.7,0,0
20140204,7.9,8.9,7.8,8.7,0,0
20140205,8.3,8.9,8.3,8.9,0,0
20140206,8.3,8.7,8.3,8.7,0,0
20140207,8.5,8.7,8.1,8.7,0,0
20140210,8.5,8.7,8.1,8.4,0,0
20140211,8.6,8.6,8,8.6,0,0
20140212,8,8.6,8,8.4,0,0
20140213,8.2,8.4,8,8.4,0,0
20140214,8,8.2,8,8.2,0,0
20140217,7.8,8.4,7.3,8.4,0,0
20140218,8.4,8.4,7.2,7.2,0,0
20140219,7.4,7.4,6.6,6.7,0,0
20140220,6.9,7.7,6.9,7.2,0,0
20140221,7.4,8.3,7.2,7.8,0,0
20140224,8.4,8.4,7,7,0,0
20140225,7.4,7.4,7,7,0,0
20140226,7,7.4,6.2,7,0,0
20140227,7.2,7.4,6.8,7,0,0
20140228,7,7.4,6.8,7.2,0,0
20140303,7,7.4,6.6,7.4,0,0
20140304,7.2,7.8,7.2,7.6,0,0
20140305,7.6,7.6,7.2,7.6,0,0
20140306,7.8,7.8,7.2,7.2,0,0
20140307,7.4,7.4,7,7.2,0,0
20140310,7.2,7.4,7,7.2,0,0
20140311,7,7.4,6.8,7,0,0
20140312,7.2,7.2,6.8,6.8,0,0
20140313,7,7,6.6,7,0,0
20140314,7,7,6.6,6.8,0,0
20140317,6.8,7,6.8,7,0,0
20140318,7.2,7.2,7,7,0,0
20140319,7.2,7.2,6.8,6.8,0,0
20140320,6.8,7,6.6,7,0,0
20140321,7,7.2,6.8,7,0,0
20140324,7.2,7.2,6.8,7,0,0
20140325,6.6,6.8,6.6,6.8,0,0
20140326,7,7,6,6.8,0,0
20140327,6.8,6.8,6.4,6.8,0,0
20140328,6.8,6.8,6.6,6.7,0,0
20140331,6.7,6.7,6.5,6.7,0,0
20140401,6.7,6.7,6.5,6.7,0,0
20140402,6.7,6.7,6.5,6.7,0,0
20140403,6.7,6.7,6.5,6.7,0,0
20140404,6.7,7.5,6.5,7,0,0
20140407,7,7.2,6.6,7,0,0
20140408,7,7,6.6,7,0,0
20140409,7,7,6.4,6.7,0,0
20140410,6.7,7.1,6.7,6.7,0,0
20140411,6.7,6.9,6.7,6.8,0,0
20140414,6.8,6.8,6.6,6.8,0,0
20140415,6.6,7.4,6.6,7,0,0
20140416,7,7.2,6.8,7.2,0,0
20140417,7,7.4,6.8,6.8,0,0
20140422,6.8,6.8,6.6,6.8,0,0
20140423,6.8,6.8,6.6,6.7,0,0
20140424,6.7,6.9,6.7,6.7,0,0
20140425,6.7,6.9,6.5,6.8,0,0
20140428,6.4,6.7,6.4,6.7,0,0
20140429,6.7,6.7,6.5,6.7,0,0
20140430,6.5,6.5,6.1,6.3,0,0
20140527,17.4,17.4,17.4,17.4,0,0
20140528,17.4,17.4,16.1,16.7,0,0
20140529,16.7,16.7,16,16.7,0,0
20140530,16.7,16.7,14.7,15.4,0,0
20140602,15.4,16.1,14.1,15.4,0,0
20140603,14.8,16.1,14.8,16,0,0
20140604,15.3,15.3,13.3,14.7,0,0
20140605,14,14.7,13.3,14.7,0,0
20140606,14,14,13.3,14,0,0
20140609,14,14,13.3,14,0,0
20140610,14,14,14,14,0,0
20140611,13.3,14,13.3,14,0,0
20140612,14,15.3,14,14,0,0
20140613,14,15.4,14,15.4,0,0
20140616,15.4,16.1,14.8,15.4,0,0
20140617,15.4,15.4,14.1,14.4,0,0
20140618,14.4,14.4,13.7,13.7,0,0
20140620,13.1,15,13.1,15,0,0
20140623,15,15,14.4,14.4,0,0
20140624,14.4,15,13.7,14.4,0,0
20140625,13.1,14.4,13.1,13.7,0,0
20140626,14.4,14.4,13.7,14.4,0,0
20140627,13.1,14.4,13.1,14.4,0,0
20140630,13.7,14.4,13.1,14.4,0,0
20140701,14.4,15,14.4,15,0,0
20140702,15,15.7,15,15.7,0,0
20140703,15,15.7,15,15.7,0,0
20140704,15,15,15,15,0,0
20140707,15,15,13.7,14.4,0,0
20140708,13.7,14.4,13.7,14.4,0,0
20140709,13.7,13.7,13.1,13.7,0,0
