Date,Open,High,Low,Close,Volume,OpenInt
20080709,127.6,127.6,126,126,2017,0
20080710,128.01,128.94,128.01,128.18,72,0
20080711,122.44,122.44,118,118,59,0
20080716,122.62,123.86,122.62,123.03,214,0
20080717,125.09,127.42,125.09,127,150,0
20080718,128.3,130.47,128,128,2092,0
20080722,130.5,133.92,130.5,133.92,52,0
20080723,136.14,137.66,136.1,137.66,82,0
20080724,136.4,136.4,136.4,136.4,7,0
20080725,137.65,138.14,137.65,138.14,20,0
20080729,141.26,141.26,141.26,141.26,10,0
20080730,142.8,142.8,142.8,142.8,8,0
20080731,135.67,138.15,135.67,138.15,35,0
20080804,139.59,139.84,139.59,139.84,9,0
20080805,144,146.83,144,146.83,84,0
20080806,148.15,148.15,148.15,148.15,1,0
20080808,153.73,156.6,153.73,156.6,16,0
20080811,157.7,159.72,157.7,159.72,13,0
20080812,165.7,165.7,165.58,165.58,58,0
20080813,164.79,164.79,164.79,164.79,10,0
20080814,160.65,163.18,160.65,163.18,40,0
20080818,168.5,168.5,168.5,168.5,7,0
20080819,173,173,172.5,172.5,21,0
20080821,163.9,163.9,163.9,163.9,10,0
20080822,156.95,156.95,156.95,156.95,10,0
20080825,164.51,164.51,162.65,162.65,86,0
20080826,168.01,168.01,164.65,164.65,51,0
20080827,165.22,165.22,164.51,164.51,40,0
20080829,164.43,164.43,164.43,164.43,7,0
20080901,167.6,172.61,167.6,172.61,102,0
20080902,182.76,182.76,179.38,179.38,46,0
20080905,190.57,192.99,190.56,191,57,0
20080908,197,198,190.92,198,38,0
20080909,199.3,203,198.75,200,46,0
20080910,202,204.6,201.9,204.6,25,0
20080911,206.23,209,206.23,208,77,0
20080912,200.33,200.33,200.33,200.33,15,0
20080915,207.4,215.8,207.4,212.8,66,0
20080916,222.75,227,220,227,110,0
20080917,210.31,219,210.31,219,63,0
20080918,211,211,199.57,201.85,126,0
20080919,195,195,194.14,194.14,20,0
20080923,182.99,182.99,180.9,180.9,25,0
20080924,178.51,178.51,178.5,178.5,19,0
20080925,185.29,188.28,185.29,188.28,35,0
20080926,188.2,188.2,186,186,14,0
20080929,193.96,195,193.96,195,27,0
20080930,214,214,202.48,204.71,109,0
20081001,201.81,206.83,196.55,206.83,65,0
20081002,215.8,221.49,215.8,221.49,119,0
20081003,225.59,225.59,221.08,224.79,129,0
20081006,238.51,241,237.29,240,287,0
20081007,242,246.91,235,235,91,0
20081008,249.01,260,241,241,156,0
20081009,238.73,245.9,238.73,245.9,34,0
20081010,255,271.36,255,270.6,38,0
20081013,267.38,271.52,267.38,268,87,0
20081014,259.22,259.22,253.19,253.19,70,0
20081015,270,280.24,270,279.8,40,0
20081016,313.96,313.96,302.9,311.23,313,0
20081017,311,318.47,309.84,316.79,192,0
20081020,298.3,305.5,298.3,305.5,110,0
20081021,309.72,321.5,309.72,321.5,43,0
20081022,350,357.01,344.3,357.01,291,0
20081023,363.71,368,363.71,366.11,150,0
20081024,391.87,406.5,388.1,388.1,550,0
20081027,415.42,425.56,411.02,414.02,660,0
20081028,401.99,401.99,380.05,391,120,0
20081029,368.98,372.32,339.12,339.12,529,0
20081030,312.07,329.08,312.07,329.08,970,0
20081031,370.9,376,357.87,357.87,177,0
20081103,342.5,342.5,342.5,342.5,3,0
20081104,377.49,378,358.62,358.62,58,0
20081105,342,342.4,325.23,325.23,1138,0
20081106,344,353,341.37,350,734,0
20081107,362.07,375.51,358.62,366.51,520,0
20081110,355,357.96,340.47,353.11,254,0
20081112,377,415,377,410.37,480,0
20081113,435,436.75,415,417.26,573,0
20081114,401.56,425.3,401.56,425.3,126,0
20081118,425,425,425,425,3,0
20081120,482.89,495,479,495,181,0
20081121,505,505,483.2,497.8,72,0
20081124,497,503.2,467.3,468,35,0
20081125,451,451,442.89,442.89,20,0
20081126,455,455,431,431,57,0
20081127,425,430,425,430,16,0
20081128,429.28,429.64,426.2,426.2,217,0
20081201,449,462.2,449,462.2,221,0
20081202,501.6,501.6,475.06,475.06,57,0
20081203,508.22,527.7,503.33,527.7,20,0
20081205,554.09,554.09,554.09,554.09,3,0
20081208,533.43,544,531.26,534.52,23,0
20081209,530.72,536.05,523.68,532.47,56,0
20081210,535.2,535.2,514.89,514.89,12,0
20081211,530,530,476.89,478.22,131,0
20081212,491.42,491.42,487,487,61,0
20081215,472.48,472.48,435.12,446.39,46,0
20081216,482.55,484.23,480.17,483.36,76,0
20081217,469.2,483,467.98,467.98,16,0
20081218,487,487,481.79,484,15,0
20081219,511.65,511.65,510.75,510.75,5,0
20081222,515,515,515,515,2,0
20081223,551,552,551,552,5,0
20081229,523.45,523.45,523.45,523.45,3,0
20081231,550,550,550,550,5,0
20090105,481.19,481.19,478,478,26,0
20090106,453,453,453,453,3,0
20090107,442,442,426.93,437.22,20,0
20090108,482,483,469.91,479.9,37,0
20090109,497.65,505.89,497.65,505.89,5,0
20090112,508.35,531.3,508.35,531.3,82,0
20090113,544.82,547,517,517,29,0
20090114,505,527.81,503,527.81,29,0
20090115,530.66,532.95,513.07,532.95,28,0
20090119,542.92,565,536.31,565,37,0
20090120,600,600,591.84,591.84,19,0
20090121,602.34,602.34,588,588,17,0
20090122,557,582,557,582,242,0
20090126,550,550,535.7,535.7,37,0
20090127,500,570,500,570,61,0
20090128,570,575.21,568,568,49,0
20090129,577.83,579.95,577.83,579.95,12,0
20090130,580,580,578.78,580,22,0
20090202,585.83,599.62,585,594.48,24,0
20090203,615.6,615.6,613,615,10,0
20090204,628.17,630.5,620.38,630.5,16,0
20090205,621.76,626.91,619.73,626.91,16,0
20090206,598,608.98,594.21,608.98,19,0
20090209,598.5,598.5,550.92,550.92,29,0
20090210,571.66,586.6,552.26,552.97,34,0
20090211,604.03,609.42,603.52,605,36,0
20090212,609,625.75,609,625.75,15,0
20090213,620,634.3,620,634.3,4,0
20090216,651.6,665.58,651.6,665.58,8,0
20090217,711,732,704.5,731,48,0
20090218,753.94,761.8,732.64,761.8,312,0
20090219,732.51,732.51,716.04,719.05,103,0
20090223,700,700,656.83,669.43,12,0
20090224,699,699,696.25,696.25,5,0
20090225,670,671.82,670,671.82,4,0
20090226,650,650,636,636,7,0
20090227,635.98,655,626.01,643.52,235,0
20090302,660.61,676,652,675.22,292,0
20090303,688.07,688.07,665,665.87,281,0
20090304,669,669,631.43,631.43,27,0
20090305,628.82,652.88,628.82,645.19,388,0
20090306,660,660,640,640.48,11,0
20090309,640,666,633,636.71,61,0
20090310,644.55,645,622,622,20,0
20090311,637.51,637.51,628,628,26,0
20090312,660,660,660,660,10,0
20090313,579.74,593,579.74,590,6,0
20090316,620,620,616,616,4,0
20090317,590.2,590.2,571.43,580,10,0
20090318,570.72,570.72,570,570,5,0
20090319,545,545,509.64,514.88,78,0
20090320,520,522,520,522,92,0
20090323,500,510.22,490.47,490.47,105,0
20090326,486,486,486,486,32,0
20090327,495,522.77,495,522.77,63,0
20090330,551,552.55,550.58,550.58,12,0
20090331,561,563.56,547.52,563.56,24,0
20090401,559.97,559.97,546.73,546.73,6,0
20090402,510,510,490,490,26,0
20090403,485,485,467.97,480,8,0
20090406,464.52,474.77,464.22,474.77,19,0
20090408,522.55,522.55,522.55,522.55,5,0
20090409,480,482.97,480,482.97,4,0
20090414,473.95,480.94,472,475.23,75,0
20090415,470.02,470.02,470.02,470.02,5,0
20090417,480,486.36,480,486.36,84,0
20090420,491.53,492.41,490.65,490.65,56,0
20090421,538.1,538.1,526.36,531.42,29,0
20090422,535,535,529.15,529.15,3,0
20090424,516.42,516.42,516.42,516.42,5,0
20090427,521,551.29,521,551.29,17,0
20090428,551.92,551.92,551.92,551.92,30,0
20090429,519.75,519.75,509.07,510.45,27,0
20090430,493.26,493.26,493.26,493.26,7,0
20090504,474,474,474,474,25,0
20090505,466.22,466.22,455,455,32,0
20090506,476,476,456,456,34,0
20090507,444.49,444.49,426,426.5,111,0
20090508,433.76,433.76,433.76,433.76,100,0
20090511,428.23,438.86,428.23,432.79,90,0
20090512,428,428,417.99,419.41,44,0
20090513,418,434,418,434,886,0
20090514,440,451,440,444,185,0
20090515,437.5,448.7,437.5,448.7,16,0
20090518,454.69,456,453.94,456,86,0
20090519,441.93,441.93,419.02,432.9,60,0
20090520,422.43,422.43,403.35,419.24,89,0
20090521,406.97,420,406.97,420,44,0
20090522,404.59,406,399.37,403.09,61,0
20090525,404.87,404.87,404.87,404.87,1,0
20090526,413,420.14,413,416.67,988,0
20090527,397,398.55,396.33,398.55,485,0
20090528,397.46,404.82,391.19,393.84,545,0
20090529,385.47,385.47,373.29,375,48,0
20090601,383.99,383.99,356.72,362.92,510,0
20090602,364.03,364.03,357,357,47,0
20090603,351,365,351,363,25,0
20090604,365.5,365.5,360.94,362.18,522,0
20090605,355,364.46,350,364.46,605,0
20090608,370.54,375.01,370.54,370.7,383,0
20090609,360,361.5,351.98,355,867,0
20090610,345,350.87,342.93,350.87,89,0
20090612,341.33,342.03,341.33,342.03,45,0
20090615,340,356,340,356,562,0
20090616,365,365,348,352.14,585,0
20090617,353.72,365,353.72,365,41,0
20090618,352.92,357.73,352.92,356.17,5,0
20090619,354.12,354.12,349.38,349.38,535,0
20090622,363.92,377.6,360.3,376.49,334,0
20090623,398,398,370,372.9,778,0
20090624,372,372,361,366.05,120,0
20090625,365,366.2,360,360.2,1108,0
20090626,350.05,355.14,348,355.14,175,0
20090629,358.92,359.47,352,352,128,0
20090630,336,345,336,345,919,0
20090701,343.76,343.76,334.62,335,1152,0
20090702,346.63,357.72,346,357.72,148,0
20090703,360,360,359.88,359.88,8,0
20090706,378,381.19,376.27,376.27,293,0
20090707,380,382.28,370,382.28,508,0
20090708,387.5,392.64,387,389.27,287,0
20090709,392,395,388.07,395,578,0
20090710,399.87,405.67,397,404.5,324,0
20090713,405,409.53,394.15,409.15,291,0
20090714,394,394,385,385,183,0
20090715,381.1,383.27,375,375,71,0
20090716,368,373.23,368,373.23,301,0
20090717,372.43,372.5,365,365,103,0
20090720,356.5,356.5,349,349,82,0
20090721,349,349.82,337.25,344.46,779,0
20090722,349.67,354,344.95,354,724,0
20090723,338.92,343.21,338.48,340,608,0
20090724,329.79,330.12,325,329.5,571,0
20090727,329.39,329.39,315.5,318.28,258,0
20090728,313.67,325,313,325,573,0
20090729,331.01,333.17,330,333.17,261,0
20090730,341.23,341.77,328.79,328.79,426,0
20090731,320,329.5,320,329.5,56,0
20090803,315,315,296.88,296.88,140,0
20090804,297,301,295.06,295.06,151,0
20090805,293.01,293.01,292,292,34,0
20090806,290,290,287.3,290,65,0
20090807,298.57,299.51,292.06,297.46,188,0
20090810,299.75,300.36,299.75,300.36,215,0
20090811,299.8,305.62,299.8,305.62,155,0
20090812,317,317,305.8,305.8,261,0
20090813,297.43,297.64,293.97,297.64,20,0
20090814,297.43,303.58,297.43,303.58,53,0
20090817,315,327.75,315,326.97,111,0
20090818,318.61,326.5,318.61,324.52,456,0
20090819,315,319.29,310.58,310.78,171,0
20090820,300,303.62,299.1,300.6,595,0
20090821,303,303,289.46,289.46,238,0
20090824,270.1,295.91,270.1,295.29,229,0
20090825,297.2,298,295,295,54,0
20090826,298.82,310.6,298.65,310.6,269,0
20090827,309.58,313.1,306.9,313.1,207,0
20090828,299.5,300.99,295,297.41,355,0
20090831,304.36,311.86,304.12,309.14,490,0
20090901,317.41,317.41,306.55,306.55,356,0
20090902,313.01,335.5,313.01,331,500,0
20090903,322.99,325.04,320,325.04,13,0
20090904,331,331,330.46,330.46,13,0
20090907,323.15,323.24,321.83,321.83,17,0
20090908,317.89,317.89,309.67,312.12,21,0
20090909,311.78,311.78,302.77,302.77,481,0
20090910,306.57,330,306.57,310.22,1151,0
20090911,320,320,307,307,1785,0
20090914,324,329.93,319.96,320,1228,0
20090915,324.88,325,316.21,316.21,567,0
20090916,316.74,316.74,307.5,310.15,1655,0
20090917,304.78,304.78,295.79,296,826,0
20090918,302.71,305.27,299,299.88,208,0
20090921,305.01,318,305.01,316.89,2370,0
20090922,317,317,304,306.42,4895,0
20090923,310,313.51,306.36,313.51,784,0
20090924,325,326,316.36,326,797,0
20090925,332.8,338.47,328.14,329.73,1653,0
20090928,335,340,330.77,333.9,3242,0
20090929,333.89,341,332.47,339.05,2121,0
20090930,338,338.04,327.85,338.04,2850,0
20091001,327.9,327.9,315,319.99,5185,0
20091002,323.9,330.02,319.92,320.26,2942,0
20091005,321.93,326.27,320.71,322.43,276,0
20091006,312.79,314,308.03,308.03,2510,0
20091007,312,317.7,310.82,315.66,1613,0
20091008,315,324.06,315,324.06,1107,0
20091009,318,318,310,311.09,696,0
20091012,291.1,312.5,291.1,300.8,4181,0
20091013,303.9,303.9,295.74,302.1,1957,0
20091014,296,296,288.61,291,1158,0
20091015,288.89,293.97,287,289.35,937,0
20091016,281,286.64,279.47,285,1047,0
20091019,277.8,280.23,275.46,278.09,1511,0
20091020,274.5,275.42,270.9,273.49,1518,0
20091021,275,280.52,274.37,274.37,1067,0
20091022,272.1,273.01,265.98,268.58,1139,0
20091023,265,268.9,263.07,268.9,1521,0
20091026,269.67,269.67,263,267.25,1407,0
20091027,277,281.95,274.17,279.04,1201,0
20091028,278.5,288.48,278.5,286.99,788,0
20091029,292,295,280,280,886,0
20091030,275.12,285.85,275.12,285.78,1392,0
20091102,292,292.1,283.4,284.5,946,0
20091103,288,294.34,288,290.97,1678,0
20091104,291.5,291.5,274.22,275.77,2171,0
20091105,280,280,273,276.66,793,0
20091106,279.7,285,272.47,279.89,1790,0
20091109,275.54,278,272.07,273.35,2558,0
20091110,276,276.15,267.25,268.7,2040,0
20091112,268.09,272.5,268.09,271.04,774,0
20091113,271.08,279,271.01,278.86,914,0
20091116,269.25,272.95,266.35,266.5,1116,0
20091117,264,267,255,256.1,4467,0
20091118,256,263.19,256,262,5461,0
20091119,267,271.1,265.88,270.42,1187,0
20091120,272,278,270,276.55,739,0
20091123,274.99,274.99,262.4,262.61,3631,0
20091124,264.01,274.95,264.01,274.95,5000,0
20091125,272,272,267.14,269.5,1671,0
20091126,270.99,271.19,266.08,271.19,146,0
20091127,280.1,289.44,277.97,279.06,3049,0
20091130,274.88,274.88,268.36,270,3378,0
20091201,268.2,268.2,259.82,261.46,2032,0
20091202,261,262.5,260.7,262.5,3057,0
20091203,263.1,264.5,260.2,264.49,3009,0
20091204,264.5,264.57,257.49,258.77,934,0
20091207,263,272,263,271,2433,0
20091208,271.15,280.97,270,279.1,1249,0
20091209,279.1,285,277.03,284,1501,0
20091210,285.31,294,285.2,294,1628,0
20091211,296,301.1,291.53,301.1,5359,0
20091214,297,299,296.71,296.71,6816,0
20091215,296.56,302.84,296.56,299.72,704,0
20091216,294.3,302,294.1,295.57,3280,0
20091217,300,305.39,297.13,304.63,872,0
20091218,302.88,302.88,299.08,300.72,787,0
20091221,299,302.63,298.88,299.85,9184,0
20091222,301,309.98,301,309.16,1167,0
20091223,303,304.59,299,299,499,0
20091228,286.37,288.8,285,285.94,605,0
20091229,282.5,289.9,280.49,282.75,5223,0
20091230,282.5,282.95,278,282.77,2084,0
20091231,278.2,278.2,278,278,50,0
20100104,276,276.97,269.71,269.75,719,0
20100105,267.65,270.02,267,269.51,1074,0
20100106,270.97,270.97,269.11,269.39,383,0
20100107,264.26,270,264.26,268.72,642,0
20100108,267.4,270.74,266.95,266.95,410,0
20100111,262.39,262.58,258,262.58,1490,0
20100112,270,271.38,264.01,268.25,779,0
20100113,272.64,274,268.6,272.43,325,0
20100114,270.54,274,267.98,273.22,1005,0
20100115,271.99,277.85,269.52,277.85,314,0
20100118,279,280,276.2,277,278,0
20100119,282.15,285,280.81,285,132,0
20100120,280,287,279.94,287,1142,0
20100121,285,292.54,285,285.98,1175,0
20100122,295,305.1,292.28,305.1,1503,0
20100125,303.8,304.05,297.53,301.42,900,0
20100126,309.5,309.5,303.34,303.4,2326,0
20100127,304.91,305,302.29,303.36,85,0
20100128,304.16,308,302.83,308,722,0
20100129,308.5,308.83,302.81,305,1793,0
20100201,304,307.41,303.39,304.1,628,0
20100202,299,299.83,293.5,294.72,2926,0
20100203,287,287.74,280,285.32,3525,0
20100204,303,304.72,293.94,304.72,3262,0
20100205,310,322.65,310,322.65,5959,0
20100208,320.56,331.92,320.4,328.1,4120,0
20100209,327.04,327.04,318.25,318.5,2367,0
20100210,315.16,317.56,309.2,317.52,6978,0
20100211,313.99,313.99,303.67,309.8,5186,0
20100212,306.5,314.33,304.21,308.59,1413,0
20100215,310,310.67,307.74,309.35,1088,0
20100216,303.61,305,297.38,297.4,5202,0
20100217,287.65,291,287.16,291,2508,0
20100218,294.1,298.77,288,290.04,1625,0
20100219,287.65,294.06,287.65,290,1732,0
20100222,284.7,285.21,281.96,285,1094,0
20100223,282,290.3,280,288.78,2976,0
20100224,302,302,289,289.93,321,0
20100225,287.86,297,287.43,295.68,349,0
20100226,288.1,293.61,287.07,289.89,625,0
20100301,279.72,286.21,279.33,283.5,3755,0
20100302,285.71,287.41,280.35,280.35,5622,0
20100303,278,280.22,273.98,274.52,554,0
20100304,275.55,276.85,274,276.07,676,0
20100305,274.35,274.35,268.46,268.5,2656,0
20100308,265.59,268.49,265.2,267.69,385,0
20100309,270.1,276.78,270.1,271.27,1260,0
20100310,273,273,266.48,270.36,581,0
20100311,269.68,271.85,268,269.74,1030,0
20100312,267,267,262.57,266,996,0
20100315,268.19,276,268.19,276,1163,0
20100316,276,276,263.56,263.9,2368,0
20100317,265,265,260.5,264.4,2359,0
20100318,264.4,265.7,262.42,262.42,826,0
20100319,265.4,274.51,265.4,274.51,2421,0
20100322,273.3,283.01,273.3,274.31,3707,0
20100323,273.14,273.3,268,268.07,336,0
20100324,272.8,278,272.8,277,1963,0
20100325,277,277,274.46,275.5,395,0
20100326,266.7,279.2,266.6,278.23,268,0
20100329,273.46,274,268.26,269.53,250,0
20100330,264.99,269,264.99,268.6,242,0
20100331,268,268,262.98,263.18,562,0
20100401,261.8,261.8,256.72,257,1833,0
20100406,256.2,256.2,250.42,253.1,1315,0
20100407,251,255.49,251,252,1510,0
20100408,255.63,259.5,255.63,257.23,565,0
20100409,257.49,257.49,251.01,255.25,2382,0
20100412,256.1,256.1,249.27,251.74,307,0
20100413,252.11,255,252.11,253,209,0
20100414,252.86,252.86,249.76,249.79,314,0
20100415,247,250.48,246,246.06,1749,0
20100416,249.79,251,249.79,251,193,0
20100419,255,265,255,262.44,1727,0
20100420,259.42,259.42,255.5,257,572,0
20100421,255.05,258,254.45,256,1186,0
20100422,254.78,263.37,254.78,263.37,605,0
20100423,259.62,260,257.5,257.5,99,0
20100426,251,253.06,251,253.06,410,0
20100427,256,260,256,258.01,193,0
20100428,266.2,267.82,260.79,264.49,4888,0
20100429,262,262,255.55,257.31,705,0
20100430,260,260,253.53,258.78,2595,0
20100504,254,265.12,253.76,265.12,350,0
20100505,270,292.27,270,289,10716,0
20100506,291.57,301.7,284,296.4,9701,0
20100507,310,317.68,301.78,317.68,7627,0
20100510,293.96,293.96,281.42,293.48,2998,0
20100511,301.36,305,295.3,296.13,1687,0
20100512,299.21,299.21,290,290.07,2287,0
20100513,289,296.23,286.9,295.32,676,0
20100514,289.01,309.5,289.01,309,1294,0
20100517,314.01,326,314,320.23,3613,0
20100518,318.99,324.31,318.99,322.43,1112,0
20100519,328.57,348.47,328.57,342.56,9053,0
20100520,338,361.49,338,360.87,14810,0
20100521,353.8,357,345.15,345.15,1272,0
20100524,340,356,340,351.34,1201,0
20100525,360,380.34,360,375,7950,0
20100526,369,369,356.6,358,228,0
20100527,350.5,351.61,341.09,346,264,0
20100528,331.27,332.88,325.5,329,168,0
20100531,335.53,335.53,335.53,335.53,2,0
20100601,337.01,357.94,337.01,341,7882,0
20100602,350.1,352.82,348.05,350.25,164,0
20100604,339.55,355.35,333,354.61,1728,0
20100607,366.01,372.13,361,362.5,9066,0
20100608,374.7,374.7,361.33,362.38,9212,0
20100609,357.69,361,352.09,352.09,288,0
20100610,350.78,352.71,342.27,342.36,1359,0
20100611,331.01,344.67,331.01,340,1297,0
20100614,335.59,336,329.62,330.27,7394,0
20100615,331.3,332.48,331,331.91,693,0
20100616,323.87,330.5,323.87,327.34,1147,0
20100617,327.64,327.96,315.45,316.66,1163,0
20100618,320,323.21,318.2,323.21,269,0
20100621,312.17,313.97,310.31,310.31,874,0
20100622,315,329.43,315,321.27,7581,0
20100623,322.35,335,321.63,334.81,359,0
20100624,330.1,334.78,326.23,334.78,5141,0
20100625,331.5,337.78,328.38,330.16,3240,0
20100628,324,335.23,324,327.15,7526,0
20100629,340.77,346,338.79,342.67,11842,0
20100630,342,342.96,336.92,337.91,5286,0
20100701,348.52,350,342.58,348.5,8166,0
20100702,345.56,347.4,343.99,347,678,0
20100705,346.6,348,344.45,348,183,0
20100706,344,344,338.09,339.48,148,0
20100707,349.04,349.85,338,338,10042,0
20100708,335,335,324.95,325.67,572,0
20100709,322.32,329.79,322.32,327.02,5665,0
20100712,330,330,324.53,325.44,573,0
20100713,335.25,335.25,318.79,318.9,317,0
20100714,315.9,320,315,318,404,0
20100715,317,318.36,311.88,314.36,94,0
20100716,315.16,322.84,313.26,322.84,146,0
20100719,316.33,316.65,315,316,2541,0
20100720,316.01,326.13,316.01,324.1,4983,0
20100721,320.1,320.1,314.28,318.35,3416,0
20100722,322.91,322.91,312.9,312.9,8588,0
20100723,310,311.08,304.84,311.08,2851,0
20100726,305.5,307.59,303.5,303.87,2286,0
20100727,302.02,303.55,297.54,299.18,170,0
20100728,305.5,312,304.5,308.34,5927,0
20100729,305.5,305.5,298.71,298.71,5252,0
20100730,300,306.78,298.77,304.15,142,0
20100802,294.8,294.8,284,284,686,0
20100803,283,283.23,277.5,281.03,980,0
20100804,276.53,282.06,276,278.28,335,0
20100805,280,282.35,278.7,281.75,465,0
20100806,281,284,276.6,276.6,433,0
20100809,280.37,281.28,279.5,281.25,807,0
20100810,283.86,291.67,283.86,291,501,0
20100811,296.01,298.2,291.6,298,1559,0
20100812,303,313,301.68,307.34,1131,0
20100813,303,312.5,303,311.3,544,0
20100816,309.6,313.25,309.6,313.12,4483,0
20100817,308.46,308.46,303.86,303.96,78,0
20100818,306.13,306.54,302.5,306.54,3601,0
20100819,302.6,307.58,300.54,307.58,1581,0
20100820,308.25,319,308.25,317.5,5989,0
20100823,320,320,316.84,317.97,235,0
20100824,325,333.7,325,333.7,884,0
20100825,328.73,331.03,323.07,329.24,6000,0
20100826,320.36,320.8,315.11,315.11,504,0
20100827,316.5,319.09,312.08,317.13,558,0
20100830,309,311,308.33,310.64,162,0
20100831,317.5,317.5,309.02,309.02,6376,0
20100901,316,317.39,305.64,306.11,1551,0
20100902,307,309.94,307,309.94,113,0
20100903,305,305,297.6,298.55,245,0
20100906,299.4,299.4,297.85,298.75,79,0
20100907,298,308.4,298,305.17,261,0
20100908,300,304,300,300,2550,0
20100909,300,300.75,296.11,296.93,617,0
20100910,300,303.16,298.98,303,77,0
20100913,293.7,296.39,291.96,292.23,3937,0
20100914,292.35,295.5,291.29,291.29,188,0
20100915,291.1,291.54,287.62,290,484,0
20100916,289.61,289.61,286.1,287,1744,0
20100917,287.5,292.08,287,292.08,131,0
20100920,294,294,288.9,290,120,0
20100921,285,286.28,283.61,284.35,375,0
20100922,280,285,280,282,209,0
20100923,286.27,292.89,286.27,291.18,445,0
20100924,295.49,295.49,281.2,281.21,3181,0
20100927,280,285.32,279,285.32,3102,0
20100928,295,295,280.25,283.45,2454,0
20100929,279.5,280.8,276.5,280.44,4079,0
20100930,279.9,279.9,266.91,268,14536,0
20101001,269.77,269.77,257.33,259.18,5543,0
20101004,259,263,258,259,2330,0
20101005,259.5,262,257,257.29,2690,0
20101006,252,255.25,250.17,252.46,1946,0
20101007,249.85,254.82,246.38,253.41,2106,0
20101008,258,264.18,254.32,255.21,4807,0
20101011,251,256.05,251,253,2865,0
20101012,255.57,260,255.57,259.5,675,0
20101013,256.9,256.9,250.1,251.72,377,0
20101014,249,251,244,251,845,0
20101015,251,254.7,248,254.7,114,0
20101018,259,267,256,256,402,0
20101019,259.75,263,255.57,263,926,0
20101020,269.79,269.79,260.01,260.01,384,0
20101021,259,263.4,252.5,257,122,0
20101022,263,263,261,262.9,63,0
20101025,255.5,261.4,254,261.4,119,0
20101026,260.3,264,256,261,324,0
20101027,260.5,264,257.06,263.5,150,0
20101028,266.74,266.74,260,263.9,49,0
20101029,265.9,266,260,261.9,174,0
20101102,256.2,258,251.5,253,170,0
20101103,253,253,250,250.5,387,0
20101104,237,240,234.58,237,718,0
20101105,234.99,240,234.99,240,155,0
20101108,240,250,240,250,247,0
20101109,241,246,238,240.15,249,0
20101110,242,245.4,240,241,128,0
20101112,250.1,252.5,243.63,245,1899,0
20101115,249.6,252.8,247.4,252.8,905,0
20101116,249.47,256.9,249.47,256.9,957,0
20101117,260,263,258.62,262,1854,0
20101118,264,264,254.8,255.75,179,0
20101119,254.9,263,250.75,263,332,0
20101123,262,267,258.45,267,672,0
20101124,263,268,263,265,1303,0
20101125,258,259.6,257.75,257.75,313,0
20101126,264.4,275,262,264.44,722,0
20101129,261,273.9,261,271.83,462,0
20101130,268.3,270,266,270,496,0
20101201,264,269,259.79,260.5,522,0
20101202,252.99,261,252.99,261,142,0
20101203,256,256,244.75,244.75,575,0
20101206,245.2,257.5,245.2,257.5,81,0
20101207,245,260,243.66,260,246,0
20101208,261.99,261.99,252.1,255,54,0
20101209,255,262,255,261.95,30,0
20101210,249.41,250.75,248,250.75,390,0
20101213,250,250,243.61,243.61,232,0
20101214,241.62,245.26,241,245,332,0
20101215,244.98,247.39,243.76,243.76,106,0
20101216,243.79,246.01,243.79,246.01,134,0
20101217,243,246.64,243,246.64,131,0
20101220,247.58,259,246,248,7521,0
20101221,249.97,249.97,241.74,244,4147,0
20101222,248.5,248.5,241,242.85,3532,0
20101223,246,246,241.77,242,1593,0
20101227,241.45,241.72,238.08,241.72,601,0
20101228,240.2,241.55,237.58,241.46,2466,0
20101229,240,241.41,239.5,239.5,318,0
20101230,239.5,239.5,236.7,237.81,856,0
20101231,238.5,241,238.5,241,69,0
20110103,239,239,228.51,238.5,3399,0
20110104,238.44,238.44,229.6,238,4550,0
20110105,236,238.06,234.8,234.8,2229,0
20110107,241.99,241.99,235.61,235.65,1236,0
20110110,239.95,241,235,241,972,0
20110111,238,238,228.63,237,2377,0
20110112,229.99,229.99,222.95,229.49,3354,0
20110113,229.9,229.9,221.2,221.2,1555,0
20110114,223,223,219,219.54,4153,0
20110117,219.2,221.87,219.06,220.14,1463,0
20110118,219,221.6,217.46,221,1430,0
20110119,220.78,220.78,214.47,217,2159,0
20110120,219,226.6,217.51,226,1485,0
20110121,220.44,220.44,218.04,218.04,667,0
20110124,218,225.6,215,225.6,220,0
20110125,218.63,222.5,218.63,219.5,358,0
20110126,219.89,219.89,216.48,218,530,0
20110127,216.49,220.95,212.1,220.95,825,0
20110128,216,218,215,216.12,473,0
20110131,216.12,216.64,212.04,212.5,1077,0
20110201,208.66,210,206.24,210,2702,0
20110202,206.4,207.08,203.27,205.98,2071,0
20110203,203,208.43,202.58,207.8,807,0
20110204,208.6,212.48,206.36,212.48,217,0
20110207,214,214,208.06,211,304,0
20110208,209,214,209,213.99,365,0
20110209,213.99,213.99,207.4,213.96,662,0
20110210,207.85,211,206.12,209.9,238,0
20110211,211,214,208.73,214,1085,0
20110214,210.71,213.51,209,209,143,0
20110215,208.03,208.92,208.01,208.7,423,0
20110216,208.84,210.46,208.17,208.17,308,0
20110217,204,206,204,204.94,395,0
20110218,206.06,210.04,206.06,206.06,188,0
20110221,204.1,204.1,201.5,201.5,5496,0
20110222,199.99,201.68,199.99,200,2315,0
20110223,200,200,192.45,192.45,5442,0
20110224,191.9,191.9,175,188,2776,0
20110225,185.52,192,184,192,1284,0
20110228,192,192,186.28,187.54,1726,0
20110301,186,187.5,186,186,86,0
20110302,185.86,185.86,181.41,182,1816,0
20110303,183.95,184.42,181,184.42,1066,0
20110304,184.34,184.34,179,181.41,1355,0
20110307,183.7,183.7,176.24,179.75,1064,0
20110308,181,188,181,186.4,2144,0
20110309,185.12,185.5,181,182.27,2601,0
20110310,183.54,188.61,180,188,1664,0
20110311,189.2,191.84,187.3,187.3,3355,0
20110314,189.93,190.11,187,187,323,0
20110315,190,197.47,190,193.48,929,0
20110316,194.1,195,191.59,194.5,782,0
20110317,194.5,194.5,187,187,669,0
20110318,181,185.42,181,185.3,500,0
20110321,181,182,180,180.58,153,0
20110322,180.5,182.31,180.5,181,69,0
20110323,179.38,181.94,178.95,181.94,59,0
20110324,181,181.27,179.5,179.5,465,0
20110325,180.74,180.74,179,179,23,0
20110328,181.7,182,180,180,143,0
20110329,181.66,182.7,180.08,180.08,87,0
20110330,179.4,181.15,179.4,181.15,111,0
20110331,180.4,180.4,177,177.7,202,0
20110401,177.52,179.85,177.01,177.01,258,0
20110404,175.2,175.2,172.21,172.5,1513,0
20110405,172.4,173.31,169.82,169.82,1073,0
20110406,167.5,167.51,165.97,165.97,185,0
20110407,168.09,168.09,167,167,273,0
20110408,165,165,161,161,176,0
20110411,160,161,159.5,160,660,0
20110412,161,167.05,161,167.05,2242,0
20110413,164,165.5,162.68,163,555,0
20110414,162.22,164.77,162.22,162.68,1267,0
20110415,162.25,163.7,162.25,162.5,761,0
20110418,163,169,163,169,1695,0
20110419,168.99,169.49,167.58,168.5,856,0
20110420,165,165,160.05,160.05,287,0
20110421,160,160.2,158.15,160.2,484,0
20110426,160.6,160.6,157,157,240,0
20110427,156.5,158,156.1,156.2,278,0
20110428,155,155.58,152.6,155,1487,0
20110429,154.17,155.41,153.25,153.25,64,0
20110502,155.2,157,151.39,151.39,228,0
20110504,157,158,156.09,158,541,0
20110505,159,173.5,158,170,2089,0
20110506,172.5,185,171,171,5490,0
20110509,173.4,179.07,173.16,176.48,1072,0
20110510,176,176,168.6,168.6,615,0
20110511,166.51,171.57,165.41,170,813,0
20110512,172.61,180.03,172.61,176.6,1921,0
20110513,175,179,170.61,179,1692,0
20110516,178,178.5,175.87,175.97,660,0
20110517,175.31,182.51,175.31,182.51,399,0
20110518,177,177,174.5,175.5,208,0
20110519,175.67,176,173,175.6,1807,0
20110520,175.02,181.36,173.13,181.36,529,0
20110523,182,185,182,182.5,690,0
20110524,183.95,183.95,176.93,178.38,318,0
20110525,179.4,179.8,176.05,176.05,364,0
20110526,172.04,176.62,172.04,176.62,583,0
20110527,172.71,174.2,170.88,172,159,0
20110530,172.1,173,172,172.05,77,0
20110531,168.42,168.74,167.43,168,575,0
20110601,167,169.51,166.12,169.51,1049,0
20110602,168.4,169,168.4,169,250,0
20110603,169.78,170.93,168.69,168.69,92,0
20110606,167.66,167.85,167.66,167.85,65,0
20110607,168.01,168.01,164.8,166.13,82,0
20110608,165.04,166.08,163,163.7,545,0
20110609,162,164.88,162,162.95,167,0
20110610,161.83,165.12,161.42,165.12,131,0
20110613,163.42,163.42,161.31,161.31,20,0
20110614,161.83,161.83,160,160,105,0
20110615,160.47,167,160.47,166,89,0
20110616,172.84,176.39,172.5,174.16,1110,0
20110617,177.3,177.3,172.03,174.59,518,0
20110620,176.03,177.96,174.2,174.45,695,0
20110621,172.85,175,172.85,174.2,219,0
20110622,174.28,177.37,172,172,173,0
20110624,181.56,185.65,181.5,185.43,1332,0
20110627,189.5,192.85,186,186.52,1538,0
20110628,182,190,179.4,190,484,0
20110629,177.62,178.63,173.11,173.11,1207,0
20110630,172,173.74,169.07,170.11,2440,0
20110701,169,173.43,169,171.05,1182,0
20110704,170.81,175,169.41,175,130,0
20110705,176,176,169,169.5,357,0
20110706,169.25,172.64,169.25,171,1187,0
20110707,168.61,168.61,161.91,162.4,1179,0
20110708,162.5,164.4,162,164.2,323,0
20110711,165.38,172.75,165.38,172.75,1898,0
20110712,176.17,178,173.04,173.04,1156,0
20110713,172,172,168.72,170.39,511,0
20110714,168.26,169.28,166.55,169.28,764,0
20110715,172,172,168,168,227,0
20110718,172.44,174.05,170.92,173,540,0
20110719,168.03,168.48,165.6,165.96,551,0
20110720,166,166.82,164,165.3,491,0
20110721,164.92,179.9,162,179.9,1226,0
20110722,162.8,163.99,162.25,162.54,1086,0
20110725,169,169,163.68,163.68,671,0
20110726,162,162,160.83,162,324,0
20110727,162,165.05,162,164.12,150,0
20110728,164.4,166.39,164.01,164.12,219,0
20110729,166,167,165.71,167,338,0
20110801,164.5,168,160.97,168,122,0
20110802,170.24,170.65,166.29,166.29,479,0
20110803,169.5,172.93,167.99,172.5,949,0
20110804,172.5,178.36,172.29,178.36,1488,0
20110805,187.41,188,179,182,3149,0
20110808,183,187.32,180,184.5,1700,0
20110809,188.5,198,187,191.85,3752,0
20110810,185.5,193.53,183.4,193.29,3756,0
20110811,189.9,195.99,186.08,189,30210,0
20110812,189.58,189.58,184,188.9,48302,0
20110816,182.72,184.06,181,181,2145,0
20110817,180,180,174.59,176.91,1410,0
20110818,179.71,188,179,188,8175,0
20110819,190,196,181,188,968,0
20110822,190,190,185,188,368,0
20110823,185,185.5,181.51,181.51,103,0
20110824,181.5,183.25,178.62,178.62,133,0
20110825,178,187,176.6,183,1334,0
20110826,178.34,182.2,177.76,177.76,23409,0
20110829,175.02,176.93,172.99,174,8959,0
20110830,174,178.28,172.01,173.58,1383,0
20110831,172.4,173.5,171.58,172,339,0
20110901,173,175,173,174.52,782,0
20110902,176.41,181.6,176.41,179.5,1789,0
20110905,187.5,187.5,182.07,184,2053,0
20110906,184.5,187.95,180.9,187.95,1391,0
20110907,179.99,181.55,177.5,177.87,1095,0
20110908,176,180.04,176,179.36,388,0
20110909,184,192,182.7,188.43,2108,0
20110912,194,197.5,193.04,194.5,1906,0
20110913,192.52,197,192.11,193.2,3167,0
20110914,196,198,195.06,198,582,0
20110915,197,197,184.85,188.89,948,0
20110916,186.8,187.16,184,186,1034,0
20110919,192.5,198.18,190,197,892,0
20110920,197,198.41,191.66,191.66,1819,0
20110921,191.01,199,191.01,193,315,0
20110922,200,212.5,200,210.11,3904,0
20110923,209,218.42,206.1,206.81,6620,0
20110926,214,218.5,207.24,209.04,3066,0
20110927,208.5,208.5,202,202,487,0
20110928,203.6,206.81,202,205.27,456,0
20110929,205.31,209.69,204.92,208.45,1138,0
20110930,210,217.45,208.27,217,1642,0
20111003,227.7,227.7,216,218,3591,0
20111004,222,227,218.3,218.3,2991,0
20111005,216.5,219.5,203.3,216.66,4220,0
20111006,207,216.74,207,211,2354,0
20111007,207,208.56,202.04,205.92,40241,0
20111010,205.1,205.1,194.5,194.88,1568,0
20111011,194.51,199.64,194.51,196.1,1273,0
20111012,193,193,186.85,187,1216,0
20111013,181,194.7,181,192.81,25392,0
20111014,188.46,188.62,182,182.75,939,0
20111017,180.75,187,177,186.1,2193,0
20111018,192,192.25,189,189,2160,0
20111019,187.85,187.98,184.7,187.77,792,0
20111020,193,195,189,194.7,3436,0
20111021,193.89,193.89,184.1,185.53,604,0
20111024,185,189,185,186.51,605,0
20111025,183.13,190.07,182.56,187.73,1110,0
20111026,183.8,190.53,183.7,190.53,557,0
20111027,185,185,178,178,1704,0
20111028,180.98,182.07,177.75,181,1181,0
20111031,183.48,189.92,183.48,189.92,1170,0
20111102,191.9,191.99,185.18,186,1437,0
20111103,191,194,187.75,187.75,750,0
20111104,185.1,188.92,181.83,186.5,1754,0
20111107,187.99,187.99,179.51,181,2349,0
20111108,179,182,177,177,1228,0
20111109,178,187.7,178,184,1294,0
20111110,188.36,188.54,184.1,188.13,659,0
20111114,182.94,187.45,182,187.45,301,0
20111115,188,188.5,186,188.5,812,0
20111116,188.71,191.5,186.91,188,3347,0
20111117,188.8,193.9,188.79,193.36,3167,0
20111118,193,194.5,189.35,194,740,0
20111121,196,200.2,196,199.5,519,0
20111122,201,201,194.84,197.8,347,0
20111123,197.8,202,196.23,202,840,0
20111124,201.99,201.99,198.15,200.89,1299,0
20111125,204.28,206.5,198.2,204.75,472,0
20111128,200.87,201.5,197.71,201.5,1382,0
20111129,198.74,199,196.5,196.5,428,0
20111130,200.19,200.19,190,191.74,1634,0
20111201,190,197,190,197,35355,0
20111202,196.6,199.55,196.6,199.55,119,0
20111205,198,198,191,191.7,400,0
20111206,195.06,195.64,195.06,195.64,519,0
20111207,194.82,195.42,194.54,194.54,138,0
20111208,194,202,192.11,202,464,0
20111209,204.75,204.75,198,200,132,0
20111212,202.5,205.6,202.5,205.5,1084,0
20111213,206,206,203.5,205,265,0
20111214,203.5,212.4,203.5,212,2931,0
20111215,212,213,210.05,213,1148,0
20111216,213,213,209.22,211.36,224,0
20111219,212,213.38,209.2,209.2,586,0
20111220,210,210,201,202,1192,0
20111221,199.44,204.03,199.44,202,582,0
20111222,199.37,200.03,199.37,200.03,814,0
20111223,199,199,199,199,10,0
20111227,199.55,199.55,196.63,196.63,720,0
20111228,198.28,201.42,196.79,201.42,444,0
20111229,201.92,205,201.92,202.18,308,0
20111230,202.41,208.8,202.41,204.8,105,0
20120102,204,204,204,204,10,0
20120103,199.61,200.62,196,196,229,0
20120104,194.25,197,193.87,196.84,138,0
20120105,192.1,197.89,192.1,197.75,60,0
20120109,196.5,198.87,196.5,198.87,1003,0
20120110,198.72,198.72,194.32,195,731,0
20120111,194.43,198.79,194.43,198.79,357,0
20120112,194,196.3,191.6,191.6,736,0
20120113,193.6,200,193.6,198.72,280,0
20120116,198.8,198.8,196.65,196.65,60,0
20120117,193.25,194.5,191.2,194.5,447,0
20120118,191.21,193.1,191,192.36,550,0
20120119,192.01,192.01,191,191.5,152,0
20120120,190.05,192.5,190,192.5,579,0
20120123,193.3,193.3,186.9,187.5,199,0
20120124,188,190,186.54,189.74,75,0
20120125,187.5,191.08,187.5,191.08,40,0
20120126,187.3,187.3,181.6,184.09,517,0
20120127,181.45,185,181.45,182.5,175,0
20120130,184,184.89,184,184,577,0
20120131,181.14,183.67,179.8,183.54,289,0
20120201,183.65,183.65,177.78,177.78,602,0
20120202,180.93,181.57,180.72,180.72,361,0
20120203,179.97,180.37,175.31,176.2,1302,0
20120206,177.32,179.2,175.01,175.01,337,0
20120207,174.01,174.95,169.8,169.8,130,0
20120208,169.9,171.7,168.69,171.65,99,0
20120209,168,171.98,168,169,150,0
20120210,174.99,174.99,171.17,173.51,1110,0
20120213,169,169.27,169,169.27,83,0
20120214,170.3,170.66,157,157,221,0
20120215,167.9,170.46,167.22,169,849,0
20120216,170,173.53,170,173.53,1050,0
20120217,169.1,169.1,166.61,168.58,12253,0
20120220,165,165.56,163.67,164.24,153,0
20120221,166.29,167.48,163.86,163.86,135,0
20120222,163.53,165.12,161.44,161.44,230,0
20120223,161.98,161.98,158.25,161.15,1506,0
20120224,158.58,174.59,157.84,174.59,127,0
20120227,158.11,159.22,158,158,1030,0
20120228,158.11,158.79,157.45,157.45,88,0
20120229,158.1,174.7,157.84,174.7,321,0
20120301,159.67,169.89,155.05,169.89,824,0
20120302,155.1,157.5,155.1,157.5,646,0
20120305,159.86,160.71,156,156,11979,0
20120306,160.34,164.9,159.66,164.9,536,0
20120307,160.98,162.85,160,160,296,0
20120308,162,183.5,154,154,1085,0
20120309,156,157.4,156,156.91,342,0
20120312,155.66,163.7,155.66,163.7,482,0
20120313,156.13,159.11,155.1,155.1,4681,0
20120314,158,159.15,158,159.15,58,0
20120315,158.05,161,157.99,161,309,0
20120316,161.5,161.5,156.88,157.74,714,0
20120319,155,155.72,154.5,154.5,435,0
20120320,156.42,157.96,156.42,157.78,1015,0
20120321,157.2,157.73,157.2,157.73,22,0
20120322,160,161.75,160,161,465,0
20120323,156.96,156.96,154.41,154.41,26,0
20120327,155,155,153.86,154,100,0
20120328,156,158.26,156,158.26,38,0
20120329,157,159.79,157,159.5,701,0
20120330,156.9,158.11,156.9,158.11,446,0
20120402,160,160,156.15,156.15,220,0
20120403,154.83,155.14,154.59,154.59,251,0
20120404,157.19,161.29,156.04,161.29,308,0
20120405,161,162.5,159.66,160.06,907,0
20120410,163.62,164.5,161.5,164.5,162,0
20120411,164.5,166,163.84,166,632,0
20120412,163.07,165.43,162.88,165.29,654,0
20120413,162.66,164.09,161,164.09,331,0
20120416,165.1,166.86,165.1,165.13,361,0
20120417,166.1,166.1,164,164.08,732,0
20120418,165,168.66,165,167.15,142,0
20120419,166,166,164.58,164.58,113,0
20120423,167.38,168,165.67,168,756,0
20120424,165.51,167.08,165.1,167.08,245,0
20120425,164,167,163.03,167,275,0
20120426,162.17,163.7,162.17,163.7,612,0
20120427,162.19,162.19,161.51,161.77,46,0
20120430,162.05,162.5,162.05,162.15,67,0
20120502,163.44,164,163.16,163.16,716,0
20120504,168.5,175.5,168.5,175,1415,0
20120507,175,177.77,174.53,176.51,417,0
20120508,176,180,175.5,180,984,0
20120509,176.87,180.6,176.18,180.6,107,0
20120510,176.39,177.85,176.11,177,89,0
20120511,180.36,181.92,179,179,178,0
20120514,184.26,187,184.26,187,291,0
20120515,186.11,187,186.11,187,67,0
20120516,191,193,187.48,188,571,0
20120517,190.64,194,190.51,194,517,0
20120518,198,198,193.92,193.92,716,0
20120521,192.39,193,190.2,190.2,130,0
20120522,187.97,191.79,187.97,191,351,0
20120523,196.5,200.5,196.5,199.66,1130,0
20120524,199,203.71,196.88,196.88,1267,0
20120525,197.01,200,197.01,200,93,0
20120528,197.6,197.6,194.71,196.46,20214,0
20120529,195,198.6,195,196.8,173,0
20120530,200,209.1,200,209.1,1293,0
20120531,206.5,214,206.5,213.5,413,0
20120601,212,224.68,212,221.27,1307,0
20120604,225,225.48,218,220,1220,0
20120605,217,220,216.9,217,246,0
20120606,217,217,209,209.5,1343,0
20120608,210.4,216.44,210.4,215,565,0
20120611,210,210,205.78,210,1919,0
20120612,216.66,216.66,215.5,215.65,187,0
20120613,214.8,216.01,214.8,215.5,370,0
20120614,215,215,214.27,214.27,141,0
20120615,210.06,211.68,209.27,209.27,838,0
20120618,208,225,208,215.74,1086,0
20120619,215.44,215.44,210,210,305,0
20120620,207.15,214.26,207.15,214.26,581,0
20120621,221.42,225.3,220.25,225.3,1672,0
20120622,230,233.07,221,227.02,287,0
20120625,229.15,229.16,227.42,228,468,0
20120626,226.43,226.66,226.43,226.66,58,0
20120627,224,224,220,220,15047,0
20120628,224.86,227.73,222.83,227.73,216,0
20120629,224.9,224.9,211.5,212,734,0
20120702,209.68,210.5,209,209.84,408,0
20120703,203.8,203.8,197.09,199.82,1124,0
20120704,200,202.2,200,202,339,0
20120705,200.06,203,197,203,266,0
20120706,204.88,206.55,204.88,206.3,1003,0
20120709,209.85,211.46,209.65,210,430,0
20120710,208.01,208.01,205.53,205.53,547,0
20120711,207.55,207.55,205,205,160,0
20120712,206.73,210.53,206.73,209.88,278,0
20120713,201.38,201.38,200.31,201.18,13,0
20120716,200,200,200,200,55,0
20120717,194.14,197.06,193.7,197.06,590,0
20120718,193,193.15,193,193.15,27,0
20120719,192,192,187.6,188.17,638,0
20120720,188,188,188,188,40,0
20120723,196.75,200,196.75,200,530,0
20120724,200.5,201.9,200.5,201.84,855,0
20120725,201.25,201.25,198.24,200.88,72,0
20120726,195.93,198.7,188,188,2261,0
20120727,191.1,191.1,186,186,364,0
20120730,188.28,188.69,186.7,186.7,39,0
20120731,188.3,188.3,188.3,188.3,200,0
20120802,186,189.88,184,189.88,237,0
20120803,186.1,186.2,179.3,179.42,137,0
20120806,178.24,180,175.97,175.97,745,0
20120807,174.56,175.9,174.56,175.18,3532,0
20120808,176.48,178.2,173.18,173.18,8168,0
20120809,175.54,177.58,175.54,176.5,3110,0
20120810,175.55,177.51,174.4,175.54,2691,0
20120813,175,175,173,173,19,0
20120816,170.12,170.21,167.08,168,96,0
20120817,170.57,171.64,170.57,171.64,29,0
20120820,170.5,170.5,168.5,169.14,31,0
20120821,167.51,167.51,165.5,165.52,130,0
20120822,168.7,168.7,167.5,167.5,290,0
20120823,165,165,163.3,163.99,449,0
20120824,167.45,167.45,166,166,473,0
20120827,166.35,170.1,166.35,169.5,120,0
20120828,170.02,171.16,169.54,170,901,0
20120829,171.2,178.5,171.2,178.5,1150,0
20120830,175,175,172,174.9,1084,0
20120831,174,174,170,171.46,761,0
20120903,170,170,169.06,169.06,160,0
20120904,167.7,170.54,167.08,170.54,294,0
20120905,171.76,171.9,170.9,171.5,161,0
20120906,170.3,170.3,166.33,166.33,246,0
20120907,167.71,167.71,165,165.8,523,0
20120910,160.9,164.2,160.9,163.38,136,0
20120911,163.28,163.28,161.33,161.7,165,0
20120912,161,161.58,159.67,160.48,153,0
20120913,160.88,160.98,158.94,159.55,217,0
20120914,156.9,156.9,152.65,153.71,1012,0
20120917,155.2,156.6,155.2,156.48,1291,0
20120918,158.9,162.5,158.9,160.91,873,0
20120919,162.05,170.29,161.92,169.63,651,0
20120920,175.48,175.48,170.96,170.96,1181,0
20120921,166.44,167.5,165.5,165.99,67,0
20120924,167.88,170,167.88,169.7,112,0
20120925,168.66,168.9,166.2,166.97,345,0
20120926,169.5,172.68,169.5,172,240,0
20120927,169.2,169.2,167.13,167.14,151,0
20120928,164.61,165.65,162.21,165.65,684,0
20121001,164.63,165.44,162.61,162.96,340,0
20121002,164.03,164.03,163.61,163.61,255,0
20121003,166.54,169.3,166.54,168.96,3008,0
20121004,171.48,171.48,165.78,165.78,726,0
20121005,162,162,159.83,160.95,372,0
20121008,163.5,164.28,162.15,162.15,92,0
20121009,161.81,162.29,160.33,160.33,258,0
20121010,160.01,161.47,159.1,159.67,1198,0
20121011,160.25,160.25,157.83,157.83,385,0
20121012,158.3,159.89,157.77,159.89,361,0
20121015,158.39,159.9,158.39,159.9,70,0
20121016,157.16,157.33,156.45,157,45,0
20121017,157.5,158.69,156.63,158.69,958,0
20121018,157,159.46,157,159.46,60,0
20121019,160,160.68,158.35,160.09,763,0
20121022,163.54,163.54,162.46,162.96,430,0
20121023,165.59,169.57,165.14,169.15,587,0
20121024,166.02,169.5,166.02,169.39,1298,0
20121025,168.04,169.19,166.92,169.18,543,0
20121026,171.01,171.01,167.68,167.68,852,0
20121029,168.61,168.61,166.8,166.8,120,0
20121030,166.5,166.8,166.33,166.33,280,0
20121031,166.7,166.9,166.7,166.9,150,0
20121102,168.75,172.1,168.75,172.1,351,0
20121105,173.51,175.3,173.51,173.85,832,0
20121106,171.58,171.6,168,168.84,2342,0
20121107,165,171,164.66,170.93,2084,0
20121108,171.99,175,171.75,175,161,0
20121109,173,175.39,172.87,172.87,181,0
20121112,171.3,171.3,169.86,169.86,360,0
20121113,172.48,174.02,172.46,173.5,612,0
20121114,171,171.55,170.39,171.09,479,0
20121116,170,170,169.27,169.27,195,0
20121119,166.9,166.9,163,163.74,347,0
20121120,163.67,164.1,163,164,144,0
20121121,165.2,165.66,163.6,163.6,117,0
20121122,163.27,163.27,162.62,162.62,245,0
20121123,163.4,163.4,160.75,160.86,193,0
20121126,161.32,161.32,160.32,160.8,939,0
20121127,160,161.88,160,161.88,315,0
20121128,163.17,164.63,163.17,163.75,267,0
20121129,162.2,162.2,159.68,159.68,496,0
20121130,160.8,160.8,160.2,160.2,193,0
20121203,159.28,159.6,159,159,288,0
20121204,161.04,162.51,161.04,162.51,421,0
20121205,161.13,163.32,161.13,163.32,239,0
20121206,163.45,166,162.57,165.6,713,0
20121207,167.25,168.36,167.1,167.3,143,0
20121211,164.87,164.87,164.87,164.87,20,0
20121212,163.46,163.55,162.4,163.03,155,0
20121213,161.51,162.76,161.51,162,1287,0
20121214,163.74,163.74,161.51,161.51,39,0
20121217,160.56,160.83,160.14,160.31,10820,0
20121218,159.9,159.9,158.43,158.5,1196,0
20121219,158.6,158.6,155.85,156.07,226,0
20121220,155.18,155.76,155.18,155.68,55,0
20121221,157,158.15,157,158.15,42,0
20121227,155.5,155.5,154.19,154.41,100,0
20121228,154.01,155.88,154.01,155.52,435,0
20130102,153.27,153.27,151.8,151.8,124,0
20130103,154.04,155,154.04,155,33,0
20130104,159.05,159.8,157.25,157.25,69,0
20130107,158.37,158.84,158,158,69,0
20130108,157,157.46,156.38,157.46,50,0
20130109,156.07,156.07,156.07,156.07,12,0
20130110,156,156,152.7,152.7,62,0
20130111,153.93,156,153.93,155.57,86,0
20130114,160,160,160,160,100,0
20130115,152.65,154.22,152.19,154.06,355,0
20130116,156.54,156.54,156.54,156.54,2,0
20130117,155.42,155.42,153.39,154.1,118,0
20130118,152.9,154.1,152.9,154.1,5,0
20130121,154.12,154.53,154.12,154.53,125,0
20130123,153.1,153.42,153,153.42,382,0
20130124,152.5,152.5,152.5,152.5,5,0
20130125,152,152,150.38,150.65,91,0
20130128,152.15,152.15,151.85,152,328,0
20130129,152,152.44,151.41,152.44,127,0
20130130,149,149.26,148.5,148.6,1133,0
20130131,148.77,148.77,148.47,148.47,110,0
20130201,149,149,143.75,143.75,880,0
20130204,144,146.47,143.9,146.47,1482,0
20130205,148.1,148.1,145.24,145.24,108,0
20130206,145.53,147.44,145.53,146.15,461,0
20130207,146.8,147.08,146.8,146.85,20,0
20130208,145.64,145.64,143.8,143.82,605,0
20130211,144.26,145.29,144.26,145,321,0
20130212,143.38,143.45,143.38,143.45,438,0
20130213,143.45,143.59,143.45,143.59,20,0
20130218,145.2,145.2,145.2,145.2,160,0
20130220,143.9,146.91,143.9,146.91,116,0
20130221,150.97,151.63,149.87,149.87,507,0
20130222,149.52,150.5,149.52,150.5,283,0
20130225,148.6,149.94,147.1,149.94,90,0
20130226,153.4,153.4,151.72,152.65,514,0
20130227,152.98,153.52,152.89,153.52,530,0
20130228,153.61,154.49,153.51,153.51,18,0
20130301,155.12,157.69,155.12,156.6,3433,0
20130304,156.46,156.46,156.46,156.46,16,0
20130305,155.43,156,155.43,156,323,0
20130306,153.79,157,153.79,156.76,2984,0
20130307,157,158.5,156.99,156.99,80,0
20130311,156.68,157.5,156.68,156.9,510,0
20130313,158.2,158.81,158.2,158.81,310,0
20130314,159.99,159.99,159.99,159.99,17,0
20130318,160,160.06,158.97,160.06,422,0
20130319,160.53,160.53,160.53,160.53,96,0
20130320,160.5,161.1,159.9,160.85,524,0
20130321,161,162.05,161,161.72,64,0
20130322,161.7,163,161.56,161.56,268,0
20130325,159.25,161.35,159.11,161.35,1197,0
20130326,161.5,162.1,161.25,162.1,148,0
20130328,160.93,160.93,160.01,160.01,512,0
20130402,157.9,158.97,157.5,158.97,2037,0
20130403,160,161.29,160,161.29,31,0
20130404,163.38,165.5,163.38,165.5,563,0
20130405,164.82,164.82,164.07,164.07,100,0
20130408,162.53,163.06,162.53,163.06,34,0
20130410,159.94,159.94,159.1,159.1,70,0
20130411,160.35,160.66,160.35,160.66,1274,0
20130412,164.03,165.5,164.03,165.5,886,0
20130417,166.99,169.15,166.99,169.15,43,0
20130418,171.44,172.29,170.98,172.29,196,0
20130419,168.64,168.64,168.24,168.28,132,0
20130422,167.52,169.32,167.52,169.32,92,0
20130423,171.59,172.21,171.5,171.5,83,0
20130425,167.91,167.91,166.95,167.25,50,0
20130426,166.54,166.54,166.54,166.54,10,0
20130429,164.99,164.99,163.79,163.79,411,0
20130430,163.6,163.6,163.6,163.6,4,0
20130502,168.46,168.46,166.98,166.98,610,0
20130506,163,163,163,163,5,0
20130507,161.69,161.69,159.67,159.67,111,0
20130508,161.43,161.43,161.33,161.35,27,0
20130510,163.42,167.13,163.42,167.13,410,0
20130514,167.48,167.48,167.48,167.48,20,0
20130515,168.83,170.15,168.83,170.15,1091,0
20130517,165.64,165.91,165,165.91,566,0
20130520,165.84,165.84,165.84,165.84,64,0
20130521,167.13,167.13,167.13,167.13,500,0
20130522,166.79,166.79,165.25,165.25,1114,0
20130523,171.04,171.04,171.04,171.04,10,0
20130527,168.37,168.37,168.37,168.37,7,0
20130528,167.85,167.85,165.58,165.58,172,0
20130531,172.02,173.33,172.02,172.51,335,0
20130603,172.64,172.64,172.64,172.64,295,0
20130605,167.09,167.09,167.09,167.09,1000,0
20130606,168.2,168.2,167.87,167.87,1010,0
20130610,164.75,164.75,164.11,164.11,314,0
20130611,165.02,166.52,165.02,166.52,38,0
20130612,163.23,163.23,163.23,163.23,5,0
20130613,163.3,163.3,163.3,163.3,7,0
20130614,158.37,158.37,158.37,158.37,7,0
20130617,158.85,158.85,157.67,157.67,159,0
20130618,159.64,159.64,159.4,159.4,111,0
20130619,158.57,158.64,158,158,21,0
20130620,165.03,169.04,164.12,169.04,235,0
20130621,168.43,172.07,167.71,172.07,287,0
20130624,175.19,175.58,173.4,174.38,529,0
20130626,172.27,174.23,172.27,174.01,275,0
20130627,171.2,171.2,171.2,171.2,5,0
20130628,169.85,171.21,169.85,171.21,93,0
20130702,170,170.04,170,170.04,16,0
20130703,168.02,168.02,168,168,129,0
20130704,166.45,166.45,165.65,165.65,163,0
20130705,164.63,164.63,164.63,164.63,20,0
20130710,164.47,164.47,164.47,164.47,18,0
20130712,161.33,161.33,161.33,161.33,200,0
20130715,159.77,160.27,159.77,160.27,20,0
20130716,158.46,158.46,156.33,156.33,627,0
20130717,157.97,157.97,157.04,157.04,17,0
20130718,156.87,156.87,156.75,156.75,1000,0
20130719,155.71,155.71,155.71,155.71,10,0
20130722,154.89,155.39,154.89,155.39,38,0
20130723,154.7,155.91,153.93,153.93,61,0
20130724,154.14,155.18,154.14,155.18,145,0
20130725,156.88,157.25,156.88,157.25,24,0
20130729,155,155.06,155,155.06,105,0
20130731,156.93,158.79,156.76,157.98,2971,0
20130801,155.09,155.09,153.14,154.04,50,0
20130802,154.18,154.18,154.18,154.18,3,0
20130805,154.59,154.59,154.59,154.59,30,0
20130807,154.06,154.06,154.06,154.06,7000,0
20130808,155.69,156.05,155.69,156.05,670,0
20130809,153.49,153.49,153.49,153.49,43,0
20130812,152.82,152.82,152.82,152.82,50,0
20130813,150.3,150.48,149.63,150.48,92,0
20130816,148.89,148.89,148.89,148.89,100,0
20130819,148.95,148.96,148.55,148.96,23,0
20130821,149.5,149.5,148.99,148.99,12,0
20130822,149.47,149.47,149.47,149.47,6,0
20130823,148.21,148.21,148.21,148.21,10,0
20130827,147.65,147.65,144.08,144.08,149,0
20130828,141.58,143.23,141.58,143.23,354,0
20130829,143.75,144.39,143.75,144.39,12,0
20130830,144.43,144.43,143.99,143.99,606,0
20130902,146.15,146.15,144.54,144.54,690,0
20130903,145.41,145.41,145.41,145.41,6,0
20130904,144.21,145.39,144.21,145.39,19930,0
20130905,144.68,146.37,144.48,146.37,94,0
20130906,146.46,146.46,146.46,146.46,25,0
20130909,144.02,144.81,144.02,144.1,67,0
20130910,146.65,148.51,146.65,147.24,1366,0
20130911,147,147,145.73,145.73,37,0
20130912,145.88,145.88,143.98,143.98,87,0
20130913,144.98,144.98,144.26,144.26,90,0
20130916,143.02,145.26,142.74,144.95,93,0
20130917,146.02,146.1,146.02,146.1,129,0
20130918,147.83,148.37,147.83,148.07,46,0
20130919,140.68,140.99,140.27,140.27,248,0
20130920,143.31,144.67,143.31,144.31,159,0
20130924,147,147.03,146.96,147.03,42,0
20130925,143.97,144.38,143.97,144.38,50,0
20130930,146.12,146.22,145.48,146.08,425,0
20131001,145.59,145.59,145.59,145.59,8,0
20131004,142.48,142.48,142.48,142.48,3,0
20131010,142.57,142.57,142.57,142.57,10,0
20131011,139.98,139.98,139.26,139.26,159,0
20131015,141.63,142.23,141.19,141.19,135,0
20131016,139.93,139.93,139.93,139.93,7,0
20131017,139.22,139.22,139.22,139.22,3,0
20131018,140,140,140,140,9,0
20131021,139.03,139.03,139.03,139.03,7,0
20131022,139,139,139,139,100,0
20131023,138.01,138.43,138.01,138.31,1080,0
20131024,140.99,141,140.71,141,356,0
20131029,139.6,139.6,138.73,138.73,872,0
20131030,139.03,139.1,139.03,139.1,43,0
20131031,139.06,141.43,139.06,141.43,1071,0
20131104,145.28,145.5,145.02,145.5,1723,0
20131105,144.85,144.85,144.85,144.85,70,0
20131106,144.74,145.12,144.74,145.12,42,0
20131107,149.03,149.95,149.03,149.95,32,0
20131108,149,149,149,149,62,0
20131112,148.16,148.16,148.16,148.16,27,0
20131115,143.04,143.04,143.04,143.04,70,0
20131118,142.01,142.01,142.01,142.01,81,0
20131119,141.78,142.42,141.78,142.42,50,0
20131121,143.65,143.65,143.65,143.65,16,0
20131122,140.03,140.03,139.78,139.78,266,0
20131125,141.38,141.5,140.96,140.96,310,0
20131126,139.2,139.2,139.2,139.2,9,0
20131129,138.44,138.44,138.42,138.42,90,0
20131202,140.31,140.33,140.31,140.33,548,0
20131204,136.65,137.41,136.65,137.41,97,0
20131205,136.63,137.47,136.63,137.47,68,0
20131210,137.53,137.53,137.53,137.53,75,0
20131211,138.51,138.51,138.51,138.51,1,0
20131213,138.47,139.83,138.47,139.83,29,0
20131218,138.09,138.09,138.09,138.09,10,0
20131220,136.04,136.04,135.16,135.16,57,0
20131223,134.25,134.82,134.25,134.82,549,0
20131227,133.31,133.31,132.74,132.74,24,0
20131230,132.66,133.82,132.66,133.82,76,0
20140102,135.83,138.01,135.83,138.01,152,0
20140107,140.79,140.82,140.74,140.74,41,0
20140109,140.03,140.03,140.03,140.03,15,0
20140110,141.18,142,140.78,140.78,57,0
20140115,141.8,141.8,141.8,141.8,10,0
20140116,141.39,141.39,141.03,141.03,276,0
20140127,140.51,140.51,140.51,140.51,10,0
20140128,139.9,140.41,139.9,140,44,0
20140130,141.79,141.79,141.54,141.54,69,0
20140131,142.38,143.79,142.18,143.79,340,0
20140203,144.57,144.57,144.57,144.57,2,0
20140204,144.13,144.34,144.13,144.34,152,0
20140206,140.58,140.58,140.58,140.58,10,0
20140207,139.57,139.57,139.57,139.57,12,0
20140210,137.43,137.43,137.43,137.43,12,0
20140211,137.19,137.63,137.19,137.63,143,0
20140212,137.2,137.2,137.2,137.2,100,0
20140213,137.96,137.96,137.36,137.36,423,0
20140214,136.84,136.84,136.48,136.48,29,0
20140217,135.46,135.46,135.46,135.46,15,0
20140218,135.02,135.02,135,135,113,0
20140219,133.73,134,133.73,134,35,0
20140221,134.19,134.25,134.19,134.25,240,0
20140224,133.95,133.95,133.83,133.83,36,0
20140225,133.53,133.53,133.53,133.53,20,0
20140227,137.08,137.08,137.08,137.08,57,0
20140303,133.8,133.8,133.16,133.16,65,0
20140306,136.91,137.25,136.91,137.25,409,0
20140310,136.46,136.46,136.46,136.46,365,0
20140311,136.2,136.2,136.2,136.2,6602,0
20140313,135.9,135.9,135.9,135.9,7,0
20140314,137.52,137.73,137.52,137.73,35,0
20140317,136.22,136.78,136.22,136.78,35,0
20140318,137.05,137.05,136.81,136.81,487,0
20140320,138.87,138.87,138.61,138.61,17,0
20140321,137.37,137.37,136.77,136.8,24,0
20140324,136.85,136.85,136.85,136.85,8,0
20140325,136.48,136.48,136.48,136.48,13,0
20140327,136.64,136.64,136.45,136.45,30,0
20140328,135,135,135,135,9,0
20140331,134.9,134.9,134.9,134.9,10,0
20140401,135.64,135.64,135.64,135.64,65,0
20140402,139.46,139.46,139.46,139.46,22,0
20140404,137,137,137,137,10,0
20140407,138.4,138.4,138.4,138.4,500,0
20140408,136.74,136.74,136.74,136.74,10,0
20140409,135.91,135.91,135.49,135.49,30,0
20140410,134.68,134.95,134.68,134.95,30,0
20140414,134.98,134.98,134.98,134.98,20,0
20140415,134.1,134.3,134.1,134.3,33,0
20140416,133.5,133.5,132.05,132.74,35559,0
20140502,133.51,133.58,133.51,133.58,150,0
20140505,133.78,133.78,133.78,133.78,10,0
20140509,133.4,133.4,133.4,133.4,3,0
20140521,132.13,132.13,132.08,132.08,24,0
20140523,131.67,131.67,131.67,131.67,10,0
20140604,133.21,133.21,133.21,133.21,3,0
20140610,131.51,131.51,131.51,131.51,100,0
20140612,130.7,130.7,130.7,130.7,88,0
20140613,126.58,127.24,126.58,127.24,51,0
20140616,127.98,127.98,127.98,127.98,37,0
20140617,128.43,128.43,128.43,128.43,36,0
20140620,125.6,126.16,125.6,126.16,50,0
20140701,127.29,127.29,127.29,127.29,20,0
20140704,129.85,129.85,129.85,129.85,36,0
20140707,130.32,130.32,130.32,130.32,132,0
20140709,131.65,132.03,131.65,132.03,33,0
20140710,133.47,133.47,133.47,133.47,15,0
20140717,136.26,136.94,136.24,136.94,238,0
20140718,137.2,137.2,137.2,137.2,5,0
20140721,135.64,135.64,135.64,135.64,6,0
20140722,134.5,134.5,134.46,134.46,28,0
20140723,135.53,135.53,135.02,135.02,8,0
20140728,135.2,135.23,135.2,135.23,6,0
20140730,135.54,136.3,135.54,136.3,35,0
20140731,137.95,139.13,137.95,138.11,71,0
20140801,139.34,139.48,139.34,139.48,115,0
20140805,139.83,140.6,139.83,140.6,237,0
20140806,140.83,141.19,140.83,141.19,70,0
20140807,141.97,141.98,140.21,140.21,30,0
20140808,139.58,139.64,138.9,138.9,402,0
20140811,141.29,141.29,141.29,141.29,14,0
20140812,143.46,143.46,143.46,143.46,14,0
20140813,143.62,144,143.62,143.91,23,0
20140814,142.4,143.05,141.57,143.05,91,0
20140818,145.01,145.88,144.76,145.88,92,0
20140819,146.06,146.51,146.06,146.51,534,0
20140821,147.05,147.05,146.86,146.86,514,0
20140822,145.88,145.88,145.88,145.88,73,0
20140825,145.71,145.71,145.71,145.71,4,0
20140827,145.72,146.04,145.72,146.04,54,0
20140828,146.69,146.69,146.69,146.69,23,0
20140901,146.84,146.84,146.84,146.84,500,0
20140902,147.57,147.57,147.57,147.57,22,0
20140903,149.74,149.74,149.74,149.74,390,0
20140905,149.76,150.04,149.71,150.04,555,0
20140908,152.94,153.82,152.94,153.48,562,0
20140909,154.97,154.97,154.88,154.88,60,0
20140910,155.98,155.98,155.44,155.49,65,0
20140911,158.5,158.56,158.5,158.56,64,0
20140912,156.97,158.32,156.97,158.32,211,0
20140915,159.5,159.71,158.32,158.48,281,0
20140916,159.72,159.72,159.5,159.5,70,0
20140917,158.57,158.57,158.27,158.27,41,0
20140918,159.14,159.41,159.14,159.41,129,0
20140919,159.72,159.72,159.72,159.72,50,0
20140922,157.6,157.6,157.6,157.6,25,0
20140924,158.59,160.01,158.59,160.01,146,0
20140925,161.12,161.12,160,160,111,0
20140929,161.91,161.97,161.01,161.01,590,0
20140930,161.97,162.04,161.97,162.04,418,0
20141001,165.02,166.13,165.02,165.34,100,0
20141002,167.63,170.12,167.63,170,624,0
20141003,167.91,173.42,167.91,173.42,200,0
20141006,170,171.2,170,171.2,15,0
20141007,168.97,168.97,168.97,168.97,1,0
20141008,171.82,171.95,171.82,171.95,15,0
20141009,168.78,170.11,168.7,170.11,81,0
20141010,175.6,175.6,175.6,175.6,40,0
20141013,177.51,177.51,176.86,176.86,61,0
20141014,178.92,181,178.92,181,112,0
20141015,183.28,187,181.87,181.87,977,0
20141016,188.63,188.63,188,188.02,174,0
20141017,180.61,183.17,179.99,183,69,0
20141020,181,182.42,181,182.42,15,0
20141021,180.99,182.98,180.99,182.98,79,0
20141022,181.79,181.79,181.79,181.79,23,0
20141023,187.9,187.9,184.8,184.8,97,0
20141024,183.34,183.34,183.34,183.34,6,0
20141027,185.01,185.01,185.01,185.01,100,0
20141028,182.84,184,182.84,184,40,0
20141029,181.76,181.76,178,178.12,99,0
20141030,182.56,183.22,182.56,183.22,20,0
20141103,185.65,185.65,185.65,185.65,5,0
20141104,190.71,193,190.71,193,115,0
20141105,195.17,195.22,195.17,195.22,23,0
20141107,194.55,194.55,194.55,194.55,12,0
20141110,191.61,191.61,187.88,189.5,102,0
20141112,197.02,197.02,197.02,197.02,19,0
20141113,199.99,202.03,199.43,202.03,220,0
20141114,208.48,208.48,202.02,202.02,251,0
20141117,203.58,204.41,203.58,203.79,470,0
20141119,202.53,202.53,202.53,202.53,10,0
20141120,203.49,203.49,203.49,203.49,100,0
20141121,202,202,198,198.01,282,0
20141124,198.92,199.29,198.53,198.53,700,0
20141126,203.16,204.58,202.05,204.58,175,0
20141127,206.83,211.78,206.83,211.01,139,0
20141128,219.47,219.87,215.59,215.59,311,0
20141201,231.6,232.05,220,220,648,0
20141202,218.38,219.39,218,219.39,86,0
20141203,222.43,222.44,222.43,222.44,6,0
20141205,228,228,228,228,3,0
20141209,240.01,240.04,235.49,235.49,213,0
20141210,242.04,242.04,242.04,242.04,340,0
20141211,243,243,242.39,242.39,315,0
20141212,249,251.29,248.59,251.29,315,0
20141215,250.97,255,249.76,255,126,0
20141216,262.01,270.01,262.01,267,27,0
20141217,266.01,269.24,264.21,264.21,230,0
20141218,262.94,264.11,257.34,264.11,243,0
20141219,272.67,272.67,270,270,45,0
20141222,260.01,270,260.01,270,170,0
20141223,271.49,274,269.04,271.57,607,0
20141229,277.17,277.17,273.93,273.93,321,0
20141230,287.47,289.24,286.74,286.74,57,0
