Date,Open,High,Low,Close,Volume,OpenInt
20100719,0.11435,0.11435,0.11435,0.11435,0,0
20100720,0.10465,0.10465,0.10465,0.10465,0,0
20100721,0.11041,0.11041,0.11041,0.11041,0,0
20100722,0.06967,0.06967,0.06967,0.06967,0,0
20100723,0.08612,0.08612,0.08612,0.08612,0,0
20100726,0.07625,0.07625,0.07625,0.07625,0,0
20100727,0.08186,0.08186,0.08186,0.08186,0,0
20100728,0.08088,0.08088,0.08088,0.08088,0,0
20100729,0.0966,0.0966,0.0966,0.0966,0,0
20100730,0.08656,0.08656,0.08656,0.08656,0,0
20100802,0.08184,0.08184,0.08184,0.08184,0,0
20100803,0.08181,0.08181,0.08181,0.08181,0,0
20100804,0.07766,0.07766,0.07766,0.07766,0,0
20100805,0.0838,0.0838,0.0838,0.0838,0,0
20100806,0.08548,0.08548,0.08548,0.08548,0,0
20100809,0.09741,0.09741,0.09741,0.09741,0,0
20100810,0.09724,0.09724,0.09724,0.09724,0,0
20100811,0.09354,0.09354,0.09354,0.09354,0,0
20100812,0.09858,0.09858,0.09858,0.09858,0,0
20100813,0.09107,0.09107,0.09107,0.09107,0,0
20100816,0.09233,0.09233,0.09233,0.09233,0,0
20100817,0.09812,0.09812,0.09812,0.09812,0,0
20100818,0.09495,0.09495,0.09495,0.09495,0,0
20100819,0.09428,0.09428,0.09428,0.09428,0,0
20100820,0.09281,0.09281,0.09281,0.09281,0,0
20100823,0.09174,0.09174,0.09174,0.09174,0,0
20100824,0.09214,0.09214,0.09214,0.09214,0,0
20100825,0.09289,0.09289,0.09289,0.09289,0,0
20100826,0.09089,0.09089,0.09089,0.09089,0,0
20100827,0.09137,0.09137,0.09137,0.09137,0,0
20100830,0.09156,0.09156,0.09156,0.09156,0,0
20100831,0.08613,0.08613,0.08613,0.08613,0,0
20100901,0.08844,0.08844,0.08844,0.08844,0,0
20100902,0.08886,0.08886,0.08886,0.08886,0,0
20100903,0.08447,0.08447,0.08447,0.08447,0,0
20100906,0.08521,0.08521,0.08521,0.08521,0,0
20100907,0.08454,0.08454,0.08454,0.08454,0,0
20100908,0.08572,0.08572,0.08572,0.08572,0,0
20100909,0.08426,0.08426,0.08426,0.08426,0,0
20100910,0.08501,0.08501,0.08501,0.08501,0,0
20100913,0.08486,0.08486,0.08486,0.08486,0,0
20100914,0.08402,0.08402,0.08402,0.08402,0,0
20100915,0.08232,0.08232,0.08232,0.08232,0,0
20100916,0.08563,0.08563,0.08563,0.08563,0,0
20100917,0.08126,0.08126,0.08126,0.08126,0,0
20100920,0.08511,0.08511,0.08511,0.08511,0,0
20100921,0.08599,0.08599,0.08599,0.08599,0,0
20100922,0.08461,0.08461,0.08461,0.08461,0,0
20100923,0.08519,0.08519,0.08519,0.08519,0,0
20100924,0.08482,0.08482,0.08482,0.08482,0,0
20100927,0.08454,0.08454,0.08454,0.08454,0,0
20100928,0.08372,0.08372,0.08372,0.08372,0,0
20100929,0.08394,0.08394,0.08394,0.08394,0,0
20100930,0.08437,0.08437,0.08437,0.08437,0,0
20101001,0.08357,0.08357,0.08357,0.08357,0,0
20101004,0.08272,0.08272,0.08272,0.08272,0,0
20101005,0.08211,0.08211,0.08211,0.08211,0,0
20101006,0.08342,0.08342,0.08342,0.08342,0,0
20101007,0.08957,0.08957,0.08957,0.08957,0,0
20101008,0.11538,0.11538,0.11538,0.11538,0,0
20101011,0.12625,0.12625,0.12625,0.12625,0,0
20101012,0.12611,0.12611,0.12611,0.12611,0,0
20101013,0.13779,0.13779,0.13779,0.13779,0,0
20101014,0.13465,0.13465,0.13465,0.13465,0,0
20101015,0.13873,0.13873,0.13873,0.13873,0,0
20101018,0.13526,0.13526,0.13526,0.13526,0,0
20101019,0.12956,0.12956,0.12956,0.12956,0,0
20101020,0.13124,0.13124,0.13124,0.13124,0,0
20101021,0.14329,0.14329,0.14329,0.14329,0,0
20101022,0.13735,0.13735,0.13735,0.13735,0,0
20101025,0.17558,0.17558,0.17558,0.17558,0,0
20101026,0.20057,0.20057,0.20057,0.20057,0,0
20101027,0.2529,0.2529,0.2529,0.2529,0,0
20101028,0.22979,0.22979,0.22979,0.22979,0,0
20101029,0.24915,0.24915,0.24915,0.24915,0,0
20101101,0.25499,0.25499,0.25499,0.25499,0,0
20101102,0.25126,0.25126,0.25126,0.25126,0,0
20101103,0.24894,0.24894,0.24894,0.24894,0,0
20101104,0.28987,0.28987,0.28987,0.28987,0,0
20101105,0.32671,0.32671,0.32671,0.32671,0,0
20101108,0.30785,0.30785,0.30785,0.30785,0,0
20101109,0.26712,0.26712,0.26712,0.26712,0,0
20101110,0.30839,0.30839,0.30839,0.30839,0,0
20101111,0.28664,0.28664,0.28664,0.28664,0,0
20101112,0.34745,0.34745,0.34745,0.34745,0,0
20101115,0.34523,0.34523,0.34523,0.34523,0,0
20101116,0.2911,0.2911,0.2911,0.2911,0,0
20101117,0.29834,0.29834,0.29834,0.29834,0,0
20101118,0.34471,0.34471,0.34471,0.34471,0,0
20101119,0.36024,0.36024,0.36024,0.36024,0,0
20101122,0.3737,0.3737,0.3737,0.3737,0,0
20101123,0.37126,0.37126,0.37126,0.37126,0,0
20101124,0.371,0.371,0.371,0.371,0,0
20101125,0.36789,0.36789,0.36789,0.36789,0,0
20101126,0.37931,0.37931,0.37931,0.37931,0,0
20101129,0.3086,0.3086,0.3086,0.3086,0,0
20101130,0.2797,0.2797,0.2797,0.2797,0,0
20101201,0.30342,0.30342,0.30342,0.30342,0,0
20101202,0.33818,0.33818,0.33818,0.33818,0,0
20101203,0.32884,0.32884,0.32884,0.32884,0,0
20101206,0.26838,0.26838,0.26838,0.26838,0,0
20101207,0.30645,0.30645,0.30645,0.30645,0,0
20101208,0.31956,0.31956,0.31956,0.31956,0,0
20101209,0.26772,0.26772,0.26772,0.26772,0,0
20101210,0.27281,0.27281,0.27281,0.27281,0,0
20101213,0.30413,0.30413,0.30413,0.30413,0,0
20101214,0.32731,0.32731,0.32731,0.32731,0,0
20101215,0.32067,0.32067,0.32067,0.32067,0,0
20101216,0.33847,0.33847,0.33847,0.33847,0,0
20101217,0.32625,0.32625,0.32625,0.32625,0,0
20101220,0.35962,0.35962,0.35962,0.35962,0,0
20101221,0.32288,0.32288,0.32288,0.32288,0,0
20101222,0.33697,0.33697,0.33697,0.33697,0,0
20101223,0.3339,0.3339,0.3339,0.3339,0,0
20101224,0.33116,0.33116,0.33116,0.33116,0,0
20101227,0.35426,0.35426,0.35426,0.35426,0,0
20101228,0.3717,0.3717,0.3717,0.3717,0,0
20101229,0.39259,0.39259,0.39259,0.39259,0,0
20101230,0.3909,0.3909,0.3909,0.3909,0,0
20101231,0.38523,0.38523,0.38523,0.38523,0,0
20110103,0.38062,0.38062,0.38062,0.38062,0,0
20110104,0.39043,0.39043,0.39043,0.39043,0,0
20110105,0.39193,0.39193,0.39193,0.39193,0,0
20110106,0.39268,0.39268,0.39268,0.39268,0,0
20110107,0.42243,0.42243,0.42243,0.42243,0,0
20110110,0.4282,0.4282,0.4282,0.4282,0,0
20110111,0.43022,0.43022,0.43022,0.43022,0,0
20110112,0.41921,0.41921,0.41921,0.41921,0,0
20110113,0.41291,0.41291,0.41291,0.41291,0,0
20110114,0.5201,0.5201,0.5201,0.5201,0,0
20110117,0.45236,0.45236,0.45236,0.45236,0,0
20110118,0.40645,0.40645,0.40645,0.40645,0,0
20110119,0.40576,0.40576,0.40576,0.40576,0,0
20110120,0.5153,0.5153,0.5153,0.5153,0,0
20110121,0.5544,0.5544,0.5544,0.5544,0,0
20110124,0.5497,0.5497,0.5497,0.5497,0,0
20110125,0.5355,0.5355,0.5355,0.5355,0,0
20110126,0.5437,0.5437,0.5437,0.5437,0,0
20110127,0.5457,0.5457,0.5457,0.5457,0,0
20110128,0.5764,0.5764,0.5764,0.5764,0,0
20110131,0.6728,0.6728,0.6728,0.6728,0,0
20110201,0.8961,0.8961,0.8961,0.8961,0,0
20110202,0.9186,0.9186,0.9186,0.9186,0,0
20110203,0.8922,0.8922,0.8922,0.8922,0,0
20110204,1.0571,1.0571,1.0571,1.0571,0,0
20110207,1.1557,1.1557,1.1557,1.1557,0,0
20110208,1.1808,1.1808,1.1808,1.1808,0,0
20110209,1.4112,1.4112,1.4112,1.4112,0,0
20110210,1.2805,1.2805,1.2805,1.2805,0,0
20110211,1.4096,1.4096,1.4096,1.4096,0,0
20110214,1.4131,1.4131,1.4131,1.4131,0,0
20110215,1.3953,1.3953,1.3953,1.3953,0,0
20110216,1.3889,1.3889,1.3889,1.3889,0,0
20110217,1.3691,1.3691,1.3691,1.3691,0,0
20110218,1.1768,1.1768,1.1768,1.1768,0,0
20110221,1.0956,1.0956,1.0956,1.0956,0,0
20110222,1.1627,1.1627,1.1627,1.1627,0,0
20110223,1.2104,1.2104,1.2104,1.2104,0,0
20110224,1.3325,1.3325,1.3325,1.3325,0,0
20110225,1.2133,1.2133,1.2133,1.2133,0,0
20110228,1.1442,1.1442,1.1442,1.1442,0,0
20110301,1.2271,1.2271,1.2271,1.2271,0,0
20110302,1.2639,1.2639,1.2639,1.2639,0,0
20110303,1.2697,1.2697,1.2697,1.2697,0,0
20110304,1.2212,1.2212,1.2212,1.2212,0,0
20110307,1.2017,1.2017,1.2017,1.2017,0,0
20110308,1.1749,1.1749,1.1749,1.1749,0,0
20110309,1.1699,1.1699,1.1699,1.1699,0,0
20110310,1.2676,1.2676,1.2676,1.2676,0,0
20110311,1.1847,1.1847,1.1847,1.1847,0,0
20110314,1.2106,1.2106,1.2106,1.2106,0,0
20110315,1.1903,1.1903,1.1903,1.1903,0,0
20110316,1.1803,1.1803,1.1803,1.1803,0,0
20110317,1.1509,1.1509,1.1509,1.1509,0,0
20110318,1.1163,1.1163,1.1163,1.1163,0,0
20110321,1.0344,1.0344,1.0344,1.0344,0,0
20110322,1.0911,1.0911,1.0911,1.0911,0,0
20110323,1.1455,1.1455,1.1455,1.1455,0,0
20110324,1.1568,1.1568,1.1568,1.1568,0,0
20110325,1.1714,1.1714,1.1714,1.1714,0,0
20110328,1.0608,1.0608,1.0608,1.0608,0,0
20110329,1.0483,1.0483,1.0483,1.0483,0,0
20110330,1.0349,1.0349,1.0349,1.0349,0,0
20110331,1.027,1.027,1.027,1.027,0,0
20110401,1.0105,1.0105,1.0105,1.0105,0,0
20110404,0.8863,0.8863,0.8863,0.8863,0,0
20110405,0.923,0.923,0.923,0.923,0,0
20110406,0.9509,0.9509,0.9509,0.9509,0,0
20110407,0.9696,0.9696,0.9696,0.9696,0,0
20110408,0.9593,0.9593,0.9593,0.9593,0,0
20110411,0.9855,0.9855,0.9855,0.9855,0,0
20110412,1.095,1.095,1.095,1.095,0,0
20110413,1.1697,1.1697,1.1697,1.1697,0,0
20110414,1.2593,1.2593,1.2593,1.2593,0,0
20110415,1.2413,1.2413,1.2413,1.2413,0,0
20110418,1.475,1.475,1.475,1.475,0,0
20110419,1.5202,1.5202,1.5202,1.5202,0,0
20110420,1.4377,1.4377,1.4377,1.4377,0,0
20110421,1.5092,1.5092,1.5092,1.5092,0,0
20110422,1.7585,1.7585,1.7585,1.7585,0,0
20110425,1.9501,1.9501,1.9501,1.9501,0,0
20110426,2.2289,2.2289,2.2289,2.2289,0,0
20110427,2.3659,2.3659,2.3659,2.3659,0,0
20110428,2.7651,2.7651,2.7651,2.7651,0,0
20110429,3.5671,3.5671,3.5671,3.5671,0,0
20110502,3.9579,3.9579,3.9579,3.9579,0,0
20110503,4.2459,4.2459,4.2459,4.2459,0,0
20110504,4.3168,4.3168,4.3168,4.3168,0,0
20110505,4.237,4.237,4.237,4.237,0,0
20110506,4.3438,4.3438,4.3438,4.3438,0,0
20110509,4.7941,4.7941,4.7941,4.7941,0,0
20110510,7.3414,7.3414,7.3414,7.3414,0,0
20110511,6.9558,6.9558,6.9558,6.9558,0,0
20110512,7.909,7.909,7.909,7.909,0,0
20110513,10.414,10.414,10.414,10.414,0,0
20110516,10.263,10.263,10.263,10.263,0,0
20110517,9.2227,9.2227,9.2227,9.2227,0,0
20110518,8.7256,8.7256,8.7256,8.7256,0,0
20110519,8.6137,8.6137,8.6137,8.6137,0,0
20110520,7.0087,7.0087,7.0087,7.0087,0,0
20110523,9.0699,9.0699,9.0699,9.0699,0,0
20110524,9.3173,9.3173,9.3173,9.3173,0,0
20110525,10.502,10.502,10.502,10.502,0,0
20110526,10.862,10.862,10.862,10.862,0,0
20110527,10.391,10.391,10.391,10.391,0,0
20110530,10.767,10.767,10.767,10.767,0,0
20110531,10.626,10.626,10.626,10.626,0,0
20110601,11.644,11.644,11.644,11.644,0,0
20110602,12.998,12.998,12.998,12.998,0,0
20110603,17.5,17.5,17.5,17.5,0,0
20110606,22.76,22.76,22.76,22.76,0,0
20110607,29.149,29.149,29.149,29.149,0,0
20110608,36.233,36.233,36.233,36.233,0,0
20110609,34.945,34.945,34.945,34.945,0,0
20110610,29.079,29.079,29.079,29.079,0,0
20110613,24.445,24.445,24.445,24.445,0,0
20110614,23.557,23.557,23.557,23.557,0,0
20110615,24.14,24.14,24.14,24.14,0,0
20110616,21.182,21.182,21.182,21.182,0,0
20110617,19.33,19.33,19.33,19.33,0,0
20110620,19.361,19.361,19.361,19.361,0,0
20110621,19.314,19.314,19.314,19.314,0,0
20110622,19.168,19.168,19.168,19.168,0,0
20110623,19.365,19.365,19.365,19.365,0,0
20110624,19.347,19.347,19.347,19.347,0,0
20110627,20.809,20.809,20.809,20.809,0,0
20110628,20.893,20.893,20.893,20.893,0,0
20110629,20.469,20.469,20.469,20.469,0,0
20110630,19.491,19.491,19.491,19.491,0,0
20110701,18.615,18.615,18.615,18.615,0,0
20110704,16.702,16.702,16.702,16.702,0,0
20110705,15.594,15.594,15.594,15.594,0,0
20110706,17.854,17.854,17.854,17.854,0,0
20110707,17.796,17.796,17.796,17.796,0,0
20110708,17.136,17.136,17.136,17.136,0,0
20110711,17.13,17.13,17.13,17.13,0,0
20110712,17.096,17.096,17.096,17.096,0,0
20110713,16.65,16.65,16.65,16.65,0,0
20110714,16.62,16.62,16.62,16.62,0,0
20110715,16.347,16.347,16.347,16.347,0,0
20110718,15.996,15.996,15.996,15.996,0,0
20110719,16.188,16.188,16.188,16.188,0,0
20110720,16.013,16.013,16.013,16.013,0,0
20110721,15.767,15.767,15.767,15.767,0,0
20110722,15.831,15.831,15.831,15.831,0,0
20110725,16.209,16.209,16.209,16.209,0,0
20110726,15.935,15.935,15.935,15.935,0,0
20110727,16.044,16.044,16.044,16.044,0,0
20110728,15.49,15.49,15.49,15.49,0,0
20110729,15.422,15.422,15.422,15.422,0,0
20110801,14.967,14.967,14.967,14.967,0,0
20110802,13.854,13.854,13.854,13.854,0,0
20110803,10.738,10.738,10.738,10.738,0,0
20110804,12.719,12.719,12.719,12.719,0,0
20110805,11.602,11.602,11.602,11.602,0,0
20110808,9.3659,9.3659,9.3659,9.3659,0,0
20110809,12.23,12.23,12.23,12.23,0,0
20110810,12.264,12.264,12.264,12.264,0,0
20110811,11.456,11.456,11.456,11.456,0,0
20110812,11.392,11.392,11.392,11.392,0,0
20110815,13.452,13.452,13.452,13.452,0,0
20110816,13.157,13.157,13.157,13.157,0,0
20110817,13.086,13.086,13.086,13.086,0,0
20110818,13.139,13.139,13.139,13.139,0,0
20110819,14.161,14.161,14.161,14.161,0,0
20110822,13.192,13.192,13.192,13.192,0,0
20110823,13.114,13.114,13.114,13.114,0,0
20110824,13.119,13.119,13.119,13.119,0,0
20110825,11.648,11.648,11.648,11.648,0,0
20110826,9.732,9.732,9.732,9.732,0,0
20110829,10.629,10.629,10.629,10.629,0,0
20110830,10.322,10.322,10.322,10.322,0,0
20110831,9.583,9.583,9.583,9.583,0,0
20110901,9.653,9.653,9.653,9.653,0,0
20110902,10.184,10.184,10.184,10.184,0,0
20110905,9.1473,9.1473,9.1473,9.1473,0,0
20110906,8.3555,8.3555,8.3555,8.3555,0,0
20110907,8.654,8.654,8.654,8.654,0,0
20110908,7.816,7.816,7.816,7.816,0,0
20110909,6.1243,6.1243,6.1243,6.1243,0,0
20110912,7.4164,7.4164,7.4164,7.4164,0,0
20110913,7.0314,7.0314,7.0314,7.0314,0,0
20110914,6.8502,6.8502,6.8502,6.8502,0,0
20110915,5.8629,5.8629,5.8629,5.8629,0,0
20110916,5.7962,5.7962,5.7962,5.7962,0,0
20110919,6.6712,6.6712,6.6712,6.6712,0,0
20110920,7.4062,7.4062,7.4062,7.4062,0,0
20110921,6.8954,6.8954,6.8954,6.8954,0,0
20110922,6.9534,6.9534,6.9534,6.9534,0,0
20110923,7.1412,7.1412,7.1412,7.1412,0,0
20110926,6.3197,6.3197,6.3197,6.3197,0,0
20110927,6.2061,6.2061,6.2061,6.2061,0,0
20110928,6.1009,6.1009,6.1009,6.1009,0,0
20110929,6.2034,6.2034,6.2034,6.2034,0,0
20110930,6.7209,6.7209,6.7209,6.7209,0,0
20111003,6.6258,6.6258,6.6258,6.6258,0,0
20111004,6.5732,6.5732,6.5732,6.5732,0,0
20111005,6.3831,6.3831,6.3831,6.3831,0,0
20111006,6.1733,6.1733,6.1733,6.1733,0,0
20111007,5.5524,5.5524,5.5524,5.5524,0,0
20111010,5.2215,5.2215,5.2215,5.2215,0,0
20111011,5.0351,5.0351,5.0351,5.0351,0,0
20111012,5.1917,5.1917,5.1917,5.1917,0,0
20111013,5.1079,5.1079,5.1079,5.1079,0,0
20111014,4.9722,4.9722,4.9722,4.9722,0,0
20111017,3.2205,3.2205,3.2205,3.2205,0,0
20111018,3.0436,3.0436,3.0436,3.0436,0,0
20111019,2.8542,2.8542,2.8542,2.8542,0,0
20111020,2.9741,2.9741,2.9741,2.9741,0,0
20111021,3.2062,3.2062,3.2062,3.2062,0,0
20111024,3.1494,3.1494,3.1494,3.1494,0,0
20111025,3.4738,3.4738,3.4738,3.4738,0,0
20111026,3.4988,3.4988,3.4988,3.4988,0,0
20111027,3.7073,3.7073,3.7073,3.7073,0,0
20111028,3.8788,3.8788,3.8788,3.8788,0,0
20111031,3.9971,3.9971,3.9971,3.9971,0,0
20111101,3.9585,3.9585,3.9585,3.9585,0,0
20111102,4.1346,4.1346,4.1346,4.1346,0,0
20111103,3.9742,3.9742,3.9742,3.9742,0,0
20111104,3.9137,3.9137,3.9137,3.9137,0,0
20111107,3.7893,3.7893,3.7893,3.7893,0,0
20111108,3.8153,3.8153,3.8153,3.8153,0,0
20111109,3.7573,3.7573,3.7573,3.7573,0,0
20111110,3.6504,3.6504,3.6504,3.6504,0,0
20111111,3.9196,3.9196,3.9196,3.9196,0,0
20111114,2.8565,2.8565,2.8565,2.8565,0,0
20111115,3.0222,3.0222,3.0222,3.0222,0,0
20111116,3.3313,3.3313,3.3313,3.3313,0,0
20111117,2.9694,2.9694,2.9694,2.9694,0,0
20111118,2.7071,2.7071,2.7071,2.7071,0,0
20111121,3.0685,3.0685,3.0685,3.0685,0,0
20111122,3.113,3.113,3.113,3.113,0,0
20111123,3.1451,3.1451,3.1451,3.1451,0,0
20111124,3.2836,3.2836,3.2836,3.2836,0,0
20111125,3.3923,3.3923,3.3923,3.3923,0,0
20111128,3.3785,3.3785,3.3785,3.3785,0,0
20111129,3.6107,3.6107,3.6107,3.6107,0,0
20111130,3.8174,3.8174,3.8174,3.8174,0,0
20111201,3.9374,3.9374,3.9374,3.9374,0,0
20111202,4.0051,4.0051,4.0051,4.0051,0,0
20111205,3.6819,3.6819,3.6819,3.6819,0,0
20111206,3.8885,3.8885,3.8885,3.8885,0,0
20111207,3.8366,3.8366,3.8366,3.8366,0,0
20111208,3.8575,3.8575,3.8575,3.8575,0,0
20111209,3.8412,3.8412,3.8412,3.8412,0,0
20111212,4.1064,4.1064,4.1064,4.1064,0,0
20111213,4.2604,4.2604,4.2604,4.2604,0,0
20111214,4.1904,4.1904,4.1904,4.1904,0,0
20111215,4.2454,4.2454,4.2454,4.2454,0,0
20111216,4.203,4.203,4.203,4.203,0,0
20111219,4.646,4.646,4.646,4.646,0,0
20111220,5.1296,5.1296,5.1296,5.1296,0,0
20111221,5.056,5.056,5.056,5.056,0,0
20111222,5.0256,5.0256,5.0256,5.0256,0,0
20111223,5.0948,5.0948,5.0948,5.0948,0,0
20111227,5.2744,5.2744,5.2744,5.2744,0,0
20111228,5.4439,5.4439,5.4439,5.4439,0,0
20111229,5.4031,5.4031,5.4031,5.4031,0,0
20111230,5.4447,5.4447,5.4447,5.4447,0,0
20120102,6.7014,6.7014,6.7014,6.7014,0,0
20120103,6.187,6.187,6.187,6.187,0,0
20120104,7.077,7.077,7.077,7.077,0,0
20120105,8.8989,8.8989,8.8989,8.8989,0,0
20120106,8.5719,8.5719,8.5719,8.5719,0,0
20120109,8.0548,8.0548,8.0548,8.0548,0,0
20120110,8.0159,8.0159,8.0159,8.0159,0,0
20120111,8.678,8.678,8.678,8.678,0,0
20120112,8.5686,8.5686,8.5686,8.5686,0,0
20120113,8.0919,8.0919,8.0919,8.0919,0,0
20120116,8.4034,8.4034,8.4034,8.4034,0,0
20120117,7.0029,7.0029,7.0029,7.0029,0,0
20120118,7.334,7.334,7.334,7.334,0,0
20120119,7.932,7.932,7.932,7.932,0,0
20120120,8.0576,8.0576,8.0576,8.0576,0,0
20120123,7.8459,7.8459,7.8459,7.8459,0,0
20120124,7.7592,7.7592,7.7592,7.7592,0,0
20120125,7.0961,7.0961,7.0961,7.0961,0,0
20120126,6.5125,6.5125,6.5125,6.5125,0,0
20120127,6.4279,6.4279,6.4279,6.4279,0,0
20120130,6.6983,6.6983,6.6983,6.6983,0,0
20120131,6.6441,6.6441,6.6441,6.6441,0,0
20120201,7.2841,7.2841,7.2841,7.2841,0,0
20120202,7.3173,7.3173,7.3173,7.3173,0,0
20120203,7.1243,7.1243,7.1243,7.1243,0,0
20120206,6.5343,6.5343,6.5343,6.5343,0,0
20120207,6.8069,6.8069,6.8069,6.8069,0,0
20120208,6.712,6.712,6.712,6.712,0,0
20120209,6.9729,6.9729,6.9729,6.9729,0,0
20120210,7.1412,7.1412,7.1412,7.1412,0,0
20120213,6.2987,6.2987,6.2987,6.2987,0,0
20120214,5.3818,5.3818,5.3818,5.3818,0,0
20120215,5.1808,5.1808,5.1808,5.1808,0,0
20120216,5.1351,5.1351,5.1351,5.1351,0,0
20120217,5.288,5.288,5.288,5.288,0,0
20120220,5.199,5.199,5.199,5.199,0,0
20120221,5.1135,5.1135,5.1135,5.1135,0,0
20120222,5.3422,5.3422,5.3422,5.3422,0,0
20120223,6.02,6.02,6.02,6.02,0,0
20120224,6.0091,6.0091,6.0091,6.0091,0,0
20120227,5.891,5.891,5.891,5.891,0,0
20120228,5.8195,5.8195,5.8195,5.8195,0,0
20120229,5.7894,5.7894,5.7894,5.7894,0,0
20120301,5.8652,5.8652,5.8652,5.8652,0,0
20120302,5.6713,5.6713,5.6713,5.6713,0,0
20120305,6.0714,6.0714,6.0714,6.0714,0,0
20120306,6.1542,6.1542,6.1542,6.1542,0,0
20120307,6.0275,6.0275,6.0275,6.0275,0,0
20120308,5.9779,5.9779,5.9779,5.9779,0,0
20120309,5.9164,5.9164,5.9164,5.9164,0,0
20120312,5.9842,5.9842,5.9842,5.9842,0,0
20120313,6.412,6.412,6.412,6.412,0,0
20120314,6.6597,6.6597,6.6597,6.6597,0,0
20120315,6.5009,6.5009,6.5009,6.5009,0,0
20120316,6.4841,6.4841,6.4841,6.4841,0,0
20120319,5.6738,5.6738,5.6738,5.6738,0,0
20120320,5.9168,5.9168,5.9168,5.9168,0,0
20120321,5.9131,5.9131,5.9131,5.9131,0,0
20120322,5.8196,5.8196,5.8196,5.8196,0,0
20120323,5.7315,5.7315,5.7315,5.7315,0,0
20120326,5.6294,5.6294,5.6294,5.6294,0,0
20120327,5.8553,5.8553,5.8553,5.8553,0,0
20120328,5.8676,5.8676,5.8676,5.8676,0,0
20120329,5.902,5.902,5.902,5.902,0,0
20120330,5.9208,5.9208,5.9208,5.9208,0,0
20120402,6.0351,6.0351,6.0351,6.0351,0,0
20120403,6.0197,6.0197,6.0197,6.0197,0,0
20120404,6.0266,6.0266,6.0266,6.0266,0,0
20120405,6.0226,6.0226,6.0226,6.0226,0,0
20120410,5.9441,5.9441,5.9441,5.9441,0,0
20120411,6.0203,6.0203,6.0203,6.0203,0,0
20120412,5.95,5.95,5.95,5.95,0,0
20120413,5.9917,5.9917,5.9917,5.9917,0,0
20120416,6.0209,6.0209,6.0209,6.0209,0,0
20120417,6.0496,6.0496,6.0496,6.0496,0,0
20120418,6.2673,6.2673,6.2673,6.2673,0,0
20120419,6.3152,6.3152,6.3152,6.3152,0,0
20120420,6.5443,6.5443,6.5443,6.5443,0,0
20120423,6.1173,6.1173,6.1173,6.1173,0,0
20120424,6.2898,6.2898,6.2898,6.2898,0,0
20120425,6.3182,6.3182,6.3182,6.3182,0,0
20120426,6.2684,6.2684,6.2684,6.2684,0,0
20120427,6.2151,6.2151,6.2151,6.2151,0,0
20120430,6.0538,6.0538,6.0538,6.0538,0,0
20120501,6.1291,6.1291,6.1291,6.1291,0,0
20120502,6.2685,6.2685,6.2685,6.2685,0,0
20120503,6.4164,6.4164,6.4164,6.4164,0,0
20120504,6.3728,6.3728,6.3728,6.3728,0,0
20120507,6.3529,6.3529,6.3529,6.3529,0,0
20120508,6.4205,6.4205,6.4205,6.4205,0,0
20120509,6.4357,6.4357,6.4357,6.4357,0,0
20120510,6.1631,6.1631,6.1631,6.1631,0,0
20120511,6.3052,6.3052,6.3052,6.3052,0,0
20120514,6.4245,6.4245,6.4245,6.4245,0,0
20120515,6.5182,6.5182,6.5182,6.5182,0,0
20120516,6.6441,6.6441,6.6441,6.6441,0,0
20120517,6.6567,6.6567,6.6567,6.6567,0,0
20120518,6.787,6.787,6.787,6.787,0,0
20120521,6.6961,6.6961,6.6961,6.6961,0,0
20120522,6.7118,6.7118,6.7118,6.7118,0,0
20120523,6.8818,6.8818,6.8818,6.8818,0,0
20120524,6.8243,6.8243,6.8243,6.8243,0,0
20120525,6.8185,6.8185,6.8185,6.8185,0,0
20120528,6.745,6.745,6.745,6.745,0,0
20120529,6.7759,6.7759,6.7759,6.7759,0,0
20120530,6.7977,6.7977,6.7977,6.7977,0,0
20120531,6.8693,6.8693,6.8693,6.8693,0,0
20120601,7.0037,7.0037,7.0037,7.0037,0,0
20120604,6.9711,6.9711,6.9711,6.9711,0,0
20120605,7.2065,7.2065,7.2065,7.2065,0,0
20120606,7.104,7.104,7.104,7.104,0,0
20120607,7.2499,7.2499,7.2499,7.2499,0,0
20120608,7.3358,7.3358,7.3358,7.3358,0,0
20120611,7.2165,7.2165,7.2165,7.2165,0,0
20120612,7.3518,7.3518,7.3518,7.3518,0,0
20120613,7.6104,7.6104,7.6104,7.6104,0,0
20120614,7.6358,7.6358,7.6358,7.6358,0,0
20120615,8.2478,8.2478,8.2478,8.2478,0,0
20120618,7.9689,7.9689,7.9689,7.9689,0,0
20120619,8.1511,8.1511,8.1511,8.1511,0,0
20120620,8.375,8.375,8.375,8.375,0,0
20120621,8.4603,8.4603,8.4603,8.4603,0,0
20120622,8.28,8.28,8.28,8.28,0,0
20120625,8.017,8.017,8.017,8.017,0,0
20120626,8.1142,8.1142,8.1142,8.1142,0,0
20120627,8.4017,8.4017,8.4017,8.4017,0,0
20120628,8.4087,8.4087,8.4087,8.4087,0,0
20120629,8.2945,8.2945,8.2945,8.2945,0,0
20120702,8.4138,8.4138,8.4138,8.4138,0,0
20120703,8.0183,8.0183,8.0183,8.0183,0,0
20120704,8.095,8.095,8.095,8.095,0,0
20120705,8.2976,8.2976,8.2976,8.2976,0,0
20120706,8.3454,8.3454,8.3454,8.3454,0,0
20120709,8.8175,8.8175,8.8175,8.8175,0,0
20120710,9.0405,9.0405,9.0405,9.0405,0,0
20120711,8.9554,8.9554,8.9554,8.9554,0,0
20120712,9.843,9.843,9.843,9.843,0,0
20120713,9.646,9.646,9.646,9.646,0,0
20120716,10.669,10.669,10.669,10.669,0,0
20120717,11.056,11.056,11.056,11.056,0,0
20120718,11.385,11.385,11.385,11.385,0,0
20120719,11.039,11.039,11.039,11.039,0,0
20120720,10.662,10.662,10.662,10.662,0,0
20120723,10.715,10.715,10.715,10.715,0,0
20120724,10.947,10.947,10.947,10.947,0,0
20120725,11.184,11.184,11.184,11.184,0,0
20120726,11.107,11.107,11.107,11.107,0,0
20120727,11.036,11.036,11.036,11.036,0,0
20120730,11.267,11.267,11.267,11.267,0,0
20120731,11.538,11.538,11.538,11.538,0,0
20120801,11.758,11.758,11.758,11.758,0,0
20120802,13.027,13.027,13.027,13.027,0,0
20120803,13.402,13.402,13.402,13.402,0,0
20120806,13.21,13.21,13.21,13.21,0,0
20120807,13.596,13.596,13.596,13.596,0,0
20120808,13.557,13.557,13.557,13.557,0,0
20120809,13.645,13.645,13.645,13.645,0,0
20120810,14.022,14.022,14.022,14.022,0,0
20120813,14.89,14.89,14.89,14.89,0,0
20120814,15.123,15.123,15.123,15.123,0,0
20120815,16.422,16.422,16.422,16.422,0,0
20120816,16.653,16.653,16.653,16.653,0,0
20120817,14.362,14.362,14.362,14.362,0,0
20120820,12.478,12.478,12.478,12.478,0,0
20120821,12.22,12.22,12.22,12.22,0,0
20120822,12.124,12.124,12.124,12.124,0,0
20120823,12.402,12.402,12.402,12.402,0,0
20120824,13.066,13.066,13.066,13.066,0,0
20120827,13.522,13.522,13.522,13.522,0,0
20120828,13.59,13.59,13.59,13.59,0,0
20120829,13.608,13.608,13.608,13.608,0,0
20120830,13.505,13.505,13.505,13.505,0,0
20120831,12.657,12.657,12.657,12.657,0,0
20120903,13.201,13.201,13.201,13.201,0,0
20120904,13.089,13.089,13.089,13.089,0,0
20120905,13.831,13.831,13.831,13.831,0,0
20120906,13.933,13.933,13.933,13.933,0,0
20120907,13.545,13.545,13.545,13.545,0,0
20120910,13.798,13.798,13.798,13.798,0,0
20120911,13.847,13.847,13.847,13.847,0,0
20120912,13.867,13.867,13.867,13.867,0,0
20120913,13.8,13.8,13.8,13.8,0,0
20120914,14.058,14.058,14.058,14.058,0,0
20120917,14.368,14.368,14.368,14.368,0,0
20120918,14.806,14.806,14.806,14.806,0,0
20120919,15.18,15.18,15.18,15.18,0,0
20120920,14.858,14.858,14.858,14.858,0,0
20120921,14.896,14.896,14.896,14.896,0,0
20120924,14.751,14.751,14.751,14.751,0,0
20120925,14.778,14.778,14.778,14.778,0,0
20120926,14.896,14.896,14.896,14.896,0,0
20120927,14.817,14.817,14.817,14.817,0,0
20120928,14.931,14.931,14.931,14.931,0,0
20121001,14.97,14.97,14.97,14.97,0,0
20121002,15.485,15.485,15.485,15.485,0,0
20121003,15.72,15.72,15.72,15.72,0,0
20121004,15.649,15.649,15.649,15.649,0,0
20121005,15.43,15.43,15.43,15.43,0,0
20121008,14.329,14.329,14.329,14.329,0,0
20121009,14.576,14.576,14.576,14.576,0,0
20121010,14.863,14.863,14.863,14.863,0,0
20121011,14.703,14.703,14.703,14.703,0,0
20121012,14.694,14.694,14.694,14.694,0,0
20121015,14.457,14.457,14.457,14.457,0,0
20121016,14.57,14.57,14.57,14.57,0,0
20121017,14.374,14.374,14.374,14.374,0,0
20121018,14.535,14.535,14.535,14.535,0,0
20121019,14.385,14.385,14.385,14.385,0,0
20121022,14.338,14.338,14.338,14.338,0,0
20121023,14.35,14.35,14.35,14.35,0,0
20121024,14.272,14.272,14.272,14.272,0,0
20121025,13.211,13.211,13.211,13.211,0,0
20121026,12.376,12.376,12.376,12.376,0,0
20121029,12.945,12.945,12.945,12.945,0,0
20121030,13.271,13.271,13.271,13.271,0,0
20121031,13.623,13.623,13.623,13.623,0,0
20121101,12.781,12.781,12.781,12.781,0,0
20121102,12.672,12.672,12.672,12.672,0,0
20121105,13.04,13.04,13.04,13.04,0,0
20121106,13.179,13.179,13.179,13.179,0,0
20121107,13.233,13.233,13.233,13.233,0,0
20121108,13.371,13.371,13.371,13.371,0,0
20121109,13.266,13.266,13.266,13.266,0,0
20121112,13.464,13.464,13.464,13.464,0,0
20121113,13.369,13.369,13.369,13.369,0,0
20121114,13.506,13.506,13.506,13.506,0,0
20121115,13.855,13.855,13.855,13.855,0,0
20121116,14.513,14.513,14.513,14.513,0,0
20121119,14.429,14.429,14.429,14.429,0,0
20121120,14.379,14.379,14.379,14.379,0,0
20121121,14.488,14.488,14.488,14.488,0,0
20121122,15.246,15.246,15.246,15.246,0,0
20121123,14.975,14.975,14.975,14.975,0,0
20121126,14.899,14.899,14.899,14.899,0,0
20121127,14.87,14.87,14.87,14.87,0,0
20121128,14.997,14.997,14.997,14.997,0,0
20121129,15.153,15.153,15.153,15.153,0,0
20121130,15.333,15.333,15.333,15.333,0,0
20121203,15.443,15.443,15.443,15.443,0,0
20121204,16.273,16.273,16.273,16.273,0,0
20121205,16.201,16.201,16.201,16.201,0,0
20121206,15.997,15.997,15.997,15.997,0,0
20121207,16.215,16.215,16.215,16.215,0,0
20121210,16.115,16.115,16.115,16.115,0,0
20121211,16.167,16.167,16.167,16.167,0,0
20121212,16.225,16.225,16.225,16.225,0,0
20121213,16.252,16.252,16.252,16.252,0,0
20121214,16.067,16.067,16.067,16.067,0,0
20121217,15.702,15.702,15.702,15.702,0,0
20121218,15.789,15.789,15.789,15.789,0,0
20121219,16.257,16.257,16.257,16.257,0,0
20121220,16.223,16.223,16.223,16.223,0,0
20121221,16.379,16.379,16.379,16.379,0,0
20121224,16.274,16.274,16.274,16.274,0,0
20121226,16.495,16.495,16.495,16.495,0,0
20121227,16.435,16.435,16.435,16.435,0,0
20121228,16.354,16.354,16.354,16.354,0,0
20121231,16.353,16.353,16.353,16.353,0,0
20130102,15.973,15.973,15.973,15.973,0,0
20130103,16.098,16.098,16.098,16.098,0,0
20130104,16.266,16.266,16.266,16.266,0,0
20130107,16.267,16.267,16.267,16.267,0,0
20130108,16.457,16.457,16.457,16.457,0,0
20130109,16.424,16.424,16.424,16.424,0,0
20130110,16.75,16.75,16.75,16.75,0,0
20130111,16.879,16.879,16.879,16.879,0,0
20130114,17.039,17.039,17.039,17.039,0,0
20130115,16.992,16.992,16.992,16.992,0,0
20130116,17.539,17.539,17.539,17.539,0,0
20130117,18.422,18.422,18.422,18.422,0,0
20130118,18.798,18.798,18.798,18.798,0,0
20130121,20.086,20.086,20.086,20.086,0,0
20130122,20.549,20.549,20.549,20.549,0,0
20130123,20.811,20.811,20.811,20.811,0,0
20130124,20.176,20.176,20.176,20.176,0,0
20130125,20.826,20.826,20.826,20.826,0,0
20130128,22.538,22.538,22.538,22.538,0,0
20130129,23.32,23.32,23.32,23.32,0,0
20130130,23.696,23.696,23.696,23.696,0,0
20130131,24.301,24.301,24.301,24.301,0,0
20130201,24.234,24.234,24.234,24.234,0,0
20130204,24.174,24.174,24.174,24.174,0,0
20130205,24.377,24.377,24.377,24.377,0,0
20130206,25.15,25.15,25.15,25.15,0,0
20130207,26.644,26.644,26.644,26.644,0,0
20130208,27.171,27.171,27.171,27.171,0,0
20130211,29.44,29.44,29.44,29.44,0,0
20130212,29.88,29.88,29.88,29.88,0,0
20130213,28.78,28.78,28.78,28.78,0,0
20130214,32.148,32.148,32.148,32.148,0,0
20130215,32.077,32.077,32.077,32.077,0,0
20130218,31.895,31.895,31.895,31.895,0,0
20130219,34.675,34.675,34.675,34.675,0,0
20130220,35.43,35.43,35.43,35.43,0,0
20130221,35.658,35.658,35.658,35.658,0,0
20130222,36.096,36.096,36.096,36.096,0,0
20130225,36.256,36.256,36.256,36.256,0,0
20130226,37.671,37.671,37.671,37.671,0,0
20130227,37.55,37.55,37.55,37.55,0,0
20130228,40.34,40.34,40.34,40.34,0,0
20130301,41.812,41.812,41.812,41.812,0,0
20130304,43.929,43.929,43.929,43.929,0,0
20130305,48.616,48.616,48.616,48.616,0,0
20130306,49.548,49.548,49.548,49.548,0,0
20130307,50.77,50.77,50.77,50.77,0,0
20130308,53.935,53.935,53.935,53.935,0,0
20130311,58.617,58.617,58.617,58.617,0,0
20130312,53.667,53.667,53.667,53.667,0,0
20130313,56.836,56.836,56.836,56.836,0,0
20130314,57.443,57.443,57.443,57.443,0,0
20130315,56.803,56.803,56.803,56.803,0,0
20130318,62.541,62.541,62.541,62.541,0,0
20130319,71.845,71.845,71.845,71.845,0,0
20130320,78.344,78.344,78.344,78.344,0,0
20130321,85.203,85.203,85.203,85.203,0,0
20130322,83.544,83.544,83.544,83.544,0,0
20130325,88.16,88.16,88.16,88.16,0,0
20130326,93.775,93.775,93.775,93.775,0,0
20130327,106.37,106.37,106.37,106.37,0,0
20130328,103.07,103.07,103.07,103.07,0,0
20130402,140.19,140.19,140.19,140.19,0,0
20130403,160.06,160.06,160.06,160.06,0,0
20130404,157.59,157.59,157.59,157.59,0,0
20130405,168.86,168.86,168.86,168.86,0,0
20130408,221.9,221.9,221.9,221.9,0,0
20130409,270.13,270.13,270.13,270.13,0,0
20130410,192.58,192.58,192.58,192.58,0,0
20130411,144.69,144.69,144.69,144.69,0,0
20130412,136.49,136.49,136.49,136.49,0,0
20130415,97.319,97.319,97.319,97.319,0,0
20130416,80.529,80.529,80.529,80.529,0,0
20130417,110.29,110.29,110.29,110.29,0,0
20130418,129.32,129.32,129.32,129.32,0,0
20130419,140.61,140.61,140.61,140.61,0,0
20130422,151.57,151.57,151.57,151.57,0,0
20130423,170.75,170.75,170.75,170.75,0,0
20130424,182.47,182.47,182.47,182.47,0,0
20130425,166.46,166.46,166.46,166.46,0,0
20130426,161.14,161.14,161.14,161.14,0,0
20130429,157.71,174.3,155.77,166.55,0,0
20130430,166.53,171.81,156.46,161.6,0,0
20130501,161.56,165.49,123.13,138.19,0,0
20130502,138.19,149.79,107.43,130.9,0,0
20130503,131.61,132.69,93.001,110.13,0,0
20130506,135.91,146.65,124.54,130.79,0,0
20130507,130.88,133.93,116.12,129.94,0,0
20130508,129.68,138.61,127.78,134.94,0,0
20130509,134.94,136.46,128.59,133.58,0,0
20130510,133.49,147.44,132.3,142.44,0,0
20130513,139.93,143.42,137.91,141.98,0,0
20130514,141.99,145.92,134.5,138.81,0,0
20130515,138.68,141.5,125.39,139.57,0,0
20130516,138.59,143.86,136.1,143.69,0,0
20130517,142.99,155.35,141.97,152.45,0,0
20130520,150,152.33,147.95,148.71,0,0
20130521,148.7,150.89,148.11,150.36,0,0
20130522,150.33,152.96,149.35,152.68,0,0
20130523,152.65,156.83,152.04,154.29,0,0
20130524,155.03,165.73,154.8,160.64,0,0
20130527,166.83,167.56,153.28,160.41,0,0
20130528,160.27,161.92,155.13,159.37,0,0
20130529,159.39,163.79,156.62,162.8,0,0
20130530,162.8,164.17,157.32,159.59,0,0
20130531,159.55,162.55,157.29,160.35,0,0
20130603,150.68,153.85,145.19,151.07,0,0
20130604,151.17,154.51,148.14,151.56,0,0
20130605,151.53,155.66,148.75,152.38,0,0
20130606,151.28,155.96,147.66,149.97,0,0
20130607,150.15,150.96,134.9,142.53,0,0
20130610,130.29,140.91,121.06,134.4,0,0
20130611,134.42,139.23,131.8,138.16,0,0
20130612,138.32,140.37,134.95,136.99,0,0
20130613,136.01,139.57,127.08,127.09,0,0
20130614,126.11,129.85,121.46,123.54,0,0
20130617,124.07,128.05,122.49,126.86,0,0
20130618,126.84,140.73,125.45,131.95,0,0
20130619,131.47,138.21,131.47,135.71,0,0
20130620,135.62,147.65,135.12,141.25,0,0
20130621,141.71,147.85,138.77,141.32,0,0
20130624,137.6,139.64,130.14,131.84,0,0
20130625,131.77,140.88,129.5,132.04,0,0
20130626,132.16,136.48,131.61,133.8,0,0
20130627,134.7,134.7,130.24,131.49,0,0
20130628,131.6,131.99,119.22,123.12,0,0
20130701,125.48,126.09,112.79,113.27,0,0
20130702,112.85,119.19,110.2,115.76,0,0
20130703,115.77,117.7,103.85,104.47,0,0
20130704,104.44,107.5,92.491,102.75,0,0
20130705,103.38,104.27,84.996,91.785,0,0
20130708,93.265,103.58,91.512,99.69,0,0
20130709,99.65,99.75,92.135,98.125,0,0
20130710,97.615,112.15,96.64,108.34,0,0
20130711,108.76,114.61,104.39,111.63,0,0
20130712,112.05,132.52,111.6,119.26,0,0
20130715,121.82,130.62,119.02,127.27,0,0
20130716,127.01,128.06,122.94,123.15,0,0
20130717,123.44,127.33,121.91,124.01,0,0
20130718,123.97,125.07,109.83,113.79,0,0
20130719,114.93,119.95,110.84,117.24,0,0
20130722,113.75,116.19,113.19,115.04,0,0
20130723,114.95,121.8,114.58,119.02,0,0
20130724,118.83,121.06,116.79,117.73,0,0
20130725,118.94,121.3,117.34,119.69,0,0
20130726,119.66,120.95,118.48,119.73,0,0
20130729,122.87,127.31,121.74,125.55,0,0
20130730,125.62,132.96,125.18,131.48,0,0
20130731,132.63,139.92,130.55,135.31,0,0
20130801,135.22,136.04,130.52,132.33,0,0
20130802,132.07,137.25,128.09,132.9,0,0
20130805,135.27,139.09,134.52,136.39,0,0
20130806,136.39,136.91,132.9,134.69,0,0
20130807,134.02,135.47,132.07,133.6,0,0
20130808,132.61,133.88,125.85,129.1,0,0
20130809,129.16,132.34,126.83,127.04,0,0
20130812,130.83,135.02,129,134.58,0,0
20130813,135.06,136.51,130.75,135.23,0,0
20130814,135.22,143.71,135.19,140.72,0,0
20130815,140.14,140.9,135.02,137.29,0,0
20130816,136.34,139.02,134.08,134.3,0,0
20130819,140.38,152.13,137.59,146.91,0,0
20130820,146.37,154.12,145.1,153.78,0,0
20130821,153.75,159.14,150.75,157.76,0,0
20130822,156.06,157.82,153.86,156.12,0,0
20130823,156.41,156.41,151.6,151.66,0,0
20130826,156.84,157.69,152.81,152.95,0,0
20130827,152.79,169.91,152.73,168.62,0,0
20130828,168.55,169.59,164.94,167.36,0,0
20130829,167.33,168.42,163.65,166.39,0,0
20130830,165.83,184.73,164.91,176.02,0,0
20130902,187.82,189.41,182.25,183.88,0,0
20130903,184.17,189.55,182.07,183.69,0,0
20130904,183.63,186.06,164.62,171.32,0,0
20130905,172.28,174.79,161.03,170.32,0,0
20130906,170.32,172.22,153.72,157.15,0,0
20130909,156.21,170.97,155.16,163.58,0,0
20130910,163.58,169.34,163.04,164.69,0,0
20130911,164.69,173.88,158.58,167.55,0,0
20130912,167.46,179.6,166.74,173.21,0,0
20130913,172.36,179.52,169.97,174.53,0,0
20130916,168.05,173.5,168.02,169.8,0,0
20130917,169.47,172.37,167.92,169.14,0,0
20130918,170.03,171.95,167.06,169.06,0,0
20130919,169.56,170.02,156.8,162.43,0,0
20130920,161.95,164.13,157.39,160.33,0,0
20130923,159.82,161.68,157.53,159.38,0,0
20130924,161.01,164.97,159.22,163.72,0,0
20130925,163.5,167.69,162.8,165.13,0,0
20130926,165.13,166.04,162.44,165.17,0,0
20130927,165.15,171.54,162.2,169.14,0,0
20130930,173.59,176.25,166.08,170.31,0,0
20131001,170.3,173.84,168.64,170.71,0,0
20131002,169.86,172.9,132.7,149.33,0,0
20131003,148.18,158.89,144.26,156.4,0,0
20131004,156.39,166.77,155,166.4,0,0
20131007,164.11,167.57,163.15,165.09,0,0
20131008,165.03,166.17,163.29,165.39,0,0
20131009,165.4,171.16,163.55,167.64,0,0
20131010,167.66,171.06,167.5,169.07,0,0
20131011,169.13,171.29,167.11,169.82,0,0
20131014,176.7,183.27,175.49,178.34,0,0
20131015,178.34,187.75,177.42,183.9,0,0
20131016,183.92,193.83,171.24,180.48,0,0
20131017,180.11,187.59,178.17,186.07,0,0
20131018,186.1,196.38,184.13,194.43,0,0
20131021,219.21,233.15,216.48,226.15,0,0
20131022,226.11,243.22,225.74,235.36,0,0
20131023,235.25,267.17,234.82,264.35,0,0
20131024,264.34,276.62,209.52,238.6,0,0
20131025,238.59,251.47,213.03,228.16,0,0
20131028,245.58,252.77,241.74,249.49,0,0
20131029,249.55,260.75,246.54,260.5,0,0
20131030,260.43,262.64,247.39,249.92,0,0
20131031,247.46,260.22,247.33,255.86,0,0
20131101,258.25,261.31,253.9,258.78,0,0
20131104,269.93,285.51,267.8,285.28,0,0
20131105,285.27,311.88,278.21,303.92,0,0
20131106,303.9,323.57,300.59,315.26,0,0
20131107,315.21,384.36,314.05,369.98,0,0
20131108,369.47,433.64,365.07,419.82,0,0
20131111,410.72,452.03,387.86,438.98,0,0
20131112,443.4,476.16,432.15,462.32,0,0
20131113,462.36,538.95,452.22,532.86,0,0
20131114,531.76,539.79,485.26,525.91,0,0
20131115,523.71,552.03,511.84,525.47,0,0
20131118,642.95,934.36,623.04,904.24,0,0
20131119,925.66,1080.47,615.4,777.51,0,0
20131120,782.24,816.61,548.99,737.72,0,0
20131121,732.91,945.52,721.94,941.07,0,0
20131122,940.8,956.68,832.17,934.42,0,0
20131125,979.96,1024.3,925.42,1007.05,0,0
20131126,1015.62,1183.12,1000.4,1170.3,0,0
20131127,1160.12,1320.88,1134.46,1296.07,0,0
20131128,1296.36,1505.78,1265.5,1458.55,0,0
20131129,1456.15,1531.2,1294.25,1423.6,0,0
20131202,1249.72,1361.91,1195.54,1330.94,0,0
20131203,1318.91,1439.61,1301.96,1399.87,0,0
20131204,1404.66,1512.52,1381.46,1511.25,0,0
20131205,1506.73,1511.42,1075.26,1360.86,0,0
20131206,1360.25,1371.8,965.98,1098.45,0,0
20131209,953.16,1183.06,950.95,1093.02,0,0
20131210,1087.02,1281.11,1086.77,1236.36,0,0
20131211,1242.19,1274.2,1004.77,1064.64,0,0
20131212,1062.49,1094.76,1022.6,1063.35,0,0
20131213,1063.49,1143.46,1039.17,1053.18,0,0
20131216,1059.09,1072.78,809.39,868.98,0,0
20131217,865.06,912.18,760.87,822.65,0,0
20131218,821.82,832.05,507.42,656.28,0,0
20131219,654.75,845.54,612.96,840.08,0,0
20131220,838.84,890.82,740.4,759.18,0,0
20131223,757.9,821.05,741.44,821.03,0,0
20131224,821.59,836.34,789.92,799.88,0,0
20131226,830.39,952.98,829.26,949.25,0,0
20131227,949.93,952.82,874.92,891.2,0,0
20131230,916.64,940.98,906.94,928.62,0,0
20131231,928.55,929.83,897.31,916.4,0,0
20140102,943.18,1002.2,932.84,988.13,0,0
20140103,986.63,1005.91,961.66,984.93,0,0
20140106,1127.8,1230.55,1093.2,1132.72,0,0
20140107,1133.09,1169.02,979.11,988.83,0,0
20140108,993.62,1052.34,935.25,1004.25,0,0
20140109,1009.07,1062.34,954.18,1019.77,0,0
20140110,1023.57,1057.01,999.19,1042.56,0,0
20140113,1034.27,1051.53,956.93,1006.25,0,0
20140114,1006.07,1023.17,977.9,1003.45,0,0
20140115,1009.43,1044.46,993.68,1036.53,0,0
20140116,1037.91,1041.71,1003.15,1007.93,0,0
20140117,1007.94,1019.95,964.49,974.21,0,0
20140120,1034.29,1075.91,1033.66,1056.61,0,0
20140121,1057.24,1060.02,1026.5,1041.39,0,0
20140122,1041.23,1046.47,1003.54,1019.45,0,0
20140123,1019.29,1028.79,988.35,992.16,0,0
20140124,992.63,994.03,945.33,972.93,0,0
20140127,1070.65,1086.31,942.04,942.13,0,0
20140128,939.34,1009.3,920.56,991.03,0,0
20140129,991.62,1012.37,977.39,1003.78,0,0
20140130,1006.94,1020.72,978.65,1000.28,0,0
20140131,1001.03,1025.36,998.32,1017.48,0,0
20140203,1018.93,1022.32,994.81,1020.3,0,0
20140204,1018.93,1033.74,1001.66,1007.52,0,0
20140205,1008.79,1018.14,994.79,1000.35,0,0
20140206,1002.77,1003.67,944.35,947.55,0,0
20140207,943.94,950.69,786.03,875.01,0,0
20140210,824.45,850.77,665.91,805.62,0,0
20140211,806.49,858.75,763.31,785.79,0,0
20140212,790.89,820.8,734.62,792.25,0,0
20140213,792.23,793.33,717.95,737.41,0,0
20140214,738.12,841.03,645.87,781.34,0,0
20140217,714.31,785.93,714.23,749.05,0,0
20140218,748.37,773.42,733.99,751.26,0,0
20140219,751.11,763.8,741.74,754.57,0,0
20140220,754.85,762,677.49,680.75,0,0
20140221,681.07,704.82,638.49,685.86,0,0
20140224,737.21,737.54,644.47,652.08,0,0
20140225,653.84,662.59,498.24,642.76,0,0
20140226,644.8,726.19,630.87,706.61,0,0
20140227,707.71,715.59,676.86,695.12,0,0
20140228,694.94,700.88,654.86,669.13,0,0
20140303,664.06,840.37,661.05,793.28,0,0
20140304,792.74,831.72,781.04,791.4,0,0
20140305,790.74,804.14,769.06,787.37,0,0
20140306,787.86,795.92,765.63,779.32,0,0
20140307,777.52,785.47,727.58,743.77,0,0
20140310,755.79,762.03,721.74,741.47,0,0
20140311,742.46,755.66,727.69,751.64,0,0
20140312,752.24,766.73,738.83,743.08,0,0
20140313,742.17,752.37,737.58,746.42,0,0
20140314,746.42,749.35,735.78,738.82,0,0
20140317,739.98,741.65,719.87,728.12,0,0
20140318,727.99,729.39,698.03,711.6,0,0
20140319,712.29,723.5,706.33,720.28,0,0
20140320,718.47,719.26,686.76,691.63,0,0
20140321,692.58,708.83,658.8,681,0,0
20140324,661.97,689.8,646.36,687.07,0,0
20140325,687.59,688.03,667.46,679.72,0,0
20140326,680.13,688.63,663.35,676.8,0,0
20140327,675.29,677.53,588.91,589.84,0,0
20140328,591,608.9,542.72,570.24,0,0
20140331,538.64,559.26,510.46,522.8,0,0
20140401,525.01,572.36,522.29,564.63,0,0
20140402,564.52,577.85,502.68,512.53,0,0
20140403,512.63,534.74,485.53,521.66,0,0
20140404,521.61,533.38,501.29,519.81,0,0
20140407,534.61,536.5,516.32,522.2,0,0
20140408,522.07,527.57,515.07,517.25,0,0
20140409,516.89,521.95,504.23,505.32,0,0
20140410,505.17,506.18,432.87,432.92,0,0
20140411,432.68,495.28,398.73,479.57,0,0
20140414,467.93,543.93,467.78,525.93,0,0
20140415,526.32,595.36,521.76,583.9,0,0
20140416,583.93,632.4,573.63,614.65,0,0
20140417,613.18,621.15,558.36,584.61,0,0
20140421,576.14,596.09,570.84,573.55,0,0
20140422,573.39,581.86,563.82,563.82,0,0
20140423,564.67,569.57,560.27,565.09,0,0
20140424,565.05,577.29,556.18,575.51,0,0
20140425,575.85,584.46,512.47,531.91,0,0
20140428,514.73,522.11,490.98,517.94,0,0
20140429,518.05,525.95,505.49,518.25,0,0
20140430,518.2,524.3,506.01,517.52,0,0
20140501,516.97,532.51,515.39,528.55,0,0
20140502,528.57,529.7,508.44,514.38,0,0
20140505,500.47,506.4,490.63,494.36,0,0
20140506,494.34,495.22,480.55,490.7,0,0
20140507,490.55,514.73,486.72,510.23,0,0
20140508,510.4,514,503.71,506.58,0,0
20140509,506.87,524.18,502.79,517.71,0,0
20140512,504.74,510.73,500.44,509.65,0,0
20140513,509.63,510.01,500.91,504.77,0,0
20140514,504.7,513.3,504.7,512.2,0,0
20140515,512.72,517.46,508.29,513.7,0,0
20140516,514.06,517.95,510.75,517.53,0,0
20140519,514.07,516.71,511.47,514.54,0,0
20140520,514.54,576.82,513.93,562.99,0,0
20140521,562.92,577.37,562.43,570.25,0,0
20140522,570.73,608.52,568.36,607.39,0,0
20140523,608.56,635.8,605.34,614.43,0,0
20140526,664.39,691.53,660.8,677.99,0,0
20140527,677.58,690.77,642.33,667.94,0,0
20140528,668.1,675.76,660.52,668.48,0,0
20140529,668.44,679.05,654.41,666.78,0,0
20140530,666.96,722.78,665.19,717.03,0,0
20140602,755.96,785.1,720.99,785.1,0,0
20140603,784.87,798.87,763.7,786.18,0,0
20140604,786.72,792.88,733.45,762.6,0,0
20140605,761.99,786.83,754.42,773.74,0,0
20140606,774.17,775.66,760.36,764.47,0,0
20140609,767.18,769.96,748.61,756.44,0,0
20140610,756.49,772.64,754.43,761.74,0,0
20140611,761.5,766.96,728.3,728.3,0,0
20140612,728.13,735.88,668.23,671.19,0,0
20140613,671.52,708.94,647.97,678.88,0,0
20140616,659.68,700.12,659.4,686.07,0,0
20140617,686.02,704.05,675.43,702.51,0,0
20140618,702.24,708.74,689.21,691.84,0,0
20140619,692.19,695.46,680.52,680.77,0,0
20140620,680.58,683.48,667.93,678.98,0,0
20140623,686.89,689.12,665.85,672.83,0,0
20140624,672.8,676.96,667.92,672.77,0,0
20140625,672.75,673.37,642.84,645.22,0,0
20140626,644.33,653.27,639.22,650.73,0,0
20140627,650.8,671.27,650.75,669.01,0,0
20140630,677.14,734.63,676.95,727,0,0
20140701,726.57,747.35,726.06,734.06,0,0
20140702,734.61,745.55,716.6,735.44,0,0
20140703,735.49,741.5,726,729.36,0,0
20140704,729.24,735.92,716.63,722,0,0
20140707,721.02,725.93,698.6,705.49,0,0
20140708,705.44,710.63,700.39,706.8,0,0
20140709,706.42,708.82,699.62,705.41,0,0
20140710,705.03,705.42,691.77,698.89,0,0
20140711,698.89,715.73,695.76,715.4,0,0
20140714,712.36,712.94,699.66,704.48,0,0
20140715,704.15,710.48,700.61,706.86,0,0
20140716,707.25,713.22,703,705.79,0,0
20140717,705.77,720.75,703.98,718.88,0,0
20140718,718.88,721.6,710.44,719.08,0,0
20140721,713.53,714.6,708.35,713.66,0,0
20140722,713.51,717.62,711.9,714.33,0,0
20140723,714.33,718.04,709.11,717.21,0,0
20140724,716.86,721.07,689.2,699.42,0,0
20140725,699.18,706.71,693.62,700.84,0,0
20140728,692.51,693.21,668.44,684.9,0,0
20140729,685.21,688.69,677.72,684.49,0,0
20140730,684.55,685.03,662.77,664.96,0,0
20140731,664.79,692.4,659.11,687.46,0,0
20140801,687.5,707.53,683.41,701.87,0,0
20140804,688.92,695.63,685.24,687.61,0,0
20140805,687.63,690.23,682.2,686.93,0,0
20140806,687.17,693.94,684.97,687.43,0,0
20140807,687.38,697.1,686.66,695.52,0,0
20140808,695.48,710.16,693.94,699.01,0,0
20140811,694.71,696.99,676.72,678.2,0,0
20140812,677.48,681.84,668.01,672.43,0,0
20140813,672.39,678.15,619.19,640.75,0,0
20140814,640.61,643,582.7,600.42,0,0
20140815,600.7,610.05,569.86,580.26,0,0
20140818,574.13,590.25,513.11,534.96,0,0
20140819,534.58,580.21,534.06,569.37,0,0
20140820,569.43,622.89,553.35,608.86,0,0
20140821,608.79,637.31,605.28,619.12,0,0
20140822,618.79,622.37,593.89,610.84,0,0
20140825,612.55,612.6,595.48,602.12,0,0
20140826,601.96,616.02,599.29,610.42,0,0
20140827,610.55,622.96,609.85,613.42,0,0
20140828,613.44,614.9,603.85,604.22,0,0
20140829,604.54,611.99,598.79,608.23,0,0
20140901,576.28,579.75,563.28,573.32,0,0
20140902,573.42,581.59,561.91,574.73,0,0
20140903,574.64,576.37,569.62,572.59,0,0
20140904,572.51,593.99,569.26,589.56,0,0
20140905,589.55,593.94,578.12,578.69,0,0
20140908,580,580.15,559.32,569.76,0,0
20140909,569.76,575.65,562.16,573.52,0,0
20140910,573.46,593.04,570.04,584.07,0,0
20140911,583.53,587.02,575.9,580.09,0,0
20140912,580.77,582.68,570.87,580.24,0,0
20140915,582.28,585.87,579.33,580.04,0,0
20140916,580.03,580.67,563.09,564.98,0,0
20140917,564.73,568.58,549.6,556.09,0,0
20140918,555.87,563.75,497.46,520.26,0,0
20140919,519.94,524.89,466.78,487.28,0,0
20140922,482.76,497.94,481.42,495.55,0,0
20140923,495.7,551.15,481.09,538.93,0,0
20140924,539.87,543.32,519.5,523.78,0,0
20140925,523.69,525.72,510.53,517.3,0,0
20140926,517.32,520.97,501.13,511.37,0,0
20140929,477.65,495.68,475.34,484.91,0,0
20140930,484.82,504.73,477.06,494.06,0,0
20141001,493.93,502.55,483.13,490.41,0,0
20141002,490.59,490.67,469.47,470.96,0,0
20141003,471.12,476.88,460.89,463.32,0,0
20141006,390.68,441.07,388.65,427.95,0,0
20141007,428.39,435.74,404.96,419.24,0,0
20141008,419.02,445.7,417.48,443.63,0,0
20141009,444.12,486.66,436.98,453.26,0,0
20141010,453.49,476.62,449.37,455.15,0,0
20141013,479.38,497.29,466.14,494.02,0,0
20141014,494.41,521.75,490.44,513.98,0,0
20141015,513.79,514.07,486.48,489.98,0,0
20141016,489.79,497.99,465.16,475.53,0,0
20141017,475.66,481.49,467.54,477.38,0,0
20141020,486.87,491.39,474.65,478.1,0,0
20141021,478.02,487.16,472,481.1,0,0
20141022,481.07,483.24,473.84,482.66,0,0
20141023,482.76,486.05,452.31,454.31,0,0
20141024,454.48,459.65,447.91,453.14,0,0
20141027,446.09,450.71,439.63,444.99,0,0
20141028,444.99,449.19,440.15,444.09,0,0
20141029,444.16,444.3,423.02,429.64,0,0
20141030,429.46,446.64,424.61,438.87,0,0
20141031,438.93,442.68,427.54,436.75,0,0
20141103,417.5,430.31,415.66,418.63,0,0
20141104,418.58,425.09,413.45,416.84,0,0
20141105,416.72,442.27,416.61,438.76,0,0
20141106,438.68,457.01,434.18,452.35,0,0
20141107,452.01,458.18,438.8,441.55,0,0
20141110,461.88,483.36,458.81,473.89,0,0
20141111,474.01,479.48,463.48,468.76,0,0
20141112,468.76,547.82,467.38,530.49,0,0
20141113,530.85,582.17,488.98,529.58,0,0
20141114,528.4,539.81,485.87,496.24,0,0
20141117,488.59,517.71,473.94,488.63,0,0
20141118,488.54,492.67,463.98,475.17,0,0
20141119,475.37,489.3,469.27,478.66,0,0
20141120,478.68,483.76,449.74,453.2,0,0
20141121,453.36,453.36,434.1,446.04,0,0
20141124,469.19,494.61,462.25,481.3,0,0
20141125,481.31,504.45,476.84,481.74,0,0
20141126,481.78,483.28,464.57,465.97,0,0
20141127,465.85,473.73,464.22,468.75,0,0
20141128,468.83,485.85,455.52,483.11,0,0
20141201,482.54,489.83,477.25,482.24,0,0
20141202,482.17,492.13,479.26,488.39,0,0
20141203,488.41,492.76,481.33,484.77,0,0
20141204,484.76,489.27,473.49,474.95,0,0
20141205,474.89,488.33,469.99,488.29,0,0
20141208,487.28,490.63,475.86,476.49,0,0
20141209,476.19,476.19,443.67,457.2,0,0
20141210,457.23,458.48,442.69,444.32,0,0
20141211,444.23,463.29,431.5,443.6,0,0
20141212,444,455.24,443.96,454.27,0,0
20141215,450.28,453.08,444.14,446.18,0,0
20141216,446.18,447.21,420.9,423.37,0,0
20141217,423.43,429.41,404.98,415.55,0,0
20141218,415.48,418.54,393.3,401.12,0,0
20141219,401.31,408.74,393.5,405.05,0,0
20141222,415.29,429.33,411.48,426.11,0,0
20141223,426.04,436.11,424.11,432.26,0,0
20141224,432.41,433.5,415.09,417.12,0,0
20141226,411.25,422.82,408.46,421.15,0,0
20141229,408.05,412.27,401.06,402.34,0,0
20141230,402.67,404.61,394.11,396.16,0,0
20141231,396.21,406.43,394.32,406.4,0,0
20150101,406.43,410.18,402.07,403.78,0,0
