Date,Open,High,Low,Close,Volume,OpenInt
20100719,0.5941,0.5941,0.5941,0.5941,0,0
20100720,0.5513,0.5513,0.5513,0.5513,0,0
20100721,0.5845,0.5845,0.5845,0.5845,0,0
20100722,0.36926,0.36926,0.36926,0.36926,0,0
20100723,0.46008,0.46008,0.46008,0.46008,0,0
20100726,0.40793,0.40793,0.40793,0.40793,0,0
20100727,0.43827,0.43827,0.43827,0.43827,0,0
20100728,0.42998,0.42998,0.42998,0.42998,0,0
20100729,0.5056,0.5056,0.5056,0.5056,0,0
20100730,0.45177,0.45177,0.45177,0.45177,0,0
20100802,0.42595,0.42595,0.42595,0.42595,0,0
20100803,0.42538,0.42538,0.42538,0.42538,0,0
20100804,0.40708,0.40708,0.40708,0.40708,0,0
20100805,0.43553,0.43553,0.43553,0.43553,0,0
20100806,0.44148,0.44148,0.44148,0.44148,0,0
20100809,0.5044,0.5044,0.5044,0.5044,0,0
20100810,0.503,0.503,0.503,0.503,0,0
20100811,0.49317,0.49317,0.49317,0.49317,0,0
20100812,0.5165,0.5165,0.5165,0.5165,0,0
20100813,0.47871,0.47871,0.47871,0.47871,0,0
20100816,0.4821,0.4821,0.4821,0.4821,0,0
20100817,0.5124,0.5124,0.5124,0.5124,0,0
20100818,0.49892,0.49892,0.49892,0.49892,0,0
20100819,0.49212,0.49212,0.49212,0.49212,0,0
20100820,0.48581,0.48581,0.48581,0.48581,0,0
20100823,0.48074,0.48074,0.48074,0.48074,0,0
20100824,0.4841,0.4841,0.4841,0.4841,0,0
20100825,0.48346,0.48346,0.48346,0.48346,0,0
20100826,0.47425,0.47425,0.47425,0.47425,0,0
20100827,0.47766,0.47766,0.47766,0.47766,0,0
20100830,0.48079,0.48079,0.48079,0.48079,0,0
20100831,0.44287,0.44287,0.44287,0.44287,0,0
20100901,0.45798,0.45798,0.45798,0.45798,0,0
20100902,0.46033,0.46033,0.46033,0.46033,0,0
20100903,0.43921,0.43921,0.43921,0.43921,0,0
20100906,0.44425,0.44425,0.44425,0.44425,0,0
20100907,0.4458,0.4458,0.4458,0.4458,0,0
20100908,0.45011,0.45011,0.45011,0.45011,0,0
20100909,0.44492,0.44492,0.44492,0.44492,0,0
20100910,0.44738,0.44738,0.44738,0.44738,0,0
20100913,0.44477,0.44477,0.44477,0.44477,0,0
20100914,0.43704,0.43704,0.43704,0.43704,0,0
20100915,0.42768,0.42768,0.42768,0.42768,0,0
20100916,0.43651,0.43651,0.43651,0.43651,0,0
20100917,0.41663,0.41663,0.41663,0.41663,0,0
20100920,0.4341,0.4341,0.4341,0.4341,0,0
20100921,0.43678,0.43678,0.43678,0.43678,0,0
20100922,0.42628,0.42628,0.42628,0.42628,0,0
20100923,0.4285,0.4285,0.4285,0.4285,0,0
20100924,0.42344,0.42344,0.42344,0.42344,0,0
20100927,0.42504,0.42504,0.42504,0.42504,0,0
20100928,0.41853,0.41853,0.41853,0.41853,0,0
20100929,0.41552,0.41552,0.41552,0.41552,0,0
20100930,0.41757,0.41757,0.41757,0.41757,0,0
20101001,0.41658,0.41658,0.41658,0.41658,0,0
20101004,0.4147,0.4147,0.4147,0.4147,0,0
20101005,0.41134,0.41134,0.41134,0.41134,0,0
20101006,0.42137,0.42137,0.42137,0.42137,0,0
20101007,0.44747,0.44747,0.44747,0.44747,0,0
20101008,0.5793,0.5793,0.5793,0.5793,0,0
20101011,0.6332,0.6332,0.6332,0.6332,0,0
20101012,0.6345,0.6345,0.6345,0.6345,0,0
20101013,0.6962,0.6962,0.6962,0.6962,0,0
20101014,0.6687,0.6687,0.6687,0.6687,0,0
20101015,0.6942,0.6942,0.6942,0.6942,0,0
20101018,0.6787,0.6787,0.6787,0.6787,0,0
20101019,0.6557,0.6557,0.6557,0.6557,0,0
20101020,0.6587,0.6587,0.6587,0.6587,0,0
20101021,0.713,0.713,0.713,0.713,0,0
20101022,0.6796,0.6796,0.6796,0.6796,0,0
20101025,0.8694,0.8694,0.8694,0.8694,0,0
20101026,1.0097,1.0097,1.0097,1.0097,0,0
20101027,1.2724,1.2724,1.2724,1.2724,0,0
20101028,1.1626,1.1626,1.1626,1.1626,0,0
20101029,1.2727,1.2727,1.2727,1.2727,0,0
20101101,1.3083,1.3083,1.3083,1.3083,0,0
20101102,1.2844,1.2844,1.2844,1.2844,0,0
20101103,1.2812,1.2812,1.2812,1.2812,0,0
20101104,1.5018,1.5018,1.5018,1.5018,0,0
20101105,1.7101,1.7101,1.7101,1.7101,0,0
20101108,1.6244,1.6244,1.6244,1.6244,0,0
20101109,1.4082,1.4082,1.4082,1.4082,0,0
20101110,1.6203,1.6203,1.6203,1.6203,0,0
20101111,1.5252,1.5252,1.5252,1.5252,0,0
20101112,1.8424,1.8424,1.8424,1.8424,0,0
20101115,1.8423,1.8423,1.8423,1.8423,0,0
20101116,1.5553,1.5553,1.5553,1.5553,0,0
20101117,1.5947,1.5947,1.5947,1.5947,0,0
20101118,1.8415,1.8415,1.8415,1.8415,0,0
20101119,1.9248,1.9248,1.9248,1.9248,0,0
20101122,1.9904,1.9904,1.9904,1.9904,0,0
20101123,1.9712,1.9712,1.9712,1.9712,0,0
20101124,1.9631,1.9631,1.9631,1.9631,0,0
20101125,1.9431,1.9431,1.9431,1.9431,0,0
20101126,1.9881,1.9881,1.9881,1.9881,0,0
20101129,1.61,1.61,1.61,1.61,0,0
20101130,1.4593,1.4593,1.4593,1.4593,0,0
20101201,1.5872,1.5872,1.5872,1.5872,0,0
20101202,1.7613,1.7613,1.7613,1.7613,0,0
20101203,1.7126,1.7126,1.7126,1.7126,0,0
20101206,1.3961,1.3961,1.3961,1.3961,0,0
20101207,1.6018,1.6018,1.6018,1.6018,0,0
20101208,1.648,1.648,1.648,1.648,0,0
20101209,1.3772,1.3772,1.3772,1.3772,0,0
20101210,1.4081,1.4081,1.4081,1.4081,0,0
20101213,1.5709,1.5709,1.5709,1.5709,0,0
20101214,1.6742,1.6742,1.6742,1.6742,0,0
20101215,1.6252,1.6252,1.6252,1.6252,0,0
20101216,1.7015,1.7015,1.7015,1.7015,0,0
20101217,1.6442,1.6442,1.6442,1.6442,0,0
20101220,1.8279,1.8279,1.8279,1.8279,0,0
20101221,1.6406,1.6406,1.6406,1.6406,0,0
20101222,1.716,1.716,1.716,1.716,0,0
20101223,1.713,1.713,1.713,1.713,0,0
20101224,1.6996,1.6996,1.6996,1.6996,0,0
20101227,1.8117,1.8117,1.8117,1.8117,0,0
20101228,1.9274,1.9274,1.9274,1.9274,0,0
20101229,2.0463,2.0463,2.0463,2.0463,0,0
20101230,2.0272,2.0272,2.0272,2.0272,0,0
20101231,2.0158,2.0158,2.0158,2.0158,0,0
20110103,1.9743,1.9743,1.9743,1.9743,0,0
20110104,2.0094,2.0094,2.0094,2.0094,0,0
20110105,2.0178,2.0178,2.0178,2.0178,0,0
20110106,2.0433,2.0433,2.0433,2.0433,0,0
20110107,2.2099,2.2099,2.2099,2.2099,0,0
20110110,2.2484,2.2484,2.2484,2.2484,0,0
20110111,2.2324,2.2324,2.2324,2.2324,0,0
20110112,2.152,2.152,2.152,2.152,0,0
20110113,2.1266,2.1266,2.1266,2.1266,0,0
20110114,2.6678,2.6678,2.6678,2.6678,0,0
20110117,2.3471,2.3471,2.3471,2.3471,0,0
20110118,2.0871,2.0871,2.0871,2.0871,0,0
20110119,2.0694,2.0694,2.0694,2.0694,0,0
20110120,2.5925,2.5925,2.5925,2.5925,0,0
20110121,2.7726,2.7726,2.7726,2.7726,0,0
20110124,2.7619,2.7619,2.7619,2.7619,0,0
20110125,2.6865,2.6865,2.6865,2.6865,0,0
20110126,2.6984,2.6984,2.6984,2.6984,0,0
20110127,2.7137,2.7137,2.7137,2.7137,0,0
20110128,2.911,2.911,2.911,2.911,0,0
20110131,3.3466,3.3466,3.3466,3.3466,0,0
20110201,4.4619,4.4619,4.4619,4.4619,0,0
20110202,4.6054,4.6054,4.6054,4.6054,0,0
20110203,4.4608,4.4608,4.4608,4.4608,0,0
20110204,5.2635,5.2635,5.2635,5.2635,0,0
20110207,5.767,5.767,5.767,5.767,0,0
20110208,5.8886,5.8886,5.8886,5.8886,0,0
20110209,7.0078,7.0078,7.0078,7.0078,0,0
20110210,6.3366,6.3366,6.3366,6.3366,0,0
20110211,6.9454,6.9454,6.9454,6.9454,0,0
20110214,6.9473,6.9473,6.9473,6.9473,0,0
20110215,6.7902,6.7902,6.7902,6.7902,0,0
20110216,6.7216,6.7216,6.7216,6.7216,0,0
20110217,6.6599,6.6599,6.6599,6.6599,0,0
20110218,5.7483,5.7483,5.7483,5.7483,0,0
20110221,5.3618,5.3618,5.3618,5.3618,0,0
20110222,5.598,5.598,5.598,5.598,0,0
20110223,5.7641,5.7641,5.7641,5.7641,0,0
20110224,6.3775,6.3775,6.3775,6.3775,0,0
20110225,5.8578,5.8578,5.8578,5.8578,0,0
20110228,5.4495,5.4495,5.4495,5.4495,0,0
20110301,5.8137,5.8137,5.8137,5.8137,0,0
20110302,5.9365,5.9365,5.9365,5.9365,0,0
20110303,5.95,5.95,5.95,5.95,0,0
20110304,5.7228,5.7228,5.7228,5.7228,0,0
20110307,5.6286,5.6286,5.6286,5.6286,0,0
20110308,5.54,5.54,5.54,5.54,0,0
20110309,5.4781,5.4781,5.4781,5.4781,0,0
20110310,5.9581,5.9581,5.9581,5.9581,0,0
20110311,5.5901,5.5901,5.5901,5.5901,0,0
20110314,5.6801,5.6801,5.6801,5.6801,0,0
20110315,5.554,5.554,5.554,5.554,0,0
20110316,5.5938,5.5938,5.5938,5.5938,0,0
20110317,5.2956,5.2956,5.2956,5.2956,0,0
20110318,5.1281,5.1281,5.1281,5.1281,0,0
20110321,4.7627,4.7627,4.7627,4.7627,0,0
20110322,5.0943,5.0943,5.0943,5.0943,0,0
20110323,5.3864,5.3864,5.3864,5.3864,0,0
20110324,5.4818,5.4818,5.4818,5.4818,0,0
20110325,5.6385,5.6385,5.6385,5.6385,0,0
20110328,5.0927,5.0927,5.0927,5.0927,0,0
20110329,5.0338,5.0338,5.0338,5.0338,0,0
20110330,4.9936,4.9936,4.9936,4.9936,0,0
20110331,4.9482,4.9482,4.9482,4.9482,0,0
20110401,4.8693,4.8693,4.8693,4.8693,0,0
20110404,4.2948,4.2948,4.2948,4.2948,0,0
20110405,4.4902,4.4902,4.4902,4.4902,0,0
20110406,4.6617,4.6617,4.6617,4.6617,0,0
20110407,4.7576,4.7576,4.7576,4.7576,0,0
20110408,4.6643,4.6643,4.6643,4.6643,0,0
20110411,4.8095,4.8095,4.8095,4.8095,0,0
20110412,5.4121,5.4121,5.4121,5.4121,0,0
20110413,5.778,5.778,5.778,5.778,0,0
20110414,6.2082,6.2082,6.2082,6.2082,0,0
20110415,6.1293,6.1293,6.1293,6.1293,0,0
20110418,7.3249,7.3249,7.3249,7.3249,0,0
20110419,7.4748,7.4748,7.4748,7.4748,0,0
20110420,7.0026,7.0026,7.0026,7.0026,0,0
20110421,7.3697,7.3697,7.3697,7.3697,0,0
20110422,8.6211,8.6211,8.6211,8.6211,0,0
20110425,9.4925,9.4925,9.4925,9.4925,0,0
20110426,10.96,10.96,10.96,10.96,0,0
20110427,11.556,11.556,11.556,11.556,0,0
20110428,13.316,13.316,13.316,13.316,0,0
20110429,17.356,17.356,17.356,17.356,0,0
20110502,19.196,19.196,19.196,19.196,0,0
20110503,20.591,20.591,20.591,20.591,0,0
20110504,20.729,20.729,20.729,20.729,0,0
20110505,20.63,20.63,20.63,20.63,0,0
20110506,21.557,21.557,21.557,21.557,0,0
20110509,23.852,23.852,23.852,23.852,0,0
20110510,36.271,36.271,36.271,36.271,0,0
20110511,34.718,34.718,34.718,34.718,0,0
20110512,39.663,39.663,39.663,39.663,0,0
20110513,52.394,52.394,52.394,52.394,0,0
20110516,50.864,50.864,50.864,50.864,0,0
20110517,45.68,45.68,45.68,45.68,0,0
20110518,43.336,43.336,43.336,43.336,0,0
20110519,42.581,42.581,42.581,42.581,0,0
20110520,35.131,35.131,35.131,35.131,0,0
20110523,45.58,45.58,45.58,45.58,0,0
20110524,47.038,47.038,47.038,47.038,0,0
20110525,53.131,53.131,53.131,53.131,0,0
20110526,55.474,55.474,55.474,55.474,0,0
20110527,52.968,52.968,52.968,52.968,0,0
20110530,54.787,54.787,54.787,54.787,0,0
20110531,54.024,54.024,54.024,54.024,0,0
20110601,59.357,59.357,59.357,59.357,0,0
20110602,65.728,65.728,65.728,65.728,0,0
20110603,87.587,87.587,87.587,87.587,0,0
20110606,114.62,114.62,114.62,114.62,0,0
20110607,146.97,146.97,146.97,146.97,0,0
20110608,182.72,182.72,182.72,182.72,0,0
20110609,180.05,180.05,180.05,180.05,0,0
20110610,151.39,151.39,151.39,151.39,0,0
20110613,125.96,125.96,125.96,125.96,0,0
20110614,121.9,121.9,121.9,121.9,0,0
20110615,126,126,126,126,0,0
20110616,110.31,110.31,110.31,110.31,0,0
20110617,100.46,100.46,100.46,100.46,0,0
20110620,100.35,100.35,100.35,100.35,0,0
20110621,99.78,99.78,99.78,99.78,0,0
20110622,99.476,99.476,99.476,99.476,0,0
20110623,101.76,101.76,101.76,101.76,0,0
20110624,101.81,101.81,101.81,101.81,0,0
20110627,108.09,108.09,108.09,108.09,0,0
20110628,109.26,109.26,109.26,109.26,0,0
20110629,107.08,107.08,107.08,107.08,0,0
20110630,101.73,101.73,101.73,101.73,0,0
20110701,96.531,96.531,96.531,96.531,0,0
20110704,86.789,86.789,86.789,86.789,0,0
20110705,80.801,80.801,80.801,80.801,0,0
20110706,93.876,93.876,93.876,93.876,0,0
20110707,93.396,93.396,93.396,93.396,0,0
20110708,91.431,91.431,91.431,91.431,0,0
20110711,92.918,92.918,92.918,92.918,0,0
20110712,91.763,91.763,91.763,91.763,0,0
20110713,90.568,90.568,90.568,90.568,0,0
20110714,91.144,91.144,91.144,91.144,0,0
20110715,89.718,89.718,89.718,89.718,0,0
20110718,88.829,88.829,88.829,88.829,0,0
20110719,90.192,90.192,90.192,90.192,0,0
20110720,88.439,88.439,88.439,88.439,0,0
20110721,85.89,85.89,85.89,85.89,0,0
20110722,86.828,86.828,86.828,86.828,0,0
20110725,88.88,88.88,88.88,88.88,0,0
20110726,86.815,86.815,86.815,86.815,0,0
20110727,88.441,88.441,88.441,88.441,0,0
20110728,85.402,85.402,85.402,85.402,0,0
20110729,84.953,84.953,84.953,84.953,0,0
20110801,82.891,82.891,82.891,82.891,0,0
20110802,77.23,77.23,77.23,77.23,0,0
20110803,58.965,58.965,58.965,58.965,0,0
20110804,69.842,69.842,69.842,69.842,0,0
20110805,63.354,63.354,63.354,63.354,0,0
20110808,50.46,50.46,50.46,50.46,0,0
20110809,65.336,65.336,65.336,65.336,0,0
20110810,65.601,65.601,65.601,65.601,0,0
20110811,61.523,61.523,61.523,61.523,0,0
20110812,61.667,61.667,61.667,61.667,0,0
20110815,71.404,71.404,71.404,71.404,0,0
20110816,70.126,70.126,70.126,70.126,0,0
20110817,69.378,69.378,69.378,69.378,0,0
20110818,69.855,69.855,69.855,69.855,0,0
20110819,74.142,74.142,74.142,74.142,0,0
20110822,69.162,69.162,69.162,69.162,0,0
20110823,69.291,69.291,69.291,69.291,0,0
20110824,68.644,68.644,68.644,68.644,0,0
20110825,61.14,61.14,61.14,61.14,0,0
20110826,51.51,51.51,51.51,51.51,0,0
20110829,56.479,56.479,56.479,56.479,0,0
20110830,55.894,55.894,55.894,55.894,0,0
20110831,51.839,51.839,51.839,51.839,0,0
20110901,52.567,52.567,52.567,52.567,0,0
20110902,55.223,55.223,55.223,55.223,0,0
20110905,49.119,49.119,49.119,49.119,0,0
20110906,44.452,44.452,44.452,44.452,0,0
20110907,45.832,45.832,45.832,45.832,0,0
20110908,41.863,41.863,41.863,41.863,0,0
20110909,32.814,32.814,32.814,32.814,0,0
20110912,40.702,40.702,40.702,40.702,0,0
20110913,38.664,38.664,38.664,38.664,0,0
20110914,37.816,37.816,37.816,37.816,0,0
20110915,31.94,31.94,31.94,31.94,0,0
20110916,32.01,32.01,32.01,32.01,0,0
20110919,36.736,36.736,36.736,36.736,0,0
20110920,40.616,40.616,40.616,40.616,0,0
20110921,37.475,37.475,37.475,37.475,0,0
20110922,37.352,37.352,37.352,37.352,0,0
20110923,38.332,38.332,38.332,38.332,0,0
20110926,33.477,33.477,33.477,33.477,0,0
20110927,33.127,33.127,33.127,33.127,0,0
20110928,32.315,32.315,32.315,32.315,0,0
20110929,32.528,32.528,32.528,32.528,0,0
20110930,35.077,35.077,35.077,35.077,0,0
20111003,34.551,34.551,34.551,34.551,0,0
20111004,34.356,34.356,34.356,34.356,0,0
20111005,33.566,33.566,33.566,33.566,0,0
20111006,32.429,32.429,32.429,32.429,0,0
20111007,29.062,29.062,29.062,29.062,0,0
20111010,27.302,27.302,27.302,27.302,0,0
20111011,26.281,26.281,26.281,26.281,0,0
20111012,27.381,27.381,27.381,27.381,0,0
20111013,27.019,27.019,27.019,27.019,0,0
20111014,26.34,26.34,26.34,26.34,0,0
20111017,17.033,17.033,17.033,17.033,0,0
20111018,16.078,16.078,16.078,16.078,0,0
20111019,15.006,15.006,15.006,15.006,0,0
20111020,15.624,15.624,15.624,15.624,0,0
20111021,16.929,16.929,16.929,16.929,0,0
20111024,16.661,16.661,16.661,16.661,0,0
20111025,18.156,18.156,18.156,18.156,0,0
20111026,18.186,18.186,18.186,18.186,0,0
20111027,19.278,19.278,19.278,19.278,0,0
20111028,20.319,20.319,20.319,20.319,0,0
20111031,21.006,21.006,21.006,21.006,0,0
20111101,20.793,20.793,20.793,20.793,0,0
20111102,21.533,21.533,21.533,21.533,0,0
20111103,20.715,20.715,20.715,20.715,0,0
20111104,20.45,20.45,20.45,20.45,0,0
20111107,19.776,19.776,19.776,19.776,0,0
20111108,19.903,19.903,19.903,19.903,0,0
20111109,19.682,19.682,19.682,19.682,0,0
20111110,18.967,18.967,18.967,18.967,0,0
20111111,20.375,20.375,20.375,20.375,0,0
20111114,14.892,14.892,14.892,14.892,0,0
20111115,15.688,15.688,15.688,15.688,0,0
20111116,17.319,17.319,17.319,17.319,0,0
20111117,15.31,15.31,15.31,15.31,0,0
20111118,13.902,13.902,13.902,13.902,0,0
20111121,15.633,15.633,15.633,15.633,0,0
20111122,15.861,15.861,15.861,15.861,0,0
20111123,16.112,16.112,16.112,16.112,0,0
20111124,16.9,16.9,16.9,16.9,0,0
20111125,17.562,17.562,17.562,17.562,0,0
20111128,17.743,17.743,17.743,17.743,0,0
20111129,18.964,18.964,18.964,18.964,0,0
20111130,20.081,20.081,20.081,20.081,0,0
20111201,20.722,20.722,20.722,20.722,0,0
20111202,21.072,21.072,21.072,21.072,0,0
20111205,19.365,19.365,19.365,19.365,0,0
20111206,20.444,20.444,20.444,20.444,0,0
20111207,20.073,20.073,20.073,20.073,0,0
20111208,20.256,20.256,20.256,20.256,0,0
20111209,20.006,20.006,20.006,20.006,0,0
20111212,21.504,21.504,21.504,21.504,0,0
20111213,22.607,22.607,22.607,22.607,0,0
20111214,22.067,22.067,22.067,22.067,0,0
20111215,22.358,22.358,22.358,22.358,0,0
20111216,22.211,22.211,22.211,22.211,0,0
20111219,24.329,24.329,24.329,24.329,0,0
20111220,27.07,27.07,27.07,27.07,0,0
20111221,26.789,26.789,26.789,26.789,0,0
20111222,26.715,26.715,26.715,26.715,0,0
20111223,27.164,27.164,27.164,27.164,0,0
20111227,27.882,27.882,27.882,27.882,0,0
20111228,28.934,28.934,28.934,28.934,0,0
20111229,28.752,28.752,28.752,28.752,0,0
20111230,29.228,29.228,29.228,29.228,0,0
20120102,36.026,36.026,36.026,36.026,0,0
20120103,33.284,33.284,33.284,33.284,0,0
20120104,38.102,38.102,38.102,38.102,0,0
20120105,48.124,48.124,48.124,48.124,0,0
20120106,46.394,46.394,46.394,46.394,0,0
20120109,43.748,43.748,43.748,43.748,0,0
20120110,43.804,43.804,43.804,43.804,0,0
20120111,47.971,47.971,47.971,47.971,0,0
20120112,47.032,47.032,47.032,47.032,0,0
20120113,44.979,44.979,44.979,44.979,0,0
20120116,46.615,46.615,46.615,46.615,0,0
20120117,38.754,38.754,38.754,38.754,0,0
20120118,40.562,40.562,40.562,40.562,0,0
20120119,43.043,43.043,43.043,43.043,0,0
20120120,44.066,44.066,44.066,44.066,0,0
20120123,42.844,42.844,42.844,42.844,0,0
20120124,42.495,42.495,42.495,42.495,0,0
20120125,38.93,38.93,38.93,38.93,0,0
20120126,36.108,36.108,36.108,36.108,0,0
20120127,35.804,35.804,35.804,35.804,0,0
20120130,37.097,37.097,37.097,37.097,0,0
20120131,37.369,37.369,37.369,37.369,0,0
20120201,40.836,40.836,40.836,40.836,0,0
20120202,41.138,41.138,41.138,41.138,0,0
20120203,39.935,39.935,39.935,39.935,0,0
20120206,36.593,36.593,36.593,36.593,0,0
20120207,37.903,37.903,37.903,37.903,0,0
20120208,37.183,37.183,37.183,37.183,0,0
20120209,38.659,38.659,38.659,38.659,0,0
20120210,39.423,39.423,39.423,39.423,0,0
20120213,34.985,34.985,34.985,34.985,0,0
20120214,29.915,29.915,29.915,29.915,0,0
20120215,29.097,29.097,29.097,29.097,0,0
20120216,28.845,28.845,28.845,28.845,0,0
20120217,29.649,29.649,29.649,29.649,0,0
20120220,29.026,29.026,29.026,29.026,0,0
20120221,28.409,28.409,28.409,28.409,0,0
20120222,29.501,29.501,29.501,29.501,0,0
20120223,33.322,33.322,33.322,33.322,0,0
20120224,32.934,32.934,32.934,32.934,0,0
20120227,32.656,32.656,32.656,32.656,0,0
20120228,31.911,31.911,31.911,31.911,0,0
20120229,32.008,32.008,32.008,32.008,0,0
20120301,32.599,32.599,32.599,32.599,0,0
20120302,31.424,31.424,31.424,31.424,0,0
20120305,33.367,33.367,33.367,33.367,0,0
20120306,33.909,33.909,33.909,33.909,0,0
20120307,33.569,33.569,33.569,33.569,0,0
20120308,33.087,33.087,33.087,33.087,0,0
20120309,33.041,33.041,33.041,33.041,0,0
20120312,33.278,33.278,33.278,33.278,0,0
20120313,35.658,35.658,35.658,35.658,0,0
20120314,36.877,36.877,36.877,36.877,0,0
20120315,36.149,36.149,36.149,36.149,0,0
20120316,36.04,36.04,36.04,36.04,0,0
20120319,31.505,31.505,31.505,31.505,0,0
20120320,32.608,32.608,32.608,32.608,0,0
20120321,32.399,32.399,32.399,32.399,0,0
20120322,31.904,31.904,31.904,31.904,0,0
20120323,31.576,31.576,31.576,31.576,0,0
20120326,30.906,30.906,30.906,30.906,0,0
20120327,32.133,32.133,32.133,32.133,0,0
20120328,31.941,31.941,31.941,31.941,0,0
20120329,32.128,32.128,32.128,32.128,0,0
20120330,32.145,32.145,32.145,32.145,0,0
20120402,32.845,32.845,32.845,32.845,0,0
20120403,32.648,32.648,32.648,32.648,0,0
20120404,32.938,32.938,32.938,32.938,0,0
20120405,33.229,33.229,33.229,33.229,0,0
20120410,32.878,32.878,32.878,32.878,0,0
20120411,33.477,33.477,33.477,33.477,0,0
20120412,33.183,33.183,33.183,33.183,0,0
20120413,33.512,33.512,33.512,33.512,0,0
20120416,33.466,33.466,33.466,33.466,0,0
20120417,33.667,33.667,33.667,33.667,0,0
20120418,34.513,34.513,34.513,34.513,0,0
20120419,34.639,34.639,34.639,34.639,0,0
20120420,35.78,35.78,35.78,35.78,0,0
20120423,33.549,33.549,33.549,33.549,0,0
20120424,34.365,34.365,34.365,34.365,0,0
20120425,34.573,34.573,34.573,34.573,0,0
20120426,34.228,34.228,34.228,34.228,0,0
20120427,34.301,34.301,34.301,34.301,0,0
20120430,33.278,33.278,33.278,33.278,0,0
20120501,33.59,33.59,33.59,33.59,0,0
20120502,34.21,34.21,34.21,34.21,0,0
20120503,34.683,34.683,34.683,34.683,0,0
20120504,34.516,34.516,34.516,34.516,0,0
20120507,34.475,34.475,34.475,34.475,0,0
20120508,34.614,34.614,34.614,34.614,0,0
20120509,34.641,34.641,34.641,34.641,0,0
20120510,33.609,33.609,33.609,33.609,0,0
20120511,34.409,34.409,34.409,34.409,0,0
20120514,35.176,35.176,35.176,35.176,0,0
20120515,35.903,35.903,35.903,35.903,0,0
20120516,36.368,36.368,36.368,36.368,0,0
20120517,36.686,36.686,36.686,36.686,0,0
20120518,36.622,36.622,36.622,36.622,0,0
20120521,36.306,36.306,36.306,36.306,0,0
20120522,36.295,36.295,36.295,36.295,0,0
20120523,36.925,36.925,36.925,36.925,0,0
20120524,36.777,36.777,36.777,36.777,0,0
20120525,36.908,36.908,36.908,36.908,0,0
20120528,36.75,36.75,36.75,36.75,0,0
20120529,37.147,37.147,37.147,37.147,0,0
20120530,37.133,37.133,37.133,37.133,0,0
20120531,37.636,37.636,37.636,37.636,0,0
20120601,38.343,38.343,38.343,38.343,0,0
20120604,37.831,37.831,37.831,37.831,0,0
20120605,39.295,39.295,39.295,39.295,0,0
20120606,39.109,39.109,39.109,39.109,0,0
20120607,39.97,39.97,39.97,39.97,0,0
20120608,40.211,40.211,40.211,40.211,0,0
20120611,39.623,39.623,39.623,39.623,0,0
20120612,40.388,40.388,40.388,40.388,0,0
20120613,41.538,41.538,41.538,41.538,0,0
20120614,41.802,41.802,41.802,41.802,0,0
20120615,45.367,45.367,45.367,45.367,0,0
20120618,44.374,44.374,44.374,44.374,0,0
20120619,45.209,45.209,45.209,45.209,0,0
20120620,46.437,46.437,46.437,46.437,0,0
20120621,46.8,46.8,46.8,46.8,0,0
20120622,45.874,45.874,45.874,45.874,0,0
20120625,44.569,44.569,44.569,44.569,0,0
20120626,45.369,45.369,45.369,45.369,0,0
20120627,46.813,46.813,46.813,46.813,0,0
20120628,46.644,46.644,46.644,46.644,0,0
20120629,45.995,45.995,45.995,45.995,0,0
20120702,46.761,46.761,46.761,46.761,0,0
20120703,44.686,44.686,44.686,44.686,0,0
20120704,44.902,44.902,44.902,44.902,0,0
20120705,46.4,46.4,46.4,46.4,0,0
20120706,46.708,46.708,46.708,46.708,0,0
20120709,49.144,49.144,49.144,49.144,0,0
20120710,50.107,50.107,50.107,50.107,0,0
20120711,49.931,49.931,49.931,49.931,0,0
20120712,54.603,54.603,54.603,54.603,0,0
20120713,53.892,53.892,53.892,53.892,0,0
20120716,59.883,59.883,59.883,59.883,0,0
20120717,61.434,61.434,61.434,61.434,0,0
20120718,63.216,63.216,63.216,63.216,0,0
20120719,61.37,61.37,61.37,61.37,0,0
20120720,58.969,58.969,58.969,58.969,0,0
20120723,58.653,58.653,58.653,58.653,0,0
20120724,60.019,60.019,60.019,60.019,0,0
20120725,61.381,61.381,61.381,61.381,0,0
20120726,61.075,61.075,61.075,61.075,0,0
20120727,61.012,61.012,61.012,61.012,0,0
20120730,61.723,61.723,61.723,61.723,0,0
20120731,63.498,63.498,63.498,63.498,0,0
20120801,64.559,64.559,64.559,64.559,0,0
20120802,71.74,71.74,71.74,71.74,0,0
20120803,73.651,73.651,73.651,73.651,0,0
20120806,72.795,72.795,72.795,72.795,0,0
20120807,74.367,74.367,74.367,74.367,0,0
20120808,73.882,73.882,73.882,73.882,0,0
20120809,74.045,74.045,74.045,74.045,0,0
20120810,75.75,75.75,75.75,75.75,0,0
20120813,80.619,80.619,80.619,80.619,0,0
20120814,81.467,81.467,81.467,81.467,0,0
20120815,88.556,88.556,88.556,88.556,0,0
20120816,90.261,90.261,90.261,90.261,0,0
20120817,77.4,77.4,77.4,77.4,0,0
20120820,67.372,67.372,67.372,67.372,0,0
20120821,65.987,65.987,65.987,65.987,0,0
20120822,65.37,65.37,65.37,65.37,0,0
20120823,66.64,66.64,66.64,66.64,0,0
20120824,69.772,69.772,69.772,69.772,0,0
20120827,72.116,72.116,72.116,72.116,0,0
20120828,72.208,72.208,72.208,72.208,0,0
20120829,72.674,72.674,72.674,72.674,0,0
20120830,72.059,72.059,72.059,72.059,0,0
20120831,67.202,67.202,67.202,67.202,0,0
20120903,70.385,70.385,70.385,70.385,0,0
20120904,69.736,69.736,69.736,69.736,0,0
20120905,73.96,73.96,73.96,73.96,0,0
20120906,75.328,75.328,75.328,75.328,0,0
20120907,72.733,72.733,72.733,72.733,0,0
20120910,73.976,73.976,73.976,73.976,0,0
20120911,74.739,74.739,74.739,74.739,0,0
20120912,74.66,74.66,74.66,74.66,0,0
20120913,75.3,75.3,75.3,75.3,0,0
20120914,76.436,76.436,76.436,76.436,0,0
20120917,78.235,78.235,78.235,78.235,0,0
20120918,80.419,80.419,80.419,80.419,0,0
20120919,81.69,81.69,81.69,81.69,0,0
20120920,80.22,80.22,80.22,80.22,0,0
20120921,81.234,81.234,81.234,81.234,0,0
20120924,79.533,79.533,79.533,79.533,0,0
20120925,79.791,79.791,79.791,79.791,0,0
20120926,80.881,80.881,80.881,80.881,0,0
20120927,80.413,80.413,80.413,80.413,0,0
20120928,81.209,81.209,81.209,81.209,0,0
20121001,81.583,81.583,81.583,81.583,0,0
20121002,84.637,84.637,84.637,84.637,0,0
20121003,86.095,86.095,86.095,86.095,0,0
20121004,84.864,84.864,84.864,84.864,0,0
20121005,83.542,83.542,83.542,83.542,0,0
20121008,78.055,78.055,78.055,78.055,0,0
20121009,79.688,79.688,79.688,79.688,0,0
20121010,81.101,81.101,81.101,81.101,0,0
20121011,80.512,80.512,80.512,80.512,0,0
20121012,80.325,80.325,80.325,80.325,0,0
20121015,78.858,78.858,78.858,78.858,0,0
20121016,78.271,78.271,78.271,78.271,0,0
20121017,77.794,77.794,77.794,77.794,0,0
20121018,78.104,78.104,78.104,78.104,0,0
20121019,77.129,77.129,77.129,77.129,0,0
20121022,77.209,77.209,77.209,77.209,0,0
20121023,77.397,77.397,77.397,77.397,0,0
20121024,77.929,77.929,77.929,77.929,0,0
20121025,72.732,72.732,72.732,72.732,0,0
20121026,68.14,68.14,68.14,68.14,0,0
20121029,70.827,70.827,70.827,70.827,0,0
20121030,72.224,72.224,72.224,72.224,0,0
20121031,74.175,74.175,74.175,74.175,0,0
20121101,70.294,70.294,70.294,70.294,0,0
20121102,70.072,70.072,70.072,70.072,0,0
20121105,71.915,71.915,71.915,71.915,0,0
20121106,72.827,72.827,72.827,72.827,0,0
20121107,72.995,72.995,72.995,72.995,0,0
20121108,73.059,73.059,73.059,73.059,0,0
20121109,72.687,72.687,72.687,72.687,0,0
20121112,74.297,74.297,74.297,74.297,0,0
20121113,74.199,74.199,74.199,74.199,0,0
20121114,74.181,74.181,74.181,74.181,0,0
20121115,75.718,75.718,75.718,75.718,0,0
20121116,79.768,79.768,79.768,79.768,0,0
20121119,79.469,79.469,79.469,79.469,0,0
20121120,79.423,79.423,79.423,79.423,0,0
20121121,79.102,79.102,79.102,79.102,0,0
20121122,83.05,83.05,83.05,83.05,0,0
20121123,81.709,81.709,81.709,81.709,0,0
20121126,80.91,80.91,80.91,80.91,0,0
20121127,81.499,81.499,81.499,81.499,0,0
20121128,82.11,82.11,82.11,82.11,0,0
20121129,82.985,82.985,82.985,82.985,0,0
20121130,83.633,83.633,83.633,83.633,0,0
20121203,84.002,84.002,84.002,84.002,0,0
20121204,88.34,88.34,88.34,88.34,0,0
20121205,88.076,88.076,88.076,88.076,0,0
20121206,88.285,88.285,88.285,88.285,0,0
20121207,90.017,90.017,90.017,90.017,0,0
20121210,89.827,89.827,89.827,89.827,0,0
20121211,89.927,89.927,89.927,89.927,0,0
20121212,90.877,90.877,90.877,90.877,0,0
20121213,91.321,91.321,91.321,91.321,0,0
20121214,90.545,90.545,90.545,90.545,0,0
20121217,88.068,88.068,88.068,88.068,0,0
20121218,87.66,87.66,87.66,87.66,0,0
20121219,89.013,89.013,89.013,89.013,0,0
20121220,88.028,88.028,88.028,88.028,0,0
20121221,88.163,88.163,88.163,88.163,0,0
20121224,87.689,87.689,87.689,87.689,0,0
20121226,87.592,87.592,87.592,87.592,0,0
20121227,87.416,87.416,87.416,87.416,0,0
20121228,87.374,87.374,87.374,87.374,0,0
20121231,87.779,87.779,87.779,87.779,0,0
20130102,86.236,86.236,86.236,86.236,0,0
20130103,87.064,87.064,87.064,87.064,0,0
20130104,88.4,88.4,88.4,88.4,0,0
20130107,88.35,88.35,88.35,88.35,0,0
20130108,89.922,89.922,89.922,89.922,0,0
20130109,90.26,90.26,90.26,90.26,0,0
20130110,91.718,91.718,91.718,91.718,0,0
20130111,91.353,91.353,91.353,91.353,0,0
20130114,92.252,92.252,92.252,92.252,0,0
20130115,92.501,92.501,92.501,92.501,0,0
20130116,95.897,95.897,95.897,95.897,0,0
20130117,100.62,100.62,100.62,100.62,0,0
20130118,102.4,102.4,102.4,102.4,0,0
20130121,109.58,109.58,109.58,109.58,0,0
20130122,112.31,112.31,112.31,112.31,0,0
20130123,114.21,114.21,114.21,114.21,0,0
20130124,109.62,109.62,109.62,109.62,0,0
20130125,112.43,112.43,112.43,112.43,0,0
20130128,120.03,120.03,120.03,120.03,0,0
20130129,124.25,124.25,124.25,124.25,0,0
20130130,125.07,125.07,125.07,125.07,0,0
20130131,129.58,129.58,129.58,129.58,0,0
20130201,129.1,129.1,129.1,129.1,0,0
20130204,129.14,129.14,129.14,129.14,0,0
20130205,130.09,130.09,130.09,130.09,0,0
20130206,134.64,134.64,134.64,134.64,0,0
20130207,142,142,142,142,0,0
20130208,146.07,146.07,146.07,146.07,0,0
20130211,157.36,157.36,157.36,157.36,0,0
20130212,159.82,159.82,159.82,159.82,0,0
20130213,152,152,152,152,0,0
20130214,172.17,172.17,172.17,172.17,0,0
20130215,171.17,171.17,171.17,171.17,0,0
20130218,170.84,170.84,170.84,170.84,0,0
20130219,185.37,185.37,185.37,185.37,0,0
20130220,186.92,186.92,186.92,186.92,0,0
20130221,190.41,190.41,190.41,190.41,0,0
20130222,194.09,194.09,194.09,194.09,0,0
20130225,195.01,195.01,195.01,195.01,0,0
20130226,201.06,201.06,201.06,201.06,0,0
20130227,199.22,199.22,199.22,199.22,0,0
20130228,215.3,215.3,215.3,215.3,0,0
20130301,221.84,221.84,221.84,221.84,0,0
20130304,232.16,232.16,232.16,232.16,0,0
20130305,257.74,257.74,257.74,257.74,0,0
20130306,262.85,262.85,262.85,262.85,0,0
20130307,265.76,265.76,265.76,265.76,0,0
20130308,282.67,282.67,282.67,282.67,0,0
20130311,309.16,309.16,309.16,309.16,0,0
20130312,281.36,281.36,281.36,281.36,0,0
20130313,300.91,300.91,300.91,300.91,0,0
20130314,303.81,303.81,303.81,303.81,0,0
20130315,300.42,300.42,300.42,300.42,0,0
20130318,331.87,331.87,331.87,331.87,0,0
20130319,382.14,382.14,382.14,382.14,0,0
20130320,416.09,416.09,416.09,416.09,0,0
20130321,459.42,459.42,459.42,459.42,0,0
20130322,453.65,453.65,453.65,453.65,0,0
20130325,478.73,478.73,478.73,478.73,0,0
20130326,509.93,509.93,509.93,509.93,0,0
20130327,579.26,579.26,579.26,579.26,0,0
20130328,560.3,560.3,560.3,560.3,0,0
20130402,764.58,764.58,764.58,764.58,0,0
20130403,877.27,877.27,877.27,877.27,0,0
20130404,864.56,864.56,864.56,864.56,0,0
20130405,916.16,916.16,916.16,916.16,0,0
20130408,1203.58,1203.58,1203.58,1203.58,0,0
20130409,1469.55,1469.55,1469.55,1469.55,0,0
20130410,1053.97,1053.97,1053.97,1053.97,0,0
20130411,791.2,791.2,791.2,791.2,0,0
20130412,744.78,744.78,744.78,744.78,0,0
20130415,525.65,525.65,525.65,525.65,0,0
20130416,434.2,434.2,434.2,434.2,0,0
20130417,605.45,605.45,605.45,605.45,0,0
20130418,711.59,711.59,711.59,711.59,0,0
20130419,773.46,773.46,773.46,773.46,0,0
20130422,832.36,832.36,832.36,832.36,0,0
20130423,951.89,951.89,951.89,951.89,0,0
20130424,1021.03,1021.03,1021.03,1021.03,0,0
20130425,935.82,935.82,935.82,935.82,0,0
20130426,899.23,899.23,899.23,899.23,0,0
20130429,888.03,972.89,879.36,933.48,0,0
20130430,942.07,959.74,868.56,884.21,0,0
20130501,877.72,886.89,675.33,720.7,0,0
20130502,764.45,823.77,595.31,686.2,0,0
20130503,639.88,646.05,514.29,591.3,0,0
20130506,784.56,813.14,752.83,752.83,0,0
20130507,724.87,732.83,639.63,696.62,0,0
20130508,725.87,759.02,717.13,743.55,0,0
20130509,726.54,744.84,713.39,740.8,0,0
20130510,739.59,805.97,735.53,784.63,0,0
20130513,769.09,784.4,759.91,777.07,0,0
20130514,774.47,797.54,760.86,760.89,0,0
20130515,743.93,776.93,738.03,752.7,0,0
20130516,755.66,771.38,748.91,769.56,0,0
20130517,787.25,840.07,778.22,824.22,0,0
20130520,823,827.63,810.35,814.7,0,0
20130521,810.25,818.4,803.53,813.52,0,0
20130522,808.17,817.65,804.73,813.75,0,0
20130523,830.53,845.33,823.29,834.74,0,0
20130524,841.46,890.14,837.99,879.35,0,0
20130527,890.56,899.86,823.35,836.51,0,0
20130528,843.59,866.91,834.5,863.07,0,0
20130529,864.48,878.26,845.41,874.85,0,0
20130530,865.32,872.96,836.74,846.88,0,0
20130531,849.88,859.16,836.32,847.03,0,0
20130603,788.33,798.46,763.32,784.64,0,0
20130604,797.95,810.48,780.5,793.9,0,0
20130605,787.47,814.6,786.48,809.57,0,0
20130606,797.34,807.21,774.8,784.39,0,0
20130607,771.09,777.13,697.86,729.36,0,0
20130610,693.26,724.91,666.89,690.93,0,0
20130611,693.38,721.03,682.89,713.28,0,0
20130612,715.93,733.67,701.87,712.95,0,0
20130613,713.29,716.2,700.68,706.67,0,0
20130614,656.58,672.33,636.71,652.98,0,0
20130617,650.21,662.29,642.22,652.2,0,0
20130618,672.89,729.17,664.46,683.49,0,0
20130619,690.28,709.02,680.29,695.6,0,0
20130620,702.91,752.92,698.75,742.74,0,0
20130621,738.55,748.98,712.03,729.45,0,0
20130624,710.66,719.45,682.59,692.81,0,0
20130625,704.85,719.32,685.32,689.97,0,0
20130626,699.2,709.18,691.63,703.65,0,0
20130627,691.97,695.34,684.81,692.39,0,0
20130628,663.44,668.21,618.92,630.34,0,0
20130701,644.36,650.69,592.81,603.97,0,0
20130702,591.19,619.3,583.44,608.18,0,0
20130703,600,607.8,547.34,561.18,0,0
20130704,501.8,561.52,481.75,540.09,0,0
20130705,519.68,522.09,445.18,455.77,0,0
20130708,546.63,547.47,493.32,527.34,0,0
20130709,517.25,529.92,491.51,529.92,0,0
20130710,518.73,564.34,517.63,552.48,0,0
20130711,570.22,588.6,568.02,583.01,0,0
20130712,649.41,693.25,612.9,623.91,0,0
20130715,628.55,679.32,624.57,659.74,0,0
20130716,652.13,669.37,639.03,642.73,0,0
20130717,648.94,660.55,638.24,643.37,0,0
20130718,632.57,633.89,569.21,595.96,0,0
20130719,582.98,622.32,579.52,608.01,0,0
20130722,589.75,597.8,583.63,590.74,0,0
20130723,608.15,626.91,593.98,613.57,0,0
20130724,613.15,625.2,599.5,615.96,0,0
20130725,610.55,635.04,610.13,622.71,0,0
20130726,621.71,629.14,619.6,621.69,0,0
20130729,637.48,663.4,636.22,657.2,0,0
20130730,656.86,676.26,651.62,670.99,0,0
20130731,719.93,727.4,677.93,702.88,0,0
20130801,689.18,709.61,680.76,680.84,0,0
20130802,682.95,716.81,677.51,685.46,0,0
20130805,699.61,712.61,690.77,700.1,0,0
20130806,700.34,705.37,688.74,690.99,0,0
20130807,694.95,701.91,686.07,687.9,0,0
20130808,686.14,689.99,655.01,665.31,0,0
20130809,670.43,676.65,662.88,666.85,0,0
20130812,675.1,687.83,674.08,686.42,0,0
20130813,698.04,710.34,681.38,708.57,0,0
20130814,731.01,749.51,721.02,732.61,0,0
20130815,724.94,736.46,715.52,717.9,0,0
20130816,715.95,730.53,704.97,712.39,0,0
20130819,774.74,806.77,757.15,777.07,0,0
20130820,800.45,800.6,768.44,787.02,0,0
20130821,784.63,819.34,782.17,807.97,0,0
20130822,801.82,808.52,788.43,794.94,0,0
20130823,786.66,792.38,768.51,771.39,0,0
20130826,793.59,800.48,781.89,785.39,0,0
20130827,851.24,862.06,837.89,852.4,0,0
20130828,841.35,854.55,830.15,847.81,0,0
20130829,842.31,858.55,837.54,848.23,0,0
20130830,851.76,947.04,846.6,904.46,0,0
20130902,953.21,975.18,940.68,956.43,0,0
20130903,952.51,977.81,939.39,954.85,0,0
20130904,948.66,964.6,896.58,907.26,0,0
20130905,885.82,920.58,861.71,893.63,0,0
20130906,877.6,881.3,815.7,833.49,0,0
20130909,827.06,899.75,826.07,875.98,0,0
20130910,877.34,891.03,864.21,870.09,0,0
20130911,846.12,915.22,845.57,894.41,0,0
20130912,914.35,941.23,898.36,925.74,0,0
20130913,929.51,939.63,914.47,930.33,0,0
20130916,913.17,925.55,898.47,906.27,0,0
20130917,902.36,913.47,891.74,903.99,0,0
20130918,908.01,913.36,893.46,903.37,0,0
20130919,888.8,893,831.94,865.56,0,0
20130920,853.29,871.37,838.63,854.69,0,0
20130923,848.49,860.67,839.43,853.24,0,0
20130924,860.85,873.28,847.22,867.61,0,0
20130925,866.45,885.2,861.97,873.59,0,0
20130926,873.48,879.85,863.2,878.15,0,0
20130927,878.22,915.05,865.28,899.86,0,0
20130930,924.16,937.35,887.72,907.63,0,0
20131001,907.63,926.06,887.46,898.44,0,0
20131002,893.68,906.85,699.82,791.95,0,0
20131003,785.98,840.99,762.05,822.51,0,0
20131004,822.57,891.99,814.78,890.11,0,0
20131007,875.88,894.37,871.26,879.04,0,0
20131008,878.95,885.04,870,881.25,0,0
20131009,881.34,918.91,872.87,899.03,0,0
20131010,899.09,920.06,898.99,910,0,0
20131011,910.95,921.82,900.97,914.96,0,0
20131014,951.05,995.19,945.23,962.94,0,0
20131015,963.07,1020.7,958.19,1001.74,0,0
20131016,1001.77,1061.44,934.82,984.55,0,0
20131017,982.71,1021.16,972.39,1009.59,0,0
20131018,1009.81,1068.92,1000.22,1057.89,0,0
20131021,1192.65,1268.43,1180.67,1220.39,0,0
20131022,1220.02,1315.38,1219.22,1275.25,0,0
20131023,1274.72,1428.57,1273.14,1414.03,0,0
20131024,1413.98,1483.33,1116.92,1264.01,0,0
20131025,1264.05,1328.19,1117.86,1193.67,0,0
20131028,1284.96,1330.11,1266.07,1312.41,0,0
20131029,1312.34,1372.25,1294.94,1371.8,0,0
20131030,1371.76,1381.79,1304.93,1317.91,0,0
20131031,1304.71,1393.14,1304.63,1368.78,0,0
20131101,1381.58,1406.33,1359.73,1397.79,0,0
20131104,1454.7,1538.3,1444.51,1536.99,0,0
20131105,1537.21,1688.75,1498.9,1656.74,0,0
20131106,1656.76,1766.5,1638.6,1713.62,0,0
20131107,1714.25,2097.31,1707.77,2012.75,0,0
20131108,2008.37,2361.27,1983.24,2278.78,0,0
20131111,2236.74,2449.26,2120.37,2376.3,0,0
20131112,2399.81,2601.91,2340.51,2526.79,0,0
20131113,2526.91,2959.14,2474.23,2929.44,0,0
20131114,2922.25,2972.28,2676.85,2891.18,0,0
20131115,2878.86,3043.85,2816.06,2905.06,0,0
20131118,3562.02,5136.6,3454.37,4970.44,0,0
20131119,5090.4,5941.13,3403.4,4296.76,0,0
20131120,4321.95,4514.93,3025.78,4055.64,0,0
20131121,4029.27,5158.11,3968.37,5133.96,0,0
20131122,5135.32,5203.69,4521.77,5034.94,0,0
20131125,5274.52,5531.56,5004.3,5434.53,0,0
20131126,5480.54,6374.09,5411.54,6305.99,0,0
20131127,6252.5,7061.65,6065.27,6931.55,0,0
20131128,6936.53,8015.42,6785.74,7741.04,0,0
20131129,7728.3,8123.67,6870.85,7589.62,0,0
20131202,6684.1,7313.82,6420.83,7156.73,0,0
20131203,7089.35,7740.88,6993.17,7504.73,0,0
20131204,7531.47,8057.38,7378.11,8048.17,0,0
20131205,8023.35,8051.2,5731.5,7244.95,0,0
20131206,7247.86,7307.98,5203.69,5915.66,0,0
20131209,5140.39,6387.31,5126.23,5909.89,0,0
20131210,5875.97,6951.11,5875.97,6709.7,0,0
20131211,6742.84,6913.28,5421.42,5753.36,0,0
20131212,5743.08,5930.99,5563.11,5757.26,0,0
20131213,5759.69,6207.45,5644.96,5715.14,0,0
20131216,5749.4,5832.74,4389.04,4714.5,0,0
20131217,4692.38,4965.13,4144.93,4453.82,0,0
20131218,4448.47,4510.5,2734.31,3528.08,0,0
20131219,3519.41,4566.69,3298.52,4530.98,0,0
20131220,4523.05,4810.19,3997.17,4095.75,0,0
20131223,4093.3,4413.48,3999.64,4413.25,0,0
20131224,4417.47,4501.71,4245.59,4294.28,0,0
20131226,4720.08,5092.42,4630.81,5068.57,0,0
20131227,5074.03,5084.43,4649.83,4739.04,0,0
20131230,4858.02,4997.43,4807.14,4886.3,0,0
20131231,4885.58,4892.29,4738.49,4844.1,0,0
20140102,4973.13,5346.63,4941.95,5272.01,0,0
20140103,5263.78,5413.74,5141.14,5318.39,0,0
20140106,6073.61,6631.78,5900.46,6107.99,0,0
20140107,6109.67,6297.48,5278.81,5333.33,0,0
20140108,5360.1,5713.98,5040.81,5451.93,0,0
20140109,5478.68,5765.29,5179.86,5507.44,0,0
20140110,5529.6,5688.28,5370.15,5610.52,0,0
20140113,5561.93,5656.17,5205.95,5476.93,0,0
20140114,5478.86,5580.1,5306.36,5399.85,0,0
20140115,5436.07,5630.98,5353.22,5583.92,0,0
20140116,5592.61,5615.48,5406.68,5435.29,0,0
20140117,5435.74,5454.27,5156.06,5206.76,0,0
20140120,5520.04,5739.32,5519.2,5708.53,0,0
20140121,5708.75,5720.14,5546.73,5606.62,0,0
20140122,5604.54,5640.63,5417.42,5487.93,0,0
20140123,5486.48,5521.31,5272.14,5272.14,0,0
20140124,5274.64,5279.92,5018.6,5163.61,0,0
20140127,5673.44,5747.95,4975.39,4975.42,0,0
20140128,4961.18,5355.89,4860.16,5263.94,0,0
20140129,5264.47,5405.93,5194.28,5325.48,0,0
20140130,5341.66,5427.68,5187.39,5319.95,0,0
20140131,5323.53,5423.57,5298.19,5387.57,0,0
20140203,5404.7,5415.14,5260.75,5390,0,0
20140204,5384.47,5505.61,5371.89,5398.75,0,0
20140205,5406.83,5448.79,5329.46,5361.86,0,0
20140206,5380.89,5383.43,5061.16,5077.04,0,0
20140207,5059.07,5093.94,4200.62,4703.55,0,0
20140210,4426.57,4575.28,3565.72,4314.36,0,0
20140211,4318.04,4613.53,4090.03,4206.74,0,0
20140212,4233.05,4392.1,3954.55,4250.36,0,0
20140213,4249.69,4253.69,3867.99,3965.66,0,0
20140214,3968.56,4539.49,3476.47,4208.3,0,0
20140217,3846.42,4236.87,3846.42,4043.66,0,0
20140218,4039.31,4167.38,3950.89,4039.26,0,0
20140219,4039.49,4117.07,4017.82,4062.39,0,0
20140220,4063.67,4093.44,3674.43,3690.16,0,0
20140221,3691.45,3828.37,3460.55,3705.67,0,0
20140224,3987.19,3989.74,3490.52,3532.77,0,0
20140225,3541.99,3592.07,2699.93,3472.86,0,0
20140226,3484.09,3937.69,3408.35,3819.27,0,0
20140227,3825.16,3873.16,3694.76,3785.64,0,0
20140228,3784.78,3818.05,3535.04,3595.44,0,0
20140303,3559.19,4551.87,3547.08,4294.59,0,0
20140304,4291.56,4493.05,4223.19,4278.95,0,0
20140305,4273.13,4346.88,4163.75,4257.71,0,0
20140306,4260.9,4311.19,4153.7,4221.08,0,0
20140307,4211.32,4254.36,3927.69,4018,0,0
20140310,4086.11,4111.88,3892.6,4001.26,0,0
20140311,4006.01,4078.77,3933.72,4051.32,0,0
20140312,4054.58,4132.91,4004.44,4027.09,0,0
20140313,4021.87,4097.67,4012.17,4066.43,0,0
20140314,4065.81,4084.92,4012.53,4024.56,0,0
20140317,4026.18,4046.81,3928.15,3957.68,0,0
20140318,3957.27,3968.66,3814.36,3879.55,0,0
20140319,3882.33,3947.51,3872.71,3934.69,0,0
20140320,3925.04,3929.26,3760.78,3782.99,0,0
20140321,3787.69,3892.9,3617.63,3729.53,0,0
20140324,3627.27,3772.47,3536.26,3754.98,0,0
20140325,3758.07,3760.89,3655.25,3728.28,0,0
20140326,3730.23,3827.96,3653.28,3756.97,0,0
20140327,3749.03,3762.18,3305.81,3310.28,0,0
20140328,3316.91,3426.26,3046.72,3209.17,0,0
20140331,3029.73,3153.5,2874.79,2931.77,0,0
20140401,2944.36,3201.72,2930.92,3138.74,0,0
20140402,3138.49,3196.23,2787.69,2847.48,0,0
20140403,2847.93,2987.04,2689.34,2913.64,0,0
20140404,2913.99,2980.23,2805.96,2927.33,0,0
20140407,3006.84,3024.35,2896.76,2930.6,0,0
20140408,2930.59,2978.45,2900.8,2912.25,0,0
20140409,2910.03,2944.46,2847.77,2852.8,0,0
20140410,2852.18,2858.86,2451.54,2452.09,0,0
20140411,2450.83,2808.55,2248.36,2722.61,0,0
20140414,2659,3090.37,2658.5,2994.98,0,0
20140415,2997.23,3386.75,2968.19,3316.72,0,0
20140416,3316.88,3566.1,3238.58,3498.12,0,0
20140417,3488.32,3532.06,3157.72,3306.48,0,0
20140421,3257.82,3368.26,3231.39,3247.4,0,0
20140422,3247.53,3299.28,3196.39,3196.44,0,0
20140423,3201.33,3224.16,3161.36,3201.25,0,0
20140424,3201.2,3246.93,3131.5,3236.71,0,0
20140425,3238.86,3288.21,2893,3005.57,0,0
20140428,2904.45,2916.82,2768.59,2895.2,0,0
20140429,2896.13,2937.61,2819.97,2905.98,0,0
20140430,2905.62,2948.27,2842.89,2895.6,0,0
20140502,2965.7,2975.8,2862.48,2898.95,0,0
20140505,2819.77,2856.15,2771.43,2809.89,0,0
20140506,2811.3,2816.22,2736.44,2775.13,0,0
20140507,2775.28,2898.46,2753.27,2868.17,0,0
20140508,2868.99,2884.54,2835.46,2858.14,0,0
20140509,2859.57,2961.18,2833.81,2931.47,0,0
20140512,2856.58,2891.39,2834.36,2882.48,0,0
20140513,2882.72,2887.84,2840.54,2856.25,0,0
20140514,2856.62,2917.58,2854.77,2908.33,0,0
20140515,2910.95,2943.13,2884.27,2916.63,0,0
20140516,2918.47,2938.81,2899.51,2930.7,0,0
20140519,2910.79,2936.3,2907.12,2923.87,0,0
20140520,2924.05,3255.88,2921.5,3178.95,0,0
20140521,3178.26,3255.91,3175.81,3211.28,0,0
20140522,3213.23,3431.33,3203.85,3425.36,0,0
20140523,3431.76,3609.3,3425.93,3484.89,0,0
20140526,3767.8,3921.8,3748.27,3837.06,0,0
20140527,3833.85,3910.1,3637.3,3786.16,0,0
20140528,3787.27,3818.6,3720.55,3771.05,0,0
20140529,3772.07,3825.06,3686.2,3760.68,0,0
20140530,3761.29,4086.26,3753.21,4073.96,0,0
20140602,4291.5,4438.97,4082.39,4438.97,0,0
20140603,4437.83,4519,4317.44,4427.7,0,0
20140604,4431.6,4466.87,4128.57,4265.39,0,0
20140605,4261.98,4444.31,4223.47,4372.3,0,0
20140606,4374.72,4384.73,4281.9,4305.75,0,0
20140609,4322.15,4348.26,4227.62,4291.45,0,0
20140610,4292.26,4392.29,4285.38,4344.74,0,0
20140611,4343.48,4387.51,4201.39,4201.41,0,0
20140612,4199.11,4243.26,3880.71,3898,0,0
20140613,3899.67,4081.82,3761.1,3911.59,0,0
20140616,3799.02,4038.3,3798.18,3943.91,0,0
20140617,3944.37,4043.81,3877.49,4032.94,0,0
20140618,4032.04,4074.54,3992.59,4012.04,0,0
20140619,4013.77,4048.56,3970.3,3970.3,0,0
20140620,3969.59,4002.02,3903.06,3967.43,0,0
20140623,4015.9,4032.75,3896.17,3926.37,0,0
20140624,3926.12,3954.93,3902.23,3923.29,0,0
20140625,3922.82,3927,3768.02,3790.64,0,0
20140626,3785.31,3862.54,3760.92,3845.73,0,0
20140627,3845.74,3966.86,3845.57,3952.96,0,0
20140630,4001.21,4298.51,4001,4254.98,0,0
20140701,4252.56,4383.62,4248.54,4305.07,0,0
20140702,4307.09,4382.84,4198.91,4325.06,0,0
20140703,4325.47,4441.16,4284.65,4352.94,0,0
20140704,4351.87,4398.2,4292.52,4319.34,0,0
20140707,4313.58,4340,4182.68,4213.88,0,0
20140708,4210.32,4255.46,4206.69,4243.18,0,0
20140709,4240.86,4244.04,4199.59,4225.19,0,0
20140710,4223.16,4224.22,4126.31,4172.98,0,0
20140711,4173.14,4283.86,4156.84,4282.02,0,0
20140714,4259.48,4267.44,4183.25,4210.54,0,0
20140715,4208.9,4242.62,4190.89,4222.04,0,0
20140716,4224.56,4231.94,4187.89,4196.95,0,0
20140717,4196.79,4276.32,4170.42,4250.87,0,0
20140718,4250.68,4286.28,4215.23,4274.02,0,0
20140721,4241.91,4254.26,4215.89,4244.98,0,0
20140722,4243.86,4261.64,4233.9,4239.24,0,0
20140723,4239.22,4244.18,4218.86,4227.02,0,0
20140724,4224.59,4232.02,4047.03,4090.15,0,0
20140725,4089.83,4136.01,4047.39,4084.31,0,0
20140728,4037.72,4040.07,3896.31,4001.58,0,0
20140729,4003.37,4010.24,3953.72,3989.53,0,0
20140730,3989.77,4006.7,3872.36,3881.75,0,0
20140731,3881.09,4055.7,3850.8,4029.1,0,0
20140801,4028.68,4133.76,4007.69,4094.31,0,0
20140804,4019.97,4084.56,4002.24,4034.62,0,0
20140805,4035.02,4046.38,3985.48,4004.01,0,0
20140806,4004.97,4050.94,4001.6,4014.21,0,0
20140807,4013.89,4079.53,4007.85,4065.56,0,0
20140808,4065.32,4140.95,4051.79,4076.37,0,0
20140811,4052.65,4065.62,3929.61,3937.07,0,0
20140812,3933.2,3945.96,3874.69,3898.7,0,0
20140813,3898.47,3927.62,3595.64,3722.61,0,0
20140814,3721.75,3743.51,3386.76,3492.74,0,0
20140815,3494.42,3544.51,3307.57,3367.15,0,0
20140818,3335.56,3427.45,2981.54,3108.83,0,0
20140819,3106.05,3356.7,3095.51,3295.47,0,0
20140820,3293.53,3602.57,3194.96,3520.06,0,0
20140821,3519.66,3684.65,3497.7,3584.33,0,0
20140822,3582.3,3614.21,3441.63,3547.6,0,0
20140825,3549.28,3549.28,3450.21,3482.55,0,0
20140826,3482.17,3566.92,3458.92,3537.59,0,0
20140827,3538.3,3620.32,3535.43,3568.81,0,0
20140828,3569.18,3577.57,3526.25,3527.67,0,0
20140829,3527.76,3572.1,3500.83,3554.72,0,0
20140901,3365.07,3401.9,3298.05,3362.73,0,0
20140902,3363.38,3390.63,3297.09,3353.06,0,0
20140903,3352.83,3361.47,3320.09,3338.58,0,0
20140904,3337.6,3484.99,3319.51,3460.06,0,0
20140905,3459.25,3483.52,3414.06,3419.25,0,0
20140908,3416.39,3416.95,3290.69,3352.72,0,0
20140909,3352.84,3371.13,3304.33,3359.64,0,0
20140910,3359.88,3458.6,3342.16,3399.44,0,0
20140911,3397.81,3412.64,3355.94,3384.57,0,0
20140912,3387.95,3400.65,3332.98,3372.31,0,0
20140915,3389.58,3406.42,3367.86,3374.24,0,0
20140916,3374.55,3377.12,3286.44,3296.7,0,0
20140917,3295.15,3313.2,3192.25,3227.84,0,0
20140918,3226.3,3272.85,2872.89,3010.64,0,0
20140919,3008.21,3023.87,2711.66,2828.97,0,0
20140922,2811.92,2892.44,2803.25,2874.64,0,0
20140923,2874.49,3171.89,2782.9,3106.46,0,0
20140924,3111.67,3135.9,2995.83,3038.31,0,0
20140925,3036.08,3048.44,2928.57,2958.12,0,0
20140926,2957.41,2983.72,2864.78,2923.44,0,0
20140929,2727.75,2793.73,2678.38,2724.63,0,0
20140930,2724.02,2842.45,2682.45,2784.69,0,0
20141001,2783.19,2817.04,2721.24,2755.35,0,0
20141002,2756.14,2758.65,2659.88,2669.86,0,0
20141003,2670.26,2704.83,2603.13,2618.22,0,0
20141006,2206.39,2483.54,2190.2,2406.31,0,0
20141007,2408.53,2442.51,2279.04,2357.19,0,0
20141008,2356.24,2511.17,2343.77,2509.92,0,0
20141009,2512.85,2761.91,2483.73,2573.66,0,0
20141010,2575.12,2704.52,2546.18,2571.85,0,0
20141013,2708.07,2788.92,2644.57,2775.4,0,0
20141014,2777.95,2962.35,2752.24,2920.45,0,0
20141015,2919.7,2921.17,2779.29,2801.45,0,0
20141016,2801.14,2845.46,2640.45,2698.93,0,0
20141017,2700.2,2739.38,2657.73,2716.85,0,0
20141020,2771.32,2797.29,2710.67,2734.17,0,0
20141021,2733.26,2811.79,2707.91,2770.86,0,0
20141022,2769.9,2779.74,2741.4,2761.58,0,0
20141023,2762.34,2771.61,2566.56,2577.3,0,0
20141024,2577.04,2616.3,2547.72,2578.9,0,0
20141027,2538.83,2588.92,2499.93,2560.35,0,0
20141028,2560.38,2614.04,2537.8,2577.27,0,0
20141029,2578.03,2581.21,2461.12,2470.99,0,0
20141030,2470.16,2572.1,2445.04,2524,0,0
20141031,2524.17,2549.32,2477.34,2514.29,0,0
20141103,2400.74,2469.05,2391.44,2401.88,0,0
20141104,2400.64,2446.04,2375.82,2410.58,0,0
20141105,2409.14,2517.26,2408.41,2492,0,0
20141106,2492.29,2614.05,2471.75,2586.17,0,0
20141107,2584.21,2611.43,2521.56,2532.03,0,0
20141110,2653.43,2785.98,2638.05,2728.56,0,0
20141111,2729.26,2757.15,2671.96,2704.3,0,0
20141112,2704.23,3205.05,2698.29,3103.66,0,0
20141113,3103.94,3397.44,2862.35,3095.57,0,0
20141114,3089,3156.93,2831.32,2901.63,0,0
20141117,2863.2,3032.36,2790.49,2875.66,0,0
20141118,2875.35,2901.39,2723.83,2775.51,0,0
20141119,2777.58,2843.61,2739.51,2774.91,0,0
20141120,2774.82,2803.52,2611.25,2633.09,0,0
20141121,2634.11,2660.03,2527.73,2621.12,0,0
20141124,2759.64,2886.77,2721.06,2815.11,0,0
20141125,2814.93,2925.87,2775.04,2790.54,0,0
20141126,2791.21,2803.01,2706.26,2711.42,0,0
20141127,2711.33,2771.07,2703.53,2736.59,0,0
20141128,2737.7,2836.81,2657.93,2820.56,0,0
20141201,2807.49,2853.68,2795.51,2819.94,0,0
20141202,2817.91,2879.39,2808.47,2861.67,0,0
20141203,2861.82,2877.89,2807.67,2823.92,0,0
20141204,2823.69,2849.2,2754.73,2766.55,0,0
20141205,2766.54,2844.19,2736.55,2844.15,0,0
20141208,2825.65,2832.66,2746.07,2752.07,0,0
20141209,2750.02,2750.02,2575.84,2638.73,0,0
20141210,2639.28,2644.22,2603.05,2606.7,0,0
20141211,2606.67,2717.98,2536.33,2604.02,0,0
20141212,2606.38,2667.54,2605.78,2663.52,0,0
20141215,2639.77,2652.88,2608.79,2635.33,0,0
20141216,2636.1,2639.4,2496.99,2505.28,0,0
20141217,2508.86,2535.86,2392.19,2452.04,0,0
20141218,2450.8,2477.1,2323.39,2395.01,0,0
20141219,2395.97,2449.6,2351.75,2425.79,0,0
20141222,2489.31,2582.51,2462.7,2563.62,0,0
20141223,2563.38,2622.62,2557.46,2598.64,0,0
20141224,2598.51,2605.32,2502.23,2514.25,0,0
20141226,2473.04,2572.3,2463.39,2563.51,0,0
20141229,2474.13,2500.74,2433.62,2457.32,0,0
20141230,2458.52,2464.57,2390.09,2400.95,0,0
20141231,2401.03,2476.15,2393.32,2473.8,0,0
20150101,2473.79,2494.92,2447.31,2455.39,0,0
