Date,Open,High,Low,Close,Volume,OpenInt
20100719,388.56,388.56,388.56,388.56,0,0
20100720,419.8,419.8,419.8,419.8,0,0
20100721,394.63,394.63,394.63,394.63,0,0
20100722,625,625,625,625,0,0
20100723,505,505,505,505,0,0
20100726,576.8,576.8,576.8,576.8,0,0
20100727,540.69,540.69,540.69,540.69,0,0
20100728,552.03,552.03,552.03,552.03,0,0
20100729,467.07,467.07,467.07,467.07,0,0
20100730,519.97,519.97,519.97,519.97,0,0
20100802,551.88,551.88,551.88,551.88,0,0
20100803,551.33,551.33,551.33,551.33,0,0
20100804,579.78,579.78,579.78,579.78,0,0
20100805,541.39,541.39,541.39,541.39,0,0
20100806,533.85,533.85,533.85,533.85,0,0
20100809,470.26,470.26,470.26,470.26,0,0
20100810,470.01,470.01,470.01,470.01,0,0
20100811,480.61,480.61,480.61,480.61,0,0
20100812,459.22,459.22,459.22,459.22,0,0
20100813,496.89,496.89,496.89,496.89,0,0
20100816,493.17,493.17,493.17,493.17,0,0
20100817,466.33,466.33,466.33,466.33,0,0
20100818,481.81,481.81,481.81,481.81,0,0
20100819,485.32,485.32,485.32,485.32,0,0
20100820,488.47,488.47,488.47,488.47,0,0
20100823,486.93,486.93,486.93,486.93,0,0
20100824,486.62,486.62,486.62,486.62,0,0
20100825,488.76,488.76,488.76,488.76,0,0
20100826,498.6,498.6,498.6,498.6,0,0
20100827,494.34,494.34,494.34,494.34,0,0
20100830,488.93,488.93,488.93,488.93,0,0
20100831,529.8,529.8,529.8,529.8,0,0
20100901,512.93,512.93,512.93,512.93,0,0
20100902,509.94,509.94,509.94,509.94,0,0
20100903,538.39,538.39,538.39,538.39,0,0
20100906,532.91,532.91,532.91,532.91,0,0
20100907,529.55,529.55,529.55,529.55,0,0
20100908,522.38,522.38,522.38,522.38,0,0
20100909,527.48,527.48,527.48,527.48,0,0
20100910,522.49,522.49,522.49,522.49,0,0
20100913,526.18,526.18,526.18,526.18,0,0
20100914,535.1,535.1,535.1,535.1,0,0
20100915,546.57,546.57,546.57,546.57,0,0
20100916,534.76,534.76,534.76,534.76,0,0
20100917,559.1,559.1,559.1,559.1,0,0
20100920,534.73,534.73,534.73,534.73,0,0
20100921,530.34,530.34,530.34,530.34,0,0
20100922,544.66,544.66,544.66,544.66,0,0
20100923,540.72,540.72,540.72,540.72,0,0
20100924,548.19,548.19,548.19,548.19,0,0
20100927,548.55,548.55,548.55,548.55,0,0
20100928,552.82,552.82,552.82,552.82,0,0
20100929,554.26,554.26,554.26,554.26,0,0
20100930,554.48,554.48,554.48,554.48,0,0
20101001,563.63,563.63,563.63,563.63,0,0
20101004,563.41,563.41,563.41,563.41,0,0
20101005,570.55,570.55,570.55,570.55,0,0
20101006,559.85,559.85,559.85,559.85,0,0
20101007,520.56,520.56,520.56,520.56,0,0
20101008,404.58,404.58,404.58,404.58,0,0
20101011,369.92,369.92,369.92,369.92,0,0
20101012,369.44,369.44,369.44,369.44,0,0
20101013,340.53,340.53,340.53,340.53,0,0
20101014,352.95,352.95,352.95,352.95,0,0
20101015,342.15,342.15,342.15,342.15,0,0
20101018,348.41,348.41,348.41,348.41,0,0
20101019,359.51,359.51,359.51,359.51,0,0
20101020,356.89,356.89,356.89,356.89,0,0
20101021,328.4,328.4,328.4,328.4,0,0
20101022,342.82,342.82,342.82,342.82,0,0
20101025,269.13,269.13,269.13,269.13,0,0
20101026,234.74,234.74,234.74,234.74,0,0
20101027,185.1,185.1,185.1,185.1,0,0
20101028,202.35,202.35,202.35,202.35,0,0
20101029,184.92,184.92,184.92,184.92,0,0
20101101,179.34,179.34,179.34,179.34,0,0
20101102,183.63,183.63,183.63,183.63,0,0
20101103,185.27,185.27,185.27,185.27,0,0
20101104,158.09,158.09,158.09,158.09,0,0
20101105,138.05,138.05,138.05,138.05,0,0
20101108,145.95,145.95,145.95,145.95,0,0
20101109,169.49,169.49,169.49,169.49,0,0
20101110,147.05,147.05,147.05,147.05,0,0
20101111,155.89,155.89,155.89,155.89,0,0
20101112,129.23,129.23,129.23,129.23,0,0
20101115,129.42,129.42,129.42,129.42,0,0
20101116,152.54,152.54,152.54,152.54,0,0
20101117,149.03,149.03,149.03,149.03,0,0
20101118,129.17,129.17,129.17,129.17,0,0
20101119,123.81,123.81,123.81,123.81,0,0
20101122,119.37,119.37,119.37,119.37,0,0
20101123,119.23,119.23,119.23,119.23,0,0
20101124,119.47,119.47,119.47,119.47,0,0
20101125,120.1,120.1,120.1,120.1,0,0
20101126,115.52,115.52,115.52,115.52,0,0
20101129,138.83,138.83,138.83,138.83,0,0
20101130,155.74,155.74,155.74,155.74,0,0
20101201,144.3,144.3,144.3,144.3,0,0
20101202,129.81,129.81,129.81,129.81,0,0
20101203,133.77,133.77,133.77,133.77,0,0
20101206,162.72,162.72,162.72,162.72,0,0
20101207,142.02,142.02,142.02,142.02,0,0
20101208,137.25,137.25,137.25,137.25,0,0
20101209,163.87,163.87,163.87,163.87,0,0
20101210,160.89,160.89,160.89,160.89,0,0
20101213,145.77,145.77,145.77,145.77,0,0
20101214,136.4,136.4,136.4,136.4,0,0
20101215,139.84,139.84,139.84,139.84,0,0
20101216,133.03,133.03,133.03,133.03,0,0
20101217,137.57,137.57,137.57,137.57,0,0
20101220,123.02,123.02,123.02,123.02,0,0
20101221,136.82,136.82,136.82,136.82,0,0
20101222,131.4,131.4,131.4,131.4,0,0
20101223,132.44,132.44,132.44,132.44,0,0
20101224,133.42,133.42,133.42,133.42,0,0
20101227,124.43,124.43,124.43,124.43,0,0
20101228,117.07,117.07,117.07,117.07,0,0
20101229,110.94,110.94,110.94,110.94,0,0
20101230,111.5,111.5,111.5,111.5,0,0
20101231,112.69,112.69,112.69,112.69,0,0
20110103,114.91,114.91,114.91,114.91,0,0
20110104,113.67,113.67,113.67,113.67,0,0
20110105,113.82,113.82,113.82,113.82,0,0
20110106,113.37,113.37,113.37,113.37,0,0
20110107,104.14,104.14,104.14,104.14,0,0
20110110,101.71,101.71,101.71,101.71,0,0
20110111,103.17,103.17,103.17,103.17,0,0
20110112,106.9,106.9,106.9,106.9,0,0
20110113,108.75,108.75,108.75,108.75,0,0
20110114,86.189,86.189,86.189,86.189,0,0
20110117,98.351,98.351,98.351,98.351,0,0
20110118,110.32,110.32,110.32,110.32,0,0
20110119,111.27,111.27,111.27,111.27,0,0
20110120,88.53,88.53,88.53,88.53,0,0
20110121,83.49,83.49,83.49,83.49,0,0
20110124,83.833,83.833,83.833,83.833,0,0
20110125,85.887,85.887,85.887,85.887,0,0
20110126,84.552,84.552,84.552,84.552,0,0
20110127,83.447,83.447,83.447,83.447,0,0
20110128,77.406,77.406,77.406,77.406,0,0
20110131,67.059,67.059,67.059,67.059,0,0
20110201,50.66,50.66,50.66,50.66,0,0
20110202,49.305,49.305,49.305,49.305,0,0
20110203,50.672,50.672,50.672,50.672,0,0
20110204,43.052,43.052,43.052,43.052,0,0
20110207,39.258,39.258,39.258,39.258,0,0
20110208,38.3,38.3,38.3,38.3,0,0
20110209,32.197,32.197,32.197,32.197,0,0
20110210,35.448,35.448,35.448,35.448,0,0
20110211,32.247,32.247,32.247,32.247,0,0
20110214,31.98,31.98,31.98,31.98,0,0
20110215,32.822,32.822,32.822,32.822,0,0
20110216,33.127,33.127,33.127,33.127,0,0
20110217,33.494,33.494,33.494,33.494,0,0
20110218,38.892,38.892,38.892,38.892,0,0
20110221,41.556,41.556,41.556,41.556,0,0
20110222,39.6,39.6,39.6,39.6,0,0
20110223,38.331,38.331,38.331,38.331,0,0
20110224,34.667,34.667,34.667,34.667,0,0
20110225,37.961,37.961,37.961,37.961,0,0
20110228,40.527,40.527,40.527,40.527,0,0
20110301,37.729,37.729,37.729,37.729,0,0
20110302,37.153,37.153,37.153,37.153,0,0
20110303,37.191,37.191,37.191,37.191,0,0
20110304,39.013,39.013,39.013,39.013,0,0
20110307,39.737,39.737,39.737,39.737,0,0
20110308,40.273,40.273,40.273,40.273,0,0
20110309,40.368,40.368,40.368,40.368,0,0
20110310,36.92,36.92,36.92,36.92,0,0
20110311,39.325,39.325,39.325,39.325,0,0
20110314,38.735,38.735,38.735,38.735,0,0
20110315,39.633,39.633,39.633,39.633,0,0
20110316,39.377,39.377,39.377,39.377,0,0
20110317,41.75,41.75,41.75,41.75,0,0
20110318,42.596,42.596,42.596,42.596,0,0
20110321,46.576,46.576,46.576,46.576,0,0
20110322,43.544,43.544,43.544,43.544,0,0
20110323,41.201,41.201,41.201,41.201,0,0
20110324,40.701,40.701,40.701,40.701,0,0
20110325,39.668,39.668,39.668,39.668,0,0
20110328,44.186,44.186,44.186,44.186,0,0
20110329,44.482,44.482,44.482,44.482,0,0
20110330,44.511,44.511,44.511,44.511,0,0
20110331,44.9,44.9,44.9,44.9,0,0
20110401,45.668,45.668,45.668,45.668,0,0
20110404,51.95,51.95,51.95,51.95,0,0
20110405,50.103,50.103,50.103,50.103,0,0
20110406,48.731,48.731,48.731,48.731,0,0
20110407,47.782,47.782,47.782,47.782,0,0
20110408,48.583,48.583,48.583,48.583,0,0
20110411,47.234,47.234,47.234,47.234,0,0
20110412,42.253,42.253,42.253,42.253,0,0
20110413,39.469,39.469,39.469,39.469,0,0
20110414,36.726,36.726,36.726,36.726,0,0
20110415,36.929,36.929,36.929,36.929,0,0
20110418,30.693,30.693,30.693,30.693,0,0
20110419,30.104,30.104,30.104,30.104,0,0
20110420,31.961,31.961,31.961,31.961,0,0
20110421,30.527,30.527,30.527,30.527,0,0
20110422,26.143,26.143,26.143,26.143,0,0
20110425,23.695,23.695,23.695,23.695,0,0
20110426,20.689,20.689,20.689,20.689,0,0
20110427,19.671,19.671,19.671,19.671,0,0
20110428,16.995,16.995,16.995,16.995,0,0
20110429,13.089,13.089,13.089,13.089,0,0
20110502,11.842,11.842,11.842,11.842,0,0
20110503,11.06,11.06,11.06,11.06,0,0
20110504,11.029,11.029,11.029,11.029,0,0
20110505,11.044,11.044,11.044,11.044,0,0
20110506,10.586,10.586,10.586,10.586,0,0
20110509,9.572,9.572,9.572,9.572,0,0
20110510,6.2888,6.2888,6.2888,6.2888,0,0
20110511,6.6214,6.6214,6.6214,6.6214,0,0
20110512,5.78,5.78,5.78,5.78,0,0
20110513,4.3675,4.3675,4.3675,4.3675,0,0
20110516,4.4959,4.4959,4.4959,4.4959,0,0
20110517,5.0186,5.0186,5.0186,5.0186,0,0
20110518,5.2914,5.2914,5.2914,5.2914,0,0
20110519,5.3655,5.3655,5.3655,5.3655,0,0
20110520,6.4663,6.4663,6.4663,6.4663,0,0
20110523,4.9761,4.9761,4.9761,4.9761,0,0
20110524,4.8088,4.8088,4.8088,4.8088,0,0
20110525,4.2324,4.2324,4.2324,4.2324,0,0
20110526,4.0291,4.0291,4.0291,4.0291,0,0
20110527,4.2283,4.2283,4.2283,4.2283,0,0
20110530,4.0797,4.0797,4.0797,4.0797,0,0
20110531,4.1615,4.1615,4.1615,4.1615,0,0
20110601,3.7962,3.7962,3.7962,3.7962,0,0
20110602,3.4476,3.4476,3.4476,3.4476,0,0
20110603,2.5889,2.5889,2.5889,2.5889,0,0
20110606,1.9887,1.9887,1.9887,1.9887,0,0
20110607,1.5574,1.5574,1.5574,1.5574,0,0
20110608,1.2489,1.2489,1.2489,1.2489,0,0
20110609,1.2742,1.2742,1.2742,1.2742,0,0
20110610,1.5245,1.5245,1.5245,1.5245,0,0
20110613,1.8387,1.8387,1.8387,1.8387,0,0
20110614,1.9117,1.9117,1.9117,1.9117,0,0
20110615,1.8466,1.8466,1.8466,1.8466,0,0
20110616,2.0961,2.0961,2.0961,2.0961,0,0
20110617,2.2915,2.2915,2.2915,2.2915,0,0
20110620,2.2876,2.2876,2.2876,2.2876,0,0
20110621,2.3076,2.3076,2.3076,2.3076,0,0
20110622,2.3083,2.3083,2.3083,2.3083,0,0
20110623,2.2596,2.2596,2.2596,2.2596,0,0
20110624,2.2638,2.2638,2.2638,2.2638,0,0
20110627,2.1292,2.1292,2.1292,2.1292,0,0
20110628,2.1123,2.1123,2.1123,2.1123,0,0
20110629,2.1483,2.1483,2.1483,2.1483,0,0
20110630,2.2651,2.2651,2.2651,2.2651,0,0
20110701,2.3903,2.3903,2.3903,2.3903,0,0
20110704,2.6604,2.6604,2.6604,2.6604,0,0
20110705,2.8405,2.8405,2.8405,2.8405,0,0
20110706,2.4516,2.4516,2.4516,2.4516,0,0
20110707,2.4688,2.4688,2.4688,2.4688,0,0
20110708,2.5184,2.5184,2.5184,2.5184,0,0
20110711,2.4804,2.4804,2.4804,2.4804,0,0
20110712,2.4824,2.4824,2.4824,2.4824,0,0
20110713,2.5295,2.5295,2.5295,2.5295,0,0
20110714,2.5153,2.5153,2.5153,2.5153,0,0
20110715,2.5494,2.5494,2.5494,2.5494,0,0
20110718,2.582,2.582,2.582,2.582,0,0
20110719,2.543,2.543,2.543,2.543,0,0
20110720,2.5952,2.5952,2.5952,2.5952,0,0
20110721,2.6491,2.6491,2.6491,2.6491,0,0
20110722,2.6331,2.6331,2.6331,2.6331,0,0
20110725,2.5548,2.5548,2.5548,2.5548,0,0
20110726,2.612,2.612,2.612,2.612,0,0
20110727,2.5605,2.5605,2.5605,2.5605,0,0
20110728,2.645,2.645,2.645,2.645,0,0
20110729,2.6626,2.6626,2.6626,2.6626,0,0
20110801,2.7208,2.7208,2.7208,2.7208,0,0
20110802,2.9335,2.9335,2.9335,2.9335,0,0
20110803,3.8326,3.8326,3.8326,3.8326,0,0
20110804,3.2712,3.2712,3.2712,3.2712,0,0
20110805,3.6087,3.6087,3.6087,3.6087,0,0
20110808,4.4715,4.4715,4.4715,4.4715,0,0
20110809,3.462,3.462,3.462,3.462,0,0
20110810,3.3958,3.3958,3.3958,3.3958,0,0
20110811,3.6072,3.6072,3.6072,3.6072,0,0
20110812,3.6278,3.6278,3.6278,3.6278,0,0
20110815,3.1261,3.1261,3.1261,3.1261,0,0
20110816,3.1668,3.1668,3.1668,3.1668,0,0
20110817,3.184,3.184,3.184,3.184,0,0
20110818,3.1573,3.1573,3.1573,3.1573,0,0
20110819,2.9546,2.9546,2.9546,2.9546,0,0
20110822,3.1632,3.1632,3.1632,3.1632,0,0
20110823,3.1747,3.1747,3.1747,3.1747,0,0
20110824,3.1857,3.1857,3.1857,3.1857,0,0
20110825,3.5727,3.5727,3.5727,3.5727,0,0
20110826,4.2537,4.2537,4.2537,4.2537,0,0
20110829,3.8905,3.8905,3.8905,3.8905,0,0
20110830,3.9468,3.9468,3.9468,3.9468,0,0
20110831,4.2575,4.2575,4.2575,4.2575,0,0
20110901,4.1939,4.1939,4.1939,4.1939,0,0
20110902,3.9213,3.9213,3.9213,3.9213,0,0
20110905,4.3924,4.3924,4.3924,4.3924,0,0
20110906,4.8162,4.8162,4.8162,4.8162,0,0
20110907,4.6472,4.6472,4.6472,4.6472,0,0
20110908,5.0152,5.0152,5.0152,5.0152,0,0
20110909,6.3357,6.3357,6.3357,6.3357,0,0
20110912,5.1594,5.1594,5.1594,5.1594,0,0
20110913,5.4611,5.4611,5.4611,5.4611,0,0
20110914,5.5495,5.5495,5.5495,5.5495,0,0
20110915,6.6205,6.6205,6.6205,6.6205,0,0
20110916,6.6695,6.6695,6.6695,6.6695,0,0
20110919,5.7152,5.7152,5.7152,5.7152,0,0
20110920,5.1176,5.1176,5.1176,5.1176,0,0
20110921,5.5374,5.5374,5.5374,5.5374,0,0
20110922,5.5076,5.5076,5.5076,5.5076,0,0
20110923,5.5518,5.5518,5.5518,5.5518,0,0
20110926,6.2322,6.2322,6.2322,6.2322,0,0
20110927,6.3061,6.3061,6.3061,6.3061,0,0
20110928,6.4215,6.4215,6.4215,6.4215,0,0
20110929,6.4127,6.4127,6.4127,6.4127,0,0
20110930,5.922,5.922,5.922,5.922,0,0
20111003,6.0022,6.0022,6.0022,6.0022,0,0
20111004,6.0742,6.0742,6.0742,6.0742,0,0
20111005,6.2339,6.2339,6.2339,6.2339,0,0
20111006,6.4498,6.4498,6.4498,6.4498,0,0
20111007,7.1583,7.1583,7.1583,7.1583,0,0
20111010,7.7468,7.7468,7.7468,7.7468,0,0
20111011,8.0293,8.0293,8.0293,8.0293,0,0
20111012,7.7706,7.7706,7.7706,7.7706,0,0
20111013,7.8866,7.8866,7.8866,7.8866,0,0
20111014,8.0793,8.0793,8.0793,8.0793,0,0
20111017,12.324,12.324,12.324,12.324,0,0
20111018,13.061,13.061,13.061,13.061,0,0
20111019,13.994,13.994,13.994,13.994,0,0
20111020,13.23,13.23,13.23,13.23,0,0
20111021,12.279,12.279,12.279,12.279,0,0
20111024,12.541,12.541,12.541,12.541,0,0
20111025,11.492,11.492,11.492,11.492,0,0
20111026,11.385,11.385,11.385,11.385,0,0
20111027,10.868,10.868,10.868,10.868,0,0
20111028,10.247,10.247,10.247,10.247,0,0
20111031,9.83,9.83,9.83,9.83,0,0
20111101,9.829,9.829,9.829,9.829,0,0
20111102,9.643,9.643,9.643,9.643,0,0
20111103,10.116,10.116,10.116,10.116,0,0
20111104,10.16,10.16,10.16,10.16,0,0
20111107,10.448,10.448,10.448,10.448,0,0
20111108,10.424,10.424,10.424,10.424,0,0
20111109,10.5,10.5,10.5,10.5,0,0
20111110,10.88,10.88,10.88,10.88,0,0
20111111,10.183,10.183,10.183,10.183,0,0
20111114,13.912,13.912,13.912,13.912,0,0
20111115,13.124,13.124,13.124,13.124,0,0
20111116,11.888,11.888,11.888,11.888,0,0
20111117,13.457,13.457,13.457,13.457,0,0
20111118,14.884,14.884,14.884,14.884,0,0
20111121,13.184,13.184,13.184,13.184,0,0
20111122,13.018,13.018,13.018,13.018,0,0
20111123,12.752,12.752,12.752,12.752,0,0
20111124,12.213,12.213,12.213,12.213,0,0
20111125,11.616,11.616,11.616,11.616,0,0
20111128,11.519,11.519,11.519,11.519,0,0
20111129,10.689,10.689,10.689,10.689,0,0
20111130,10.062,10.062,10.062,10.062,0,0
20111201,9.799,9.799,9.799,9.799,0,0
20111202,9.568,9.568,9.568,9.568,0,0
20111205,10.5,10.5,10.5,10.5,0,0
20111206,9.884,9.884,9.884,9.884,0,0
20111207,10.062,10.062,10.062,10.062,0,0
20111208,9.911,9.911,9.911,9.911,0,0
20111209,9.989,9.989,9.989,9.989,0,0
20111212,9.2506,9.2506,9.2506,9.2506,0,0
20111213,8.8204,8.8204,8.8204,8.8204,0,0
20111214,9.0543,9.0543,9.0543,9.0543,0,0
20111215,8.976,8.976,8.976,8.976,0,0
20111216,9.0209,9.0209,9.0209,9.0209,0,0
20111219,8.2455,8.2455,8.2455,8.2455,0,0
20111220,7.4478,7.4478,7.4478,7.4478,0,0
20111221,7.5502,7.5502,7.5502,7.5502,0,0
20111222,7.5589,7.5589,7.5589,7.5589,0,0
20111223,7.4475,7.4475,7.4475,7.4475,0,0
20111227,7.3075,7.3075,7.3075,7.3075,0,0
20111228,7.0262,7.0262,7.0262,7.0262,0,0
20111229,7.0477,7.0477,7.0477,7.0477,0,0
20111230,6.8346,6.8346,6.8346,6.8346,0,0
20120102,5.5482,5.5482,5.5482,5.5482,0,0
20120103,5.9885,5.9885,5.9885,5.9885,0,0
20120104,5.1684,5.1684,5.1684,5.1684,0,0
20120105,4.0905,4.0905,4.0905,4.0905,0,0
20120106,4.2264,4.2264,4.2264,4.2264,0,0
20120109,4.4811,4.4811,4.4811,4.4811,0,0
20120110,4.5019,4.5019,4.5019,4.5019,0,0
20120111,4.123,4.123,4.123,4.123,0,0
20120112,4.2884,4.2884,4.2884,4.2884,0,0
20120113,4.4761,4.4761,4.4761,4.4761,0,0
20120116,4.3077,4.3077,4.3077,4.3077,0,0
20120117,5.2118,5.2118,5.2118,5.2118,0,0
20120118,4.9967,4.9967,4.9967,4.9967,0,0
20120119,4.7192,4.7192,4.7192,4.7192,0,0
20120120,4.6181,4.6181,4.6181,4.6181,0,0
20120123,4.7849,4.7849,4.7849,4.7849,0,0
20120124,4.846,4.846,4.846,4.846,0,0
20120125,5.3072,5.3072,5.3072,5.3072,0,0
20120126,5.8219,5.8219,5.8219,5.8219,0,0
20120127,5.8862,5.8862,5.8862,5.8862,0,0
20120130,5.6217,5.6217,5.6217,5.6217,0,0
20120131,5.6314,5.6314,5.6314,5.6314,0,0
20120201,5.1827,5.1827,5.1827,5.1827,0,0
20120202,5.1458,5.1458,5.1458,5.1458,0,0
20120203,5.285,5.285,5.285,5.285,0,0
20120206,5.7774,5.7774,5.7774,5.7774,0,0
20120207,5.5885,5.5885,5.5885,5.5885,0,0
20120208,5.6774,5.6774,5.6774,5.6774,0,0
20120209,5.4412,5.4412,5.4412,5.4412,0,0
20120210,5.2835,5.2835,5.2835,5.2835,0,0
20120213,6.0037,6.0037,6.0037,6.0037,0,0
20120214,7.0169,7.0169,7.0169,7.0169,0,0
20120215,7.1809,7.1809,7.1809,7.1809,0,0
20120216,7.2818,7.2818,7.2818,7.2818,0,0
20120217,7.1202,7.1202,7.1202,7.1202,0,0
20120220,7.2822,7.2822,7.2822,7.2822,0,0
20120221,7.4293,7.4293,7.4293,7.4293,0,0
20120222,7.1348,7.1348,7.1348,7.1348,0,0
20120223,6.3555,6.3555,6.3555,6.3555,0,0
20120224,6.429,6.429,6.429,6.429,0,0
20120227,6.4961,6.4961,6.4961,6.4961,0,0
20120228,6.6959,6.6959,6.6959,6.6959,0,0
20120229,6.6715,6.6715,6.6715,6.6715,0,0
20120301,6.5914,6.5914,6.5914,6.5914,0,0
20120302,6.829,6.829,6.829,6.829,0,0
20120305,6.4243,6.4243,6.4243,6.4243,0,0
20120306,6.3042,6.3042,6.3042,6.3042,0,0
20120307,6.394,6.394,6.394,6.394,0,0
20120308,6.5532,6.5532,6.5532,6.5532,0,0
20120309,6.5981,6.5981,6.5981,6.5981,0,0
20120312,6.5368,6.5368,6.5368,6.5368,0,0
20120313,6.0337,6.0337,6.0337,6.0337,0,0
20120314,5.8191,5.8191,5.8191,5.8191,0,0
20120315,5.9645,5.9645,5.9645,5.9645,0,0
20120316,5.9786,5.9786,5.9786,5.9786,0,0
20120319,6.8659,6.8659,6.8659,6.8659,0,0
20120320,6.6323,6.6323,6.6323,6.6323,0,0
20120321,6.6107,6.6107,6.6107,6.6107,0,0
20120322,6.7203,6.7203,6.7203,6.7203,0,0
20120323,6.8165,6.8165,6.8165,6.8165,0,0
20120326,6.9929,6.9929,6.9929,6.9929,0,0
20120327,6.6883,6.6883,6.6883,6.6883,0,0
20120328,6.6682,6.6682,6.6682,6.6682,0,0
20120329,6.6281,6.6281,6.6281,6.6281,0,0
20120330,6.6289,6.6289,6.6289,6.6289,0,0
20120402,6.4766,6.4766,6.4766,6.4766,0,0
20120403,6.5184,6.5184,6.5184,6.5184,0,0
20120404,6.4432,6.4432,6.4432,6.4432,0,0
20120405,6.3908,6.3908,6.3908,6.3908,0,0
20120410,6.4359,6.4359,6.4359,6.4359,0,0
20120411,6.3462,6.3462,6.3462,6.3462,0,0
20120412,6.431,6.431,6.431,6.431,0,0
20120413,6.3262,6.3262,6.3262,6.3262,0,0
20120416,6.3308,6.3308,6.3308,6.3308,0,0
20120417,6.3278,6.3278,6.3278,6.3278,0,0
20120418,6.1232,6.1232,6.1232,6.1232,0,0
20120419,6.1008,6.1008,6.1008,6.1008,0,0
20120420,5.8975,5.8975,5.8975,5.8975,0,0
20120423,6.2859,6.2859,6.2859,6.2859,0,0
20120424,6.1612,6.1612,6.1612,6.1612,0,0
20120425,6.1516,6.1516,6.1516,6.1516,0,0
20120426,6.2122,6.2122,6.2122,6.2122,0,0
20120427,6.2241,6.2241,6.2241,6.2241,0,0
20120430,6.4046,6.4046,6.4046,6.4046,0,0
20120501,6.3709,6.3709,6.3709,6.3709,0,0
20120502,6.2354,6.2354,6.2354,6.2354,0,0
20120503,6.1293,6.1293,6.1293,6.1293,0,0
20120504,6.1604,6.1604,6.1604,6.1604,0,0
20120507,6.1676,6.1676,6.1676,6.1676,0,0
20120508,6.1201,6.1201,6.1201,6.1201,0,0
20120509,6.0472,6.0472,6.0472,6.0472,0,0
20120510,6.3245,6.3245,6.3245,6.3245,0,0
20120511,6.1531,6.1531,6.1531,6.1531,0,0
20120514,5.9513,5.9513,5.9513,5.9513,0,0
20120515,5.8155,5.8155,5.8155,5.8155,0,0
20120516,5.7538,5.7538,5.7538,5.7538,0,0
20120517,5.7318,5.7318,5.7318,5.7318,0,0
20120518,5.7177,5.7177,5.7177,5.7177,0,0
20120521,5.8043,5.8043,5.8043,5.8043,0,0
20120522,5.7516,5.7516,5.7516,5.7516,0,0
20120523,5.5711,5.5711,5.5711,5.5711,0,0
20120524,5.6187,5.6187,5.6187,5.6187,0,0
20120525,5.5711,5.5711,5.5711,5.5711,0,0
20120528,5.6199,5.6199,5.6199,5.6199,0,0
20120529,5.5583,5.5583,5.5583,5.5583,0,0
20120530,5.4984,5.4984,5.4984,5.4984,0,0
20120531,5.4388,5.4388,5.4388,5.4388,0,0
20120601,5.3254,5.3254,5.3254,5.3254,0,0
20120604,5.3962,5.3962,5.3962,5.3962,0,0
20120605,5.2184,5.2184,5.2184,5.2184,0,0
20120606,5.3306,5.3306,5.3306,5.3306,0,0
20120607,5.2792,5.2792,5.2792,5.2792,0,0
20120608,5.1573,5.1573,5.1573,5.1573,0,0
20120611,5.175,5.175,5.175,5.175,0,0
20120612,5.0474,5.0474,5.0474,5.0474,0,0
20120613,4.936,4.936,4.936,4.936,0,0
20120614,4.9258,4.9258,4.9258,4.9258,0,0
20120615,4.5607,4.5607,4.5607,4.5607,0,0
20120618,4.6635,4.6635,4.6635,4.6635,0,0
20120619,4.606,4.606,4.606,4.606,0,0
20120620,4.4873,4.4873,4.4873,4.4873,0,0
20120621,4.4021,4.4021,4.4021,4.4021,0,0
20120622,4.4937,4.4937,4.4937,4.4937,0,0
20120625,4.6523,4.6523,4.6523,4.6523,0,0
20120626,4.5835,4.5835,4.5835,4.5835,0,0
20120627,4.4135,4.4135,4.4135,4.4135,0,0
20120628,4.3818,4.3818,4.3818,4.3818,0,0
20120629,4.5097,4.5097,4.5097,4.5097,0,0
20120702,4.4242,4.4242,4.4242,4.4242,0,0
20120703,4.6584,4.6584,4.6584,4.6584,0,0
20120704,4.574,4.574,4.574,4.574,0,0
20120705,4.4037,4.4037,4.4037,4.4037,0,0
20120706,4.3498,4.3498,4.3498,4.3498,0,0
20120709,4.1494,4.1494,4.1494,4.1494,0,0
20120710,4.0729,4.0729,4.0729,4.0729,0,0
20120711,4.0945,4.0945,4.0945,4.0945,0,0
20120712,3.7337,3.7337,3.7337,3.7337,0,0
20120713,3.804,3.804,3.804,3.804,0,0
20120716,3.4426,3.4426,3.4426,3.4426,0,0
20120717,3.339,3.339,3.339,3.339,0,0
20120718,3.2345,3.2345,3.2345,3.2345,0,0
20120719,3.3374,3.3374,3.3374,3.3374,0,0
20120720,3.4314,3.4314,3.4314,3.4314,0,0
20120723,3.4171,3.4171,3.4171,3.4171,0,0
20120724,3.3218,3.3218,3.3218,3.3218,0,0
20120725,3.2932,3.2932,3.2932,3.2932,0,0
20120726,3.3366,3.3366,3.3366,3.3366,0,0
20120727,3.3677,3.3677,3.3677,3.3677,0,0
20120730,3.2743,3.2743,3.2743,3.2743,0,0
20120731,3.199,3.199,3.199,3.199,0,0
20120801,3.14,3.14,3.14,3.14,0,0
20120802,2.8035,2.8035,2.8035,2.8035,0,0
20120803,2.7746,2.7746,2.7746,2.7746,0,0
20120806,2.8301,2.8301,2.8301,2.8301,0,0
20120807,2.7488,2.7488,2.7488,2.7488,0,0
20120808,2.7494,2.7494,2.7494,2.7494,0,0
20120809,2.733,2.733,2.733,2.733,0,0
20120810,2.6506,2.6506,2.6506,2.6506,0,0
20120813,2.505,2.505,2.505,2.505,0,0
20120814,2.4792,2.4792,2.4792,2.4792,0,0
20120815,2.2706,2.2706,2.2706,2.2706,0,0
20120816,2.2622,2.2622,2.2622,2.2622,0,0
20120817,2.6148,2.6148,2.6148,2.6148,0,0
20120820,3.0042,3.0042,3.0042,3.0042,0,0
20120821,3.0923,3.0923,3.0923,3.0923,0,0
20120822,3.1145,3.1145,3.1145,3.1145,0,0
20120823,3.0432,3.0432,3.0432,3.0432,0,0
20120824,2.8937,2.8937,2.8937,2.8937,0,0
20120827,2.8002,2.8002,2.8002,2.8002,0,0
20120828,2.7986,2.7986,2.7986,2.7986,0,0
20120829,2.7535,2.7535,2.7535,2.7535,0,0
20120830,2.7634,2.7634,2.7634,2.7634,0,0
20120831,2.9693,2.9693,2.9693,2.9693,0,0
20120903,2.8588,2.8588,2.8588,2.8588,0,0
20120904,2.8859,2.8859,2.8859,2.8859,0,0
20120905,2.7414,2.7414,2.7414,2.7414,0,0
20120906,2.7395,2.7395,2.7395,2.7395,0,0
20120907,2.8357,2.8357,2.8357,2.8357,0,0
20120910,2.7809,2.7809,2.7809,2.7809,0,0
20120911,2.7869,2.7869,2.7869,2.7869,0,0
20120912,2.7702,2.7702,2.7702,2.7702,0,0
20120913,2.7758,2.7758,2.7758,2.7758,0,0
20120914,2.7677,2.7677,2.7677,2.7677,0,0
20120917,2.6922,2.6922,2.6922,2.6922,0,0
20120918,2.5831,2.5831,2.5831,2.5831,0,0
20120919,2.5116,2.5116,2.5116,2.5116,0,0
20120920,2.5377,2.5377,2.5377,2.5377,0,0
20120921,2.5466,2.5466,2.5466,2.5466,0,0
20120924,2.5763,2.5763,2.5763,2.5763,0,0
20120925,2.5693,2.5693,2.5693,2.5693,0,0
20120926,2.5266,2.5266,2.5266,2.5266,0,0
20120927,2.5413,2.5413,2.5413,2.5413,0,0
20120928,2.5269,2.5269,2.5269,2.5269,0,0
20121001,2.5333,2.5333,2.5333,2.5333,0,0
20121002,2.4538,2.4538,2.4538,2.4538,0,0
20121003,2.4546,2.4546,2.4546,2.4546,0,0
20121004,2.4825,2.4825,2.4825,2.4825,0,0
20121005,2.5295,2.5295,2.5295,2.5295,0,0
20121008,2.7089,2.7089,2.7089,2.7089,0,0
20121009,2.6556,2.6556,2.6556,2.6556,0,0
20121010,2.6003,2.6003,2.6003,2.6003,0,0
20121011,2.6292,2.6292,2.6292,2.6292,0,0
20121012,2.6324,2.6324,2.6324,2.6324,0,0
20121015,2.6728,2.6728,2.6728,2.6728,0,0
20121016,2.6962,2.6962,2.6962,2.6962,0,0
20121017,2.7111,2.7111,2.7111,2.7111,0,0
20121018,2.6812,2.6812,2.6812,2.6812,0,0
20121019,2.7006,2.7006,2.7006,2.7006,0,0
20121022,2.7179,2.7179,2.7179,2.7179,0,0
20121023,2.6979,2.6979,2.6979,2.6979,0,0
20121024,2.6745,2.6745,2.6745,2.6745,0,0
20121025,2.882,2.882,2.882,2.882,0,0
20121026,3.0776,3.0776,3.0776,3.0776,0,0
20121029,2.9329,2.9329,2.9329,2.9329,0,0
20121030,2.8852,2.8852,2.8852,2.8852,0,0
20121031,2.8007,2.8007,2.8007,2.8007,0,0
20121101,2.973,2.973,2.973,2.973,0,0
20121102,2.9825,2.9825,2.9825,2.9825,0,0
20121105,2.8892,2.8892,2.8892,2.8892,0,0
20121106,2.8541,2.8541,2.8541,2.8541,0,0
20121107,2.8243,2.8243,2.8243,2.8243,0,0
20121108,2.7969,2.7969,2.7969,2.7969,0,0
20121109,2.8314,2.8314,2.8314,2.8314,0,0
20121112,2.774,2.774,2.774,2.774,0,0
20121113,2.7748,2.7748,2.7748,2.7748,0,0
20121114,2.7933,2.7933,2.7933,2.7933,0,0
20121115,2.744,2.744,2.744,2.744,0,0
20121116,2.6063,2.6063,2.6063,2.6063,0,0
20121119,2.627,2.627,2.627,2.627,0,0
20121120,2.6514,2.6514,2.6514,2.6514,0,0
20121121,2.6492,2.6492,2.6492,2.6492,0,0
20121122,2.5209,2.5209,2.5209,2.5209,0,0
20121123,2.5568,2.5568,2.5568,2.5568,0,0
20121126,2.5836,2.5836,2.5836,2.5836,0,0
20121127,2.5914,2.5914,2.5914,2.5914,0,0
20121128,2.5554,2.5554,2.5554,2.5554,0,0
20121129,2.5482,2.5482,2.5482,2.5482,0,0
20121130,2.5231,2.5231,2.5231,2.5231,0,0
20121203,2.492,2.492,2.492,2.492,0,0
20121204,2.3653,2.3653,2.3653,2.3653,0,0
20121205,2.3753,2.3753,2.3753,2.3753,0,0
20121206,2.3591,2.3591,2.3591,2.3591,0,0
20121207,2.3255,2.3255,2.3255,2.3255,0,0
20121210,2.3462,2.3462,2.3462,2.3462,0,0
20121211,2.3495,2.3495,2.3495,2.3495,0,0
20121212,2.3383,2.3383,2.3383,2.3383,0,0
20121213,2.3299,2.3299,2.3299,2.3299,0,0
20121214,2.3731,2.3731,2.3731,2.3731,0,0
20121217,2.4294,2.4294,2.4294,2.4294,0,0
20121218,2.4383,2.4383,2.4383,2.4383,0,0
20121219,2.3923,2.3923,2.3923,2.3923,0,0
20121220,2.414,2.414,2.414,2.414,0,0
20121221,2.391,2.391,2.391,2.391,0,0
20121224,2.411,2.411,2.411,2.411,0,0
20121226,2.3914,2.3914,2.3914,2.3914,0,0
20121227,2.4196,2.4196,2.4196,2.4196,0,0
20121228,2.4187,2.4187,2.4187,2.4187,0,0
20121231,2.3928,2.3928,2.3928,2.3928,0,0
20130102,2.439,2.439,2.439,2.439,0,0
20130103,2.3978,2.3978,2.3978,2.3978,0,0
20130104,2.3492,2.3492,2.3492,2.3492,0,0
20130107,2.3413,2.3413,2.3413,2.3413,0,0
20130108,2.3144,2.3144,2.3144,2.3144,0,0
20130109,2.3262,2.3262,2.3262,2.3262,0,0
20130110,2.2942,2.2942,2.2942,2.2942,0,0
20130111,2.3005,2.3005,2.3005,2.3005,0,0
20130114,2.2716,2.2716,2.2716,2.2716,0,0
20130115,2.2756,2.2756,2.2756,2.2756,0,0
20130116,2.1889,2.1889,2.1889,2.1889,0,0
20130117,2.095,2.095,2.095,2.095,0,0
20130118,2.0425,2.0425,2.0425,2.0425,0,0
20130121,1.9015,1.9015,1.9015,1.9015,0,0
20130122,1.8474,1.8474,1.8474,1.8474,0,0
20130123,1.8238,1.8238,1.8238,1.8238,0,0
20130124,1.8896,1.8896,1.8896,1.8896,0,0
20130125,1.8539,1.8539,1.8539,1.8539,0,0
20130128,1.7128,1.7128,1.7128,1.7128,0,0
20130129,1.6505,1.6505,1.6505,1.6505,0,0
20130130,1.6422,1.6422,1.6422,1.6422,0,0
20130131,1.5869,1.5869,1.5869,1.5869,0,0
20130201,1.6012,1.6012,1.6012,1.6012,0,0
20130204,1.5846,1.5846,1.5846,1.5846,0,0
20130205,1.5803,1.5803,1.5803,1.5803,0,0
20130206,1.5279,1.5279,1.5279,1.5279,0,0
20130207,1.4502,1.4502,1.4502,1.4502,0,0
20130208,1.4207,1.4207,1.4207,1.4207,0,0
20130211,1.3106,1.3106,1.3106,1.3106,0,0
20130212,1.2811,1.2811,1.2811,1.2811,0,0
20130213,1.3379,1.3379,1.3379,1.3379,0,0
20130214,1.1738,1.1738,1.1738,1.1738,0,0
20130215,1.1771,1.1771,1.1771,1.1771,0,0
20130218,1.1841,1.1841,1.1841,1.1841,0,0
20130219,1.0931,1.0931,1.0931,1.0931,0,0
20130220,1.0826,1.0826,1.0826,1.0826,0,0
20130221,1.0661,1.0661,1.0661,1.0661,0,0
20130222,1.0485,1.0485,1.0485,1.0485,0,0
20130225,1.0466,1.0466,1.0466,1.0466,0,0
20130226,1.0078,1.0078,1.0078,1.0078,0,0
20130227,1.0186,1.0186,1.0186,1.0186,0,0
20130228,0.9452,0.9452,0.9452,0.9452,0,0
20130301,0.9147,0.9147,0.9147,0.9147,0,0
20130304,0.869,0.869,0.869,0.869,0,0
20130305,0.7825,0.7825,0.7825,0.7825,0,0
20130306,0.7638,0.7638,0.7638,0.7638,0,0
20130307,0.752,0.752,0.752,0.752,0,0
20130308,0.7115,0.7115,0.7115,0.7115,0,0
20130311,0.6505,0.6505,0.6505,0.6505,0,0
20130312,0.7104,0.7104,0.7104,0.7104,0,0
20130313,0.6682,0.6682,0.6682,0.6682,0,0
20130314,0.664,0.664,0.664,0.664,0,0
20130315,0.6719,0.6719,0.6719,0.6719,0,0
20130318,0.605,0.605,0.605,0.605,0,0
20130319,0.5228,0.5228,0.5228,0.5228,0,0
20130320,0.48175,0.48175,0.48175,0.48175,0,0
20130321,0.43482,0.43482,0.43482,0.43482,0,0
20130322,0.44576,0.44576,0.44576,0.44576,0,0
20130325,0.42007,0.42007,0.42007,0.42007,0,0
20130326,0.39167,0.39167,0.39167,0.39167,0,0
20130327,0.34397,0.34397,0.34397,0.34397,0,0
20130328,0.35632,0.35632,0.35632,0.35632,0,0
20130402,0.25973,0.25973,0.25973,0.25973,0,0
20130403,0.22678,0.22678,0.22678,0.22678,0,0
20130404,0.23284,0.23284,0.23284,0.23284,0,0
20130405,0.21999,0.21999,0.21999,0.21999,0,0
20130408,0.16834,0.16834,0.16834,0.16834,0,0
20130409,0.13839,0.13839,0.13839,0.13839,0,0
20130410,0.19337,0.19337,0.19337,0.19337,0,0
20130411,0.25591,0.25591,0.25591,0.25591,0,0
20130412,0.27323,0.27323,0.27323,0.27323,0,0
20130415,0.38685,0.38685,0.38685,0.38685,0,0
20130416,0.46918,0.46918,0.46918,0.46918,0,0
20130417,0.33998,0.33998,0.33998,0.33998,0,0
20130418,0.29177,0.29177,0.29177,0.29177,0,0
20130419,0.26866,0.26866,0.26866,0.26866,0,0
20130422,0.24958,0.24958,0.24958,0.24958,0,0
20130423,0.21922,0.21922,0.21922,0.21922,0,0
20130424,0.20327,0.20327,0.20327,0.20327,0,0
20130425,0.22147,0.22147,0.22147,0.22147,0,0
20130426,0.22881,0.22881,0.22881,0.22881,0,0
20130429,0.23167,0.23459,0.21264,0.22479,0,0
20130430,0.2201,0.23076,0.21501,0.22853,0,0
20130501,0.2335,0.25581,0.23108,0.25245,0,0
20130502,0.26782,0.34651,0.24926,0.29813,0,0
20130503,0.3225,0.40045,0.31973,0.34026,0,0
20130506,0.26251,0.26867,0.25308,0.26147,0,0
20130507,0.28451,0.32245,0.28142,0.29265,0,0
20130508,0.2843,0.28765,0.27184,0.27975,0,0
20130509,0.28534,0.29007,0.27988,0.28133,0,0
20130510,0.28009,0.28164,0.25653,0.26368,0,0
20130513,0.26926,0.27244,0.26297,0.26612,0,0
20130514,0.26615,0.2663,0.25993,0.25997,0,0
20130515,0.27865,0.27996,0.26416,0.2677,0,0
20130516,0.27183,0.27419,0.26598,0.26998,0,0
20130517,0.26084,0.26376,0.2514,0.2539,0,0
20130520,0.25066,0.25377,0.24885,0.25202,0,0
20130521,0.25282,0.25461,0.25042,0.25235,0,0
20130522,0.25316,0.25438,0.25007,0.25036,0,0
20130523,0.24617,0.24852,0.24188,0.24577,0,0
20130524,0.24335,0.24434,0.23321,0.23371,0,0
20130527,0.22991,0.23435,0.2279,0.23269,0,0
20130528,0.24278,0.24551,0.23722,0.24019,0,0
20130529,0.23763,0.2398,0.23484,0.23521,0,0
20130530,0.23457,0.23567,0.23038,0.23282,0,0
20130531,0.23592,0.2401,0.23417,0.23678,0,0
20130603,0.25558,0.26324,0.25239,0.25586,0,0
20130604,0.25191,0.2594,0.24822,0.25522,0,0
20130605,0.25728,0.25808,0.24773,0.24779,0,0
20130606,0.25252,0.25699,0.24922,0.25319,0,0
20130607,0.2618,0.29396,0.25856,0.29105,0,0
20130610,0.29459,0.30614,0.28161,0.29074,0,0
20130611,0.29374,0.29826,0.28408,0.28795,0,0
20130612,0.28522,0.29112,0.27861,0.28592,0,0
20130613,0.28652,0.29173,0.28468,0.29057,0,0
20130614,0.31295,0.3197,0.3038,0.30818,0,0
20130617,0.31181,0.31679,0.30793,0.31239,0,0
20130618,0.30386,0.30676,0.27962,0.28977,0,0
20130619,0.29364,0.29543,0.2847,0.29526,0,0
20130620,0.28546,0.28546,0.26659,0.27397,0,0
20130621,0.27111,0.28275,0.26888,0.27697,0,0
20130624,0.28429,0.29924,0.28101,0.29859,0,0
20130625,0.2902,0.29331,0.28562,0.29091,0,0
20130626,0.2903,0.2912,0.28515,0.28674,0,0
20130627,0.29241,0.29588,0.29134,0.29344,0,0
20130628,0.30678,0.31635,0.30312,0.30977,0,0
20130701,0.31342,0.32963,0.30984,0.3207,0,0
20130702,0.34111,0.34498,0.32503,0.33203,0,0
20130703,0.33539,0.36699,0.33133,0.36691,0,0
20130704,0.40334,0.41989,0.35986,0.38408,0,0
20130705,0.38852,0.42471,0.38676,0.41669,0,0
20130708,0.37288,0.41272,0.37223,0.38844,0,0
20130709,0.3924,0.41064,0.38688,0.38813,0,0
20130710,0.38747,0.38855,0.3779,0.38058,0,0
20130711,0.35321,0.35407,0.34207,0.34958,0,0
20130712,0.31148,0.32583,0.28954,0.31499,0,0
20130715,0.32321,0.32508,0.29979,0.31051,0,0
20130716,0.31235,0.31755,0.30464,0.31454,0,0
20130717,0.31464,0.31873,0.30835,0.31679,0,0
20130718,0.32187,0.35652,0.32083,0.3396,0,0
20130719,0.34884,0.35054,0.32689,0.33558,0,0
20130722,0.34462,0.34782,0.33923,0.34363,0,0
20130723,0.33403,0.34063,0.32373,0.33077,0,0
20130724,0.33099,0.33875,0.32843,0.33361,0,0
20130725,0.33242,0.33355,0.31986,0.32452,0,0
20130726,0.32749,0.32798,0.32266,0.32443,0,0
20130729,0.31901,0.31901,0.30573,0.31079,0,0
20130730,0.3111,0.31361,0.30395,0.30747,0,0
20130731,0.2855,0.30117,0.2819,0.29366,0,0
20130801,0.29575,0.29741,0.28961,0.29621,0,0
20130802,0.29997,0.30249,0.28788,0.29855,0,0
20130805,0.29657,0.30003,0.29148,0.29326,0,0
20130806,0.29577,0.29908,0.29369,0.29576,0,0
20130807,0.29842,0.30056,0.29544,0.29753,0,0
20130808,0.30128,0.31628,0.29955,0.31461,0,0
20130809,0.30973,0.31253,0.30609,0.31148,0,0
20130812,0.30684,0.30732,0.30151,0.30278,0,0
20130813,0.29712,0.30348,0.29344,0.29535,0,0
20130814,0.28312,0.28526,0.27416,0.2754,0,0
20130815,0.28332,0.28649,0.27802,0.28406,0,0
20130816,0.28725,0.29152,0.28118,0.28651,0,0
20130819,0.26495,0.26832,0.2543,0.26781,0,0
20130820,0.25559,0.2684,0.25537,0.2655,0,0
20130821,0.26269,0.26335,0.2522,0.25516,0,0
20130822,0.25767,0.25945,0.25526,0.25786,0,0
20130823,0.26027,0.26653,0.2587,0.26567,0,0
20130826,0.25919,0.26271,0.25719,0.26065,0,0
20130827,0.24205,0.24548,0.23861,0.24033,0,0
20130828,0.243,0.24562,0.23768,0.23795,0,0
20130829,0.24056,0.24175,0.23621,0.23832,0,0
20130830,0.23981,0.24184,0.21674,0.22509,0,0
20130902,0.21512,0.21849,0.21079,0.21466,0,0
20130903,0.21479,0.21709,0.20846,0.21317,0,0
20130904,0.21527,0.21567,0.21209,0.21534,0,0
20130905,0.2301,0.23729,0.22088,0.22715,0,0
20130906,0.23222,0.23654,0.23128,0.23574,0,0
20130909,0.24727,0.2485,0.22672,0.23239,0,0
20130910,0.23273,0.23495,0.22869,0.23353,0,0
20130911,0.24136,0.24147,0.22434,0.23051,0,0
20130912,0.22561,0.22938,0.21934,0.22556,0,0
20130913,0.22126,0.2257,0.22012,0.22526,0,0
20130916,0.22739,0.23059,0.22418,0.22595,0,0
20130917,0.22934,0.22983,0.22557,0.22746,0,0
20130918,0.22649,0.23202,0.2236,0.23012,0,0
20130919,0.22932,0.24532,0.22881,0.23689,0,0
20130920,0.23771,0.24283,0.23391,0.23834,0,0
20130923,0.23992,0.24252,0.23701,0.23967,0,0
20130924,0.23731,0.2418,0.23464,0.2363,0,0
20130925,0.23663,0.23807,0.23193,0.23573,0,0
20130926,0.23574,0.23765,0.23303,0.2332,0,0
20130927,0.23324,0.23713,0.22386,0.22886,0,0
20130930,0.22287,0.23219,0.21944,0.22688,0,0
20131001,0.22684,0.2304,0.22231,0.22737,0,0
20131002,0.22854,0.29407,0.2259,0.26027,0,0
20131003,0.26215,0.26998,0.24468,0.25046,0,0
20131004,0.25049,0.25276,0.23249,0.23309,0,0
20131007,0.23661,0.23856,0.23223,0.23624,0,0
20131008,0.23649,0.23896,0.235,0.23639,0,0
20131009,0.23641,0.23864,0.22674,0.23184,0,0
20131010,0.23188,0.23232,0.22855,0.231,0,0
20131011,0.231,0.23271,0.2282,0.22916,0,0
20131014,0.22031,0.22173,0.21106,0.21779,0,0
20131015,0.21778,0.21901,0.20659,0.21013,0,0
20131016,0.21014,0.22546,0.19864,0.2141,0,0
20131017,0.2145,0.21619,0.20567,0.20825,0,0
20131018,0.20825,0.20943,0.19697,0.19896,0,0
20131021,0.17663,0.17847,0.16574,0.17177,0,0
20131022,0.17178,0.17198,0.15947,0.16528,0,0
20131023,0.16537,0.16561,0.14693,0.14862,0,0
20131024,0.14861,0.18807,0.14163,0.16615,0,0
20131025,0.16613,0.18691,0.15805,0.17488,0,0
20131028,0.1625,0.16483,0.1574,0.15947,0,0
20131029,0.15948,0.16162,0.15274,0.15286,0,0
20131030,0.15286,0.16105,0.15178,0.15946,0,0
20131031,0.16109,0.1611,0.15105,0.15384,0,0
20131101,0.15242,0.15499,0.14953,0.15029,0,0
20131104,0.14471,0.14562,0.13683,0.13696,0,0
20131105,0.13695,0.14055,0.12447,0.12688,0,0
20131106,0.12687,0.12828,0.11946,0.12289,0,0
20131107,0.12288,0.12335,0.1,0.10396,0,0
20131108,0.10417,0.10546,0.08903,0.09236,0,0
20131111,0.09425,0.09945,0.08542,0.08798,0,0
20131112,0.08709,0.08931,0.0813,0.08419,0,0
20131113,0.08417,0.08607,0.07205,0.07296,0,0
20131114,0.07314,0.07984,0.0719,0.07393,0,0
20131115,0.07425,0.07591,0.07029,0.07359,0,0
20131118,0.06012,0.06202,0.04169,0.04308,0,0
20131119,0.04208,0.06297,0.03603,0.04985,0,0
20131120,0.04954,0.07056,0.04744,0.05262,0,0
20131121,0.05296,0.05382,0.0414,0.04157,0,0
20131122,0.04158,0.04714,0.04101,0.04222,0,0
20131125,0.04032,0.04251,0.03836,0.03896,0,0
20131126,0.03863,0.03916,0.03334,0.03369,0,0
20131127,0.03398,0.03503,0.03007,0.03065,0,0
20131128,0.03064,0.03131,0.02651,0.02743,0,0
20131129,0.02747,0.0309,0.02613,0.02792,0,0
20131202,0.03173,0.03297,0.02895,0.0296,0,0
20131203,0.02988,0.03029,0.02727,0.02808,0,0
20131204,0.02799,0.02861,0.02613,0.02616,0,0
20131205,0.02624,0.03684,0.02615,0.02922,0,0
20131206,0.02923,0.04093,0.02897,0.036,0,0
20131209,0.0415,0.04161,0.03342,0.03631,0,0
20131210,0.03651,0.03651,0.03093,0.03211,0,0
20131211,0.03197,0.03973,0.03116,0.03755,0,0
20131212,0.03761,0.039,0.03641,0.03774,0,0
20131213,0.03773,0.03829,0.03491,0.03779,0,0
20131216,0.03762,0.04938,0.03713,0.04603,0,0
20131217,0.04625,0.05237,0.04373,0.04847,0,0
20131218,0.04853,0.07864,0.04791,0.06111,0,0
20131219,0.06124,0.06535,0.04748,0.0478,0,0
20131220,0.04789,0.0542,0.04492,0.0529,0,0
20131223,0.05291,0.05416,0.04904,0.04904,0,0
20131224,0.04901,0.05116,0.04812,0.05047,0,0
20131226,0.04596,0.04685,0.04257,0.04282,0,0
20131227,0.04277,0.04649,0.04263,0.04561,0,0
20131230,0.0445,0.045,0.0433,0.04375,0,0
20131231,0.04376,0.04515,0.04368,0.04397,0,0
20140102,0.0429,0.04316,0.04001,0.04059,0,0
20140103,0.04065,0.04161,0.03926,0.04001,0,0
20140106,0.03506,0.03609,0.03206,0.03483,0,0
20140107,0.03481,0.04027,0.03378,0.03989,0,0
20140108,0.03967,0.04217,0.03733,0.03924,0,0
20140109,0.03903,0.04126,0.03714,0.03881,0,0
20140110,0.03866,0.03965,0.03755,0.03807,0,0
20140113,0.03847,0.04103,0.03783,0.0391,0,0
20140114,0.0391,0.04009,0.03834,0.0394,0,0
20140115,0.03914,0.03973,0.0376,0.03796,0,0
20140116,0.0379,0.03904,0.03774,0.03888,0,0
20140117,0.03889,0.04084,0.03878,0.04042,0,0
20140120,0.03812,0.03813,0.03669,0.0371,0,0
20140121,0.0371,0.03812,0.03703,0.03768,0,0
20140122,0.03769,0.03899,0.0374,0.03849,0,0
20140123,0.0385,0.03986,0.03826,0.03984,0,0
20140124,0.03985,0.0419,0.03979,0.04064,0,0
20140127,0.03703,0.04203,0.03655,0.04203,0,0
20140128,0.04215,0.04302,0.03905,0.03985,0,0
20140129,0.03983,0.04041,0.0387,0.03925,0,0
20140130,0.03913,0.04019,0.03851,0.03929,0,0
20140131,0.03926,0.03941,0.03838,0.0386,0,0
20140203,0.03847,0.03933,0.0384,0.0387,0,0
20140204,0.03874,0.03896,0.03804,0.03882,0,0
20140205,0.03876,0.03957,0.03855,0.03935,0,0
20140206,0.03921,0.04183,0.03919,0.04171,0,0
20140207,0.04184,0.05022,0.04153,0.04505,0,0
20140210,0.04785,0.05925,0.04634,0.04909,0,0
20140211,0.04903,0.05152,0.0459,0.05008,0,0
20140212,0.04976,0.05327,0.04796,0.04961,0,0
20140213,0.04962,0.05496,0.04958,0.05355,0,0
20140214,0.0535,0.06113,0.04696,0.05057,0,0
20140217,0.05538,0.05538,0.05031,0.05285,0,0
20140218,0.0529,0.05437,0.05128,0.05326,0,0
20140219,0.05328,0.05347,0.05216,0.05286,0,0
20140220,0.05284,0.05857,0.05251,0.05833,0,0
20140221,0.05831,0.06219,0.05642,0.05833,0,0
20140224,0.05429,0.06163,0.05425,0.06089,0,0
20140225,0.06073,0.07963,0.05987,0.06192,0,0
20140226,0.06173,0.06311,0.0547,0.05588,0,0
20140227,0.05579,0.05779,0.05508,0.05676,0,0
20140228,0.05677,0.06012,0.05627,0.05922,0,0
20140303,0.05948,0.05969,0.04638,0.04913,0,0
20140304,0.04916,0.05013,0.04713,0.04949,0,0
20140305,0.04959,0.05087,0.0487,0.04962,0,0
20140306,0.04958,0.05104,0.04902,0.05032,0,0
20140307,0.05043,0.05366,0.04991,0.05243,0,0
20140310,0.05168,0.05392,0.05128,0.05251,0,0
20140311,0.05245,0.05322,0.05134,0.05167,0,0
20140312,0.05162,0.05236,0.05067,0.05208,0,0
20140313,0.05216,0.05228,0.051,0.05138,0,0
20140314,0.05139,0.05249,0.05116,0.05227,0,0
20140317,0.05223,0.05347,0.05195,0.05291,0,0
20140318,0.05292,0.05496,0.05281,0.05406,0,0
20140319,0.05402,0.05438,0.05324,0.0535,0,0
20140320,0.05364,0.05604,0.05357,0.05572,0,0
20140321,0.05564,0.05835,0.05412,0.05686,0,0
20140324,0.05821,0.05972,0.05596,0.05618,0,0
20140325,0.05613,0.05776,0.05609,0.0567,0,0
20140326,0.05668,0.05786,0.05565,0.05675,0,0
20140327,0.05688,0.06472,0.05668,0.06464,0,0
20140328,0.06451,0.07022,0.06245,0.06681,0,0
20140331,0.0708,0.07461,0.06804,0.07303,0,0
20140401,0.07272,0.07307,0.06655,0.06801,0,0
20140402,0.06801,0.07684,0.06675,0.07524,0,0
20140403,0.07523,0.07973,0.07217,0.07404,0,0
20140404,0.07405,0.07688,0.07225,0.07376,0,0
20140407,0.07178,0.07428,0.07139,0.07344,0,0
20140408,0.07346,0.07423,0.07226,0.07392,0,0
20140409,0.07399,0.07583,0.0731,0.07569,0,0
20140410,0.07571,0.08876,0.07553,0.08875,0,0
20140411,0.08879,0.0968,0.07728,0.07975,0,0
20140414,0.08156,0.08165,0.07018,0.07251,0,0
20140415,0.07245,0.07319,0.06408,0.06542,0,0
20140416,0.06544,0.06703,0.06088,0.06225,0,0
20140417,0.06242,0.06871,0.06164,0.06601,0,0
20140421,0.067,0.06761,0.06476,0.06725,0,0
20140422,0.06727,0.06797,0.06618,0.06797,0,0
20140423,0.06795,0.06862,0.06733,0.06783,0,0
20140424,0.06782,0.06917,0.06675,0.06695,0,0
20140425,0.06691,0.07482,0.06594,0.07205,0,0
20140428,0.07454,0.0781,0.07396,0.0745,0,0
20140429,0.07451,0.07651,0.0735,0.07444,0,0
20140430,0.07445,0.07604,0.07335,0.07408,0,0
20140502,0.07259,0.07504,0.07243,0.07406,0,0
20140505,0.0762,0.07765,0.07526,0.077,0,0
20140506,0.07699,0.07908,0.07661,0.07775,0,0
20140507,0.07778,0.07838,0.07451,0.07529,0,0
20140508,0.07528,0.07623,0.07486,0.07574,0,0
20140509,0.0757,0.07637,0.07296,0.07378,0,0
20140512,0.0757,0.0764,0.07478,0.07501,0,0
20140513,0.07501,0.07571,0.07479,0.07521,0,0
20140514,0.0752,0.07523,0.07367,0.07387,0,0
20140515,0.07378,0.0745,0.07303,0.07371,0,0
20140516,0.07364,0.07416,0.07319,0.0732,0,0
20140519,0.07376,0.07416,0.07351,0.07382,0,0
20140520,0.07383,0.0739,0.06621,0.06788,0,0
20140521,0.06789,0.06796,0.06623,0.06711,0,0
20140522,0.06706,0.06724,0.06308,0.06321,0,0
20140523,0.0631,0.0634,0.0604,0.06256,0,0
20140526,0.05786,0.05816,0.05561,0.05661,0,0
20140527,0.05665,0.05966,0.05555,0.05732,0,0
20140528,0.05729,0.05845,0.05683,0.05769,0,0
20140529,0.05768,0.05912,0.05687,0.05812,0,0
20140530,0.05815,0.05823,0.05373,0.05417,0,0
20140602,0.05136,0.05393,0.04955,0.04955,0,0
20140603,0.04956,0.05088,0.04867,0.04954,0,0
20140604,0.04951,0.05313,0.0491,0.05137,0,0
20140605,0.05141,0.05188,0.04956,0.05039,0,0
20140606,0.05036,0.05159,0.05027,0.05135,0,0
20140609,0.05117,0.05227,0.05093,0.05163,0,0
20140610,0.05164,0.0517,0.05031,0.05085,0,0
20140611,0.05086,0.05263,0.05035,0.05263,0,0
20140612,0.05265,0.05678,0.05203,0.05654,0,0
20140613,0.05652,0.05859,0.05361,0.05592,0,0
20140616,0.05731,0.05733,0.05382,0.0551,0,0
20140617,0.0551,0.05605,0.05373,0.05385,0,0
20140618,0.05388,0.05479,0.05332,0.05464,0,0
20140619,0.05461,0.05539,0.05435,0.05538,0,0
20140620,0.0554,0.0564,0.05493,0.05524,0,0
20140623,0.05459,0.05639,0.05438,0.05578,0,0
20140624,0.05579,0.05623,0.05563,0.05621,0,0
20140625,0.05622,0.05869,0.05615,0.05856,0,0
20140626,0.05864,0.05901,0.05726,0.05751,0,0
20140627,0.0575,0.05751,0.05577,0.05594,0,0
20140630,0.05536,0.05536,0.05125,0.05178,0,0
20140701,0.0518,0.05185,0.05022,0.05115,0,0
20140702,0.05111,0.05244,0.05042,0.05113,0,0
20140703,0.05111,0.05175,0.05082,0.05154,0,0
20140704,0.05156,0.05243,0.05103,0.05193,0,0
20140707,0.05208,0.05365,0.05172,0.05326,0,0
20140708,0.05329,0.05344,0.05275,0.0532,0,0
20140709,0.05322,0.0535,0.053,0.05319,0,0
20140710,0.05321,0.05393,0.05313,0.05339,0,0
20140711,0.0534,0.05359,0.05215,0.05218,0,0
20140714,0.05242,0.05346,0.05238,0.05314,0,0
20140715,0.05316,0.0534,0.0527,0.05303,0,0
20140716,0.053,0.05347,0.05289,0.05326,0,0
20140717,0.05324,0.05346,0.05199,0.05231,0,0
20140718,0.0523,0.0529,0.05207,0.05223,0,0
20140721,0.05264,0.05297,0.05253,0.05268,0,0
20140722,0.0527,0.05274,0.05237,0.05261,0,0
20140723,0.05262,0.05284,0.0525,0.05271,0,0
20140724,0.05275,0.05501,0.05258,0.05436,0,0
20140725,0.05437,0.05479,0.05374,0.05409,0,0
20140728,0.0548,0.05675,0.05478,0.05544,0,0
20140729,0.05543,0.056,0.05526,0.05556,0,0
20140730,0.05555,0.05734,0.05548,0.05717,0,0
20140731,0.05718,0.05764,0.05452,0.05491,0,0
20140801,0.05491,0.05521,0.05334,0.05376,0,0
20140804,0.05482,0.0552,0.05427,0.05494,0,0
20140805,0.05493,0.05538,0.0547,0.05498,0,0
20140806,0.05497,0.055,0.05429,0.05477,0,0
20140807,0.05478,0.05487,0.05372,0.05392,0,0
20140808,0.05392,0.0542,0.05297,0.05405,0,0
20140811,0.05445,0.05579,0.05424,0.05571,0,0
20140812,0.05576,0.05651,0.05554,0.05621,0,0
20140813,0.05619,0.06102,0.05577,0.05894,0,0
20140814,0.05896,0.06474,0.05863,0.06288,0,0
20140815,0.06285,0.06594,0.06197,0.06471,0,0
20140818,0.06563,0.07345,0.06363,0.07048,0,0
20140819,0.07054,0.07081,0.06528,0.06648,0,0
20140820,0.06647,0.06856,0.06068,0.06219,0,0
20140821,0.0622,0.06258,0.05948,0.06104,0,0
20140822,0.06108,0.06357,0.06048,0.06168,0,0
20140825,0.06175,0.06344,0.06169,0.06285,0,0
20140826,0.06286,0.06326,0.06124,0.06189,0,0
20140827,0.06188,0.06195,0.06043,0.06124,0,0
20140828,0.06123,0.06181,0.06108,0.06171,0,0
20140829,0.0617,0.06223,0.06095,0.06141,0,0
20140901,0.06489,0.06619,0.06423,0.0651,0,0
20140902,0.06508,0.06639,0.06455,0.06532,0,0
20140903,0.06533,0.06612,0.06514,0.06583,0,0
20140904,0.06585,0.0662,0.06261,0.06314,0,0
20140905,0.06319,0.06444,0.06271,0.06438,0,0
20140908,0.06442,0.06675,0.06442,0.06552,0,0
20140909,0.06551,0.06641,0.06494,0.06516,0,0
20140910,0.06515,0.06549,0.06313,0.06434,0,0
20140911,0.06438,0.06547,0.06409,0.06497,0,0
20140912,0.06491,0.06602,0.0647,0.06521,0,0
20140915,0.0651,0.0653,0.06462,0.06512,0,0
20140916,0.06508,0.06713,0.06507,0.06694,0,0
20140917,0.06696,0.06906,0.06653,0.06825,0,0
20140918,0.06825,0.07595,0.06727,0.07251,0,0
20140919,0.07257,0.08076,0.07218,0.07756,0,0
20140922,0.07805,0.07828,0.07596,0.07649,0,0
20140923,0.0765,0.07891,0.06941,0.0709,0,0
20140924,0.07078,0.07339,0.07021,0.07247,0,0
20140925,0.07252,0.07511,0.07221,0.0744,0,0
20140926,0.07439,0.07695,0.0737,0.07543,0,0
20140929,0.08084,0.08219,0.0788,0.08072,0,0
20140930,0.08074,0.08201,0.07677,0.07836,0,0
20141001,0.07841,0.08,0.0774,0.07926,0,0
20141002,0.07923,0.08202,0.0791,0.08173,0,0
20141003,0.08171,0.08346,0.08069,0.08299,0,0
20141006,0.09867,0.09932,0.08758,0.09041,0,0
20141007,0.09033,0.09511,0.08908,0.09239,0,0
20141008,0.09245,0.0929,0.08713,0.08713,0,0
20141009,0.08703,0.08799,0.07933,0.0853,0,0
20141010,0.08527,0.0858,0.08114,0.08475,0,0
20141013,0.08066,0.08266,0.07767,0.07808,0,0
20141014,0.07801,0.07871,0.07373,0.07486,0,0
20141015,0.07488,0.07852,0.07483,0.07782,0,0
20141016,0.07784,0.08199,0.07665,0.08031,0,0
20141017,0.08027,0.08146,0.07931,0.08004,0,0
20141020,0.07838,0.08024,0.07764,0.0796,0,0
20141021,0.07963,0.08036,0.07761,0.07877,0,0
20141022,0.07881,0.07963,0.07832,0.07881,0,0
20141023,0.07879,0.08469,0.0785,0.08434,0,0
20141024,0.08434,0.08537,0.0831,0.08458,0,0
20141027,0.08599,0.08722,0.0847,0.08575,0,0
20141028,0.08573,0.08657,0.0847,0.08605,0,0
20141029,0.08599,0.08967,0.08591,0.08931,0,0
20141030,0.08932,0.09013,0.08549,0.08715,0,0
20141031,0.08713,0.08891,0.08618,0.08714,0,0
20141103,0.0913,0.09163,0.0886,0.09137,0,0
20141104,0.09137,0.09239,0.08973,0.09098,0,0
20141105,0.091,0.09103,0.08651,0.08732,0,0
20141106,0.08733,0.08816,0.08342,0.08439,0,0
20141107,0.08446,0.08657,0.0836,0.08622,0,0
20141110,0.0823,0.08271,0.07864,0.08025,0,0
20141111,0.08022,0.0817,0.07943,0.08085,0,0
20141112,0.08087,0.08104,0.06835,0.07068,0,0
20141113,0.07066,0.07637,0.06441,0.07075,0,0
20141114,0.07082,0.07718,0.06936,0.07546,0,0
20141117,0.0765,0.07859,0.0721,0.07634,0,0
20141118,0.07637,0.08039,0.07567,0.07908,0,0
20141119,0.07905,0.08022,0.07722,0.07928,0,0
20141120,0.07929,0.0842,0.07847,0.08368,0,0
20141121,0.08364,0.08722,0.08293,0.08398,0,0
20141124,0.07975,0.08095,0.07628,0.07836,0,0
20141125,0.07837,0.07992,0.07536,0.07941,0,0
20141126,0.07945,0.08182,0.07918,0.08164,0,0
20141127,0.08165,0.08191,0.07999,0.08102,0,0
20141128,0.081,0.08321,0.07818,0.07861,0,0
20141201,0.07898,0.0794,0.07775,0.07874,0,0
20141202,0.0788,0.07909,0.07762,0.07821,0,0
20141203,0.0782,0.07942,0.07771,0.07898,0,0
20141204,0.07899,0.08105,0.07835,0.08065,0,0
20141205,0.08066,0.08154,0.07853,0.07854,0,0
20141208,0.07898,0.08122,0.07879,0.08115,0,0
20141209,0.08121,0.08691,0.08121,0.08493,0,0
20141210,0.08489,0.08613,0.08468,0.08606,0,0
20141211,0.08606,0.08842,0.08254,0.0858,0,0
20141212,0.08574,0.08578,0.08426,0.08434,0,0
20141215,0.08515,0.08648,0.08474,0.08617,0,0
20141216,0.08616,0.09055,0.08608,0.09014,0,0
20141217,0.09011,0.09358,0.08907,0.09112,0,0
20141218,0.09116,0.096,0.09027,0.09277,0,0
20141219,0.09275,0.0943,0.09069,0.0914,0,0
20141222,0.08932,0.09012,0.08654,0.08728,0,0
20141223,0.08727,0.08753,0.08429,0.08504,0,0
20141224,0.08504,0.08763,0.08484,0.08761,0,0
20141226,0.08871,0.08923,0.08492,0.08523,0,0
20141229,0.08814,0.09089,0.08725,0.09037,0,0
20141230,0.09037,0.09201,0.08977,0.09181,0,0
20141231,0.0918,0.09208,0.08911,0.08911,0,0
20150101,0.08908,0.09001,0.0883,0.08976,0,0
