Date,Open,High,Low,Close,Volume,OpenInt
20080430,5.5,5.5,5.5,5.5,0,0
20080505,5.5,5.5,5.5,5.5,0,0
20080506,5.5,5.5,5.5,5.5,0,0
20080507,5.5,5.5,5.4,5.4,0,0
20080508,5.4,5.5,5.4,5.5,0,0
20080509,5.5,5.5,5.5,5.5,0,0
20080512,5.5,5.5,5.5,5.5,0,0
20080513,5.5,5.5,5.3,5.3,0,0
20080514,5.3,5.3,5.3,5.3,0,0
20080515,5.3,5.5,5.3,5.5,0,0
20080516,5.5,5.5,5.5,5.5,0,0
20080519,5.5,5.6,5.5,5.6,0,0
20080520,5.6,5.6,5.6,5.6,0,0
20080521,5.6,5.6,5.6,5.6,0,0
20080523,5.6,5.6,5.6,5.6,0,0
20080526,5.6,5.6,5.3,5.3,0,0
20080527,5.3,5.3,5.3,5.3,0,0
20080528,5.3,5.7,5.3,5.7,0,0
20080529,5.7,5.7,5.7,5.7,0,0
20080530,5.7,5.7,5.3,5.3,0,0
20080602,5.3,5.3,5.3,5.3,0,0
20080603,5.3,5.3,5.3,5.3,0,0
20080604,5.3,5.3,5.3,5.3,0,0
20080605,5.3,5.3,5.3,5.3,0,0
20080606,5.3,5.3,5.3,5.3,0,0
20080609,5.3,5.3,5.3,5.3,0,0
20080610,5.3,5.7,5.3,5.7,0,0
20080611,5.7,5.7,5.7,5.7,0,0
20080612,5.7,5.7,5.7,5.7,0,0
20080613,5.7,5.7,5.7,5.7,0,0
20080616,5.7,5.7,5.7,5.7,0,0
20080617,5.7,5.7,5.6,5.6,0,0
20080618,5.6,5.6,5.6,5.6,0,0
20080619,5.6,5.6,5.6,5.6,0,0
20080620,5.6,5.6,5.6,5.6,0,0
20080623,5.6,5.6,5.6,5.6,0,0
20080624,5.6,5.6,5.6,5.6,0,0
20080625,5.6,5.6,5.6,5.6,0,0
20080626,5.6,5.6,5.4,5.4,0,0
20080627,5.4,5.6,5.4,5.6,0,0
20080630,5.6,5.6,5.6,5.6,0,0
20080701,5.6,5.6,5.6,5.6,0,0
20080702,5.6,5.6,5.6,5.6,0,0
20080703,5.6,5.6,5.6,5.6,0,0
20080704,5.6,5.6,5.6,5.6,0,0
20080707,5.6,5.6,5.6,5.6,0,0
20080708,5.6,5.6,5.6,5.6,0,0
20080709,5.6,5.6,5.6,5.6,0,0
20080710,5.6,5.6,5.6,5.6,0,0
20080711,5.6,5.6,5.6,5.6,0,0
20080714,5.6,6,5.6,6,0,0
20080715,6,6,6,6,0,0
20080716,6,6,6,6,0,0
20080717,6,6,6,6,0,0
20080718,6,6,6,6,0,0
20080721,6,6,5.6,5.6,0,0
20080722,5.6,5.6,5.6,5.6,0,0
20080723,5.6,5.8,5.6,5.8,0,0
20080724,5.8,5.8,5.8,5.8,0,0
20080725,5.8,5.8,5.8,5.8,0,0
20080728,5.8,5.8,5.8,5.8,0,0
20080729,5.8,5.8,5.8,5.8,0,0
20080730,5.8,5.8,5.8,5.8,0,0
20080731,5.8,5.8,5.6,5.6,0,0
20080801,5.6,5.6,5.6,5.6,0,0
20080804,5.6,5.6,5.6,5.6,0,0
20080805,5.6,5.6,5.6,5.6,0,0
20080806,5.6,5.7,5.6,5.7,0,0
20080807,5.7,5.7,5.7,5.7,0,0
20080808,5.7,5.7,5.7,5.7,0,0
20080811,5.7,5.7,5.7,5.7,0,0
20080812,5.7,5.7,5.7,5.7,0,0
20080813,5.7,5.7,5.7,5.7,0,0
20080814,5.7,5.7,5.7,5.7,0,0
20080818,5.7,5.7,5.7,5.7,0,0
20080819,5.7,5.7,5.6,5.6,0,0
20080820,5.6,5.6,5.6,5.6,0,0
20080821,5.6,5.6,5.6,5.6,0,0
20080822,5.6,5.6,5.6,5.6,0,0
20080825,5.6,6,5.6,6,0,0
20080826,6,6,6,6,0,0
20080827,6,6,6,6,0,0
20080828,6,6,5.7,5.7,0,0
20080829,5.7,5.7,5.7,5.7,0,0
20080901,5.7,5.7,5.7,5.7,0,0
20080902,5.7,5.7,5.6,5.6,0,0
20080903,5.6,5.6,5.6,5.6,0,0
20080904,5.6,5.7,5.6,5.7,0,0
20080905,5.7,5.7,5.7,5.7,0,0
20080908,5.7,5.7,5.7,5.7,0,0
20080909,5.7,5.7,5.7,5.7,0,0
20080910,5.7,5.7,5.7,5.7,0,0
20080911,5.7,5.7,5.7,5.7,0,0
20080912,5.7,5.7,5.7,5.7,0,0
20080915,5.7,5.7,5.7,5.7,0,0
20080916,5.7,5.7,5.7,5.7,0,0
20080917,5.7,5.7,5.7,5.7,0,0
20080918,5.7,5.7,5.7,5.7,0,0
20080919,5.7,5.7,5.4,5.4,0,0
20080922,5.4,5.4,5.4,5.4,0,0
20080923,5.4,5.4,5.4,5.4,0,0
20080924,5.4,5.4,5.4,5.4,0,0
20080925,5.4,5.4,5.4,5.4,0,0
20080926,5.4,5.4,5.4,5.4,0,0
20080929,5.4,5.4,5.4,5.4,0,0
20080930,5.4,5.7,5.4,5.7,0,0
20081001,5.7,5.7,5.7,5.7,0,0
20081002,5.7,5.7,5.7,5.7,0,0
20081003,5.7,5.7,5.7,5.7,0,0
20081006,5.7,5.7,5.6,5.6,0,0
20081007,5.6,5.7,5.6,5.7,0,0
20081008,5.7,5.7,5.7,5.7,0,0
20081009,5.7,5.7,5.7,5.7,0,0
20081010,5.7,5.7,5.7,5.7,0,0
20081013,5.7,5.7,5.6,5.6,0,0
20081014,5.6,5.6,5.5,5.5,0,0
20081015,5.5,5.7,5.5,5.7,0,0
20081016,5.7,5.7,5.7,5.7,0,0
20081017,5.7,5.7,5.7,5.7,0,0
20081020,5.7,5.7,5.7,5.7,0,0
20081021,5.7,5.7,5.7,5.7,0,0
20081022,5.7,5.7,5.7,5.7,0,0
20081023,5.7,5.7,5.7,5.7,0,0
20081024,5.7,5.7,5.7,5.7,0,0
20081027,5.7,5.7,5.7,5.7,0,0
20081028,5.7,5.7,5.7,5.7,0,0
20081029,5.7,5.7,5.6,5.6,0,0
20081030,5.6,5.6,5.6,5.6,0,0
20081031,5.6,5.6,5.6,5.6,0,0
20081103,5.6,5.6,5.6,5.6,0,0
20081104,5.6,5.6,5.6,5.6,0,0
20081105,5.6,5.8,5.6,5.8,0,0
20081106,5.8,5.8,5.6,5.6,0,0
20081107,5.6,5.6,5.6,5.6,0,0
20081110,5.6,5.6,5.6,5.6,0,0
20081112,5.6,5.6,5.6,5.6,0,0
20081113,5.6,5.6,5.6,5.6,0,0
20081114,5.6,5.6,5.6,5.6,0,0
20081117,5.6,5.6,5.6,5.6,0,0
20081118,5.6,5.6,5.6,5.6,0,0
20081119,5.6,5.6,5.6,5.6,0,0
20081120,5.6,5.6,5.6,5.6,0,0
20081121,5.6,6,5.6,6,0,0
20081124,6,6,6,6,0,0
20081125,6,6,6,6,0,0
20081126,6,6,6,6,0,0
20081127,6,6,6,6,0,0
20081128,6,6,6,6,0,0
20081201,6,6,6,6,0,0
20081202,6,6,6,6,0,0
20081203,6,6,5.9,5.9,0,0
20081204,5.9,5.9,5.9,5.9,0,0
20081205,5.9,5.9,5.9,5.9,0,0
20081208,5.9,5.9,5.9,5.9,0,0
20081209,5.9,5.9,5.9,5.9,0,0
20081210,5.9,5.9,5.9,5.9,0,0
20081211,5.9,5.9,5.9,5.9,0,0
20081212,5.9,5.9,5.9,5.9,0,0
20081215,5.9,5.9,5.6,5.6,0,0
20081216,5.6,5.6,5.6,5.6,0,0
20081217,5.6,5.6,5.4,5.4,0,0
20081218,5.4,5.4,5.4,5.4,0,0
20081219,5.4,5.4,5.4,5.4,0,0
20081222,5.4,5.4,5.4,5.4,0,0
20081223,5.4,5.5,5.4,5.5,0,0
20081229,5.5,5.5,5.5,5.5,0,0
20081230,5.5,5.5,5.5,5.5,0,0
20081231,5.5,5.5,5.3,5.3,0,0
20090105,5.3,5.6,5.3,5.6,0,0
20090106,5.6,5.6,5.6,5.6,0,0
20090107,5.6,5.6,5.6,5.6,0,0
20090108,5.6,5.6,5.6,5.6,0,0
20090109,5.6,5.6,5.6,5.6,0,0
20090112,5.6,5.6,5.6,5.6,0,0
20090113,5.6,5.6,5.6,5.6,0,0
20090114,5.6,5.6,5.2,5.2,0,0
20090115,5.2,5.2,5.2,5.2,0,0
20090116,5.2,5.2,5.2,5.2,0,0
20090119,5.2,5.2,5.2,5.2,0,0
20090120,5.2,5.2,5.2,5.2,0,0
20090121,5.2,5.2,5.2,5.2,0,0
20090122,5.2,5.2,5.2,5.2,0,0
20090123,5.2,5.2,5.2,5.2,0,0
20090126,5.2,5.2,5,5,0,0
20090127,5,5,5,5,0,0
20090128,5,5,5,5,0,0
20090129,5,5.5,5,5.5,0,0
20090130,5.5,5.5,5.4,5.4,0,0
20090202,5.4,5.4,5.4,5.4,0,0
20090203,5.4,5.4,5.4,5.4,0,0
20090204,5.4,5.4,5.4,5.4,0,0
20090205,5.4,5.4,5.4,5.4,0,0
20090206,5.4,5.4,5.4,5.4,0,0
20090209,5.4,5.4,5.4,5.4,0,0
20090210,5.4,5.4,5.4,5.4,0,0
20090211,5.4,5.4,5.4,5.4,0,0
20090212,5.4,5.4,5.4,5.4,0,0
20090213,5.4,5.4,5.4,5.4,0,0
20090216,5.4,5.4,5.4,5.4,0,0
20090217,5.4,5.4,5.4,5.4,0,0
20090218,5.4,5.4,5.4,5.4,0,0
20090219,5.4,5.4,5.4,5.4,0,0
20090220,5.4,5.8,5.4,5.8,0,0
20090223,5.8,5.8,5.8,5.8,0,0
20090224,5.8,5.8,5.8,5.8,0,0
20090225,5.8,5.8,5.8,5.8,0,0
20090226,5.8,5.8,5.8,5.8,0,0
20090227,5.8,5.8,5.2,5.2,0,0
20090302,5.2,5.2,5.2,5.2,0,0
20090303,5.2,5.3,5.2,5.3,0,0
20090304,5.3,5.3,5.3,5.3,0,0
20090305,5.3,5.6,5.3,5.6,0,0
20090306,5.6,5.6,5.6,5.6,0,0
20090309,5.6,5.6,5.6,5.6,0,0
20090310,5.6,5.6,5,5,0,0
20090311,5,5,5,5,0,0
20090312,5,5.8,5,5.8,0,0
20090313,5.8,5.8,5.2,5.2,0,0
20090316,5.2,5.2,5.2,5.2,0,0
20090317,5.2,5.2,5.2,5.2,0,0
20090318,5.2,5.2,5.2,5.2,0,0
20090319,5.2,5.8,5.2,5.8,0,0
20090320,5.8,5.8,5.8,5.8,0,0
20090323,5.8,5.8,5.8,5.8,0,0
20090324,5.8,5.8,5.8,5.8,0,0
20090325,5.8,5.8,5.8,5.8,0,0
20090326,5.8,5.8,5.7,5.7,0,0
20090327,5.7,5.7,5.7,5.7,0,0
20090330,5.7,5.7,5.7,5.7,0,0
20090331,5.7,5.7,5.7,5.7,0,0
20090401,5.7,5.7,3.18,3.18,0,0
20090402,3.18,5.4,3.18,5.4,0,0
20090403,5.4,5.4,5.4,5.4,0,0
20090406,5.4,5.4,5.4,5.4,0,0
20090407,5.4,5.4,5.4,5.4,0,0
20090408,5.4,5.4,5.4,5.4,0,0
20090409,5.4,5.4,5.4,5.4,0,0
20090414,5.4,5.4,5.2,5.2,0,0
20090415,5.2,5.4,5.2,5.4,0,0
20090416,5.4,5.4,5.4,5.4,0,0
20090417,5.4,5.4,4,4,0,0
20090420,4,4,4,4,0,0
20090421,4,4,4,4,0,0
20090422,4,4,3.7,3.7,0,0
20090423,3.7,3.7,3.7,3.7,0,0
20090424,3.7,3.8,3.7,3.8,0,0
20090427,3.8,3.9,3.8,3.9,0,0
20090428,3.9,3.9,3.9,3.9,0,0
20090429,3.9,3.9,3.9,3.9,0,0
20090430,3.9,3.9,3.9,3.9,0,0
20090504,3.9,3.9,3.9,3.9,0,0
20090505,3.9,3.9,3.9,3.9,0,0
20090506,3.9,3.9,3.9,3.9,0,0
20090507,3.9,3.9,3.9,3.9,0,0
20090508,3.9,3.9,3.9,3.9,0,0
20090511,3.9,3.9,3.9,3.9,0,0
20090512,3.9,3.9,3.9,3.9,0,0
20090513,3.9,3.9,3.9,3.9,0,0
20090514,3.9,3.9,3.9,3.9,0,0
20090515,3.9,3.9,3.9,3.9,0,0
20090518,3.9,3.9,3.9,3.9,0,0
20090519,3.9,3.9,3.9,3.9,0,0
20090520,3.9,3.9,3.9,3.9,0,0
20090521,3.9,3.9,3.9,3.9,0,0
20090522,3.9,3.9,3.9,3.9,0,0
20090525,3.9,3.9,3.9,3.9,0,0
20090526,3.9,3.9,3.9,3.9,0,0
20090527,3.9,3.9,3.8,3.8,0,0
20090528,3.8,3.8,3.8,3.8,0,0
20090529,3.8,4.2,3.8,4.2,0,0
20090601,4.2,4.2,4.2,4.2,0,0
20090602,4.2,4.2,3.9,3.9,0,0
20090603,3.9,3.9,3.9,3.9,0,0
20090604,3.9,4.1,3.9,4.1,0,0
20090605,4.1,4.1,4.1,4.1,0,0
20090608,4.1,4.3,4.1,4.3,0,0
20090609,4.3,4.5,4.3,4.5,0,0
20090610,4.5,4.5,4.4,4.4,0,0
20090612,4.4,4.4,4.4,4.4,0,0
20090615,4.4,4.5,4.4,4.5,0,0
20090616,4.5,4.5,4.5,4.5,0,0
20090617,4.5,4.5,4.5,4.5,0,0
20090618,4.5,4.5,4.5,4.5,0,0
20090619,4.5,4.5,4.5,4.5,0,0
20090622,4.5,4.5,4.5,4.5,0,0
20090623,4.5,4.5,4.5,4.5,0,0
20090624,4.5,4.5,4.5,4.5,0,0
20090625,4.5,4.5,4.5,4.5,0,0
20090626,4.5,4.6,4.5,4.6,0,0
20090629,4.6,4.6,4.6,4.6,0,0
20090630,4.6,4.6,4.6,4.6,0,0
20090701,4.6,4.6,4.5,4.5,0,0
20090702,4.5,4.5,4.5,4.5,0,0
20090703,4.5,4.5,4.5,4.5,0,0
20090706,4.5,4.5,4.5,4.5,0,0
20090707,4.5,4.5,4.5,4.5,0,0
20090708,4.5,4.5,4.5,4.5,0,0
20090709,4.5,4.5,4.5,4.5,0,0
20090710,4.5,4.5,4.5,4.5,0,0
20090713,4.5,4.5,4.5,4.5,0,0
20090714,4.5,4.5,4.5,4.5,0,0
20090715,4.5,4.5,4.5,4.5,0,0
20090716,4.5,4.5,4.4,4.4,0,0
20090717,4.4,4.4,4.2,4.2,0,0
20090720,4.2,4.3,4.2,4.3,0,0
20090721,4.3,4.3,4.3,4.3,0,0
20090722,4.3,4.3,4.3,4.3,0,0
20090723,4.3,4.3,4.3,4.3,0,0
20090724,4.3,4.3,4.3,4.3,0,0
20090727,4.3,4.3,4.3,4.3,0,0
20090728,4.3,4.3,4.3,4.3,0,0
20090729,4.3,4.3,4.3,4.3,0,0
20090730,4.3,4.3,4.2,4.2,0,0
20090731,4.2,4.2,4.2,4.2,0,0
20090803,4.2,4.2,3.8,3.8,0,0
20090804,3.8,3.8,3.6,3.6,0,0
20090805,3.6,3.6,3.4,3.4,0,0
20090806,3.4,3.4,3.4,3.4,0,0
20090807,3.4,3.4,3.4,3.4,0,0
20090810,3.4,3.4,3.4,3.4,0,0
20090811,3.4,3.4,3.4,3.4,0,0
20090812,3.4,3.4,3.4,3.4,0,0
20090813,3.4,3.6,3.4,3.6,0,0
20090814,3.6,3.6,3.6,3.6,0,0
20090817,3.6,3.6,3.6,3.6,0,0
20090818,3.6,3.6,3.6,3.6,0,0
20090819,3.6,4,3.6,4,0,0
20090820,4,4,4,4,0,0
20090821,4,4,4,4,0,0
20090824,4,4,4,4,0,0
20090825,4,4,4,4,0,0
20090826,4,4,3.7,3.7,0,0
20090827,3.7,3.7,3.7,3.7,0,0
20090828,3.7,3.7,3.7,3.7,0,0
20090831,3.7,3.7,3.7,3.7,0,0
20090901,3.7,3.7,3.7,3.7,0,0
20090902,3.7,3.7,3.7,3.7,0,0
20090903,3.7,3.7,3.7,3.7,0,0
20090904,3.7,3.8,3.7,3.8,0,0
20090907,3.8,3.8,3.8,3.8,0,0
20090908,3.8,3.8,3.8,3.8,0,0
20090909,3.8,3.8,3.8,3.8,0,0
20090910,3.8,3.8,3.8,3.8,0,0
20090911,3.8,3.8,3.8,3.8,0,0
20090914,3.8,3.8,3.8,3.8,0,0
20090915,3.8,3.8,3.8,3.8,0,0
20090916,3.8,3.8,3.8,3.8,0,0
20090917,3.8,3.8,3.8,3.8,0,0
20090918,3.8,3.8,3.8,3.8,0,0
20090921,3.8,3.8,3.8,3.8,0,0
20090922,3.8,3.8,3.8,3.8,0,0
20090923,3.8,3.8,3.8,3.8,0,0
20090924,3.8,3.8,3.8,3.8,0,0
20090925,3.8,3.8,3.8,3.8,0,0
20090928,3.8,3.8,3.8,3.8,0,0
20090929,3.8,3.8,3.8,3.8,0,0
20090930,3.8,4,3.8,4,0,0
20091001,4,4,4,4,0,0
20091002,4,4,4,4,0,0
20091005,4,4,4,4,0,0
20091006,4,4,4,4,0,0
20091007,4,4,4,4,0,0
20091008,4,4,4,4,0,0
20091009,4,4,4,4,0,0
20091012,4,4,4,4,0,0
20091013,4,4,4,4,0,0
20091014,4,4,4,4,0,0
20091015,4,4,4,4,0,0
20091016,4,4,4,4,0,0
20091019,4,4,4,4,0,0
20091020,4,4,3.8,3.8,0,0
20091021,3.8,3.8,3.8,3.8,0,0
20091022,3.8,4.2,3.8,4.2,0,0
20091023,4.2,4.2,4.2,4.2,0,0
20091026,4.2,4.2,4.2,4.2,0,0
20091027,4.2,4.2,4.2,4.2,0,0
20091028,4.2,4.2,4,4,0,0
20091029,4,4,4,4,0,0
20091030,4,4,3.8,3.8,0,0
20091102,3.8,4,3.8,4,0,0
20091103,4,4,4,4,0,0
20091104,4,4,3.8,3.8,0,0
20091105,3.8,3.8,3.8,3.8,0,0
20091106,3.8,3.8,3.8,3.8,0,0
20091109,3.8,3.8,3.8,3.8,0,0
20091110,3.8,3.8,3.8,3.8,0,0
20091112,3.8,3.8,3.8,3.8,0,0
20091113,3.8,3.8,3.8,3.8,0,0
20091116,3.8,3.8,3.8,3.8,0,0
20091117,3.8,3.8,3.8,3.8,0,0
20091118,3.8,3.8,3.8,3.8,0,0
20091119,3.8,3.8,3.8,3.8,0,0
20091120,3.8,3.8,3.8,3.8,0,0
20091123,3.8,3.8,3.8,3.8,0,0
20091124,3.8,3.8,3.8,3.8,0,0
20091125,3.8,3.8,3.8,3.8,0,0
20091126,3.8,3.8,3.8,3.8,0,0
20091127,3.8,3.8,3.8,3.8,0,0
20091130,3.8,3.8,3.8,3.8,0,0
20091201,3.8,3.8,3.8,3.8,0,0
20091202,3.8,3.8,3.8,3.8,0,0
20091203,3.8,3.8,3.8,3.8,0,0
20091204,3.8,3.8,3.7,3.7,0,0
20091207,3.7,3.7,3.7,3.7,0,0
20091208,3.7,4.1,3.7,4.1,0,0
20091209,4.1,4.1,4.1,4.1,0,0
20091210,4.1,4.1,4.1,4.1,0,0
20091211,4.1,4.1,4.1,4.1,0,0
20091214,4.1,4.1,4.1,4.1,0,0
20091215,4.1,4.1,4.1,4.1,0,0
20091216,4.1,4.1,4.1,4.1,0,0
20091217,4.1,4.1,4,4,0,0
20091218,4,4,4,4,0,0
20091221,4,4,4,4,0,0
20091222,4,4,4,4,0,0
20091223,4,4,4,4,0,0
20091228,4,4,3.8,3.8,0,0
20091229,3.8,4.2,3.8,4.2,0,0
20091230,4.2,4.2,4,4,0,0
20091231,4,4,4,4,0,0
20100104,4,4,4,4,0,0
20100105,4,4,4,4,0,0
20100106,4,4,4,4,0,0
20100107,4,4,4,4,0,0
20100108,4,4,4,4,0,0
20100111,4,4,4,4,0,0
20100112,4,4,4,4,0,0
20100113,4,4,4,4,0,0
20100114,4,4,4,4,0,0
20100115,4,4,4,4,0,0
20100118,4,4,4,4,0,0
20100119,4,4,3.9,3.9,0,0
20100120,3.9,3.9,3.9,3.9,0,0
20100121,3.9,3.9,3.9,3.9,0,0
20100122,3.9,3.9,3.9,3.9,0,0
20100125,3.9,4,3.9,4,0,0
20100126,4,4,4,4,0,0
20100127,4,4,4,4,0,0
20100128,4,4,4,4,0,0
20100129,4,4,4,4,0,0
20100201,4,4,4,4,0,0
20100202,4,4,4,4,0,0
20100203,4,4,3.9,3.9,0,0
20100204,3.9,3.9,3.9,3.9,0,0
20100205,3.9,3.9,3.9,3.9,0,0
20100208,3.9,4,3.9,4,0,0
20100209,4,4,4,4,0,0
20100210,4,4,4,4,0,0
20100211,4,4.1,4,4.1,0,0
20100212,4.1,4.1,4.1,4.1,0,0
20100215,4.1,4.1,4,4,0,0
20100216,4,4,4,4,0,0
20100217,4,4.2,4,4.2,0,0
20100218,4.2,4.2,4.2,4.2,0,0
20100219,4.2,4.2,4.2,4.2,0,0
20100222,4.2,4.2,4.2,4.2,0,0
20100223,4.2,4.2,4.2,4.2,0,0
20100224,4.2,4.2,4.2,4.2,0,0
20100225,4.2,4.2,4.2,4.2,0,0
20100226,4.2,4.2,4.2,4.2,0,0
20100301,4.2,4.2,4.2,4.2,0,0
20100302,4.2,4.2,4.2,4.2,0,0
20100303,4.2,4.2,4.2,4.2,0,0
20100304,4.2,4.2,4.2,4.2,0,0
20100305,4.2,4.2,4.2,4.2,0,0
20100308,4.2,4.2,4.2,4.2,0,0
20100309,4.2,4.2,4.2,4.2,0,0
20100310,4.2,4.2,4.2,4.2,0,0
20100311,4.2,4.2,4.2,4.2,0,0
20100312,4.2,4.2,4.2,4.2,0,0
20100315,4.2,4.2,4.2,4.2,0,0
20100316,4.2,4.2,4.2,4.2,0,0
20100317,4.2,4.2,4.1,4.1,0,0
20100318,4.1,4.1,4,4,0,0
20100319,4,4,4,4,0,0
20100322,4,4.1,4,4.1,0,0
20100323,4.1,4.2,4.1,4.2,0,0
20100324,4.2,4.2,4.1,4.1,0,0
20100325,4.1,4.1,4.1,4.1,0,0
20100326,4.1,4.1,4.1,4.1,0,0
20100329,4.1,4.1,4.1,4.1,0,0
20100330,4.1,4.1,4,4,0,0
20100331,4,4,4,4,0,0
20100513,20.5,20.7,20.5,20.7,0,0
20100514,20.7,20.8,20.7,20.8,0,0
20100517,20.8,21.05,20.8,21.05,0,0
20100518,21.05,21.05,20.9,20.9,0,0
20100519,20.9,21.35,20.9,21.35,0,0
20100520,21.35,22.3,21.35,22.3,0,0
20100521,22.3,22.3,21.95,21.95,0,0
20100524,21.95,21.95,21.55,21.55,0,0
20100525,21.55,22.35,21.55,22.35,0,0
20100526,22.35,22.35,20.85,20.85,0,0
20100527,20.85,21.1,20.85,21.1,0,0
20100528,21.1,21.1,21.1,21.1,0,0
20100531,21.1,21.1,21.1,21.1,0,0
20100601,21.1,21.2,21.1,21.2,0,0
20100602,21.2,21.2,21.1,21.1,0,0
20100604,21.1,21.6,21.1,21.6,0,0
20100607,21.6,21.7,21.6,21.7,0,0
20100608,21.7,21.8,21.7,21.8,0,0
20100609,21.8,21.8,21.3,21.3,0,0
20100610,21.3,21.3,21.1,21.1,0,0
20100611,21.1,21.15,21.1,21.15,0,0
20100614,21.15,21.15,21,21,0,0
20100615,21,21,20.95,20.95,0,0
20100616,20.95,20.95,20.95,20.95,0,0
20100617,20.95,20.95,20.9,20.9,0,0
20100618,20.9,20.9,20.65,20.65,0,0
20100621,20.65,20.65,20.25,20.25,0,0
20100622,20.25,20.5,20.25,20.5,0,0
20100623,20.5,20.55,20.5,20.55,0,0
20100624,20.55,20.8,20.55,20.8,0,0
20100625,20.8,20.8,20.8,20.8,0,0
20100628,20.8,20.95,20.8,20.95,0,0
20100629,20.95,21.1,20.95,21.1,0,0
20100630,21.1,21.1,21.1,21.1,0,0
20100701,21.1,21.1,20.75,20.75,0,0
20100702,20.75,20.85,20.75,20.85,0,0
20100705,20.85,20.95,20.85,20.95,0,0
20100706,20.95,20.95,20.6,20.6,0,0
20100707,20.6,20.6,20.6,20.6,0,0
20100708,20.6,20.6,20.55,20.55,0,0
20100709,20.55,20.55,20.45,20.45,0,0
20100712,20.45,20.45,19.85,19.85,0,0
20100713,19.85,19.85,19.55,19.55,0,0
20100714,19.55,19.55,19.55,19.55,0,0
20100715,19.95,19.95,19.95,19.95,0,0
20100716,19.95,20.05,19.95,20.05,0,0
20100719,20.05,20.05,19.75,19.75,0,0
20100720,19.75,19.95,19.75,19.95,0,0
20100721,19.95,19.95,19.7,19.7,0,0
20100722,19.7,19.7,19.35,19.35,0,0
20100723,19.35,19.6,19.35,19.6,0,0
20100726,19.6,19.6,19,19,0,0
20100727,19,19.2,19,19.2,0,0
20100728,19.2,19.45,19.2,19.45,0,0
20100729,19.45,19.45,18.95,18.95,0,0
20100730,18.95,18.95,18.75,18.75,0,0
20100802,18.75,18.75,18.75,18.75,0,0
20100803,18.75,18.75,18.5,18.5,0,0
20100804,18.5,18.65,18.5,18.65,0,0
20100805,18.65,18.65,18.55,18.55,0,0
20100806,18.55,18.7,18.55,18.7,0,0
20100809,18.7,19.35,18.7,19.35,0,0
20100810,19.35,19.35,19.35,19.35,0,0
20100811,19.35,19.6,19.35,19.6,0,0
20100812,19.6,19.6,19.3,19.3,0,0
20100813,19.3,19.3,19.05,19.05,0,0
20100816,19.05,19.05,18.9,18.9,0,0
20100817,18.9,19.2,18.9,19.2,0,0
20100818,19.2,19.2,19.1,19.1,0,0
20100819,19.1,19.2,19.1,19.2,0,0
20100820,19.2,19.2,18.95,18.95,0,0
20100823,18.95,18.95,18.9,18.9,0,0
20100824,18.9,19.15,18.9,19.15,0,0
20100825,19.15,19.15,1.45,1.45,0,0
20100826,1.45,1.45,1.45,1.45,0,0
20100827,1.45,1.45,1.45,1.45,0,0
20100830,1.45,1.45,1.45,1.45,0,0
20100831,1.45,1.45,1.45,1.45,0,0
20100901,1.45,1.45,1.45,1.45,0,0
20100902,1.45,1.45,1.45,1.45,0,0
20100903,1.45,1.45,1.45,1.45,0,0
20100906,1.45,1.45,1.4,1.4,0,0
20100907,1.4,1.4,1.4,1.4,0,0
20100908,1.4,1.4,1.4,1.4,0,0
20100909,1.4,1.4,1.35,1.35,0,0
20100910,1.35,1.4,1.35,1.4,0,0
20100913,1.4,1.4,1.35,1.35,0,0
20100914,1.35,1.35,1.35,1.35,0,0
20100915,1.35,1.35,1.35,1.35,0,0
20100916,1.35,1.35,1.35,1.35,0,0
20100917,1.35,1.35,1.35,1.35,0,0
20100920,1.35,1.35,1.35,1.35,0,0
20100921,1.35,1.35,1.35,1.35,0,0
20100922,1.35,1.35,1.35,1.35,0,0
20100923,1.35,1.35,1.35,1.35,0,0
20100924,1.35,1.4,1.35,1.4,0,0
20100927,1.4,1.4,1.35,1.35,0,0
20100928,1.35,1.35,1.35,1.35,0,0
20100929,1.35,1.35,1.35,1.35,0,0
20100930,1.35,1.35,1.35,1.35,0,0
20101001,1.35,1.35,1.35,1.35,0,0
20101004,1.35,1.35,1.35,1.35,0,0
20101005,1.35,1.35,1.35,1.35,0,0
20101006,1.35,1.35,1.35,1.35,0,0
20101007,1.35,1.4,1.35,1.4,0,0
20101008,1.4,1.4,1.4,1.4,0,0
20101011,1.4,1.4,1.4,1.4,0,0
20101012,1.4,1.4,1.4,1.4,0,0
20101013,1.4,1.4,1.4,1.4,0,0
20101014,1.4,1.4,1.4,1.4,0,0
20101015,1.4,1.4,1.4,1.4,0,0
20101018,1.4,1.4,1.4,1.4,0,0
20101019,1.4,1.4,1.4,1.4,0,0
20101020,1.4,1.4,1.4,1.4,0,0
20101021,1.4,1.4,1.4,1.4,0,0
20101022,1.4,1.45,1.4,1.45,0,0
20101025,1.45,1.45,1.45,1.45,0,0
20101026,1.45,1.45,1.45,1.45,0,0
20101027,1.45,1.45,1.45,1.45,0,0
20101028,1.45,1.45,1.45,1.45,0,0
20101029,1.45,1.45,1.45,1.45,0,0
20101102,1.45,1.45,1.45,1.45,0,0
20101103,1.45,1.45,1.45,1.45,0,0
20101104,1.45,1.45,1.45,1.45,0,0
20101105,1.45,1.45,1.45,1.45,0,0
20101108,1.45,1.45,1.4,1.4,0,0
20101109,1.4,1.4,1.4,1.4,0,0
20101110,1.4,1.45,1.4,1.45,0,0
20101112,1.45,1.45,1.45,1.45,0,0
20101115,1.45,1.5,1.45,1.5,0,0
20101116,1.5,1.5,1.5,1.5,0,0
20101117,1.5,1.5,1.5,1.5,0,0
20101118,1.5,1.5,1.5,1.5,0,0
20101119,1.5,1.5,1.5,1.5,0,0
20101122,1.5,1.5,1.5,1.5,0,0
20101123,1.5,1.55,1.5,1.55,0,0
20101124,1.55,1.55,1.5,1.5,0,0
20101125,1.5,1.5,1.5,1.5,0,0
20101126,1.5,1.55,1.5,1.55,0,0
20101129,1.55,1.55,1.55,1.55,0,0
20101130,1.55,1.55,1.55,1.55,0,0
20101201,1.55,1.55,1.5,1.5,0,0
20101202,1.5,1.5,1.5,1.5,0,0
20101203,1.5,1.5,1.5,1.5,0,0
20101206,1.5,1.5,1.5,1.5,0,0
20101207,1.5,1.5,1.5,1.5,0,0
20101208,1.5,1.5,1.5,1.5,0,0
20101209,1.5,1.5,1.5,1.5,0,0
20101210,1.5,1.5,1.5,1.5,0,0
20101213,1.5,1.5,1.5,1.5,0,0
20101214,1.5,1.5,1.5,1.5,0,0
20101215,1.5,1.5,1.5,1.5,0,0
20101216,1.5,1.5,1.5,1.5,0,0
20101217,1.5,1.5,1.5,1.5,0,0
20101220,1.5,1.55,1.5,1.55,0,0
20101221,1.55,1.55,1.55,1.55,0,0
20101222,1.55,1.55,1.55,1.55,0,0
20101223,1.55,1.55,1.55,1.55,0,0
20101227,1.55,1.55,1.55,1.55,0,0
20101228,1.55,1.55,1.55,1.55,0,0
20101229,1.55,1.55,1.55,1.55,0,0
20101230,1.55,1.55,1.55,1.55,0,0
20101231,1.55,1.55,1.55,1.55,0,0
20110103,1.55,1.55,1.5,1.5,0,0
20110104,1.5,1.55,1.5,1.55,0,0
20110105,1.55,1.55,1.55,1.55,0,0
20110107,1.55,1.55,1.55,1.55,0,0
20110110,1.55,1.6,1.55,1.6,0,0
20110111,1.6,1.6,1.6,1.6,0,0
20110112,1.6,1.6,1.6,1.6,0,0
20110113,1.6,1.6,1.6,1.6,0,0
20110114,1.6,1.6,1.6,1.6,0,0
20110117,1.6,1.6,1.55,1.55,0,0
20110118,1.55,1.55,1.55,1.55,0,0
20110119,1.55,1.55,1.55,1.55,0,0
20110120,1.55,1.55,1.55,1.55,0,0
20110121,1.55,1.55,1.55,1.55,0,0
20110124,1.55,1.55,1.55,1.55,0,0
20110125,1.55,1.55,1.55,1.55,0,0
20110126,1.55,1.55,1.55,1.55,0,0
20110127,1.55,1.6,1.55,1.6,0,0
20110128,1.6,1.6,1.6,1.6,0,0
20110131,1.6,1.6,1.6,1.6,0,0
20110201,1.6,1.6,1.6,1.6,0,0
20110202,1.6,1.6,1.55,1.55,0,0
20110203,1.55,1.55,1.55,1.55,0,0
20110204,1.55,1.55,1.55,1.55,0,0
20110207,1.55,1.55,1.55,1.55,0,0
20110208,1.55,1.55,1.55,1.55,0,0
20110209,1.55,1.55,1.55,1.55,0,0
20110210,1.55,1.55,1.55,1.55,0,0
20110211,1.55,1.55,1.55,1.55,0,0
20110214,1.55,1.55,1.55,1.55,0,0
20110215,1.55,1.6,1.55,1.6,0,0
20110216,1.6,1.6,1.6,1.6,0,0
20110217,1.6,1.6,1.6,1.6,0,0
20110218,1.6,1.6,1.6,1.6,0,0
20110221,1.6,1.6,1.6,1.6,0,0
20110222,1.6,1.6,1.55,1.55,0,0
20110223,1.55,1.55,1.55,1.55,0,0
20110224,1.55,1.55,1.55,1.55,0,0
20110225,1.55,1.55,1.55,1.55,0,0
20110228,1.55,1.55,1.55,1.55,0,0
20110301,1.55,1.6,1.55,1.6,0,0
20110302,1.6,1.6,1.6,1.6,0,0
20110303,1.6,1.6,1.55,1.55,0,0
20110304,1.55,1.55,1.55,1.55,0,0
20110307,1.55,1.55,1.55,1.55,0,0
20110308,1.55,1.55,1.55,1.55,0,0
20110309,1.55,1.6,1.55,1.6,0,0
20110310,1.6,1.6,1.6,1.6,0,0
20110311,1.6,1.6,1.6,1.6,0,0
20110314,1.6,1.6,1.6,1.6,0,0
20110315,1.6,1.6,1.6,1.6,0,0
20110316,1.6,1.6,1.6,1.6,0,0
20110317,1.6,1.6,1.55,1.55,0,0
20110318,1.55,1.55,1.5,1.5,0,0
20110321,1.5,1.5,1.5,1.5,0,0
20110322,1.5,1.55,1.5,1.55,0,0
20110323,1.55,1.55,1.55,1.55,0,0
20110324,1.55,1.55,1.55,1.55,0,0
20110325,1.55,1.55,1.55,1.55,0,0
20110328,1.55,1.55,1.5,1.5,0,0
20110329,1.5,1.55,1.5,1.55,0,0
20110330,1.55,1.55,1.55,1.55,0,0
20110331,1.55,1.55,1.55,1.55,0,0
20110401,1.55,1.55,1.5,1.5,0,0
20110404,1.5,1.5,1.5,1.5,0,0
20110405,1.5,1.5,1.5,1.5,0,0
20110406,1.5,1.5,1.5,1.5,0,0
20110407,1.5,4.15,1.5,4.15,0,0
20110408,4.15,4.25,4.15,4.25,0,0
20110411,4.25,4.3,4.25,4.3,0,0
20110412,4.3,4.3,4.25,4.25,0,0
20110413,4.25,4.3,4.25,4.3,0,0
20110414,4.3,4.3,4.3,4.3,0,0
20110415,4.3,4.3,4.3,4.3,0,0
20110418,4.3,4.3,4.3,4.3,0,0
20110419,4.3,4.3,4.3,4.3,0,0
20110420,4.3,4.3,4.3,4.3,0,0
20110421,4.3,4.3,4.3,4.3,0,0
20110426,4.3,4.3,4.25,4.25,0,0
20110427,4.25,4.25,4.25,4.25,0,0
20110428,4.25,4.25,4.2,4.2,0,0
20110429,4.2,4.2,4.2,4.2,0,0
20110502,4.2,4.2,4.2,4.2,0,0
20110504,4.2,4.2,4.2,4.2,0,0
20110505,4.2,4.2,4.2,4.2,0,0
20110506,4.2,4.2,4.2,4.2,0,0
20110509,4.2,4.25,4.2,4.25,0,0
20110510,4.25,4.25,4.2,4.2,0,0
20110511,4.2,4.2,4.15,4.15,0,0
20110512,4.15,4.15,4.15,4.15,0,0
20110513,4.15,4.15,4.1,4.1,0,0
20110516,4.1,4.1,4.1,4.1,0,0
20110517,4.1,4.15,4.1,4.15,0,0
20110518,4.15,4.2,4.15,4.2,0,0
20110519,4.2,4.2,4.15,4.15,0,0
20110520,4.15,4.15,4.15,4.15,0,0
20110523,4.15,4.15,4.15,4.15,0,0
20110524,4.15,4.15,4.15,4.15,0,0
20110525,4.15,4.15,4.1,4.1,0,0
20110526,4.1,4.15,4.1,4.15,0,0
20110527,4.15,4.15,4.15,4.15,0,0
20110530,4.15,4.15,4.15,4.15,0,0
20110531,4.15,4.15,4.15,4.15,0,0
20110601,4.15,4.15,4.15,4.15,0,0
20110602,4.15,4.15,4.15,4.15,0,0
20110603,4.15,4.15,4.15,4.15,0,0
20110606,4.15,4.2,4.15,4.2,0,0
20110607,4.2,4.2,4.2,4.2,0,0
20110608,4.2,4.2,4.2,4.2,0,0
20110609,4.2,4.25,4.2,4.25,0,0
20110610,4.25,4.25,4.25,4.25,0,0
20110613,4.25,4.25,4.25,4.25,0,0
20110614,4.25,4.25,4.25,4.25,0,0
20110615,4.25,4.3,4.25,4.3,0,0
20110616,4.3,4.3,4.3,4.3,0,0
20110617,4.3,4.3,4.2,4.2,0,0
20110620,4.2,4.2,4.2,4.2,0,0
20110621,4.2,4.2,4.1,4.1,0,0
20110622,4.1,4.25,4.1,4.25,0,0
20110624,4.25,4.25,4.15,4.15,0,0
20110627,4.15,4.2,4.15,4.2,0,0
20110628,4.2,4.2,4.2,4.2,0,0
20110629,4.2,4.2,4.15,4.15,0,0
20110630,4.15,4.2,4.15,4.2,0,0
20110701,4.2,4.2,4.2,4.2,0,0
20110704,4.2,4.2,4.2,4.2,0,0
20110705,4.2,4.2,4.2,4.2,0,0
20110706,4.2,4.2,4.2,4.2,0,0
20110707,4.2,4.2,4.2,4.2,0,0
20110708,4.2,4.2,4.2,4.2,0,0
20110711,4.2,4.2,4.2,4.2,0,0
20110712,4.2,4.2,4.2,4.2,0,0
20110713,4.2,4.2,4.2,4.2,0,0
20110714,4.2,4.25,4.2,4.25,0,0
20110715,4.25,4.25,4.25,4.25,0,0
20110718,4.25,4.3,4.25,4.3,0,0
20110719,4.3,4.3,4.25,4.25,0,0
20110720,4.25,4.25,4.25,4.25,0,0
20110721,4.25,4.25,4.25,4.25,0,0
20110722,4.25,4.25,4.25,4.25,0,0
20110725,4.25,4.25,4.25,4.25,0,0
20110726,4.25,4.25,4.25,4.25,0,0
20110727,4.25,4.25,4.25,4.25,0,0
20110728,4.25,4.25,4.25,4.25,0,0
20110729,4.25,4.25,4.25,4.25,0,0
20110801,4.25,4.25,4.25,4.25,0,0
20110802,4.25,4.3,4.25,4.3,0,0
20110803,4.3,4.45,4.3,4.45,0,0
20110804,4.45,4.45,4.45,4.45,0,0
20110805,4.45,4.5,4.45,4.5,0,0
20110808,4.5,4.55,4.5,4.55,0,0
20110809,4.55,4.75,4.55,4.75,0,0
20110810,4.75,4.8,4.75,4.8,0,0
20110811,4.8,4.8,4.75,4.75,0,0
20110812,4.75,4.75,4.6,4.6,0,0
20110816,4.6,4.6,4.6,4.6,0,0
20110817,4.6,4.6,4.6,4.6,0,0
20110818,4.6,4.75,4.6,4.75,0,0
20110819,4.75,4.75,4.75,4.75,0,0
20110822,4.75,4.8,4.75,4.8,0,0
20110823,4.8,4.9,4.8,4.9,0,0
20110824,4.9,4.9,4.9,4.9,0,0
20110825,4.9,5,4.9,5,0,0
20110826,5,5,4.95,4.95,0,0
20110829,4.95,4.95,4.95,4.95,0,0
20110830,4.95,4.95,4.9,4.9,0,0
20110831,4.9,4.9,4.8,4.8,0,0
20110901,4.8,4.85,4.8,4.85,0,0
20110902,4.85,4.85,4.8,4.8,0,0
20110905,4.8,4.9,4.8,4.9,0,0
20110906,4.9,5,4.9,5,0,0
20110907,5,5,4.85,4.85,0,0
20110908,4.85,4.85,4.85,4.85,0,0
20110909,4.85,4.9,4.85,4.9,0,0
20110912,4.9,4.9,4.9,4.9,0,0
20110913,4.9,4.9,4.9,4.9,0,0
20110914,4.9,4.9,4.9,4.9,0,0
20110915,4.9,4.9,4.85,4.85,0,0
20110916,4.85,4.9,4.85,4.9,0,0
20110919,4.9,4.9,4.9,4.9,0,0
20110920,4.9,4.95,4.9,4.95,0,0
20110921,4.95,4.95,4.95,4.95,0,0
20110922,4.95,5,4.95,5,0,0
20110923,5,5,4.95,4.95,0,0
20110926,4.95,4.95,4.95,4.95,0,0
20110927,4.95,4.95,4.95,4.95,0,0
20110928,4.95,5.05,4.95,5.05,0,0
20110929,5.05,5.05,5,5,0,0
20110930,5,7.45,5,7.45,0,0
20111003,7.45,7.55,7.45,7.55,0,0
20111004,7.55,7.7,7.55,7.7,0,0
20111005,7.7,7.7,7.65,7.65,0,0
20111006,7.65,7.65,7.6,7.6,0,0
20111007,7.6,7.6,7.55,7.55,0,0
20111010,7.55,7.55,7.35,7.35,0,0
20111011,7.35,7.4,7.35,7.4,0,0
20111012,7.4,7.4,7.35,7.35,0,0
20111013,7.35,7.5,7.35,7.5,0,0
20111014,7.5,7.5,7.45,7.45,0,0
20111017,7.45,7.55,7.45,7.55,0,0
20111018,7.55,7.55,7.45,7.45,0,0
20111019,7.45,7.45,7.35,7.35,0,0
20111020,7.35,7.4,7.35,7.4,0,0
20111021,7.4,7.45,7.4,7.45,0,0
20111024,7.45,7.45,7.35,7.35,0,0
20111025,7.35,7.35,7.35,7.35,0,0
20111026,7.35,7.5,7.35,7.5,0,0
20111027,7.5,7.5,7.3,7.3,0,0
20111028,7.3,7.3,7.3,7.3,0,0
20111031,7.3,7.35,7.3,7.35,0,0
20111102,7.35,7.35,7.35,7.35,0,0
20111103,7.35,7.35,7.25,7.25,0,0
20111104,7.25,7.3,7.25,7.3,0,0
20111107,7.3,7.3,7.2,7.2,0,0
20111108,7.2,7.3,7.2,7.3,0,0
20111109,7.3,7.5,7.3,7.5,0,0
20111110,7.5,7.5,7.5,7.5,0,0
20111114,7.5,7.55,7.5,7.55,0,0
20111115,7.55,7.55,7.5,7.5,0,0
20111116,7.5,7.5,7.4,7.4,0,0
20111117,7.4,7.5,7.4,7.5,0,0
20111118,7.5,7.5,7.4,7.4,0,0
20111121,7.4,7.5,7.4,7.5,0,0
20111122,7.5,7.55,7.5,7.55,0,0
20111123,7.55,7.7,7.55,7.7,0,0
20111124,7.7,7.7,7.7,7.7,0,0
20111125,7.7,7.75,7.7,7.75,0,0
20111128,7.75,7.75,7.65,7.65,0,0
20111129,7.65,7.65,7.65,7.65,0,0
20111130,7.65,7.65,7.55,7.55,0,0
20111201,7.55,7.55,7.55,7.55,0,0
20111202,7.55,7.55,7.55,7.55,0,0
20111205,7.55,7.6,7.55,7.6,0,0
20111206,7.6,7.6,7.55,7.55,0,0
20111207,7.55,7.55,7.55,7.55,0,0
20111208,7.55,7.7,7.55,7.7,0,0
20111209,7.7,7.7,7.4,7.4,0,0
20111212,7.4,7.5,7.4,7.5,0,0
20111213,7.5,7.6,7.5,7.6,0,0
20111214,7.6,7.6,7,7,0,0
20111215,7,7,7,7,0,0
20111216,7,7.05,7,7.05,0,0
20111219,7.05,7.05,7,7,0,0
20111220,7,7,6.95,6.95,0,0
20111221,6.95,7,6.95,7,0,0
20111222,7,7,7,7,0,0
20111223,7,7,6.95,6.95,0,0
20111227,6.95,7,6.95,7,0,0
20111228,7,7,7,7,0,0
20111229,7,7.05,7,7.05,0,0
20111230,7.05,7.05,7.05,7.05,0,0
20120102,7.05,7.05,6.95,6.95,0,0
20120103,6.95,6.95,6.9,6.9,0,0
20120104,6.9,7.05,6.9,7.05,0,0
20120105,7.05,7.05,6.95,6.95,0,0
20120109,6.95,7.05,6.95,7.05,0,0
20120110,7.05,7.05,7.05,7.05,0,0
20120111,7.05,7.1,7.05,7.1,0,0
20120112,7.1,7.1,7.05,7.05,0,0
20120113,7.05,7.1,7.05,7.1,0,0
20120116,7.1,7.1,7.05,7.05,0,0
20120117,7.05,7.05,6.9,6.9,0,0
20120118,6.9,6.95,6.9,6.95,0,0
20120119,6.95,6.95,6.85,6.85,0,0
20120120,6.85,6.85,6.85,6.85,0,0
20120123,6.85,6.85,6.85,6.85,0,0
20120124,6.85,6.85,6.85,6.85,0,0
20120125,6.85,6.85,6.8,6.8,0,0
20120126,6.8,6.8,6.7,6.7,0,0
20120127,6.7,6.7,6.65,6.65,0,0
20120130,6.65,6.7,6.65,6.7,0,0
20120131,6.7,6.7,6.7,6.7,0,0
20120201,6.7,6.7,6.6,6.6,0,0
20120202,6.6,6.6,6.6,6.6,0,0
20120203,6.6,6.6,6.55,6.55,0,0
20120206,6.55,6.55,6.55,6.55,0,0
20120207,6.55,6.55,6.55,6.55,0,0
20120208,6.55,6.55,6.55,6.55,0,0
20120209,6.55,6.65,6.55,6.65,0,0
20120210,6.65,6.65,6.65,6.65,0,0
20120213,6.65,6.65,6.65,6.65,0,0
20120214,6.65,6.65,6.6,6.6,0,0
20120215,6.6,6.6,6.6,6.6,0,0
20120216,6.6,6.65,6.6,6.65,0,0
20120217,6.65,6.65,6.6,6.6,0,0
20120220,6.6,6.6,6.6,6.6,0,0
20120221,6.6,6.65,6.6,6.65,0,0
20120222,6.65,6.65,6.6,6.6,0,0
20120223,6.6,6.65,6.6,6.65,0,0
20120224,6.65,6.65,6.65,6.65,0,0
20120227,6.65,6.65,6.65,6.65,0,0
20120228,6.65,6.7,6.65,6.7,0,0
20120229,6.7,6.7,6.7,6.7,0,0
20120301,6.7,6.75,6.7,6.75,0,0
20120302,6.75,6.75,6.75,6.75,0,0
20120305,6.75,6.75,6.75,6.75,0,0
20120306,6.75,6.75,6.75,6.75,0,0
20120307,6.75,6.75,6.75,6.75,0,0
20120308,6.75,6.75,6.7,6.7,0,0
20120309,6.7,6.75,6.7,6.75,0,0
20120312,6.75,6.75,6.75,6.75,0,0
20120313,6.75,6.75,6.75,6.75,0,0
20120314,6.75,6.75,6.65,6.65,0,0
20120315,6.65,6.7,6.65,6.7,0,0
20120316,6.7,6.7,6.65,6.65,0,0
20120319,6.65,6.75,6.65,6.75,0,0
20120320,6.75,6.8,6.75,6.8,0,0
20120321,6.8,6.8,6.8,6.8,0,0
20120322,6.8,6.9,6.8,6.9,0,0
20120323,6.9,6.9,6.8,6.8,0,0
20120326,6.8,6.8,6.8,6.8,0,0
20120327,6.8,6.8,6.8,6.8,0,0
20120328,6.8,6.8,6.8,6.8,0,0
20120329,6.8,6.8,6.8,6.8,0,0
20120330,6.8,6.8,6.75,6.75,0,0
20120402,6.75,6.75,6.75,6.75,0,0
20120403,6.75,6.75,4.05,4.05,0,0
20120404,4.05,4.05,4.05,4.05,0,0
20120405,4.05,4.05,4.05,4.05,0,0
20120410,4.05,4.1,4.05,4.1,0,0
20120411,4.1,4.1,4.1,4.1,0,0
20120412,4.1,4.1,4.05,4.05,0,0
20120413,4.05,4.1,4.05,4.1,0,0
20120416,4.1,4.1,4.1,4.1,0,0
20120417,4.1,4.1,4.1,4.1,0,0
20120418,4.1,4.15,4.1,4.15,0,0
20120419,4.15,4.15,4.15,4.15,0,0
20120420,4.15,4.15,4.15,4.15,0,0
20120423,4.15,4.15,4.15,4.15,0,0
20120424,4.15,4.15,4.15,4.15,0,0
20120425,4.15,4.15,4.1,4.1,0,0
20120426,4.1,4.1,4.05,4.05,0,0
20120427,4.05,4.05,4,4,0,0
20120430,4,4.1,4,4.1,0,0
20120502,4.1,4.1,4.1,4.1,0,0
20120504,4.1,4.1,4.05,4.05,0,0
20120507,4.05,4.05,4.05,4.05,0,0
20120508,4.05,4.15,4.05,4.15,0,0
20120509,4.15,4.15,4.15,4.15,0,0
20120510,4.15,4.15,4.1,4.1,0,0
20120511,4.1,4.1,4.05,4.05,0,0
20120514,4.05,4.15,4.05,4.15,0,0
20120515,4.15,4.25,4.15,4.25,0,0
20120516,4.25,4.25,4.15,4.15,0,0
20120517,4.15,4.3,4.15,4.3,0,0
20120518,4.3,4.3,4.3,4.3,0,0
20120521,4.3,4.3,4.15,4.15,0,0
20120522,4.15,4.25,4.15,4.25,0,0
20120523,4.25,4.35,4.25,4.35,0,0
20120524,4.35,4.35,4.35,4.35,0,0
20120525,4.35,4.35,4.35,4.35,0,0
20120528,4.35,4.35,4.3,4.3,0,0
20120529,4.3,4.3,4.3,4.3,0,0
20120530,4.3,4.35,4.3,4.35,0,0
20120531,4.35,4.4,4.35,4.4,0,0
20120601,4.4,4.4,4.4,4.4,0,0
20120604,4.4,4.4,4.35,4.35,0,0
20120605,4.35,4.45,4.35,4.45,0,0
20120606,4.45,4.45,4.35,4.35,0,0
20120608,4.35,4.35,4.2,4.2,0,0
20120611,4.2,4.2,4.1,4.1,0,0
20120612,4.1,4.1,4.05,4.05,0,0
20120613,4.05,4.1,4.05,4.1,0,0
20120614,4.1,4.1,4.05,4.05,0,0
20120615,4.05,4.05,4,4,0,0
20120618,4,4,4,4,0,0
20120619,4,4,3.95,3.95,0,0
20120620,3.95,4,3.95,4,0,0
20120621,4,4,4,4,0,0
20120622,4,4,4,4,0,0
20120625,4,4.05,4,4.05,0,0
20120626,4.05,4.05,4.05,4.05,0,0
20120627,4.05,4.05,4.05,4.05,0,0
20120628,4.05,4.05,3.95,3.95,0,0
20120629,3.95,3.95,3.9,3.9,0,0
20120702,3.9,4,3.9,4,0,0
20120703,4,4,4,4,0,0
20120704,4,4,4,4,0,0
20120705,4,4,3.95,3.95,0,0
20120706,3.95,3.95,3.95,3.95,0,0
20120709,3.95,3.95,3.95,3.95,0,0
20120710,3.95,3.95,3.95,3.95,0,0
20120711,3.95,3.95,3.95,3.95,0,0
20120712,3.95,4,3.95,4,0,0
20120713,4,4,3.9,3.9,0,0
20120716,3.9,3.9,3.9,3.9,0,0
20120717,3.9,3.9,3.9,3.9,0,0
20120718,3.9,3.9,3.8,3.8,0,0
20120719,3.8,3.8,3.75,3.75,0,0
20120720,3.75,3.8,3.75,3.8,0,0
20120723,3.8,3.9,3.8,3.9,0,0
20120724,3.9,3.9,3.85,3.85,0,0
20120725,3.85,3.85,3.85,3.85,0,0
20120726,3.85,3.85,3.85,3.85,0,0
20120727,3.85,3.85,3.75,3.75,0,0
20120730,3.75,3.75,3.65,3.65,0,0
20120731,3.65,3.65,3.65,3.65,0,0
20120801,3.65,3.7,3.65,3.7,0,0
20120802,3.7,3.75,3.7,3.75,0,0
20120803,3.75,3.75,3.65,3.65,0,0
20120806,3.65,3.65,3.65,3.65,0,0
20120807,3.65,3.65,3.6,3.6,0,0
20120808,3.6,3.6,3.6,3.6,0,0
20120809,3.6,3.6,3.5,3.5,0,0
20120810,3.5,3.5,3.5,3.5,0,0
20120813,3.5,3.55,3.5,3.55,0,0
20120814,3.55,3.55,3.55,3.55,0,0
20120816,3.55,3.55,3.55,3.55,0,0
20120817,3.55,3.55,3.55,3.55,0,0
20120820,3.55,3.65,3.55,3.65,0,0
20120821,3.65,3.65,3.6,3.6,0,0
20120822,3.6,3.65,3.6,3.65,0,0
20120823,3.65,3.65,3.65,3.65,0,0
20120824,3.65,3.65,3.6,3.6,0,0
20120827,3.6,3.6,3.6,3.6,0,0
20120828,3.6,3.85,3.6,3.85,0,0
20120829,3.85,3.9,3.85,3.9,0,0
20120830,3.9,3.9,3.35,3.35,0,0
20120831,3.35,3.35,3.25,3.25,0,0
20120903,3.25,3.3,3.25,3.3,0,0
20120904,3.3,3.35,3.3,3.35,0,0
20120905,3.35,3.35,3.25,3.25,0,0
20120906,3.25,3.25,3.25,3.25,0,0
20120907,3.25,3.25,3.2,3.2,0,0
20120910,3.2,3.2,3.2,3.2,0,0
20120911,3.2,3.2,3.2,3.2,0,0
20120912,3.2,3.2,3.1,3.1,0,0
20120913,3.1,3.1,3.1,3.1,0,0
20120914,3.1,3.1,3.1,3.1,0,0
20120917,3.1,3.1,3.1,3.1,0,0
20120918,3.1,3.1,3.1,3.1,0,0
20120919,3.1,3.15,3.1,3.15,0,0
20120920,3.15,3.15,3.1,3.1,0,0
20120921,3.1,3.1,3.1,3.1,0,0
20120924,3.1,3.1,3.1,3.1,0,0
20120925,3.1,3.1,3.1,3.1,0,0
20120926,3.1,3.1,3.1,3.1,0,0
20120927,3.1,3.1,3.1,3.1,0,0
20120928,3.1,3.1,3.1,3.1,0,0
20121001,3.1,3.1,3.05,3.05,0,0
20121002,3.05,3.05,3.05,3.05,0,0
20121003,3.05,3.05,3.05,3.05,0,0
20121004,3.05,3.1,3.05,3.1,0,0
20121005,3.1,3.1,3,3,0,0
20121008,3,3,2.95,2.95,0,0
20121009,2.95,3,2.95,3,0,0
20121010,3,3,2.95,2.95,0,0
20121011,2.95,2.95,2.95,2.95,0,0
20121012,2.95,2.95,2.95,2.95,0,0
20121015,2.95,2.95,2.95,2.95,0,0
20121016,2.95,3,2.95,3,0,0
20121017,3,3,2.95,2.95,0,0
20121018,2.95,2.95,2.95,2.95,0,0
20121019,2.95,3,2.95,3,0,0
20121022,3,3,3,3,0,0
20121023,3,3,3,3,0,0
20121024,3,3,3,3,0,0
20121025,6,6,5.9,5.9,0,0
20121026,5.9,6,5.9,6,0,0
20121029,6,6,6,6,0,0
20121030,6,6,6,6,0,0
20121031,6,6,6,6,0,0
20121102,6,6,5.8,5.8,0,0
20121105,5.8,5.8,5.8,5.8,0,0
20121106,5.8,5.9,5.8,5.9,0,0
20121107,5.9,5.9,5.8,5.8,0,0
20121108,5.8,5.8,5.8,5.8,0,0
20121109,5.8,5.8,5.8,5.8,0,0
20121112,5.8,5.8,5.8,5.8,0,0
20121113,5.8,5.8,5.8,5.8,0,0
20121114,5.8,5.8,5.8,5.8,0,0
20121115,5.8,5.8,5.8,5.8,0,0
20121116,5.8,5.8,5.8,5.8,0,0
20121119,5.8,5.8,5.8,5.8,0,0
20121120,5.8,5.8,5.8,5.8,0,0
20121121,5.8,5.8,5.7,5.7,0,0
20121122,5.7,5.7,5.7,5.7,0,0
20121123,5.7,5.7,5.7,5.7,0,0
20121126,5.7,5.7,5.7,5.7,0,0
20121127,5.7,5.7,5.7,5.7,0,0
20121128,5.7,5.8,5.7,5.8,0,0
20121129,5.8,5.8,5.8,5.8,0,0
20121130,5.8,5.8,5.7,5.7,0,0
20121203,5.7,5.7,5.6,5.6,0,0
20121204,5.6,5.6,5.6,5.6,0,0
20121205,5.6,5.6,5.5,5.5,0,0
20121206,5.5,5.5,5.4,5.4,0,0
20121207,5.4,5.6,5.4,5.6,0,0
20121210,5.6,5.6,5.5,5.5,0,0
20121211,5.5,5.5,5.5,5.5,0,0
20121212,5.5,5.5,5.4,5.4,0,0
20121213,5.4,5.4,5.4,5.4,0,0
20121214,5.4,5.4,5.3,5.3,0,0
20121217,5.3,5.3,5.3,5.3,0,0
20121218,5.3,5.3,5.2,5.2,0,0
20121219,5.2,5.2,5.1,5.1,0,0
20121220,5.1,5.3,5.1,5.3,0,0
20121221,5.3,5.3,5.1,5.1,0,0
20121227,5.1,5.2,5.1,5.2,0,0
20121228,5.2,5.2,5.1,5.1,0,0
20130102,5.1,5.1,5.1,5.1,0,0
20130103,5.1,5.1,5.1,5.1,0,0
20130104,5.1,5.3,5.1,5.3,0,0
20130107,5.3,5.4,5.3,5.4,0,0
20130108,5.4,5.4,5.4,5.4,0,0
20130109,5.4,5.4,5.3,5.3,0,0
20130110,5.3,5.4,5.3,5.4,0,0
20130111,5.4,5.5,5.4,5.5,0,0
20130114,5.5,5.6,5.5,5.6,0,0
20130115,5.6,5.7,5.6,5.7,0,0
20130116,5.5,5.5,5.5,5.5,0,0
20130117,5.5,5.6,5.5,5.6,0,0
20130118,5.6,5.6,5.6,5.6,0,0
20130121,5.6,5.6,5.5,5.5,0,0
20130122,5.5,5.5,5.5,5.5,0,0
20130123,5.5,5.5,5.5,5.5,0,0
20130124,5.5,5.5,5.5,5.5,0,0
20130125,5.5,5.6,5.5,5.6,0,0
20130128,5.6,5.6,5.5,5.5,0,0
20130129,5.5,5.5,5.5,5.5,0,0
20130130,5.5,5.6,5.5,5.6,0,0
20130131,5.6,5.6,5.5,5.5,0,0
20130201,5.5,5.5,5.5,5.5,0,0
20130204,5.5,5.6,5.5,5.6,0,0
20130205,5.6,5.6,5.6,5.6,0,0
20130206,5.6,5.6,5.6,5.6,0,0
20130207,5.6,5.6,5.6,5.6,0,0
20130208,5.6,5.6,5.5,5.5,0,0
20130211,5.5,5.5,5.5,5.5,0,0
20130212,5.5,5.5,5.5,5.5,0,0
20130213,5.5,5.5,5.5,5.5,0,0
20130214,5.5,5.5,5.5,5.5,0,0
20130215,5.5,5.5,5.5,5.5,0,0
20130218,5.5,5.5,5.5,5.5,0,0
20130219,5.5,5.5,5.4,5.4,0,0
20130220,5.4,5.5,5.4,5.5,0,0
20130221,5.5,5.5,5.5,5.5,0,0
20130222,5.5,5.5,5.5,5.5,0,0
20130225,5.5,5.5,5.5,5.5,0,0
20130226,5.5,5.6,5.5,5.6,0,0
20130227,5.6,5.6,5.6,5.6,0,0
20130228,5.6,5.6,5.6,5.6,0,0
20130301,5.6,5.6,5.5,5.5,0,0
20130304,5.5,5.5,5.5,5.5,0,0
20130305,5.5,5.5,5.5,5.5,0,0
20130306,5.5,5.5,5.3,5.3,0,0
20130307,5.3,5.3,5.2,5.2,0,0
20130308,5.2,5.3,5.2,5.3,0,0
20130311,5.3,5.3,5.3,5.3,0,0
20130312,5.3,5.3,5.3,5.3,0,0
20130313,5.3,5.4,5.3,5.4,0,0
20130314,5.4,5.4,5.4,5.4,0,0
20130315,5.4,5.4,5.4,5.4,0,0
20130318,5.4,5.5,5.4,5.5,0,0
20130319,5.5,5.5,5.5,5.5,0,0
20130320,5.5,5.5,5.5,5.5,0,0
20130321,5.5,5.5,5.5,5.5,0,0
20130322,5.5,5.5,5.5,5.5,0,0
20130325,5.5,5.6,5.5,5.6,0,0
20130326,5.6,5.6,5.5,5.5,0,0
20130327,5.5,5.5,5.5,5.5,0,0
20130328,5.5,5.6,5.5,5.6,0,0
20130402,5.6,5.6,5.5,5.5,0,0
20130403,5.5,5.6,5.5,5.6,0,0
20130404,5.6,5.6,5.6,5.6,0,0
20130405,5.6,5.6,5.6,5.6,0,0
20130408,5.6,5.6,5.5,5.5,0,0
20130409,5.5,5.5,5.5,5.5,0,0
20130410,5.5,5.5,5.5,5.5,0,0
20130411,5.5,5.5,5.3,5.3,0,0
20130412,5.3,5.3,5.3,5.3,0,0
20130415,5.3,5.4,5.3,5.4,0,0
20130417,5.4,5.4,5.4,5.4,0,0
20130418,5.4,5.5,5.4,5.5,0,0
20130419,5.5,5.5,5.5,5.5,0,0
20130422,5.5,5.5,5.5,5.5,0,0
20130423,5.5,5.5,5.4,5.4,0,0
20130424,5.4,5.4,5.4,5.4,0,0
20130425,5.4,5.4,5.4,5.4,0,0
20130426,5.4,5.4,5.3,5.3,0,0
20130429,5.3,5.3,5.2,5.2,0,0
20130430,5.2,5.2,5.2,5.2,0,0
20130502,5.2,5.2,5.1,5.1,0,0
20130506,5.1,5.1,5,5,0,0
20130507,5,5,5,5,0,0
20130508,5,5,5,5,0,0
20130509,5,5,5,5,0,0
20130510,5,5,5,5,0,0
20130513,5,5,5,5,0,0
20130514,5,5.1,5,5.1,0,0
20130515,5.1,5.1,5.1,5.1,0,0
20130516,5.1,5.2,5.1,5.2,0,0
20130517,5.2,5.2,5.2,5.2,0,0
20130520,5.2,5.2,5.2,5.2,0,0
20130521,5.2,5.2,5.1,5.1,0,0
20130522,5.1,5.1,5.1,5.1,0,0
20130523,5.1,5.1,5.1,5.1,0,0
20130524,5.1,5.1,5.1,5.1,0,0
20130527,5.1,5.1,5,5,0,0
20130528,5,5,5,5,0,0
20130529,5,5,5,5,0,0
20130531,5,5,4.9,4.9,0,0
20130603,4.9,5,4.9,5,0,0
20130604,5,5.1,5,5.1,0,0
20130605,5.1,5.1,5.1,5.1,0,0
20130606,5.1,5.1,5.1,5.1,0,0
20130607,5.1,5.1,5.1,5.1,0,0
20130610,5.1,5.2,5.1,5.2,0,0
20130611,5.2,5.2,5.2,5.2,0,0
20130612,5.2,5.2,5.1,5.1,0,0
20130613,5.1,5.1,5.1,5.1,0,0
20130614,5.1,5.1,5.1,5.1,0,0
20130617,5.1,5.1,5.1,5.1,0,0
20130618,5.1,5.1,5.1,5.1,0,0
20130619,5.1,5.2,5.1,5.2,0,0
20130620,5.2,5.4,5.2,5.4,0,0
20130621,5.4,5.4,5.4,5.4,0,0
20130624,5.4,5.6,5.4,5.6,0,0
20130625,5.6,5.6,5.5,5.5,0,0
20130626,5.5,5.5,5.4,5.4,0,0
20130627,5.4,5.6,5.4,5.6,0,0
20130628,5.6,5.6,5.5,5.5,0,0
20130701,5.5,5.5,5.5,5.5,0,0
20130702,5.5,5.5,5.3,5.3,0,0
20130703,5.3,5.3,5.3,5.3,0,0
20130704,5.3,5.3,5.2,5.2,0,0
20130705,5.2,5.3,5.2,5.3,0,0
20130708,5.3,5.3,5.3,5.3,0,0
20130709,5.3,5.4,5.3,5.4,0,0
20130710,5.4,5.4,5.3,5.3,0,0
20130711,5.3,5.3,5.2,5.2,0,0
20130712,5.2,5.2,5.1,5.1,0,0
20130715,5.1,5.2,5.1,5.2,0,0
20130716,5.2,5.2,5.2,5.2,0,0
20130717,5.2,5.2,5.1,5.1,0,0
20130718,5.1,5.3,5.1,5.3,0,0
20130719,5.3,5.3,5.2,5.2,0,0
20130722,5.2,5.2,5.1,5.1,0,0
20130723,5.1,5.1,5,5,0,0
20130724,5,5,5,5,0,0
20130725,5,5,5,5,0,0
20130726,5,5,5,5,0,0
20130729,5,5.1,5,5.1,0,0
20130730,5.1,5.1,5,5,0,0
20130731,5,5,4.9,4.9,0,0
20130801,4.9,4.9,4.9,4.9,0,0
20130802,4.9,4.9,4.8,4.8,0,0
20130805,4.8,4.9,4.8,4.9,0,0
20130806,4.9,5,4.9,5,0,0
20130807,5,5,5,5,0,0
20130808,5,5,5,5,0,0
20130809,5,5,5,5,0,0
20130812,5,5,4.8,4.8,0,0
20130813,4.8,4.9,4.8,4.9,0,0
20130814,4.9,4.9,4.9,4.9,0,0
20130816,4.9,4.9,4.8,4.8,0,0
20130819,4.8,4.8,4.8,4.8,0,0
20130820,4.8,4.9,4.8,4.9,0,0
20130821,4.9,5.1,4.9,5.1,0,0
20130822,5.1,5.1,5.1,5.1,0,0
20130823,5.1,6.8,5.1,6.8,0,0
20130826,6.8,6.8,6.7,6.7,0,0
20130827,6.7,6.7,6.7,6.7,0,0
20130828,6.7,6.9,6.7,6.9,0,0
20130829,6.9,6.9,6.7,6.7,0,0
20130830,6.7,6.8,6.7,6.8,0,0
20130902,6.8,6.8,6.8,6.8,0,0
20130903,6.8,6.9,6.8,6.9,0,0
20130904,6.9,7.2,6.9,7.2,0,0
20130905,7.2,7.7,7.2,7.7,0,0
20130906,7.7,7.7,7.4,7.4,0,0
20130909,7.4,7.4,7.2,7.2,0,0
20130910,7.2,7.2,7,7,0,0
20130911,7,7,6.9,6.9,0,0
20130912,6.9,7,6.9,7,0,0
20130913,7,7,7,7,0,0
20130916,7,7.1,7,7.1,0,0
20130917,7.1,7.1,7,7,0,0
20130918,7,7,6.9,6.9,0,0
20130919,6.9,6.9,6.8,6.8,0,0
20130920,6.8,6.8,6.7,6.7,0,0
20130923,6.7,6.9,6.7,6.9,0,0
20130924,6.9,6.9,6.8,6.8,0,0
20130925,6.8,6.8,6.8,6.8,0,0
20130926,6.8,6.8,6.8,6.8,0,0
20130927,6.8,6.9,6.8,6.9,0,0
20130930,6.9,7,6.9,7,0,0
20131001,7,7,6.9,6.9,0,0
20131002,6.9,6.9,6.9,6.9,0,0
20131003,6.9,6.9,6.9,6.9,0,0
20131004,6.9,7,6.9,7,0,0
20131007,7,7.1,7,7.1,0,0
20131008,7.1,7.2,7.1,7.2,0,0
20131009,7.2,7.2,7.2,7.2,0,0
20131010,7.2,7.2,6.8,6.8,0,0
20131011,6.8,6.9,6.8,6.9,0,0
20131014,6.9,6.9,6.7,6.7,0,0
20131015,6.7,6.8,6.7,6.8,0,0
20131016,6.8,6.8,6.6,6.6,0,0
20131017,6.6,6.8,6.6,6.8,0,0
20131018,6.8,6.8,6.7,6.7,0,0
20131021,6.7,6.7,6.4,6.4,0,0
20131022,6.4,6.5,6.4,6.5,0,0
20131023,6.5,6.5,6.4,6.4,0,0
20131024,6.4,6.4,6.4,6.4,0,0
20131025,6.4,6.4,6.3,6.3,0,0
20131028,6.3,6.3,6.3,6.3,0,0
20131029,6.3,6.3,6.3,6.3,0,0
20131030,6.3,6.3,6.3,6.3,0,0
20131031,6.3,6.3,6.3,6.3,0,0
20131104,6.3,6.3,6.3,6.3,0,0
20131105,6.3,6.3,6.3,6.3,0,0
20131106,6.3,6.3,6.2,6.2,0,0
20131107,6.2,6.4,6.2,6.4,0,0
20131108,6.4,6.5,6.4,6.5,0,0
20131112,6.5,11,6.5,11,0,0
20131113,11,11,11,11,0,0
20131114,11,11.1,11,11.1,0,0
20131115,11.1,11.1,11,11,0,0
20131118,11,11,10.5,10.5,0,0
20131119,10.5,10.6,10.5,10.6,0,0
20131120,10.6,10.6,10.6,10.6,0,0
20131121,10.6,10.6,10.6,10.6,0,0
20131122,10.6,10.6,10.6,10.6,0,0
20131125,10.6,10.6,10.6,10.6,0,0
20131126,10.6,10.7,10.6,10.7,0,0
20131127,10.7,10.7,10.6,10.6,0,0
20131128,10.6,10.6,10.6,10.6,0,0
20131129,10.6,10.6,10.6,10.6,0,0
20131202,10.6,10.8,10.6,10.8,0,0
20131203,10.8,10.9,10.8,10.9,0,0
20131204,10.9,10.9,10.8,10.8,0,0
20131205,10.8,10.9,10.8,10.9,0,0
20131206,10.9,11,10.9,11,0,0
20131209,11,11,10.8,10.8,0,0
20131210,10.8,10.8,10.7,10.7,0,0
20131211,10.7,10.7,10.6,10.6,0,0
20131212,10.6,11,10.6,11,0,0
20131213,11,11,10.9,10.9,0,0
20131216,10.9,10.9,10.8,10.8,0,0
20131217,10.8,11,10.8,11,0,0
20131218,11,11.1,11,11.1,0,0
20131219,11.1,11.3,11.1,11.3,0,0
20131220,11.3,11.3,10.9,10.9,0,0
20131223,10.9,11,10.9,11,0,0
20131227,11,11,11,11,0,0
20131230,11,11.1,11,11.1,0,0
20140102,11.1,11.1,10.9,10.9,0,0
20140103,10.9,11.1,10.9,11.1,0,0
20140107,11.1,11.3,11.1,11.3,0,0
20140108,11.3,11.3,11.2,11.2,0,0
20140109,11.2,11.5,11.2,11.5,0,0
20140110,11.5,11.5,11.5,11.5,0,0
20140113,11.5,11.5,11.5,11.5,0,0
20140114,11.5,11.6,11.5,11.6,0,0
20140115,11.6,11.6,11.5,11.5,0,0
20140116,11.5,11.5,11.3,11.3,0,0
20140117,11.3,11.6,11.3,11.6,0,0
20140120,11.6,11.7,11.6,11.7,0,0
20140121,11.7,11.7,11.5,11.5,0,0
20140122,11.5,11.5,11.4,11.4,0,0
20140123,11.4,11.6,11.4,11.6,0,0
20140124,11.6,11.7,11.6,11.7,0,0
20140127,11.7,11.7,11.7,11.7,0,0
20140128,11.7,12,11.7,12,0,0
20140129,12,12,12,12,0,0
20140130,12,12,12,12,0,0
20140131,12,12,12,12,0,0
20140203,12,12,11.7,11.7,0,0
20140204,11.7,11.7,11.7,11.7,0,0
20140205,11.7,11.9,11.7,11.9,0,0
20140206,11.9,11.9,11.4,11.4,0,0
20140207,11.4,11.4,11.3,11.3,0,0
20140210,11.3,11.3,11.3,11.3,0,0
20140211,11.3,11.3,11.3,11.3,0,0
20140212,11.3,11.3,11.1,11.1,0,0
20140213,11.1,11.2,11.1,11.2,0,0
20140214,11.2,11.2,11.2,11.2,0,0
20140217,11.2,11.3,11.2,11.3,0,0
20140218,11.3,11.3,11.3,11.3,0,0
20140219,11.3,11.3,11.3,11.3,0,0
20140220,11.3,11.6,11.3,11.6,0,0
20140221,11.6,11.6,11.6,11.6,0,0
20140224,11.6,11.6,11.3,11.3,0,0
20140225,11.3,11.5,11.3,11.5,0,0
20140226,11.5,11.6,11.5,11.6,0,0
20140227,11.6,11.6,11.6,11.6,0,0
20140228,11.6,11.6,11.3,11.3,0,0
20140303,11.3,11.8,11.3,11.8,0,0
20140304,11.8,11.8,11.6,11.6,0,0
20140305,11.6,11.6,11.6,11.6,0,0
20140306,11.6,11.6,11.5,11.5,0,0
20140307,11.5,11.6,11.5,11.6,0,0
20140310,11.6,11.6,11.6,11.6,0,0
20140311,11.6,11.6,11.5,11.5,0,0
20140312,11.5,11.8,11.5,11.8,0,0
20140313,11.8,12.2,11.8,12.2,0,0
20140314,12.2,12.2,12,12,0,0
20140317,12,12,11.7,11.7,0,0
20140318,11.7,11.9,11.7,11.9,0,0
20140319,11.9,12.2,11.9,12.2,0,0
20140320,12.2,12.2,12,12,0,0
20140321,12,12.1,12,12.1,0,0
20140324,12.1,12.1,12.1,12.1,0,0
20140325,12.1,12.1,12,12,0,0
20140326,12,12,11.9,11.9,0,0
20140327,11.9,11.9,11.8,11.8,0,0
20140328,11.8,11.8,11.7,11.7,0,0
20140331,11.7,11.7,11.6,11.6,0,0
20140401,11.6,11.6,11.5,11.5,0,0
20140402,11.5,11.5,11.5,11.5,0,0
20140403,11.5,11.6,11.5,11.6,0,0
20140404,11.6,11.6,11.5,11.5,0,0
20140407,11.5,11.6,11.5,11.6,0,0
20140408,11.6,11.6,11.6,11.6,0,0
20140409,11.6,11.6,11.6,11.6,0,0
20140410,11.6,11.6,11.6,11.6,0,0
20140411,11.6,11.6,11.6,11.6,0,0
20140414,11.6,11.7,11.6,11.7,0,0
20140415,11.7,11.9,11.7,11.9,0,0
20140416,11.9,12,11.9,12,0,0
20140417,12,12,11.6,11.6,0,0
20140422,11.6,11.6,11.4,11.4,0,0
20140423,11.4,11.5,11.4,11.5,0,0
20140424,5.75,5.8,5.75,5.8,0,0
20140425,5.8,5.8,5.8,5.8,0,0
20140428,5.8,5.8,5.75,5.75,0,0
20140429,5.75,5.75,5.7,5.7,0,0
20140430,5.7,5.8,5.7,5.8,0,0
20140502,5.8,5.85,5.8,5.85,0,0
20140505,5.85,5.85,5.8,5.8,0,0
20140506,5.8,5.8,5.8,5.8,0,0
20140507,5.8,5.8,5.8,5.8,0,0
20140508,5.8,5.8,5.8,5.8,0,0
20140509,5.8,5.85,5.8,5.85,0,0
20140512,5.85,5.85,5.85,5.85,0,0
20140513,5.85,5.85,5.85,5.85,0,0
20140514,5.85,5.85,5.75,5.75,0,0
20140515,5.75,5.75,5.75,5.75,0,0
20140516,5.75,5.75,5.65,5.65,0,0
20140519,5.65,5.65,5.65,5.65,0,0
20140520,5.65,5.65,5.65,5.65,0,0
20140521,5.65,5.7,5.65,5.7,0,0
20140522,5.7,5.7,5.55,5.55,0,0
20140523,5.55,5.55,5.55,5.55,0,0
20140526,5.55,5.55,5.55,5.55,0,0
20140527,5.55,5.55,5.55,5.55,0,0
20140528,5.55,5.55,5.55,5.55,0,0
20140529,5.55,5.55,5.5,5.5,0,0
20140530,5.5,5.55,5.5,5.55,0,0
20140602,5.55,5.55,5.5,5.5,0,0
20140603,5.5,5.5,5.5,5.5,0,0
20140604,5.5,5.5,5.5,5.5,0,0
20140605,5.5,5.5,5.5,5.5,0,0
20140606,5.5,5.5,5.4,5.4,0,0
20140609,5.4,5.45,5.4,5.45,0,0
20140610,5.4,5.4,5.4,5.4,0,0
20140611,5.4,5.45,5.4,5.45,0,0
20140612,5.45,5.45,5.4,5.4,0,0
20140613,5.4,5.45,5.4,5.45,0,0
20140616,5.45,5.5,5.45,5.5,0,0
20140617,5.5,5.5,5.5,5.5,0,0
20140618,5.5,5.5,5.45,5.45,0,0
20140620,5.45,5.55,5.45,5.55,0,0
20140623,5.55,5.55,5.55,5.55,0,0
20140624,5.55,5.55,5.5,5.5,0,0
20140625,5.5,5.6,5.5,5.6,0,0
20140626,5.6,5.7,5.6,5.7,0,0
20140627,5.7,5.7,5.6,5.6,0,0
20140630,5.6,5.6,5.6,5.6,0,0
20140701,5.6,5.7,5.6,5.7,0,0
20140702,5.7,5.7,5.7,5.7,0,0
20140703,5.7,5.7,5.7,5.7,0,0
20140704,5.7,5.75,5.7,5.75,0,0
20140707,5.75,5.8,5.75,5.8,0,0
20140708,5.8,5.8,5.8,5.8,0,0
20140709,5.8,5.8,5.75,5.75,0,0
20140710,5.75,5.75,5.75,5.75,0,0
20140711,5.75,5.75,5.75,5.75,0,0
20140714,5.75,5.75,5.75,5.75,0,0
20140715,5.75,5.75,5.7,5.7,0,0
20140716,5.7,5.7,5.65,5.65,0,0
20140717,5.65,5.65,5.65,5.65,0,0
20140718,5.65,5.7,5.65,5.7,0,0
20140721,5.7,5.7,5.7,5.7,0,0
20140722,5.7,5.7,5.6,5.6,0,0
20140723,5.6,5.6,5.6,5.6,0,0
20140724,5.6,5.6,5.5,5.5,0,0
20140725,5.5,5.5,5.5,5.5,0,0
20140728,5.5,5.5,5.5,5.5,0,0
20140729,5.5,5.5,5.5,5.5,0,0
20140730,5.5,5.65,5.5,5.65,0,0
20140731,5.65,5.65,5.65,5.65,0,0
20140801,5.65,5.65,5.6,5.6,0,0
20140804,5.6,5.6,5.55,5.55,0,0
20140805,5.55,5.55,5.55,5.55,0,0
20140806,5.55,5.55,5.55,5.55,0,0
20140807,5.55,5.55,5.55,5.55,0,0
20140808,5.55,5.6,5.55,5.6,0,0
20140811,5.6,5.6,5.5,5.5,0,0
20140812,5.5,5.5,5.45,5.45,0,0
20140813,5.45,5.45,5.4,5.4,0,0
20140814,5.4,5.4,5.35,5.35,0,0
20140818,5.35,5.35,5.25,5.25,0,0
20140819,5.25,5.3,5.25,5.3,0,0
20140820,5.3,5.3,5.3,5.3,0,0
20140821,5.3,5.3,5.25,5.25,0,0
20140822,5.25,5.3,5.25,5.3,0,0
20140825,5.3,5.3,5.25,5.25,0,0
20140826,5.25,5.25,5.25,5.25,0,0
20140827,5.25,5.25,5.25,5.25,0,0
20140828,5.25,5.25,5.25,5.25,0,0
20140829,5.25,5.3,5.25,5.3,0,0
20140901,5.3,5.3,5.25,5.25,0,0
20140902,5.25,5.25,5.2,5.2,0,0
20140903,5.2,5.2,5.05,5.05,0,0
20140904,5.05,5.05,5,5,0,0
20140905,5,5.05,5,5.05,0,0
20140908,5.05,5.05,5,5,0,0
20140909,5,5,4.95,4.95,0,0
20140910,4.95,4.95,4.95,4.95,0,0
20140911,4.95,4.95,4.95,4.95,0,0
20140912,4.95,4.95,4.95,4.95,0,0
20140915,4.95,5.25,4.95,5.25,0,0
20140916,5.25,5.3,5.25,5.3,0,0
20140917,5.3,5.3,3.6,3.6,0,0
20140918,3.6,3.7,3.6,3.7,0,0
20140919,3.7,3.7,3.55,3.55,0,0
20140922,3.55,3.55,3.55,3.55,0,0
20140923,3.55,3.6,3.55,3.6,0,0
20140924,3.6,3.6,3.6,3.6,0,0
20140925,3.6,3.6,3.5,3.5,0,0
20140926,3.5,3.5,3.5,3.5,0,0
20140929,3.5,3.55,3.5,3.55,0,0
20140930,3.55,3.55,3.55,3.55,0,0
20141001,3.55,3.65,3.55,3.65,0,0
20141002,3.65,3.7,3.65,3.7,0,0
20141003,3.7,3.7,3.6,3.6,0,0
20141006,3.6,3.6,3.6,3.6,0,0
20141007,3.6,3.6,3.6,3.6,0,0
20141008,3.6,3.65,3.6,3.65,0,0
20141009,3.65,3.65,3.6,3.6,0,0
20141010,3.6,3.6,3.6,3.6,0,0
20141013,3.6,3.6,3.55,3.55,0,0
20141014,3.55,3.55,3.55,3.55,0,0
20141015,3.55,3.6,3.55,3.6,0,0
20141016,3.6,3.6,3.6,3.6,0,0
20141017,3.6,3.6,3.6,3.6,0,0
20141020,3.6,3.6,3.55,3.55,0,0
20141021,3.55,3.55,3.5,3.5,0,0
20141022,3.5,3.5,3.45,3.45,0,0
20141023,3.45,3.45,3.45,3.45,0,0
20141024,3.45,3.45,3.45,3.45,0,0
20141027,3.45,3.45,3.45,3.45,0,0
20141028,3.45,3.45,3.4,3.4,0,0
20141029,3.4,3.4,3.4,3.4,0,0
20141030,3.4,3.4,3.4,3.4,0,0
20141031,3.4,3.4,3.35,3.35,0,0
20141103,3.35,3.35,3.35,3.35,0,0
20141104,3.35,3.35,3.35,3.35,0,0
20141105,3.35,3.5,3.35,3.5,0,0
20141106,3.5,3.5,3.45,3.45,0,0
20141107,3.45,3.5,3.45,3.5,0,0
20141110,3.5,3.5,3.45,3.45,0,0
20141112,3.45,3.5,3.45,3.5,0,0
20141113,3.5,3.6,3.5,3.6,0,0
20141114,3.6,3.6,3.6,3.6,0,0
20141117,3.6,6,3.6,6,0,0
20141118,6,6,6,6,0,0
20141119,6,6,6,6,0,0
20141120,6,6,6,6,0,0
20141121,6,6,6,6,0,0
20141124,6,6.05,6,6.05,0,0
20141125,6.05,6.05,6.05,6.05,0,0
20141126,6.05,6.05,6.05,6.05,0,0
20141127,6.05,6.05,6.05,6.05,0,0
20141128,6.05,6.05,6.05,6.05,0,0
20141201,6.05,6.05,6.05,6.05,0,0
20141202,6.05,6.05,6.05,6.05,0,0
20141203,6.05,6.05,6.05,6.05,0,0
20141204,6.05,6.1,6.05,6.1,0,0
20141205,6.1,6.1,6.05,6.05,0,0
20141208,6.05,6.05,6.05,6.05,0,0
20141209,6.05,6.05,6.05,6.05,0,0
20141210,6.05,6.25,6.05,6.25,0,0
20141211,6.25,6.25,6.2,6.2,0,0
20141212,6.2,6.2,6.2,6.2,0,0
20141215,6.2,6.3,6.2,6.3,0,0
20141216,6.3,6.4,6.3,6.4,0,0
20141217,6.4,6.4,6.3,6.3,0,0
20141218,6.3,6.3,6.25,6.25,0,0
20141219,6.25,6.25,6.25,6.25,0,0
20141222,6.25,6.25,6.25,6.25,0,0
20141223,6.25,6.25,6.25,6.25,0,0
20141229,6.25,6.25,5.85,5.85,0,0
20141230,5.85,5.85,5.85,5.85,0,0
