Date,Open,High,Low,Close,Volume,OpenInt
20071019,20.548,20.548,20.548,20.548,0,0
20071022,20.006,20.006,20.006,20.006,0,0
20071023,20.295,20.295,20.295,20.295,0,0
20071024,20.17,20.17,20.17,20.17,0,0
20071025,19.859,19.859,19.859,19.859,0,0
20071026,19.911,19.911,19.911,19.911,0,0
20071029,19.856,19.856,19.856,19.856,0,0
20071030,28.991,28.991,28.991,28.991,0,0
20071031,28.714,28.714,28.714,28.714,0,0
20071102,28.53,28.53,28.53,28.53,0,0
20071105,28.179,28.179,28.179,28.179,0,0
20071106,26.692,26.692,26.692,26.692,0,0
20071107,25.066,25.066,25.066,25.066,0,0
20071108,24.476,24.476,24.476,24.476,0,0
20071109,24.87,24.87,23.97,24.34,0,0
20071112,23.99,24.2,23.84,24.06,0,0
20071113,23.92,24.05,23.51,23.73,0,0
20071114,24.06,24.49,23.56,23.77,0,0
20071115,23.98,23.98,21.68,21.88,0,0
20071116,21.57,24.06,21.14,24.06,0,0
20071119,24.01,24.55,23.68,23.87,0,0
20071120,23.48,23.57,23.06,23.57,0,0
20071121,23.43,23.43,22.33,22.42,0,0
20071122,22.11,22.73,21.08,22.28,0,0
20071123,22.45,22.74,22.37,22.61,0,0
20071126,22.98,23.2,22.03,22.27,0,0
20071127,22.02,24.05,21.69,24.05,0,0
20071128,24.27,25.09,24.04,25.09,0,0
20071129,25.66,25.66,24.96,25.18,0,0
20071130,25.2,25.45,15.93,15.93,0,0
20071203,15.94,25.58,15.85,25.58,0,0
20071204,25.67,25.73,18.7,18.7,0,0
20071205,18.69,19.1,18.55,19.1,0,0
20071206,19.19,19.48,19.12,19.12,0,0
20071207,19.21,19.53,19.04,19.1,0,0
20071210,19.32,19.4,19.13,19.2,0,0
20071211,19.42,19.42,19.02,19.17,0,0
20071212,18.89,19.2,18.76,19.19,0,0
20071213,19.26,19.26,18.86,19.02,0,0
20071214,18.95,18.98,18.64,18.98,0,0
20071217,18.83,18.83,17.96,18.54,0,0
20071218,18.29,18.3,17.72,18.29,0,0
20071219,18.14,18.14,17.85,18.06,0,0
20071220,18.18,18.47,18.01,18.44,0,0
20071221,18.31,18.39,18.08,18.27,0,0
20071227,18.47,18.63,18.19,18.6,0,0
20071228,18.45,18.58,17.98,18.58,0,0
20080102,18.41,18.57,18,18.21,0,0
20080103,18.19,18.26,17.84,18.21,0,0
20080104,18.27,18.4,18.17,18.17,0,0
20080107,17.99,17.99,17.56,17.6,0,0
20080108,17.64,17.67,17.14,17.32,0,0
20080109,17.08,17.08,16.49,16.57,0,0
20080110,16.61,16.61,16.09,16.09,0,0
20080111,16.314,16.314,15.849,15.984,0,0
20080114,15.93,15.93,15.93,15.93,0,0
20080115,15.93,15.93,15.5,15.51,0,0
20080116,15.1,15.23,14.42,15.04,0,0
20080117,15.3,15.37,14.65,14.75,0,0
20080118,14.85,15.23,14.64,15.23,0,0
20080121,14.92,15.01,14.65,14.74,0,0
20080122,14.18,14.91,14.18,14.91,0,0
20080123,15,15.41,14.84,15,0,0
20080124,15.29,15.74,15.29,15.65,0,0
20080125,15.92,15.92,15.68,15.69,0,0
20080128,15.68,15.96,15.63,15.86,0,0
20080129,15.98,16.4,15.98,16.24,0,0
20080130,16.17,16.41,16.02,16.34,0,0
20080131,16.39,16.39,16.08,16.26,0,0
20080201,16.27,16.55,16.27,16.47,0,0
20080204,16.66,16.74,16.52,16.62,0,0
20080205,16.56,16.65,16.19,16.19,0,0
20080206,15.89,16.63,15.66,16.63,0,0
20080207,16.62,16.65,16.06,16.43,0,0
20080208,16.5,16.5,16.14,16.16,0,0
20080211,16.04,16.04,15.61,15.9,0,0
20080212,16.01,16.13,15.94,16.04,0,0
20080213,16.05,16.26,15.95,16.26,0,0
20080214,16.18,16.36,16.02,16.24,0,0
20080215,16.23,16.25,15.82,16,0,0
20080218,15.88,16.04,13.95,13.95,0,0
20080219,13.92,13.92,13.63,13.86,0,0
20080220,13.86,13.86,13.48,13.71,0,0
20080221,13.84,13.89,13.5,13.5,0,0
20080222,13.48,13.55,13.42,13.46,0,0
20080225,13.51,13.54,13.32,13.35,0,0
20080226,13.43,13.44,13.25,13.29,0,0
20080227,13.3,13.3,13.08,13.13,0,0
20080228,13.15,13.15,12.47,12.47,0,0
20080229,12.5,12.52,12.24,12.52,0,0
20080303,12.45,12.67,11.94,12.67,0,0
20080304,12.72,12.81,12.41,12.56,0,0
20080305,12.52,12.58,12.32,12.44,0,0
20080306,12.58,12.84,12.54,12.74,0,0
20080307,12.52,12.67,12.34,12.63,0,0
20080310,12.66,12.78,12.38,12.76,0,0
20080311,12.74,12.88,12.62,12.88,0,0
20080312,13.09,13.22,12.89,12.97,0,0
20080313,12.78,12.92,12.62,12.75,0,0
20080314,12.82,12.94,12.76,12.88,0,0
20080317,12.85,12.85,12.46,12.55,0,0
20080318,12.53,12.65,12.48,12.62,0,0
20080319,12.72,12.72,12.53,12.58,0,0
20080320,12.52,12.6,12.43,12.57,0,0
20080325,12.57,12.63,12.53,12.63,0,0
20080326,12.59,12.62,12.4,12.41,0,0
20080327,12.41,12.54,12.36,12.45,0,0
20080328,12.43,12.43,12.43,12.43,0,0
20080331,12.46,12.46,12.46,12.46,0,0
20080401,12.44,12.65,12.44,12.61,0,0
20080402,12.76,12.76,12.56,12.74,0,0
20080403,12.79,12.8,12.57,12.78,0,0
20080404,12.67,12.74,12.57,12.62,0,0
20080407,12.69,12.71,12.6,12.61,0,0
20080408,12.59,12.59,12.36,12.41,0,0
20080409,12.39,12.56,12.39,12.56,0,0
20080410,12.6,12.65,12.43,12.62,0,0
20080411,12.64,12.82,12.58,12.67,0,0
20080414,12.57,12.88,12.51,12.53,0,0
20080415,12.71,12.71,12.34,12.5,0,0
20080416,12.49,12.49,12.12,12.14,0,0
20080417,12.23,12.29,12.2,12.23,0,0
20080418,12.27,12.27,12.04,12.13,0,0
20080421,12.21,12.21,11.95,11.97,0,0
20080422,11.98,12,11.31,11.61,0,0
20080423,11.53,11.53,11.3,11.44,0,0
20080424,11.55,11.66,11.37,11.37,0,0
20080425,11.47,11.7,11.41,11.7,0,0
20080428,11.85,12.07,11.69,12.07,0,0
20080429,12.11,12.14,11.88,12,0,0
20080430,11.96,12.37,11.96,12.37,0,0
20080505,12.45,12.56,12.21,12.56,0,0
20080506,12.64,12.66,12.41,12.41,0,0
20080507,12.44,12.44,12.29,12.31,0,0
20080508,12.29,12.3,11.99,12.13,0,0
20080509,11.98,12.2,11.95,12.2,0,0
20080512,12.2,12.2,12.02,12.1,0,0
20080513,12.05,12.06,11.95,12.06,0,0
20080514,12,12.16,11.91,12.16,0,0
20080515,12.14,12.2,12.04,12.11,0,0
20080516,12.04,12.17,11.89,12.15,0,0
20080519,12.09,12.09,11.63,11.63,0,0
20080520,11.67,11.68,11.44,11.55,0,0
20080521,11.55,11.66,11.51,11.59,0,0
20080523,11.58,11.65,11.47,11.57,0,0
20080526,11.63,11.63,11.5,11.52,0,0
20080527,11.56,11.56,11.3,11.41,0,0
20080528,11.48,11.48,11.19,11.45,0,0
20080529,11.51,11.52,11.37,11.41,0,0
20080530,11.4,11.5,11.37,11.46,0,0
20080602,11.37,11.48,11.17,11.29,0,0
20080603,11.19,11.28,10.86,11.07,0,0
20080604,11.08,11.08,10.75,10.75,0,0
20080605,10.81,10.87,10.7,10.87,0,0
20080606,10.94,11.02,10.81,10.96,0,0
20080609,10.73,10.91,10.49,10.7,0,0
20080610,10.63,10.7,10.35,10.51,0,0
20080611,10.56,10.56,10.3,10.46,0,0
20080612,10.33,10.36,10.15,10.25,0,0
20080613,10.27,10.42,10.25,10.38,0,0
20080616,10.37,10.41,10.34,10.37,0,0
20080617,10.4,10.43,10.29,10.29,0,0
20080618,10.49,10.54,10.05,10.15,0,0
20080619,10.13,10.16,9.99,10.16,0,0
20080620,10.19,10.22,10.08,10.12,0,0
20080623,10.19,10.19,9.86,9.94,0,0
20080624,9.96,12.78,9.64,12.78,0,0
20080625,12.76,13.32,12.59,13.32,0,0
20080626,13.26,13.26,12.98,13.12,0,0
20080627,13.11,13.17,12.9,13.1,0,0
20080630,13.28,13.41,13.2,13.41,0,0
20080701,13.45,13.45,13.06,13.07,0,0
20080702,12.98,13.09,12.92,12.99,0,0
20080703,12.98,12.98,12.69,12.69,0,0
20080704,12.64,12.64,12.26,12.43,0,0
20080707,12.21,12.32,12.08,12.08,0,0
20080708,11.85,11.85,11.55,11.73,0,0
20080709,11.78,12.06,11.78,12.01,0,0
20080710,11.96,12.01,11.85,11.88,0,0
20080711,11.82,11.93,11.4,11.52,0,0
20080714,11.62,11.62,11.33,11.4,0,0
20080715,11.35,11.36,10.78,10.84,0,0
20080716,10.81,10.82,10.55,10.62,0,0
20080717,10.67,10.88,10.59,10.73,0,0
20080718,10.71,10.71,10.43,10.46,0,0
20080721,10.52,10.93,10.52,10.9,0,0
20080722,10.85,10.92,10.74,10.84,0,0
20080723,10.85,11.03,10.8,11.02,0,0
20080724,11.03,11.12,10.98,11.05,0,0
20080725,10.89,10.91,10.82,10.91,0,0
20080728,10.93,11.15,10.88,11.15,0,0
20080729,11.14,11.14,10.96,11.03,0,0
20080730,11.11,11.18,11.01,11.09,0,0
20080731,11.09,11.09,10.93,10.96,0,0
20080801,10.93,11.01,10.9,11,0,0
20080804,11.07,11.17,10.94,10.96,0,0
20080805,10.92,11.23,10.76,11.23,0,0
20080806,11.25,11.28,10.88,11.22,0,0
20080807,11.28,11.43,11.11,11.43,0,0
20080808,11.39,11.63,11.29,11.63,0,0
20080811,11.69,11.79,11.57,11.76,0,0
20080812,11.78,11.83,11.71,11.81,0,0
20080813,11.85,11.87,11.53,11.87,0,0
20080814,11.86,11.99,11.77,11.99,0,0
20080818,11.97,12.1,11.31,11.31,0,0
20080819,11.28,11.32,11.16,11.24,0,0
20080820,11.17,11.22,10.99,11.14,0,0
20080821,11.17,11.27,11.11,11.26,0,0
20080822,11.13,11.33,11.11,11.33,0,0
20080825,11.26,11.33,11.22,11.32,0,0
20080826,11.28,11.28,11.13,11.22,0,0
20080827,11.15,11.2,11.05,11.16,0,0
20080828,11.17,11.31,11.12,11.3,0,0
20080829,11.28,11.43,11.25,11.35,0,0
20080901,11.39,11.47,11.34,11.38,0,0
20080902,11.48,11.58,11.3,11.54,0,0
20080903,11.6,11.88,11.6,11.88,0,0
20080904,11.89,12.1,11.85,12.05,0,0
20080905,11.97,11.97,11.75,11.87,0,0
20080908,11.72,12,11.72,11.98,0,0
20080909,12,12.12,11.93,12.02,0,0
20080910,12.01,12.01,11.63,11.87,0,0
20080911,11.95,11.95,11.64,11.73,0,0
20080912,11.61,11.73,11.56,11.68,0,0
20080915,11.62,11.62,11.2,11.46,0,0
20080916,11.15,11.15,10.88,10.95,0,0
20080917,10.9,11.03,10.78,10.89,0,0
20080918,10.6,10.98,10.6,10.95,0,0
20080919,11.11,11.16,10.95,11.16,0,0
20080922,11.36,11.36,11.07,11.07,0,0
20080923,11.05,11.07,10.95,10.95,0,0
20080924,10.96,10.97,10.79,10.95,0,0
20080925,11.01,11.03,10.92,10.98,0,0
20080926,10.91,10.98,10.84,10.98,0,0
20080929,10.77,10.77,10.77,10.77,0,0
20080930,10.57,10.78,10.53,10.77,0,0
20081001,10.75,10.91,10.75,10.87,0,0
20081002,10.95,11.02,10.81,10.81,0,0
20081003,10.82,10.86,10.75,10.86,0,0
20081006,10.67,10.67,10.3,10.4,0,0
20081007,10.22,10.33,10.03,10.32,0,0
20081008,10.05,10.32,9.66,10.02,0,0
20081009,9.98,10.18,9.94,10.09,0,0
20081010,9.88,9.98,9.55,9.74,0,0
20081013,9.63,9.82,9.63,9.82,0,0
20081014,9.94,9.94,9.71,9.84,0,0
20081015,9.87,9.87,9.62,9.73,0,0
20081016,9.53,9.65,9.52,9.55,0,0
20081017,9.69,9.72,9.33,9.48,0,0
20081020,9.52,9.52,9.21,9.34,0,0
20081021,9.38,9.38,9.09,9.15,0,0
20081022,9.01,9.05,8.81,8.89,0,0
20081023,8.92,9.06,8.45,8.46,0,0
20081024,8.39,8.62,8.15,8.21,0,0
20081027,8.31,8.31,8.01,8.17,0,0
20081028,8.38,8.4,8.11,8.17,0,0
20081029,8.31,8.34,8.07,8.07,0,0
20081030,8.2,8.28,8.13,8.2,0,0
20081031,8.23,8.23,7.97,7.99,0,0
20081103,8.05,8.18,7.94,8.18,0,0
20081104,8.19,8.27,8.13,8.23,0,0
20081105,8.31,8.31,8.07,8.07,0,0
20081106,7.98,9.43,7.92,9.43,0,0
20081107,9.52,9.52,8.98,8.98,0,0
20081110,9.06,9.12,8.88,8.88,0,0
20081112,8.87,8.87,8.56,8.7,0,0
20081113,8.69,8.98,8.64,8.98,0,0
20081114,8.98,9.27,8.89,9.06,0,0
20081117,9.06,10.46,8.88,10.46,0,0
20081118,10.5,10.54,10.43,10.5,0,0
20081119,10.49,10.56,10.46,10.47,0,0
20081120,10.36,10.49,10.25,10.46,0,0
20081121,10.47,10.8,10.38,10.8,0,0
20081124,10.9,10.91,10.77,10.85,0,0
20081125,10.97,10.97,10.74,10.75,0,0
20081126,10.69,10.84,10.69,10.8,0,0
20081127,10.83,10.9,10.83,10.86,0,0
20081128,10.77,10.81,10.66,10.76,0,0
20081201,10.71,10.76,10.48,10.59,0,0
20081202,10.37,10.59,10.31,10.5,0,0
20081203,10.55,10.58,10.4,10.57,0,0
20081204,10.54,10.54,10.42,10.43,0,0
20081205,10.46,10.46,10.37,10.4,0,0
20081208,10.42,10.54,10.32,10.51,0,0
20081209,10.48,10.48,10.34,10.47,0,0
20081210,10.43,10.52,10.33,10.52,0,0
20081211,10.5,10.5,10.3,10.48,0,0
20081212,10.48,10.48,10.15,10.17,0,0
20081215,10.28,10.28,10.1,10.18,0,0
20081216,10.17,10.22,10.1,10.2,0,0
20081217,10.31,10.31,9.87,10.06,0,0
20081218,10.04,10.04,9.72,9.82,0,0
20081219,9.85,9.85,9.7,9.79,0,0
20081222,9.84,9.84,9.59,9.66,0,0
20081223,9.67,9.72,9.61,9.61,0,0
20081229,9.64,9.66,9.47,9.65,0,0
20081230,9.74,9.79,9.54,9.62,0,0
20081231,9.62,9.95,9.62,9.95,0,0
20090105,10.13,10.13,9.74,9.74,0,0
20090106,9.78,10.03,9.78,10.03,0,0
20090107,10.09,10.17,9.9,10.02,0,0
20090108,9.94,9.94,9.77,9.86,0,0
20090109,9.76,9.83,9.58,9.69,0,0
20090112,9.62,9.65,9.54,9.6,0,0
20090113,9.6,9.6,9.29,9.35,0,0
20090114,9.35,9.48,9.29,9.48,0,0
20090115,9.45,9.48,9.27,9.39,0,0
20090116,9.39,9.43,9.33,9.42,0,0
20090119,9.48,9.56,9.33,9.33,0,0
20090120,9.29,9.29,8.81,8.93,0,0
20090121,9.05,9.05,8.78,8.97,0,0
20090122,8.93,9,8.93,8.98,0,0
20090123,8.91,8.95,8.78,8.85,0,0
20090126,9.02,9.02,8.9,8.95,0,0
20090127,8.93,8.93,8.69,8.74,0,0
20090128,8.74,8.77,8.59,8.71,0,0
20090129,8.67,8.67,8.58,8.58,0,0
20090130,8.55,8.55,8.45,8.52,0,0
20090202,8.45,8.45,8.26,8.27,0,0
20090203,8.26,8.26,8.13,8.13,0,0
20090204,8.14,8.19,8.04,8.19,0,0
20090205,8.15,8.15,7.96,8.03,0,0
20090206,8.11,8.11,8.02,8.1,0,0
20090209,8.15,8.28,8.15,8.27,0,0
20090210,8.33,8.36,8.2,8.36,0,0
20090211,8.33,8.35,8.25,8.29,0,0
20090212,8.31,8.33,8.28,8.29,0,0
20090213,8.29,8.29,8.2,8.25,0,0
20090216,8.27,8.27,7.56,7.56,0,0
20090217,7.46,7.46,7.11,7.23,0,0
20090218,7.13,7.2,7.01,7.2,0,0
20090219,7.23,7.37,7.08,7.08,0,0
20090220,7.12,7.12,6.85,6.9,0,0
20090223,6.95,7.04,6.9,6.97,0,0
20090224,6.92,7.09,6.85,7.09,0,0
20090225,7.1,7.11,7.02,7.07,0,0
20090226,7.06,7.26,7.05,7.26,0,0
20090227,7.15,8.41,7.15,8.41,0,0
20090302,8.3,10.44,8.23,10.44,0,0
20090303,10.53,10.74,10.48,10.74,0,0
20090304,10.58,10.79,10.58,10.74,0,0
20090305,10.78,10.78,10.14,10.32,0,0
20090306,10.19,10.35,10.18,10.29,0,0
20090309,10.38,10.38,10.18,10.25,0,0
20090310,10.16,10.51,10.16,10.49,0,0
20090311,10.46,10.54,10.24,10.54,0,0
20090312,10.43,10.54,10.32,10.52,0,0
20090313,10.4,10.78,10.28,10.78,0,0
20090316,10.79,10.99,10.67,10.96,0,0
20090317,11.02,11.04,10.79,11,0,0
20090318,10.99,11.04,10.85,11.01,0,0
20090319,11.06,11.25,11.06,11.15,0,0
20090320,11.15,11.61,11.13,11.61,0,0
20090323,11.61,11.98,11.54,11.98,0,0
20090324,11.97,12.12,11.78,12.12,0,0
20090325,12.14,12.38,11.98,12.33,0,0
20090326,12.17,12.66,12.17,12.66,0,0
20090327,12.8,12.89,12.33,12.6,0,0
20090330,12.6,12.6,12.31,12.36,0,0
20090331,12.29,12.52,12.08,12.52,0,0
20090401,12.78,12.78,12.31,12.58,0,0
20090402,12.93,12.93,12.93,12.93,0,0
20090403,12.98,13.03,12.87,12.91,0,0
20090406,13.17,13.17,12.74,13.07,0,0
20090407,13.03,13.03,12.76,12.96,0,0
20090408,12.87,13.02,12.83,13.02,0,0
20090409,13.06,13.06,12.87,12.97,0,0
20090414,13.01,13.01,12.96,12.96,0,0
20090415,12.32,12.73,12.32,12.72,0,0
20090416,12.92,12.92,12.52,12.59,0,0
20090417,12.71,12.71,12.48,12.64,0,0
20090420,12.62,12.62,12.19,12.22,0,0
20090421,12.12,12.22,11.7,11.78,0,0
20090422,11.95,11.97,11.77,11.93,0,0
20090423,11.93,12.01,11.7,11.95,0,0
20090424,11.97,12.07,11.86,11.87,0,0
20090427,11.77,11.95,11.66,11.72,0,0
20090428,11.6,11.76,11.56,11.72,0,0
20090429,11.84,11.95,11.67,11.89,0,0
20090430,11.92,12.12,11.82,11.95,0,0
20090504,11.9,15.38,11.86,15.38,0,0
20090505,15.36,15.37,14.9,15.21,0,0
20090506,15.07,15.75,15.07,15.75,0,0
20090507,15.89,16.24,15.54,16.22,0,0
20090508,16.03,17.42,15.42,17.42,0,0
20090511,17.69,19.03,16.98,19.03,0,0
20090512,19.03,19.24,18.79,19.24,0,0
20090513,19.29,19.32,18.93,19.17,0,0
20090514,19.2,19.2,18.79,19.18,0,0
20090515,19.11,19.2,19.03,19.03,0,0
20090518,18.97,19.12,18.12,18.12,0,0
20090519,18.19,18.4,18.02,18.18,0,0
20090520,18.29,18.29,17.85,17.94,0,0
20090521,17.97,17.97,17.52,17.77,0,0
20090522,17.61,17.61,17.48,17.59,0,0
20090525,17.53,17.59,17.24,17.34,0,0
20090526,17.33,17.33,16.53,16.79,0,0
20090527,16.84,17.12,16.79,16.99,0,0
20090528,17.08,17.44,17.08,17.44,0,0
20090529,17.57,17.76,17.41,17.7,0,0
20090601,17.98,17.98,17.98,17.98,0,0
20090602,17.98,17.98,17.74,17.94,0,0
20090603,17.98,18.11,17.68,18.1,0,0
20090604,18.05,18.22,18.01,18.21,0,0
20090605,18.23,18.27,18.15,18.24,0,0
20090608,18.13,18.13,17.79,18.03,0,0
20090609,17.92,17.97,17.89,17.92,0,0
20090610,17.88,17.96,17.74,17.96,0,0
20090612,17.99,18.01,17.75,17.93,0,0
20090615,18.16,18.2,17.95,18.2,0,0
20090616,17.89,17.96,17.68,17.93,0,0
20090617,17.98,18.06,17.82,17.95,0,0
20090618,17.96,17.96,17.52,17.67,0,0
20090619,17.41,17.53,17.31,17.53,0,0
20090622,17.46,17.46,17.35,17.35,0,0
20090623,17.02,17.15,16.78,17.12,0,0
20090624,17.03,17.19,16.94,16.99,0,0
20090625,17.13,17.13,16.77,16.87,0,0
20090626,16.93,17.21,16.93,17.21,0,0
20090629,17.04,17.19,16.89,17.08,0,0
20090630,17.18,17.3,17.02,17.14,0,0
20090701,16.83,17.12,16.83,16.94,0,0
20090702,17.04,18.07,17,17.97,0,0
20090703,18.01,18.04,17.49,17.59,0,0
20090706,17.58,17.61,17.05,17.1,0,0
20090707,17.44,17.76,17.2,17.42,0,0
20090708,17.34,17.37,17.07,17.27,0,0
20090709,17.13,17.68,17.11,17.35,0,0
20090710,17.16,17.31,17.1,17.11,0,0
20090713,16.9,17.14,16.9,17.01,0,0
20090714,17.22,17.35,17.1,17.28,0,0
20090715,17.51,17.98,17.51,17.82,0,0
20090716,17.9,18.05,17.57,17.63,0,0
20090717,17.79,17.91,17.38,17.56,0,0
20090720,17.67,17.83,17.43,17.72,0,0
20090721,17.77,17.88,17.62,17.88,0,0
20090722,17.71,18.1,17.71,18.05,0,0
20090723,18.08,18.28,17.92,18.28,0,0
20090724,18.44,18.49,18,18.22,0,0
20090727,18.46,18.51,18.28,18.38,0,0
20090728,18.17,18.23,18.06,18.23,0,0
20090729,18.35,18.45,18.13,18.44,0,0
20090730,18.51,18.62,18.35,18.55,0,0
20090731,18.59,18.66,18.4,18.6,0,0
20090803,18.72,19.05,18.5,18.94,0,0
20090804,18.97,19.21,18.84,19.12,0,0
20090805,19.17,19.84,19.06,19.14,0,0
20090806,19.19,19.51,19.12,19.51,0,0
20090807,19.4,19.51,19.07,19.45,0,0
20090810,19.54,19.7,19.29,19.38,0,0
20090811,19.39,19.48,19.19,19.25,0,0
20090812,19.02,19.25,18.9,19.09,0,0
20090813,19.09,19.46,19.09,19.15,0,0
20090814,19.31,19.31,19.07,19.1,0,0
20090817,19.11,19.11,18.49,18.89,0,0
20090818,18.94,18.94,18.61,18.65,0,0
20090819,18.7,18.92,18.56,18.76,0,0
20090820,18.89,19.24,18.89,19.24,0,0
20090821,19.32,20.1,19.25,20.1,0,0
20090824,20.14,20.19,19.89,20.02,0,0
20090825,19.96,20.37,19.65,20.37,0,0
20090826,20.37,20.51,20.24,20.27,0,0
20090827,20.29,20.9,20.29,20.76,0,0
20090828,20.8,20.94,20.58,20.85,0,0
20090831,20.6,20.79,20.49,20.55,0,0
20090901,20.52,22.1,19.78,22.1,0,0
20090902,21.75,22.1,17.02,17.02,0,0
20090903,17.1,17.45,17.04,17.04,0,0
20090904,17.13,18.31,17.13,18.31,0,0
20090907,18.26,18.87,18.26,18.83,0,0
20090908,18.77,19.06,18.67,18.67,0,0
20090909,18.9,18.9,18.64,18.7,0,0
20090910,18.74,19.03,18.67,18.81,0,0
20090911,18.88,19.08,18.81,18.86,0,0
20090914,18.82,19,18.46,18.53,0,0
20090915,18.83,19.18,18.53,19.08,0,0
20090916,19.15,19.52,19.15,19.22,0,0
20090917,19.28,19.42,19.09,19.4,0,0
20090918,19.4,19.65,19.4,19.62,0,0
20090921,19.83,19.83,19.6,19.74,0,0
20090922,19.6,19.76,19.35,19.58,0,0
20090923,19.71,19.87,19.65,19.7,0,0
20090924,19.62,19.81,19.62,19.7,0,0
20090925,19.62,19.93,19.57,19.72,0,0
20090928,19.78,20.32,19.78,20.19,0,0
20090929,20.29,20.47,20.2,20.21,0,0
20090930,20.31,20.4,20,20.13,0,0
20091001,20.09,20.27,19.78,20.18,0,0
20091002,19.9,20.04,19.76,20.01,0,0
20091005,20.01,20.19,19.76,20.06,0,0
20091006,20.26,20.34,19.99,20.31,0,0
20091007,20.47,20.51,20.05,20.08,0,0
20091008,20.27,20.39,19.97,20.09,0,0
20091009,20.17,20.19,19.84,19.91,0,0
20091012,19.95,20.35,19.87,20.24,0,0
20091013,20.21,20.56,19.97,20.08,0,0
20091014,20.28,20.57,20.1,20.22,0,0
20091015,20.42,20.51,20.09,20.26,0,0
20091016,20.4,20.4,20.07,20.18,0,0
20091019,20.08,20.26,20.01,20.2,0,0
20091020,20.12,20.38,20.12,20.25,0,0
20091021,20.19,20.27,19.91,20.27,0,0
20091022,20.26,20.53,20.17,20.49,0,0
20091023,20.36,20.7,20.36,20.64,0,0
20091026,20.42,20.52,20.34,20.48,0,0
20091027,20.49,20.53,20.07,20.21,0,0
20091028,20.15,20.39,19.95,20.06,0,0
20091029,19.92,20.09,19.75,20.06,0,0
20091030,20.01,20.17,19.89,20.1,0,0
20091102,20.1,20.24,19.85,20.23,0,0
20091103,20.23,20.33,20.04,20.24,0,0
20091104,20.19,20.31,19.99,20.17,0,0
20091105,20.17,20.32,20.09,20.2,0,0
20091106,20.3,20.3,19.84,20.04,0,0
20091109,19.9,21,19.9,21,0,0
20091110,21,21.49,21,21.41,0,0
20091112,21.26,21.43,21.11,21.43,0,0
20091113,21.45,21.45,21.16,21.25,0,0
20091116,21.33,21.42,16.8,16.8,0,0
20091117,16.88,18.84,16.5,18.84,0,0
20091118,18.87,18.98,18.57,18.62,0,0
20091119,18.68,20.22,18.38,20.22,0,0
20091120,20.22,20.28,20.01,20.28,0,0
20091123,20.41,20.54,20.33,20.41,0,0
20091124,20.54,20.59,20.19,20.27,0,0
20091125,20.36,20.4,20.11,20.27,0,0
20091126,20.27,20.3,20.08,20.25,0,0
20091127,20.24,20.24,19.78,19.93,0,0
20091130,20.04,20.11,19.83,19.83,0,0
20091201,20.08,20.16,19.85,20.06,0,0
20091202,20.15,20.28,19.88,20.08,0,0
20091203,20.17,20.31,20.06,20.31,0,0
20091204,20.31,20.35,19.95,20.15,0,0
20091207,20.07,20.13,19.81,20.03,0,0
20091208,19.69,20.21,19.69,19.99,0,0
20091209,19.76,19.94,19.69,19.79,0,0
20091210,19.72,19.98,19.68,19.93,0,0
20091211,19.98,20.24,19.81,19.97,0,0
20091214,20.28,20.29,19.99,20.07,0,0
20091215,20.11,20.17,20,20.08,0,0
20091216,20.04,20.35,19.95,20.07,0,0
20091217,19.99,20.18,19.93,20.06,0,0
20091218,20,20.2,19.85,19.97,0,0
20091221,20.02,20.12,19.79,19.91,0,0
20091222,20.06,20.1,19.91,20.06,0,0
20091223,20.06,20.09,19.85,20.04,0,0
20091228,19.97,19.97,19.76,19.76,0,0
20091229,19.84,19.84,19.4,19.58,0,0
20091230,19.57,19.57,19.36,19.44,0,0
20091231,19.48,19.55,19.44,19.49,0,0
20100104,19.68,19.9,19.49,19.9,0,0
20100105,19.96,20.04,19.87,19.99,0,0
20100106,19.99,20.05,19.73,19.93,0,0
20100107,19.74,19.85,19.53,19.56,0,0
20100108,19.56,19.59,19.42,19.51,0,0
20100111,19.56,19.62,19.37,19.62,0,0
20100112,19.72,19.78,19.52,19.52,0,0
20100113,19.33,19.8,19.29,19.8,0,0
20100114,19.66,19.66,19.36,19.39,0,0
20100115,19.51,19.7,19.42,19.66,0,0
20100118,19.58,19.7,19.49,19.63,0,0
20100119,19.62,19.62,19.44,19.57,0,0
20100120,19.44,19.63,19.32,19.32,0,0
20100121,19.22,19.41,19.11,19.33,0,0
20100122,19.46,19.46,18.99,19.17,0,0
20100125,19.04,19.1,18.89,18.96,0,0
20100126,18.99,18.99,18.46,18.72,0,0
20100127,18.66,18.81,18.51,18.68,0,0
20100128,18.79,18.84,18.49,18.49,0,0
20100129,18.45,18.77,18.45,18.76,0,0
20100201,18.68,18.69,18.53,18.62,0,0
20100202,18.65,19.35,18.62,19.35,0,0
20100203,19.39,19.39,19.23,19.3,0,0
20100204,19.29,19.39,18.91,18.93,0,0
20100205,18.69,18.69,18.09,18.3,0,0
20100208,18.06,18.41,18.06,18.33,0,0
20100209,18.22,18.8,18.03,18.52,0,0
20100210,18.58,18.7,18.48,18.7,0,0
20100211,18.65,18.65,18.34,18.56,0,0
20100212,18.52,18.65,18.26,18.52,0,0
20100215,18.58,18.58,18.36,18.36,0,0
20100216,18.48,18.73,18.21,18.73,0,0
20100217,18.67,18.78,18.55,18.67,0,0
20100218,18.8,18.85,18.57,18.57,0,0
20100219,18.41,18.76,18.41,18.73,0,0
20100222,18.73,18.73,18.36,18.51,0,0
20100223,18.61,18.71,18.39,18.54,0,0
20100224,18.49,18.52,15.05,15.05,0,0
20100225,14.91,15.17,14.83,15.1,0,0
20100226,15.17,15.38,14.54,14.54,0,0
20100301,14.68,14.81,14.54,14.78,0,0
20100302,14.86,15.12,13.92,13.92,0,0
20100303,13.92,14.28,13.92,14.27,0,0
20100304,14.31,14.43,14.27,14.4,0,0
20100305,14.45,14.68,14.38,14.64,0,0
20100308,14.65,14.76,14.59,14.72,0,0
20100309,14.72,14.82,14.61,14.76,0,0
20100310,14.82,14.91,14.63,14.63,0,0
20100311,14.74,14.75,14.51,14.6,0,0
20100312,14.57,14.71,14.56,14.64,0,0
20100315,14.62,14.62,14.29,14.35,0,0
20100316,14.39,14.62,14.33,14.33,0,0
20100317,14.53,14.53,14.35,14.47,0,0
20100318,14.44,14.71,14.44,14.69,0,0
20100319,14.66,14.69,14.46,14.53,0,0
20100322,14.53,14.58,14.41,14.55,0,0
20100323,14.6,14.6,14.37,14.42,0,0
20100324,14.52,37.8,14.45,37.8,0,0
20100325,38,38.52,37.47,38.42,0,0
20100326,38.27,38.54,38.04,38.46,0,0
20100329,38.61,38.61,37.77,38.25,0,0
20100330,38.71,39.56,38.41,39.53,0,0
20100331,39.88,39.88,38.81,38.82,0,0
20100401,39.08,39.54,38.94,39.34,0,0
20100406,39.69,40.04,39.04,40.04,0,0
20100407,40.07,40.58,39.74,40.56,0,0
20100408,40.64,41.32,40.52,40.8,0,0
20100409,41.04,41.3,40.63,40.63,0,0
20100412,40.39,40.6,40.1,40.33,0,0
20100413,40.48,40.48,39.83,40.1,0,0
20100414,40.14,40.31,39.75,40.31,0,0
20100415,40.59,40.72,40.1,40.1,0,0
20100416,40.17,40.31,39.51,39.92,0,0
20100419,39.63,39.96,38.72,39.13,0,0
20100420,39.11,39.42,38.88,39.42,0,0
20100421,39.6,39.83,38.94,39.44,0,0
20100422,39.4,39.45,39.09,39.09,0,0
20100423,38.79,39.49,38.53,39.49,0,0
20100426,39.88,40.05,39.17,39.44,0,0
20100427,39.57,39.87,38.98,39.37,0,0
20100428,39.04,39.41,38.58,39.21,0,0
20100429,39.33,39.78,39.01,39.78,0,0
20100430,39.94,40.29,39.77,40.11,0,0
20100504,40.12,40.21,39.4,39.83,0,0
20100505,39.86,39.86,38.83,38.94,0,0
20100506,38.78,38.87,38.45,38.53,0,0
20100507,37.13,37.48,37.13,37.4,0,0
20100510,37.4,38.22,37.4,38.19,0,0
20100511,38.35,38.35,37.6,37.6,0,0
20100512,37.49,37.77,35.72,35.72,0,0
20100513,35.95,36.06,32.62,32.62,0,0
20100514,32.85,32.89,32.62,32.76,0,0
20100517,32.33,32.53,31.98,32.2,0,0
20100518,32.15,40.55,31.95,40.55,0,0
20100519,40.43,40.44,30.21,30.21,0,0
20100520,30.11,30.35,29.52,29.78,0,0
20100521,29.34,29.76,29.22,29.57,0,0
20100524,29.77,29.77,29.48,29.72,0,0
20100525,29.78,29.85,29.46,29.85,0,0
20100526,29.83,30.45,29.77,30.24,0,0
20100527,30.37,30.52,30.22,30.47,0,0
20100528,30.66,30.66,30.29,30.29,0,0
20100531,30.4,30.4,30.08,30.08,0,0
20100601,30.2,30.2,29.87,30.14,0,0
20100602,30.5,30.5,29.8,29.8,0,0
20100604,29.89,30.2,29.81,29.81,0,0
20100607,29.49,30.03,29.42,30.01,0,0
20100608,29.88,30.36,29.76,30.36,0,0
20100609,30.17,30.47,29.97,29.97,0,0
20100610,30.04,30.2,29.93,30.2,0,0
20100611,30.3,30.6,29.95,29.97,0,0
20100614,30,30.35,29.91,30.26,0,0
20100615,30.26,30.41,30.03,30.05,0,0
20100616,30.02,30.22,29.85,30.18,0,0
20100617,30.16,30.16,29.96,30.01,0,0
20100618,30.04,30.4,30.04,30.22,0,0
20100621,30.22,30.63,29.86,30.01,0,0
20100622,30.21,30.21,29.41,29.93,0,0
20100623,29.9,30.02,29.61,29.61,0,0
20100624,29.79,29.82,29.35,29.82,0,0
20100625,29.72,29.93,29.49,29.76,0,0
20100628,29.58,29.83,29.52,29.67,0,0
20100629,29.85,30.04,29.25,29.25,0,0
20100630,29.23,29.45,29.23,29.39,0,0
20100701,29.39,29.83,29.27,29.81,0,0
20100702,29.89,30.04,29.3,29.93,0,0
20100705,30.07,30.08,29.99,30.02,0,0
20100706,30.09,30.15,29.94,29.94,0,0
20100707,29.94,30.19,29.66,30.19,0,0
20100708,30.39,30.62,30.12,30.41,0,0
20100709,30.51,30.53,30.06,30.06,0,0
20100712,30.19,30.64,30.1,30.64,0,0
20100713,30.55,30.89,30.55,30.73,0,0
20100714,30.73,31.11,30.58,30.58,0,0
20100715,30.5,30.73,30.26,30.73,0,0
20100716,30.73,30.9,30.53,30.53,0,0
20100719,30.58,30.74,30.28,30.42,0,0
20100720,30.55,30.62,30.29,30.36,0,0
20100721,30.48,30.67,30.43,30.67,0,0
20100722,30.97,30.98,30.81,30.81,0,0
20100723,30.83,31,30.6,31,0,0
20100726,30.9,31.02,30.5,30.5,0,0
20100727,30.5,30.6,30.29,30.29,0,0
20100728,30.29,30.44,30.29,30.44,0,0
20100729,30.44,30.48,30.21,30.47,0,0
20100730,30.54,30.54,30.16,30.31,0,0
20100802,30.31,30.4,30.16,30.31,0,0
20100803,30.31,30.43,29.88,29.95,0,0
20100804,29.95,30.08,29.81,29.94,0,0
20100805,29.94,30.06,29.81,29.81,0,0
20100806,29.96,30.12,29.9,29.96,0,0
20100809,29.96,30.34,29.86,29.86,0,0
20100810,29.84,30,29.82,29.82,0,0
20100811,29.82,29.86,29.37,29.86,0,0
20100812,29.8,29.89,29.54,29.56,0,0
20100813,29.18,29.59,27.03,27.03,0,0
20100816,27.09,27.09,26.61,27.02,0,0
20100817,27.02,27.12,26.9,27.12,0,0
20100818,27.16,27.53,26.97,27.25,0,0
20100819,27.25,27.32,27.05,27.25,0,0
20100820,27.3,27.5,27.23,27.36,0,0
20100823,27.21,27.41,27.12,27.3,0,0
20100824,27.34,27.4,27,27.2,0,0
20100825,27.11,27.29,26.99,27.15,0,0
20100826,26.94,27.24,26.94,27.23,0,0
20100827,27.06,27.46,27.06,27.46,0,0
20100830,27.49,27.49,27.44,27.44,0,0
20100831,27.04,27.38,27.04,27.38,0,0
20100901,26.92,27.01,26.49,26.93,0,0
20100902,27.12,27.18,15.22,15.22,0,0
20100903,15.28,16.06,15.07,16.06,0,0
20100906,16.09,16.19,8.66,8.66,0,0
20100907,8.66,8.66,8.46,8.57,0,0
20100908,8.57,8.57,8.35,8.46,0,0
20100909,8.44,8.47,8.3,8.47,0,0
20100910,8.53,8.64,8.5,8.51,0,0
20100913,8.59,8.62,8.52,8.62,0,0
20100914,8.64,8.64,8.51,8.54,0,0
20100915,8.54,8.58,8.47,8.49,0,0
20100916,8.5,8.5,8.43,8.45,0,0
20100917,8.47,8.5,8.36,8.36,0,0
20100920,8.42,8.44,8.26,8.42,0,0
20100921,8.45,8.58,8.42,8.58,0,0
20100922,8.58,8.6,8.48,8.48,0,0
20100923,8.55,8.55,8.42,8.47,0,0
20100924,8.42,8.56,8.42,8.54,0,0
20100927,8.56,8.56,8.53,8.54,0,0
20100928,8.54,8.63,8.49,8.55,0,0
20100929,8.51,8.67,8.51,8.67,0,0
20100930,8.67,8.83,8.62,8.62,0,0
20101001,8.72,8.82,8.69,8.7,0,0
20101004,8.77,8.79,8.59,8.6,0,0
20101005,8.6,8.69,8.48,8.61,0,0
20101006,8.63,8.63,8.48,8.6,0,0
20101007,8.63,8.83,8.62,8.83,0,0
20101008,8.85,8.91,8.78,8.89,0,0
20101011,8.91,8.91,8.79,8.79,0,0
20101012,8.79,8.8,8.73,8.78,0,0
20101013,8.81,8.95,8.74,8.95,0,0
20101014,8.95,9,8.93,8.96,0,0
20101015,8.96,9,8.89,8.95,0,0
20101018,9,9,8.83,8.99,0,0
20101019,9,9.13,8.95,8.95,0,0
20101020,8.96,8.96,8.89,8.93,0,0
20101021,8.93,8.97,8.81,8.88,0,0
20101022,8.89,8.94,8.74,8.83,0,0
20101025,8.86,9.05,8.79,9.05,0,0
20101026,9.04,9.05,8.94,8.95,0,0
20101027,9.01,9.04,8.97,9,0,0
20101028,9,9.13,9,9.05,0,0
20101029,9.05,9.12,8.98,9.12,0,0
20101102,9.16,9.18,9.05,9.12,0,0
20101103,9.15,9.15,8.95,8.95,0,0
20101104,8.99,9.09,8.14,8.14,0,0
20101105,8.16,8.22,8.11,8.12,0,0
20101108,8.16,8.17,7.91,8.17,0,0
20101109,8.2,8.2,8.05,8.14,0,0
20101110,8.17,8.17,7.94,7.98,0,0
20101112,7.98,7.98,7.81,7.95,0,0
20101115,7.87,8.11,7.79,8.11,0,0
20101116,8.11,8.12,8.05,8.05,0,0
20101117,8.01,8.01,7.82,8.01,0,0
20101118,8.06,8.06,7.79,7.82,0,0
20101119,7.84,8.03,7.78,8.03,0,0
20101122,8.12,8.2,8,8.2,0,0
20101123,8.12,8.19,7.98,7.98,0,0
20101124,8.06,8.11,7.97,8.11,0,0
20101125,8.14,8.15,8.09,8.09,0,0
20101126,8.09,8.09,7.8,7.86,0,0
20101129,7.91,7.91,7.74,7.88,0,0
20101130,8.08,8.08,7.94,7.95,0,0
20101201,8.01,8.01,7.87,7.98,0,0
20101202,7.98,8.01,7.9,7.96,0,0
20101203,7.98,7.98,7.95,7.95,0,0
20101206,7.91,8.04,7.91,8.01,0,0
20101207,8.08,8.08,7.89,7.93,0,0
20101208,8.01,8.01,7.89,7.89,0,0
20101209,7.89,7.89,7.77,7.87,0,0
20101210,7.93,7.93,7.84,7.9,0,0
20101213,7.93,7.98,7.92,7.98,0,0
20101214,7.91,7.96,7.87,7.9,0,0
20101215,7.9,8.01,7.77,7.77,0,0
20101216,7.86,7.93,7.71,7.75,0,0
20101217,7.71,7.83,7.71,7.79,0,0
20101220,7.79,7.79,7.61,7.75,0,0
20101221,7.82,7.87,7.7,7.75,0,0
20101222,7.9,7.9,7.67,7.74,0,0
20101223,7.73,7.74,7.69,7.69,0,0
20101227,7.72,7.85,7.7,7.82,0,0
20101228,7.96,7.96,7.77,7.87,0,0
20101229,8,8.06,7.87,7.97,0,0
20101230,8.01,8.04,7.87,7.89,0,0
20101231,7.93,7.95,7.79,7.85,0,0
20110103,7.96,8,7.82,8,0,0
20110104,8.03,8.03,7.9,7.9,0,0
20110105,7.87,7.9,7.75,7.88,0,0
20110107,7.88,7.94,7.83,7.83,0,0
20110110,7.83,7.86,7.69,7.72,0,0
20110111,7.78,7.88,7.68,7.88,0,0
20110112,7.9,7.9,7.8,7.8,0,0
20110113,7.83,7.84,7.77,7.77,0,0
20110114,7.81,7.84,7.75,7.78,0,0
20110117,7.9,7.9,7.74,7.77,0,0
20110118,7.87,7.87,7.8,7.8,0,0
20110119,7.8,7.84,7.74,7.84,0,0
20110120,7.86,7.86,7.74,7.74,0,0
20110121,7.77,7.8,7.71,7.75,0,0
20110124,7.78,7.78,7.75,7.78,0,0
20110125,7.8,7.83,7.71,7.78,0,0
20110126,7.78,7.81,7.74,7.74,0,0
20110127,7.77,7.8,7.74,7.75,0,0
20110128,7.77,7.77,7.77,7.77,0,0
20110131,7.78,7.78,7.68,7.69,0,0
20110201,7.69,7.86,7.66,7.78,0,0
20110202,7.78,7.9,7.78,7.78,0,0
20110203,7.78,7.9,7.78,7.87,0,0
20110204,7.87,7.96,7.84,7.95,0,0
20110207,7.95,8.01,7.95,7.95,0,0
20110208,7.95,8.07,7.82,7.93,0,0
20110209,7.93,8.01,7.87,7.87,0,0
20110210,7.87,8.01,7.72,7.84,0,0
20110211,7.84,7.84,7.73,7.77,0,0
20110214,7.77,7.87,7.72,7.77,0,0
20110215,7.77,7.81,7.77,7.81,0,0
20110216,7.81,7.81,7.75,7.77,0,0
20110217,7.77,7.81,7.77,7.8,0,0
20110218,7.8,7.81,7.77,7.8,0,0
20110221,7.8,7.89,7.8,7.83,0,0
20110222,7.83,7.83,7.77,7.77,0,0
20110223,7.77,7.8,7.7,7.75,0,0
20110224,7.75,7.77,7.6,7.65,0,0
20110225,7.65,7.93,7.65,7.89,0,0
20110228,7.89,7.93,6.77,6.77,0,0
20110301,6.77,6.77,6.67,6.71,0,0
20110302,6.71,11.5,6.7,11.5,0,0
20110303,11.5,11.97,11.2,11.97,0,0
20110304,11.97,12.12,11.73,11.92,0,0
20110307,11.92,12.03,11.85,11.93,0,0
20110308,11.93,11.93,11.74,11.74,0,0
20110309,11.74,11.86,11.61,11.75,0,0
20110310,11.75,11.94,11.64,11.94,0,0
20110311,11.94,11.95,11.68,11.76,0,0
20110314,11.76,11.8,11.67,11.74,0,0
20110315,11.74,11.74,11.49,11.7,0,0
20110316,11.7,11.7,11.49,11.52,0,0
20110317,11.52,11.6,11.32,11.45,0,0
20110318,11.45,11.49,11.29,11.38,0,0
20110321,11.38,11.46,11.29,11.42,0,0
20110322,11.42,11.42,11.05,11.3,0,0
20110323,11.3,11.33,11.17,11.3,0,0
20110324,11.3,28.4,11.21,28.4,0,0
20110325,28.4,28.49,28,28.49,0,0
20110328,28.49,28.71,28.12,28.71,0,0
20110329,28.71,28.71,27.95,28.61,0,0
20110330,28.61,28.61,28.21,28.36,0,0
20110331,28.36,28.59,28.32,28.33,0,0
20110401,28.33,28.5,28.18,28.27,0,0
20110404,28.27,28.34,28.01,28.01,0,0
20110405,28.01,28.24,27.86,28.24,0,0
20110406,28.24,28.66,28,28.66,0,0
20110407,28.66,29.25,28.66,29.04,0,0
20110408,29.04,29.21,28.74,28.99,0,0
20110411,28.99,29.07,28.58,28.72,0,0
20110412,28.72,29.01,28.72,28.79,0,0
20110413,28.79,29,28.39,28.39,0,0
20110414,28.39,28.74,27.77,27.88,0,0
20110415,27.88,28.23,27.88,28.03,0,0
20110418,28.03,28.36,28.03,28.36,0,0
20110419,28.36,28.55,28.3,28.39,0,0
20110420,28.39,28.68,28.32,28.68,0,0
20110421,28.68,28.79,28.28,28.28,0,0
20110426,28.28,28.67,28.28,28.63,0,0
20110427,28.63,28.86,28.39,28.86,0,0
20110428,28.86,29.08,28.46,29.08,0,0
20110429,29.08,29.13,28.69,28.71,0,0
20110502,28.7,29.02,28.64,29.02,0,0
20110504,29.02,29.41,29.02,29.41,0,0
20110505,29.41,29.41,26.21,26.21,0,0
20110506,26.21,26.81,26.18,26.81,0,0
20110509,26.81,26.81,26.62,26.76,0,0
20110510,26.76,27.24,26.62,27,0,0
20110511,27,27.4,26.9,26.9,0,0
20110512,26.9,27.26,24.91,24.91,0,0
20110513,24.91,24.91,24.66,24.66,0,0
20110516,24.66,25.11,24.66,25.01,0,0
20110517,25.01,36.54,25.01,36.54,0,0
20110518,36.54,36.93,21.95,21.95,0,0
20110519,21.95,22.28,21.95,22.28,0,0
20110520,22.28,22.34,21.98,22.19,0,0
20110523,22.19,22.19,21.99,22.1,0,0
20110524,22.1,22.32,21.84,22.27,0,0
20110525,22.27,22.48,22.15,22.48,0,0
20110526,22.48,22.83,22.22,22.74,0,0
20110527,22.74,23.5,22.74,23.5,0,0
20110530,23.5,24.28,23.2,23.84,0,0
20110531,23.84,23.84,22.97,23.09,0,0
20110601,23.09,23.58,22.99,23.49,0,0
20110602,23.49,23.49,23.31,23.49,0,0
20110603,23.49,23.54,23.38,23.38,0,0
20110606,23.38,23.38,23.09,23.26,0,0
20110607,23.26,23.4,23.11,23.4,0,0
20110608,23.4,23.49,23.34,23.46,0,0
20110609,23.46,23.46,22.96,23.09,0,0
20110610,23.09,23.23,23,23.02,0,0
20110613,23.02,23.14,22.85,23.14,0,0
20110614,23.14,23.19,22.86,23.01,0,0
20110615,23.01,23.13,22.98,22.98,0,0
20110616,22.98,22.98,22.83,22.83,0,0
20110617,22.83,22.92,22.56,22.92,0,0
20110620,22.92,22.95,22.65,22.78,0,0
20110621,22.78,22.84,22.31,22.58,0,0
20110622,22.58,22.73,22.58,22.73,0,0
20110624,22.73,22.78,22.48,22.62,0,0
20110627,22.62,22.62,22.23,22.36,0,0
20110628,22.36,22.37,22.11,22.35,0,0
20110629,22.35,22.43,22.23,22.43,0,0
20110630,22.43,22.67,22.27,22.28,0,0
20110701,22.28,22.52,22.03,22.21,0,0
20110704,22.21,22.24,22.09,22.11,0,0
20110705,22.11,22.2,22.07,22.14,0,0
20110706,22.14,22.3,21.95,22.05,0,0
20110707,22.05,22.3,21.98,22.28,0,0
20110708,22.28,22.34,22.13,22.19,0,0
20110711,22.19,22.48,22.03,22.48,0,0
20110712,22.48,22.79,22.07,22.58,0,0
20110713,22.58,22.97,22.54,22.85,0,0
20110714,22.85,22.93,22.55,22.91,0,0
20110715,22.67,23.64,22.54,23.5,0,0
20110718,23.5,23.5,22.91,23.11,0,0
20110719,23.11,23.11,21.71,21.71,0,0
20110720,21.71,21.99,21.32,21.99,0,0
20110721,21.99,22.35,21.82,21.98,0,0
20110722,21.98,22.02,21.62,21.87,0,0
20110725,21.87,21.87,21.26,21.61,0,0
20110726,21.61,21.66,20.91,21.53,0,0
20110727,21.53,21.53,21,21,0,0
20110728,21,21.34,20.87,21.23,0,0
20110729,21.23,21.58,21.23,21.58,0,0
20110801,21.58,21.58,21.45,21.45,0,0
20110802,21.45,21.58,21.17,21.58,0,0
20110803,21.58,21.58,20.42,20.5,0,0
20110804,20.5,20.9,19.39,19.39,0,0
20110805,19.39,19.75,17.83,19.23,0,0
20110808,19.23,19.23,18.65,18.97,0,0
20110809,18.97,18.97,17.88,17.88,0,0
20110810,17.88,18.51,17.88,18.05,0,0
20110811,18.05,18.22,17.73,18.12,0,0
20110812,18.12,18.43,18.12,18.43,0,0
20110816,18.43,18.93,18.43,18.68,0,0
20110817,18.68,19.24,18.68,19.24,0,0
20110818,19.24,19.32,18.42,18.53,0,0
20110819,18.53,19.08,18.26,18.9,0,0
20110822,18.9,19.18,18.8,18.8,0,0
20110823,18.8,18.89,18.64,18.64,0,0
20110824,18.64,18.64,17.93,18.36,0,0
20110825,18.36,18.67,18.33,18.62,0,0
20110826,18.62,19.05,18.52,19.01,0,0
20110829,19.01,19.69,18.65,19.15,0,0
20110830,19.15,19.58,19.05,19.05,0,0
20110831,19.05,19.85,19.05,19.78,0,0
20110901,19.78,19.81,18.31,18.31,0,0
20110902,18.31,18.31,15.93,15.93,0,0
20110905,15.93,15.94,15.16,15.19,0,0
20110906,15.19,15.55,9.44,9.44,0,0
20110907,9.44,9.82,9.44,9.7,0,0
20110908,9.7,9.79,9.63,9.63,0,0
20110909,9.63,9.82,9.31,9.34,0,0
20110912,9.34,9.42,9.05,9.12,0,0
20110913,9.12,9.32,8.84,9.12,0,0
20110914,9.12,9.17,8.91,8.91,0,0
20110915,8.91,9.1,8.91,8.96,0,0
20110916,8.96,9.06,8.96,8.98,0,0
20110919,8.98,8.98,8.74,8.76,0,0
20110920,8.76,9.06,8.76,8.96,0,0
20110921,8.96,9.14,8.96,9.01,0,0
20110922,9.01,9.01,8.75,8.75,0,0
20110923,8.75,8.83,8.45,8.58,0,0
20110926,8.58,8.67,8.58,8.66,0,0
20110927,8.66,8.86,8.66,8.83,0,0
20110928,8.83,9.13,8.83,9.06,0,0
20110929,9.06,9.3,9.06,9.19,0,0
20110930,9.19,9.4,9.19,9.3,0,0
20111003,9.3,9.3,9.11,9.28,0,0
20111004,9.28,9.28,9.05,9.12,0,0
20111005,9.12,9.24,9.06,9.06,0,0
20111006,9.06,9.28,9.06,9.19,0,0
20111007,9.19,9.44,9.19,9.44,0,0
20111010,9.44,9.61,9.44,9.44,0,0
20111011,9.44,9.58,9.37,9.37,0,0
20111012,9.37,9.54,9.32,9.54,0,0
20111013,9.54,9.63,9.47,9.63,0,0
20111014,9.63,9.63,9.55,9.63,0,0
20111017,9.63,9.66,9.37,9.37,0,0
20111018,9.37,9.37,9.1,9.35,0,0
20111019,9.35,9.38,9.26,9.35,0,0
20111020,9.35,9.38,9.17,9.17,0,0
20111021,9.17,9.26,9.05,9.26,0,0
20111024,9.26,9.45,9.24,9.28,0,0
20111025,9.28,9.42,9.21,9.31,0,0
20111026,9.31,9.34,9.28,9.28,0,0
20111027,9.28,9.51,9.28,9.4,0,0
20111028,9.4,9.51,9.4,9.51,0,0
20111031,9.51,9.57,9.42,9.5,0,0
20111102,9.5,9.5,9.19,9.2,0,0
20111103,9.2,9.39,9.2,9.26,0,0
20111104,9.26,9.29,9.13,9.13,0,0
20111107,9.13,9.33,9.13,9.25,0,0
20111108,9.25,9.32,9.22,9.29,0,0
20111109,9.29,9.44,9.29,9.34,0,0
20111110,9.34,9.41,9.3,9.39,0,0
20111114,9.39,9.56,9.36,9.5,0,0
20111115,9.5,11.92,9.33,11.92,0,0
20111116,11.92,12.51,11.75,12.51,0,0
20111117,12.51,12.54,12.38,12.46,0,0
20111118,12.46,12.47,12.24,12.42,0,0
20111121,12.42,12.46,12.27,12.35,0,0
20111122,12.35,12.38,12.18,12.36,0,0
20111123,12.36,12.36,12.11,12.13,0,0
20111124,12.13,12.16,11.93,12.01,0,0
20111125,12.01,12.07,11.94,12.01,0,0
20111128,12.01,12.12,11.96,12.11,0,0
20111129,12.11,12.18,12,12.16,0,0
20111130,12.16,12.2,11.98,12.2,0,0
20111201,12.2,12.29,12.03,12.08,0,0
20111202,12.08,12.25,11.95,12.15,0,0
20111205,12.15,12.25,12.08,12.22,0,0
20111206,12.22,12.25,12.11,12.14,0,0
20111207,12.14,12.21,11.94,12.02,0,0
20111208,12.02,12.05,11.72,11.72,0,0
20111209,11.72,11.85,11.58,11.72,0,0
20111212,11.72,11.72,11.58,11.67,0,0
20111213,11.67,11.72,11.55,11.58,0,0
20111214,11.58,11.68,11.29,11.37,0,0
20111215,11.37,11.46,11.14,11.14,0,0
20111216,11.14,11.18,10.92,10.95,0,0
20111219,10.95,11.08,10.87,11,0,0
20111220,11,11.01,10.91,10.96,0,0
20111221,10.96,11,10.9,11,0,0
20111222,11,11.08,10.8,11,0,0
20111223,11,11.38,11,11.34,0,0
20111227,11.34,11.57,11.34,11.57,0,0
20111228,11.57,11.67,11.47,11.66,0,0
20111229,11.66,11.82,11.52,11.74,0,0
20111230,11.74,11.77,11.6,11.6,0,0
20120102,11.6,11.76,11.6,11.76,0,0
20120103,11.76,11.78,11.55,11.67,0,0
20120104,11.67,11.73,11.47,11.56,0,0
20120105,11.56,11.56,11.41,11.45,0,0
20120109,11.45,11.58,11.41,11.45,0,0
20120110,11.45,11.56,11.34,11.46,0,0
20120111,11.46,11.59,11.46,11.5,0,0
20120112,11.5,11.63,11.35,11.63,0,0
20120113,11.63,11.67,11.53,11.62,0,0
20120116,11.62,11.67,11.5,11.61,0,0
20120117,11.61,11.73,11.55,11.72,0,0
20120118,11.72,11.91,11.66,11.91,0,0
20120119,11.91,12,11.85,11.96,0,0
20120120,11.96,11.98,11.73,11.73,0,0
20120123,11.73,12,11.73,11.95,0,0
20120124,11.95,12.01,11.84,11.94,0,0
20120125,11.94,12.06,11.86,12.03,0,0
20120126,12.03,12.22,11.92,12.13,0,0
20120127,12.13,12.32,12.13,12.31,0,0
20120130,12.31,12.31,12.04,12.24,0,0
20120131,12.24,12.42,12.24,12.36,0,0
20120201,12.36,12.7,12.36,12.68,0,0
20120202,12.68,12.8,12.58,12.62,0,0
20120203,12.62,12.89,12.62,12.75,0,0
20120206,12.75,12.93,12.75,12.81,0,0
20120207,12.81,12.85,12.7,12.8,0,0
20120208,12.8,12.94,12.75,12.87,0,0
20120209,12.87,13.15,12.86,12.88,0,0
20120210,12.88,12.91,12.66,12.81,0,0
20120213,12.81,13.03,12.81,13,0,0
20120214,13,13.12,12.91,13.09,0,0
20120215,13.09,13.18,13.04,13.04,0,0
20120216,13.04,13.23,12.99,13.23,0,0
20120217,13.23,13.62,13.22,13.62,0,0
20120220,13.62,13.73,13.58,13.7,0,0
20120221,13.7,14.1,13.64,14.03,0,0
20120222,14.03,14.06,13.73,13.82,0,0
20120223,13.82,13.82,13.68,13.71,0,0
20120224,13.71,13.87,13.64,13.66,0,0
20120227,13.66,13.81,13.62,13.81,0,0
20120228,13.81,13.93,13.68,13.85,0,0
20120229,13.85,13.9,13.76,13.89,0,0
20120301,13.89,14.17,13.89,13.99,0,0
20120302,13.99,14.13,12.36,12.36,0,0
20120305,12.36,12.4,12.12,12.15,0,0
20120306,12.15,12.15,11.82,11.89,0,0
20120307,11.89,12,11.77,11.96,0,0
20120308,11.96,12.09,11.85,11.94,0,0
20120309,11.94,11.96,11.89,11.9,0,0
20120312,11.9,11.94,11.79,11.88,0,0
20120313,11.88,12.1,11.88,12.1,0,0
20120314,12.1,12.16,12.02,12.14,0,0
20120315,12.14,12.34,12.14,12.34,0,0
20120316,12.34,12.4,12.26,12.32,0,0
20120319,12.32,12.32,12.16,12.31,0,0
20120320,12.31,12.32,12.2,12.32,0,0
20120321,12.32,12.37,12.22,12.22,0,0
20120322,12.22,12.62,8.07,8.07,0,0
20120323,8.07,8.21,6.38,6.38,0,0
20120326,6.38,6.4,6.3,6.35,0,0
20120327,6.35,6.54,6.35,6.54,0,0
20120328,6.54,6.56,6.42,6.54,0,0
20120329,6.54,6.54,6.44,6.5,0,0
20120330,6.5,6.56,6.41,6.56,0,0
20120402,6.56,6.63,6.48,6.63,0,0
20120403,6.63,6.66,6.52,6.52,0,0
20120404,6.52,6.57,6.42,6.52,0,0
20120405,6.52,6.65,6.49,6.61,0,0
20120410,6.61,6.64,6.49,6.49,0,0
20120411,6.49,6.65,6.45,6.65,0,0
20120412,6.65,6.73,6.61,6.61,0,0
20120413,6.61,6.83,6.61,6.83,0,0
20120416,6.83,6.94,6.8,6.82,0,0
20120417,6.82,6.84,6.72,6.78,0,0
20120418,6.78,6.85,6.68,6.73,0,0
20120419,6.73,6.75,6.69,6.75,0,0
20120420,6.75,6.78,6.67,6.75,0,0
20120423,6.75,6.75,6.56,6.66,0,0
20120424,6.66,6.69,6.58,6.61,0,0
20120425,6.61,6.74,6.61,6.74,0,0
20120426,6.74,6.76,6.7,6.73,0,0
20120427,6.73,6.73,6.67,6.71,0,0
20120430,6.71,6.81,6.71,6.81,0,0
20120502,6.81,6.81,6.69,6.71,0,0
20120504,6.71,6.71,6.66,6.7,0,0
20120507,6.7,6.7,6.6,6.68,0,0
20120508,6.68,6.71,6.65,6.68,0,0
20120509,6.68,6.77,6.63,6.77,0,0
20120510,6.77,6.83,6.71,6.72,0,0
20120511,6.72,6.74,6.6,6.74,0,0
20120514,6.74,6.74,6.59,6.71,0,0
20120515,6.71,6.74,6.38,6.38,0,0
20120516,6.38,11.28,6.21,11.28,0,0
20120517,11.28,11.28,10.64,10.64,0,0
20120518,10.64,10.64,10.32,10.51,0,0
20120521,10.51,10.56,10.41,10.56,0,0
20120522,10.56,10.59,10.39,10.47,0,0
20120523,10.47,10.48,10.3,10.48,0,0
20120524,10.48,10.51,10.31,10.45,0,0
20120525,10.45,10.48,10.24,10.47,0,0
20120528,10.47,10.47,10.32,10.4,0,0
20120529,10.4,10.63,10.4,10.63,0,0
20120530,10.63,10.64,10.47,10.56,0,0
20120531,10.56,10.66,10.49,10.6,0,0
20120601,10.6,10.62,10.37,10.37,0,0
20120604,10.37,10.39,10.17,10.32,0,0
20120605,10.32,10.32,10.08,10.27,0,0
20120606,10.27,10.54,10.19,10.54,0,0
20120608,10.54,10.63,10.39,10.63,0,0
20120611,10.63,10.82,10.58,10.71,0,0
20120612,10.71,10.75,10.5,10.72,0,0
20120613,10.72,10.78,10.5,10.56,0,0
20120614,10.56,10.67,10.38,10.42,0,0
20120615,10.42,10.62,10.42,10.62,0,0
20120618,10.62,10.78,10.62,10.72,0,0
20120619,10.72,10.78,10.54,10.78,0,0
20120620,10.78,10.87,10.75,10.85,0,0
20120621,10.85,10.88,10.75,10.79,0,0
20120622,10.79,10.8,10.64,10.79,0,0
20120625,10.79,10.82,10.59,10.65,0,0
20120626,10.65,10.73,10.57,10.73,0,0
20120627,10.73,10.89,10.69,10.82,0,0
20120628,10.88,10.88,10.54,10.61,0,0
20120629,10.61,10.61,10.51,10.59,0,0
20120702,10.59,10.59,10.5,10.59,0,0
20120703,10.59,10.74,10.45,10.73,0,0
20120704,10.73,10.73,10.64,10.68,0,0
20120705,10.72,10.72,10.51,10.58,0,0
20120706,10.58,10.6,10.41,10.41,0,0
20120709,10.41,10.46,10.23,10.27,0,0
20120710,10.27,10.27,10.17,10.22,0,0
20120711,10.22,10.43,10.08,10.37,0,0
20120712,10.37,10.37,10.3,10.36,0,0
20120713,10.36,10.38,10.26,10.33,0,0
20120716,10.33,10.33,10.29,10.32,0,0
20120717,10.21,10.26,10.09,10.25,0,0
20120718,10.25,10.49,10.1,10.49,0,0
20120719,10.49,10.49,10.37,10.41,0,0
20120720,10.41,10.43,10.27,10.43,0,0
20120723,10.43,10.43,10.08,10.36,0,0
20120724,10.36,10.36,10.18,10.29,0,0
20120725,10.29,10.29,10.02,10.03,0,0
20120726,10.03,10.14,10,10.12,0,0
20120727,10.12,10.12,9.99,9.99,0,0
20120730,9.99,9.99,9.77,9.88,0,0
20120731,9.88,9.93,9.72,9.85,0,0
20120801,9.85,9.85,9.74,9.84,0,0
20120802,9.84,9.92,9.76,9.81,0,0
20120803,9.81,9.95,9.79,9.95,0,0
20120806,9.95,9.97,9.81,9.94,0,0
20120807,9.98,10.48,9.94,10.48,0,0
20120808,10.48,10.48,10.18,10.35,0,0
20120809,10.35,10.47,10.3,10.39,0,0
20120810,10.39,10.49,10.23,10.39,0,0
20120813,10.39,10.39,10.16,10.24,0,0
20120814,10.24,10.45,10.24,10.45,0,0
20120816,10.45,10.45,10.28,10.34,0,0
20120817,10.34,10.48,10.22,10.43,0,0
20120820,10.43,10.45,10.34,10.45,0,0
20120821,10.45,10.47,10.4,10.42,0,0
20120822,10.42,10.47,10.41,10.47,0,0
20120823,10.47,10.48,10.38,10.47,0,0
20120824,10.47,10.47,10.44,10.44,0,0
20120827,10.44,10.44,10.23,10.31,0,0
20120828,10.31,10.36,10.18,10.29,0,0
20120829,10.29,10.38,10.26,10.3,0,0
20120830,10.3,10.36,10.25,10.36,0,0
20120831,10.36,10.85,10.36,10.7,0,0
20120903,10.7,10.82,10.63,10.82,0,0
20120904,10.82,10.82,8.55,8.55,0,0
20120905,8.55,8.55,8.34,8.41,0,0
20120906,8.41,8.41,8.25,8.39,0,0
20120907,8.39,8.42,7.99,7.99,0,0
20120910,7.99,8.04,7.93,8.02,0,0
20120911,8.02,8.02,7.96,8.01,0,0
20120912,8.01,8.01,7.9,7.92,0,0
20120913,7.92,7.96,7.92,7.94,0,0
20120914,7.94,8.06,7.85,8.06,0,0
20120917,8.06,8.09,8.06,8.08,0,0
20120918,8.08,8.13,8.06,8.06,0,0
20120919,8.06,8.13,8.01,8.13,0,0
20120920,8.13,8.13,7.95,8.06,0,0
20120921,8.06,8.08,8.01,8.06,0,0
20120924,8.06,8.11,8.01,8.04,0,0
20120925,8.04,8.06,7.94,7.98,0,0
20120926,7.98,8.14,7.98,8.14,0,0
20120927,8.14,8.32,8.14,8.32,0,0
20120928,8.32,8.34,8.28,8.28,0,0
20121001,8.28,9.71,8.24,9.71,0,0
20121002,9.71,9.76,9.64,9.76,0,0
20121003,9.76,9.8,9.58,9.58,0,0
20121004,9.58,9.62,9.42,9.59,0,0
20121005,9.59,9.59,9.49,9.54,0,0
20121008,9.54,9.59,9.41,9.48,0,0
20121009,9.48,9.64,9.48,9.57,0,0
20121010,9.57,9.57,9.46,9.56,0,0
20121011,9.56,9.63,9.45,9.56,0,0
20121012,9.56,9.56,9.47,9.52,0,0
20121015,9.52,9.55,9.46,9.52,0,0
20121016,9.52,9.58,9.46,9.58,0,0
20121017,9.58,9.58,9.47,9.47,0,0
20121018,9.47,9.53,9.37,9.42,0,0
20121019,9.42,9.47,9.42,9.42,0,0
20121022,9.42,9.85,9.36,9.4,0,0
20121023,9.4,9.43,9.15,9.4,0,0
20121024,9.4,9.47,9.19,9.47,0,0
20121025,9.47,9.5,9.41,9.47,0,0
20121026,9.47,9.53,9.36,9.53,0,0
20121029,9.53,9.53,9.44,9.44,0,0
20121030,9.44,9.44,9.18,9.18,0,0
20121031,9.18,9.42,9.18,9.35,0,0
20121102,9.35,9.38,9.29,9.35,0,0
20121105,9.35,9.37,9.29,9.34,0,0
20121106,9.34,9.39,9.23,9.39,0,0
20121107,9.39,9.42,9.39,9.39,0,0
20121108,9.39,9.39,9.26,9.26,0,0
20121109,9.26,9.39,9.19,9.39,0,0
20121112,9.39,9.41,9.24,9.24,0,0
20121113,9.24,9.35,9.24,9.35,0,0
20121114,9.35,9.46,9.28,9.46,0,0
20121115,9.46,9.52,8.94,8.94,0,0
20121116,8.94,8.97,8.88,8.95,0,0
20121119,8.95,9.03,8.91,9.03,0,0
20121120,9.03,9.08,8.64,8.64,0,0
20121121,8.64,8.69,8.64,8.64,0,0
20121122,8.64,8.81,8.64,8.75,0,0
20121123,8.75,8.83,8.71,8.83,0,0
20121126,8.83,8.9,8.81,8.83,0,0
20121127,8.83,8.93,8.83,8.92,0,0
20121128,8.92,8.95,8.86,8.94,0,0
20121129,8.94,9.11,8.94,8.99,0,0
20121130,8.99,9.03,8.86,8.86,0,0
20121203,8.86,8.96,8.86,8.93,0,0
20121204,8.93,8.99,8.85,8.85,0,0
20121205,8.85,8.96,8.85,8.93,0,0
20121206,8.93,9,8.79,8.81,0,0
20121207,8.81,8.88,8.78,8.88,0,0
20121210,8.88,8.92,8.81,8.88,0,0
20121211,8.88,9.08,8.88,9.05,0,0
20121212,9.05,9.18,9.05,9.11,0,0
20121213,9.11,9.14,9.02,9.11,0,0
20121214,9.11,9.19,9.04,9.04,0,0
20121217,9.04,9.06,8.89,9,0,0
20121218,9,9.09,9,9,0,0
20121219,9,9.12,8.95,9.12,0,0
20121220,9.12,9.2,9.09,9.18,0,0
20121221,9.18,9.19,9,9.19,0,0
20121227,9.19,9.41,9.19,9.4,0,0
20121228,9.4,9.52,9.33,9.52,0,0
20130102,9.52,9.52,9.35,9.49,0,0
20130103,9.49,9.49,9.34,9.44,0,0
20130104,9.44,9.47,9.36,9.47,0,0
20130107,9.47,9.51,9.47,9.51,0,0
20130108,9.51,9.61,9.49,9.55,0,0
20130109,9.55,9.69,9.55,9.69,0,0
20130110,9.69,9.75,9.64,9.74,0,0
20130111,9.74,9.92,9.74,9.87,0,0
20130114,9.87,10.13,9.87,10.09,0,0
20130115,10.09,10.16,9.96,10.07,0,0
20130116,10.07,10.07,9.97,10.01,0,0
20130117,10.01,10.17,9.95,10.16,0,0
20130118,10.16,10.34,10.14,10.31,0,0
20130121,10.31,10.44,10.23,10.42,0,0
20130122,10.42,10.42,10.28,10.3,0,0
20130123,10.3,10.3,10.2,10.27,0,0
20130124,10.27,10.34,10.18,10.23,0,0
20130125,10.23,10.33,10.16,10.26,0,0
20130128,10.26,10.39,10.19,10.25,0,0
20130129,10.25,10.35,10.15,10.25,0,0
20130130,10.25,10.32,10.11,10.2,0,0
20130131,10.196,10.329,10.141,10.329,0,0
20130201,10.33,10.45,10.26,10.43,0,0
20130204,10.43,10.43,10.2,10.25,0,0
20130205,10.25,10.31,10.21,10.31,0,0
20130206,10.31,10.31,10.22,10.27,0,0
20130207,10.27,10.3,10.13,10.3,0,0
20130208,10.3,10.33,10.12,10.12,0,0
20130211,10.12,10.24,10.12,10.19,0,0
20130212,10.19,10.36,10.17,10.27,0,0
20130213,10.27,10.27,10.12,10.17,0,0
20130214,10.17,10.2,10.1,10.2,0,0
20130215,10.2,10.48,10.14,10.42,0,0
20130218,10.42,10.53,10.39,10.42,0,0
20130219,10.42,10.67,10.42,10.67,0,0
20130220,10.67,10.8,10.64,10.64,0,0
20130221,10.64,10.67,10.34,10.56,0,0
20130222,10.56,10.63,10.5,10.6,0,0
20130225,10.6,10.65,10.5,10.58,0,0
20130226,10.58,10.72,10.46,10.69,0,0
20130227,10.69,10.74,10.69,10.73,0,0
20130228,10.73,10.73,10.59,10.59,0,0
20130301,10.59,10.69,10.59,10.63,0,0
20130304,10.63,10.63,10.15,10.51,0,0
20130305,10.51,10.63,10.44,10.44,0,0
20130306,10.44,10.58,10.42,10.58,0,0
20130307,10.58,10.72,10.47,10.72,0,0
20130308,10.72,10.87,10.72,10.83,0,0
20130311,10.83,10.85,10.73,10.81,0,0
20130312,10.81,10.85,10.78,10.8,0,0
20130313,10.8,10.83,10.65,10.79,0,0
20130314,10.79,10.9,10.77,10.78,0,0
20130315,10.75,10.86,10.74,10.78,0,0
20130318,10.78,10.8,10.68,10.79,0,0
20130319,10.79,10.79,8.82,8.82,0,0
20130320,8.82,8.96,8.79,8.96,0,0
20130321,8.96,8.96,8.89,8.94,0,0
20130322,8.94,8.95,8.74,8.86,0,0
20130325,8.86,8.86,8.62,8.69,0,0
20130326,8.69,8.78,8.62,8.72,0,0
20130327,8.72,8.73,8.46,8.72,0,0
20130328,8.72,8.87,8.72,8.87,0,0
20130402,8.87,8.92,8.76,8.91,0,0
20130403,8.91,8.96,8.64,8.96,0,0
20130404,8.96,8.96,8.64,8.83,0,0
20130405,8.83,8.87,8.69,8.69,0,0
20130408,8.69,8.83,8.65,8.83,0,0
20130409,8.83,8.94,8.79,8.89,0,0
20130410,8.89,8.96,8.74,8.8,0,0
20130411,8.8,8.8,8.54,8.8,0,0
20130412,8.8,8.81,8.56,8.7,0,0
20130415,8.7,8.7,8.61,8.62,0,0
20130417,8.62,8.65,8.18,8.37,0,0
20130418,8.37,8.37,8.13,8.13,0,0
20130419,8.13,8.13,7.83,7.98,0,0
20130422,7.98,8.16,7.88,8.16,0,0
20130423,8.16,8.44,8.16,8.37,0,0
20130424,8.37,8.41,8.11,8.21,0,0
20130425,8.21,8.33,8.12,8.33,0,0
20130426,8.33,8.44,8.14,8.16,0,0
20130429,8.16,8.29,8.16,8.27,0,0
20130430,8.27,8.6,8.27,8.27,0,0
20130502,8.27,8.62,8.22,8.62,0,0
20130506,8.62,8.72,8.36,8.72,0,0
20130507,8.72,11.06,8.68,11.06,0,0
20130508,11.06,11.25,11.01,11.25,0,0
20130509,8.86,8.87,8.71,8.82,0,0
20130510,8.82,8.82,8.5,8.57,0,0
20130513,8.57,8.86,8.57,8.8,0,0
20130514,8.8,9,8.64,8.64,0,0
20130515,8.64,11.23,8.64,11.23,0,0
20130516,11.23,11.28,10.79,10.79,0,0
20130517,10.79,10.85,10.69,10.85,0,0
20130520,10.85,11.02,10.85,10.95,0,0
20130521,10.95,11.11,10.93,11.1,0,0
20130522,11.1,11.2,8.56,8.56,0,0
20130523,6.64,6.71,6.49,6.55,0,0
20130524,6.55,6.55,6.31,6.4,0,0
20130527,6.4,6.53,6.34,6.53,0,0
20130528,6.53,6.63,6.44,6.53,0,0
20130529,6.53,6.64,6.45,6.48,0,0
20130531,6.48,6.63,6.41,6.43,0,0
20130603,6.43,6.6,6.36,6.59,0,0
20130604,6.59,6.59,6.44,6.56,0,0
20130605,6.56,6.62,6.44,6.62,0,0
20130606,6.62,6.9,6.56,6.71,0,0
20130607,6.71,6.8,6.68,6.78,0,0
20130610,6.78,6.78,6.62,6.71,0,0
20130611,6.71,6.77,6.66,6.67,0,0
20130612,6.67,7.2,6.59,7.2,0,0
20130613,7.2,7.42,7.2,7.36,0,0
20130614,7.29,7.45,7.29,7.44,0,0
20130617,7.44,7.51,7.4,7.46,0,0
20130618,7.46,7.47,7.3,7.33,0,0
20130619,7.33,7.33,7.14,7.29,0,0
20130620,7.29,7.33,7.1,7.3,0,0
20130621,7.3,7.3,7.13,7.3,0,0
20130624,7.3,7.31,7.2,7.24,0,0
20130625,7.24,7.3,7.13,7.2,0,0
20130626,7.2,7.26,7.07,7.26,0,0
20130627,7.26,7.64,7.26,7.63,0,0
20130628,7.632,8.028,7.632,7.905,0,0
20130701,7.91,8.08,7.83,7.94,0,0
20130702,7.94,8.16,7.79,8.13,0,0
20130703,8.13,8.19,7.83,7.83,0,0
20130704,7.83,8.02,7.82,7.99,0,0
20130705,7.99,8.14,7.93,8.02,0,0
20130708,8.02,8.02,7.85,7.85,0,0
20130709,7.85,7.89,7.7,7.76,0,0
20130710,7.76,7.82,7.7,7.8,0,0
20130711,7.8,8.06,7.76,8.02,0,0
20130712,8.02,8.08,7.87,7.9,0,0
20130715,7.9,7.96,7.81,7.81,0,0
20130716,7.81,8,7.81,7.93,0,0
20130717,7.93,8.04,7.84,7.93,0,0
20130718,7.93,8.04,7.82,8.04,0,0
20130719,8.04,8.06,7.94,7.96,0,0
20130722,7.96,8.46,7.96,8.46,0,0
20130723,8.46,8.66,8.36,8.45,0,0
20130724,8.45,8.49,8.35,8.38,0,0
20130725,8.38,8.52,8.35,8.4,0,0
20130726,8.4,8.75,8.36,8.75,0,0
20130729,8.75,8.91,8.69,8.89,0,0
20130730,8.89,9.02,8.68,8.69,0,0
20130731,8.694,8.809,8.562,8.809,0,0
20130801,8.81,8.89,8.77,8.77,0,0
20130802,8.77,8.77,8.45,8.5,0,0
20130805,8.5,8.58,8.45,8.45,0,0
20130806,8.45,8.54,8.4,8.43,0,0
20130807,8.43,8.5,8.33,8.36,0,0
20130808,8.36,8.5,8.33,8.5,0,0
20130809,8.5,8.56,8.22,8.26,0,0
20130812,8.26,8.57,8.26,8.57,0,0
20130813,8.57,8.73,8.5,8.7,0,0
20130814,8.7,8.81,8.61,8.8,0,0
20130816,8.8,8.83,8.67,8.71,0,0
20130819,8.71,9.01,8.69,8.82,0,0
20130820,8.82,8.9,8.62,8.78,0,0
20130821,8.78,9,8.72,9,0,0
20130822,9,9.22,8.92,9.12,0,0
20130823,9.12,9.19,9.05,9.17,0,0
20130826,9.17,9.3,9.02,9.3,0,0
20130827,9.3,9.77,9.3,9.69,0,0
20130828,9.69,9.69,9.08,9.08,0,0
20130829,9.08,9.23,9,9.17,0,0
20130830,9.174,9.455,9.174,9.455,0,0
20130902,9.46,9.57,9.46,9.52,0,0
20130903,9.52,9.52,9.18,9.18,0,0
20130904,9.18,9.25,9.11,9.15,0,0
20130905,9.15,9.29,8.44,8.44,0,0
20130906,8.44,8.56,8.42,8.48,0,0
20130909,8.48,8.63,8.46,8.49,0,0
20130910,8.49,8.78,8.49,8.64,0,0
20130911,8.64,8.74,8.58,8.7,0,0
20130912,8.7,8.88,8.68,8.7,0,0
20130913,8.7,8.74,8.61,8.71,0,0
20130916,8.71,8.87,8.67,8.69,0,0
20130917,8.69,8.83,8.64,8.83,0,0
20130918,8.83,9.89,8.61,9.89,0,0
20130919,9.89,10.04,9.8,9.84,0,0
20130920,9.84,10.11,9.79,10.08,0,0
20130923,10.08,10.16,9.9,10,0,0
20130924,10,10.12,9.89,9.98,0,0
20130925,9.98,10.02,9.83,9.96,0,0
20130926,9.96,10.11,9.78,10.11,0,0
20130927,10.11,10.29,10.08,10.18,0,0
20130930,10.184,10.213,9.949,10.012,0,0
20131001,10.012,10.112,9.936,10.075,0,0
20131002,10.075,10.085,9.933,10.025,0,0
20131003,10.03,10.15,10.01,10.09,0,0
20131004,10.09,10.19,9.95,10.19,0,0
20131007,10.19,10.19,10.08,10.11,0,0
20131008,10.11,10.12,9.89,9.91,0,0
20131009,9.91,9.91,9.64,9.87,0,0
20131010,9.874,10.153,9.847,10.026,0,0
20131011,10.026,10.165,9.974,10.061,0,0
20131014,10.06,10.1,9.9,10,0,0
20131015,10,10.31,9.95,10.18,0,0
20131016,10.18,10.24,10.03,10.18,0,0
20131017,10.18,10.31,10.11,10.31,0,0
20131018,10.313,10.313,10.148,10.223,0,0
20131021,10.22,10.73,10.22,10.73,0,0
20131022,10.73,11.09,10.68,11.06,0,0
20131023,11.06,11.113,10.944,10.995,0,0
20131024,10.995,11.477,10.993,11.319,0,0
20131025,11.319,11.463,11.08,11.097,0,0
20131028,11.097,11.327,11.097,11.273,0,0
20131029,11.273,11.463,11.217,11.41,0,0
20131030,11.41,11.625,11.303,11.326,0,0
20131031,11.326,11.425,11.144,11.21,0,0
20131104,11.21,11.35,11.11,11.205,0,0
20131105,11.205,11.205,10.885,10.885,0,0
20131106,10.885,10.985,10.828,10.985,0,0
20131107,10.985,11.15,10.892,11.127,0,0
20131108,11.127,11.132,10.917,11.058,0,0
20131112,11.058,11.126,10.965,10.972,0,0
20131113,10.972,11.04,10.776,11.04,0,0
20131114,11.04,11.317,11.04,11.298,0,0
20131115,11.298,11.627,11.164,11.576,0,0
20131118,11.576,11.65,11.008,11.008,0,0
20131119,11.008,11.586,11.008,11.538,0,0
20131120,11.538,11.61,11.089,11.089,0,0
20131121,11.089,11.2,11.005,11.049,0,0
20131122,11.049,11.07,10.736,10.736,0,0
20131125,10.736,10.869,10.659,10.719,0,0
20131126,10.719,10.719,10.543,10.593,0,0
20131127,10.593,10.789,10.498,10.557,0,0
20131128,10.557,10.872,10.546,10.872,0,0
20131129,10.872,11.076,10.758,11.035,0,0
20131202,11.035,11.183,10.479,10.479,0,0
20131203,10.479,10.558,10.186,10.223,0,0
20131204,10.223,10.255,9.973,10.006,0,0
20131205,10.006,10.085,9.936,10.051,0,0
20131206,10.051,10.066,9.879,10.015,0,0
20131209,10.015,10.251,9.97,10.043,0,0
20131210,10.043,10.161,9.913,10.161,0,0
20131211,10.161,10.248,10.021,10.226,0,0
20131212,10.226,10.226,9.967,10.139,0,0
20131213,10.139,10.139,9.939,10.079,0,0
20131216,10.079,10.081,9.836,9.94,0,0
20131217,9.94,10.021,9.644,9.712,0,0
20131218,9.712,9.748,9.522,9.557,0,0
20131219,9.557,9.61,9.304,9.325,0,0
20131220,9.325,9.521,9.106,9.482,0,0
20131223,9.482,9.645,9.348,9.599,0,0
20131227,9.599,9.838,9.599,9.838,0,0
20131230,9.838,9.917,9.658,9.883,0,0
20140102,9.883,12.121,9.753,12.121,0,0
20140103,12.121,12.187,11.955,11.955,0,0
20140107,11.955,11.955,11.529,11.639,0,0
20140108,11.639,11.778,11.454,11.657,0,0
20140109,11.657,11.657,11.382,11.52,0,0
20140110,11.52,11.744,11.472,11.52,0,0
20140113,11.52,11.644,11.443,11.644,0,0
20140114,11.644,11.732,11.565,11.684,0,0
20140115,11.684,11.753,11.516,11.529,0,0
20140116,11.529,11.566,11.324,11.52,0,0
20140117,11.52,11.601,11.289,11.356,0,0
20140120,11.356,11.356,11.061,11.095,0,0
20140121,11.095,11.51,11.095,11.393,0,0
20140122,11.393,11.575,11.375,11.438,0,0
20140123,11.438,11.438,11.287,11.366,0,0
20140124,11.366,11.503,11.264,11.311,0,0
20140127,11.311,11.311,11.001,11.311,0,0
20140128,11.311,11.521,11.264,11.391,0,0
20140129,11.391,11.521,11.372,11.487,0,0
20140130,11.487,11.487,11.315,11.409,0,0
20140131,11.409,11.526,11.343,11.526,0,0
20140203,11.526,11.853,11.526,11.752,0,0
20140204,11.752,11.765,11.632,11.74,0,0
20140205,11.74,11.871,11.725,11.796,0,0
20140206,11.796,11.899,11.78,11.83,0,0
20140207,11.83,11.981,11.816,11.932,0,0
20140210,11.932,12.171,11.932,12.102,0,0
20140211,12.102,12.191,11.921,11.968,0,0
20140212,11.968,12.042,11.823,12.042,0,0
20140213,12.042,12.078,11.801,11.934,0,0
20140214,11.934,12.161,11.914,12.124,0,0
20140217,12.124,12.149,12.003,12.044,0,0
20140218,12.044,12.055,11.76,11.826,0,0
20140219,11.826,11.899,11.802,11.86,0,0
20140220,11.86,11.895,11.767,11.854,0,0
20140221,11.854,12.008,11.854,11.961,0,0
20140224,11.961,12.151,11.961,12.142,0,0
20140225,12.142,12.187,11.973,11.973,0,0
20140226,11.973,12.578,11.973,12.134,0,0
20140227,12.134,12.377,11.959,12.377,0,0
20140228,12.377,12.647,12.377,12.647,0,0
20140303,12.647,12.647,11.663,11.747,0,0
20140304,11.747,12.112,11.747,12.045,0,0
20140305,12.045,12.437,12.045,12.349,0,0
20140306,12.349,12.387,12.071,12.203,0,0
20140307,12.203,12.268,12.074,12.142,0,0
20140310,12.142,12.142,11.893,12.001,0,0
20140311,12.001,12.001,11.778,11.941,0,0
20140312,11.941,11.997,11.432,11.757,0,0
20140313,11.757,11.784,11.532,11.562,0,0
20140314,11.562,11.562,11.031,11.323,0,0
20140317,11.323,11.586,11.224,11.586,0,0
20140318,11.586,11.698,11.571,11.672,0,0
20140319,11.672,11.672,11.466,11.581,0,0
20140320,11.581,11.866,11.56,11.866,0,0
20140321,11.866,12.13,11.078,11.078,0,0
20140324,11.078,11.261,10.981,11.261,0,0
20140325,11.261,11.298,11.163,11.243,0,0
20140326,11.243,11.326,10.839,10.839,0,0
20140327,10.839,11.128,10.839,10.848,0,0
20140328,10.848,10.848,10.5,10.526,0,0
20140331,10.526,10.648,10.414,10.591,0,0
20140401,10.591,10.599,10.413,10.413,0,0
20140402,10.413,10.57,10.413,10.533,0,0
20140403,10.533,10.729,7.939,7.939,0,0
20140404,7.939,8.047,7.892,7.892,0,0
20140407,7.892,7.964,7.807,7.903,0,0
20140408,7.903,7.903,7.657,7.718,0,0
20140409,7.718,7.854,7.718,7.82,0,0
20140410,7.82,7.924,7.763,7.924,0,0
20140411,7.924,7.951,7.838,7.888,0,0
20140414,7.888,7.888,7.775,7.848,0,0
20140415,7.848,7.848,7.695,7.789,0,0
20140416,7.789,7.789,7.612,7.675,0,0
20140417,7.675,7.754,7.583,7.639,0,0
20140422,7.639,7.861,7.639,7.806,0,0
20140423,7.806,7.828,7.679,7.679,0,0
20140424,7.679,7.73,7.579,7.628,0,0
20140425,7.628,7.664,7.462,7.628,0,0
20140428,7.628,7.691,7.559,7.678,0,0
20140429,7.678,7.803,7.678,7.765,0,0
20140430,7.765,7.839,7.625,7.824,0,0
20140502,7.824,7.888,7.689,7.771,0,0
20140505,7.771,7.869,7.644,7.743,0,0
20140506,7.743,7.825,7.607,7.615,0,0
20140507,7.615,7.615,7.322,7.369,0,0
20140508,7.369,7.369,7.183,7.207,0,0
20140509,7.207,7.207,6.992,7.024,0,0
20140512,7.024,7.135,6.946,7.018,0,0
20140513,7.018,7.092,6.904,7.022,0,0
20140514,7.022,7.219,7.022,7.142,0,0
20140515,7.142,7.429,7.142,7.161,0,0
20140516,7.161,7.161,6.996,7.056,0,0
20140519,7.056,7.223,7.056,7.223,0,0
20140520,7.223,7.639,7.223,7.498,0,0
20140521,7.498,7.603,7.372,7.387,0,0
20140522,7.387,7.633,7.387,7.43,0,0
20140523,7.43,7.482,7.177,7.182,0,0
20140526,7.182,7.27,7.057,7.234,0,0
20140527,7.234,7.647,7.114,7.647,0,0
20140528,7.647,7.776,7.556,7.569,0,0
20140529,7.569,7.617,7.535,7.617,0,0
20140530,7.617,7.617,7.487,7.582,0,0
20140602,7.582,7.743,7.582,7.685,0,0
20140603,7.685,7.705,7.391,7.413,0,0
20140604,7.413,7.531,7.211,7.243,0,0
20140605,11.254,11.361,11.193,11.313,0,0
20140606,11.313,11.404,11.203,11.404,0,0
20140609,11.404,11.427,11.229,11.251,0,0
20140610,11.256,11.256,11.256,11.256,0,0
20140611,11.256,11.321,11.205,11.288,0,0
20140612,11.288,11.492,11.252,11.433,0,0
20140613,11.433,11.466,11.379,11.41,0,0
20140616,11.41,11.542,11.24,11.515,0,0
20140617,11.515,11.741,11.339,11.339,0,0
20140618,11.339,11.669,11.326,11.613,0,0
20140620,11.613,11.729,11.567,11.68,0,0
20140623,11.611,11.717,11.565,11.68,0,0
20140624,11.68,11.724,11.54,11.54,0,0
20140625,11.54,11.573,11.387,11.539,0,0
20140626,11.539,11.613,11.481,11.563,0,0
20140627,11.563,11.563,11.241,11.394,0,0
20140630,11.394,11.562,11.335,11.562,0,0
20140701,11.562,11.562,11.264,11.305,0,0
20140702,11.305,11.305,11.156,11.156,0,0
20140703,11.156,11.169,11.005,11.04,0,0
20140704,11.04,11.168,10.967,11.168,0,0
20140707,11.168,11.168,10.846,10.951,0,0
20140708,10.951,10.976,10.726,10.768,0,0
20140709,10.768,10.793,10.535,10.722,0,0
20140710,10.722,10.722,10.509,10.629,0,0
20140711,10.629,10.76,10.623,10.653,0,0
20140714,10.653,11.004,10.643,11.004,0,0
20140715,11.004,11.004,10.852,10.95,0,0
20140716,10.95,10.98,10.793,10.829,0,0
20140717,10.829,10.904,10.666,10.731,0,0
20140718,10.731,10.731,10.455,10.644,0,0
20140721,10.644,10.644,10.56,10.593,0,0
20140722,10.593,10.644,10.543,10.543,0,0
20140723,10.543,10.622,10.435,10.483,0,0
20140724,10.483,10.497,10.366,10.367,0,0
20140725,10.367,10.42,10.283,10.42,0,0
20140728,10.42,10.45,10.232,10.45,0,0
20140729,10.45,10.643,10.436,10.643,0,0
20140730,10.643,10.666,10.521,10.521,0,0
20140731,10.521,10.617,10.507,10.612,0,0
20140801,10.612,10.612,10.488,10.602,0,0
20140804,10.602,10.71,10.588,10.71,0,0
20140805,10.71,10.858,10.628,10.628,0,0
20140806,10.628,10.654,10.379,10.508,0,0
20140807,10.508,10.557,10.192,10.242,0,0
20140808,10.242,10.351,10.179,10.187,0,0
20140811,10.187,10.443,10.164,10.443,0,0
20140812,10.443,10.47,10.361,10.41,0,0
20140813,10.41,10.547,10.369,10.547,0,0
20140814,10.547,10.578,10.524,10.535,0,0
20140818,10.535,10.642,10.452,10.616,0,0
20140819,10.616,10.728,10.562,10.681,0,0
20140820,10.681,10.715,10.626,10.681,0,0
20140821,10.681,10.75,10.681,10.741,0,0
20140822,10.741,10.834,10.611,10.798,0,0
20140825,10.798,10.93,10.701,10.827,0,0
20140826,10.827,10.928,10.827,10.884,0,0
20140827,10.884,10.983,10.87,10.947,0,0
20140828,10.947,11.09,10.279,10.279,0,0
20140829,10.279,10.674,10.279,10.665,0,0
20140901,10.665,10.962,10.665,10.772,0,0
20140902,10.772,10.969,10.655,10.655,0,0
20140903,10.655,10.736,10.585,10.736,0,0
20140904,10.736,10.791,10.703,10.778,0,0
20140905,10.778,10.838,10.736,10.838,0,0
20140908,10.838,10.98,10.793,10.911,0,0
20140909,10.911,11.036,10.911,11.036,0,0
20140910,11.036,11.435,10.981,11.394,0,0
20140911,11.394,11.517,11.394,11.517,0,0
20140912,11.517,11.637,11.469,11.624,0,0
20140915,11.624,11.923,11.454,11.923,0,0
20140916,11.923,11.923,11.785,11.831,0,0
20140917,11.831,11.916,11.738,11.738,0,0
20140918,11.738,11.75,11.511,11.59,0,0
20140919,11.59,11.763,11.59,11.723,0,0
20140922,11.723,11.735,11.583,11.702,0,0
20140923,11.702,11.769,11.671,11.707,0,0
20140924,11.707,11.768,11.581,11.581,0,0
20140925,11.581,11.687,11.489,11.515,0,0
20140926,11.515,11.604,11.366,11.509,0,0
20140929,11.509,11.706,11.509,11.706,0,0
20140930,11.706,11.811,11.603,11.696,0,0
20141001,11.696,11.761,11.444,11.444,0,0
20141002,11.444,11.453,11.085,11.153,0,0
20141003,11.153,11.179,11.098,11.144,0,0
20141006,11.144,11.23,11.063,11.202,0,0
20141007,11.202,11.256,11.159,11.159,0,0
20141008,11.159,11.202,11.109,11.179,0,0
20141009,11.179,11.343,11.153,11.153,0,0
20141010,11.153,11.155,11.044,11.066,0,0
20141013,11.066,11.12,10.893,10.893,0,0
20141014,10.893,10.894,10.708,10.774,0,0
20141015,10.774,10.884,10.716,10.884,0,0
20141016,10.884,10.977,10.791,10.842,0,0
20141017,10.842,10.963,10.829,10.963,0,0
20141020,10.963,11.053,10.85,11.053,0,0
20141021,11.053,11.368,10.994,11.267,0,0
20141022,11.267,11.322,11.216,11.282,0,0
20141023,11.282,11.388,11.216,11.388,0,0
20141024,11.388,11.413,11.286,11.313,0,0
20141027,11.313,11.515,11.313,11.502,0,0
20141028,11.502,11.516,11.427,11.516,0,0
20141029,11.516,11.589,11.416,11.519,0,0
20141030,11.519,11.601,11.487,11.555,0,0
20141031,11.555,11.555,11.356,11.364,0,0
20141103,11.364,11.508,11.364,11.508,0,0
20141104,11.508,11.558,11.507,11.52,0,0
20141105,11.52,11.543,11.41,11.487,0,0
20141106,11.487,11.5,11.406,11.406,0,0
20141107,11.406,11.567,11.406,11.508,0,0
20141110,11.508,11.581,11.499,11.531,0,0
20141112,11.531,11.615,11.455,11.615,0,0
20141113,11.615,11.73,11.615,11.685,0,0
20141114,11.685,11.685,11.077,11.558,0,0
20141117,11.558,11.558,11.244,11.244,0,0
20141118,11.244,11.244,11.12,11.234,0,0
20141119,11.234,11.346,11.219,11.346,0,0
20141120,11.346,11.404,11.335,11.383,0,0
20141121,11.383,11.446,11.349,11.389,0,0
20141124,11.389,11.404,11.306,11.306,0,0
20141125,11.306,11.881,11.226,11.881,0,0
20141126,11.881,11.942,11.587,11.729,0,0
20141127,11.729,11.729,11.573,11.644,0,0
20141128,11.644,11.773,11.558,11.764,0,0
20141201,11.764,11.764,11.674,11.737,0,0
20141202,11.737,11.804,11.705,11.722,0,0
20141203,11.722,11.767,11.444,11.49,0,0
20141204,11.49,11.714,11.451,11.555,0,0
20141205,11.555,11.789,11.529,11.766,0,0
20141208,11.766,11.887,11.766,11.77,0,0
20141209,11.77,11.911,11.487,11.631,0,0
20141210,11.631,11.855,11.504,11.855,0,0
20141211,11.855,12.056,11.825,11.998,0,0
20141212,11.998,12.133,11.998,12.11,0,0
20141215,12.11,12.11,11.692,11.725,0,0
20141216,11.725,11.889,11.582,11.874,0,0
20141217,11.874,11.99,11.789,11.99,0,0
20141218,11.99,12.098,11.938,12.006,0,0
20141219,12.006,12.095,11.941,12.065,0,0
20141222,12.065,12.252,12.065,12.252,0,0
20141223,12.252,12.356,12.185,12.263,0,0
20141229,12.263,12.364,12.224,12.277,0,0
20141230,12.277,12.368,12.224,12.368,0,0
