Date,Open,High,Low,Close,Volume,OpenInt
20110302,18965.18,20318.85,18965.18,20318.85,0,0
20110303,20318.85,20318.85,20318.85,20318.85,0,0
20110304,20318.85,20318.85,20318.85,20318.85,0,0
20110307,20318.85,20318.85,20318.85,20318.85,0,0
20110308,20318.85,20318.85,20318.85,20318.85,0,0
20110309,20318.85,20318.85,20318.85,20318.85,0,0
20110310,20318.85,20318.85,17922.8,17922.8,0,0
20110311,17922.8,20318.85,17922.8,20318.85,0,0
20110314,20318.85,20318.85,20318.85,20318.85,0,0
20110315,20318.85,20318.85,20318.85,20318.85,0,0
20110316,20318.85,20318.85,20318.85,20318.85,0,0
20110317,20318.85,20318.85,20318.85,20318.85,0,0
20110318,20318.85,20318.85,20318.85,20318.85,0,0
20110321,20318.85,20318.85,20318.85,20318.85,0,0
20110322,20318.85,20355.99,20318.85,20355.99,0,0
20110323,20355.99,20355.99,20355.99,20355.99,0,0
20110324,20355.99,20355.99,20355.99,20355.99,0,0
20110325,20355.99,20452.19,20355.99,20452.19,0,0
20110328,20452.19,20452.19,20452.19,20452.19,0,0
20110329,20452.19,20452.19,20452.19,20452.19,0,0
20110330,20452.19,20452.19,20452.19,20452.19,0,0
20110331,20452.19,20452.19,20452.19,20452.19,0,0
20110401,20452.19,20452.19,20381.6,20381.6,0,0
20110404,20381.6,20381.6,20381.6,20381.6,0,0
20110405,20381.6,20381.6,20381.6,20381.6,0,0
20110406,20381.6,20381.6,20381.6,20381.6,0,0
20110407,20381.6,20381.6,20381.6,20381.6,0,0
20110408,20381.6,20381.6,20381.6,20381.6,0,0
20110411,20381.6,20381.6,20381.6,20381.6,0,0
20110412,20381.6,20381.6,20381.6,20381.6,0,0
20110413,20381.6,20381.6,20381.6,20381.6,0,0
20110414,20381.6,20381.6,20381.6,20381.6,0,0
20110415,20381.6,20381.6,20381.6,20381.6,0,0
20110418,20381.6,20381.6,20381.6,20381.6,0,0
20110419,20381.6,20381.6,20381.6,20381.6,0,0
20110420,20381.6,20381.6,20381.6,20381.6,0,0
20110421,20381.6,20381.6,20381.6,20381.6,0,0
20110426,20381.6,20381.6,20381.6,20381.6,0,0
20110427,20381.6,20381.6,20381.6,20381.6,0,0
20110428,20381.6,20381.6,20381.6,20381.6,0,0
20110429,20381.6,20381.6,20381.6,20381.6,0,0
20110502,20381.6,20381.6,20380.29,20380.29,0,0
20110504,20380.29,20380.29,20380.29,20380.29,0,0
20110505,20380.29,20380.29,20380.29,20380.29,0,0
20110506,20380.29,20380.29,20380.29,20380.29,0,0
20110509,17174.84,17174.84,17174.84,17174.84,0,0
20110510,17174.84,20380.29,17174.84,20380.29,0,0
20110511,23585.74,23585.74,23585.74,23585.74,0,0
20110512,23585.74,23585.74,23585.74,23585.74,0,0
20110513,23585.74,25685.49,23585.74,25685.49,0,0
20110516,25685.49,25685.49,25685.49,25685.49,0,0
20110517,25685.49,25685.49,25685.49,25685.49,0,0
20110518,25685.49,25685.49,25685.49,25685.49,0,0
20110519,25685.49,25685.49,25277.43,25277.43,0,0
20110520,25277.43,25277.43,25277.43,25277.43,0,0
20110523,25277.43,25277.43,25277.43,25277.43,0,0
20110524,25277.43,25277.43,25277.43,25277.43,0,0
20110525,25277.43,25277.43,25277.43,25277.43,0,0
20110526,25277.43,25277.43,25277.43,25277.43,0,0
20110527,25277.43,25277.43,25277.43,25277.43,0,0
20110530,25277.43,25277.43,25277.43,25277.43,0,0
20110531,25277.43,25277.43,25277.43,25277.43,0,0
20110601,25277.43,25277.43,25277.43,25277.43,0,0
20110602,25277.43,25368.63,25277.43,25368.63,0,0
20110603,25368.63,25368.63,25368.63,25368.63,0,0
20110606,25368.63,25368.63,25368.63,25368.63,0,0
20110607,25368.63,25368.63,25368.63,25368.63,0,0
20110608,25368.63,25368.63,25368.63,25368.63,0,0
20110609,25368.63,25368.63,25368.63,25368.63,0,0
20110610,25368.63,25368.63,25368.63,25368.63,0,0
20110613,25368.63,25368.63,25368.63,25368.63,0,0
20110614,25368.63,25368.63,25368.63,25368.63,0,0
20110615,25368.63,25368.63,25368.63,25368.63,0,0
20110616,25368.63,25368.63,25368.63,25368.63,0,0
20110617,25368.63,25368.63,22367.21,22367.21,0,0
20110620,22367.21,25368.63,22367.21,25368.63,0,0
20110621,25368.63,25368.63,25368.63,25368.63,0,0
20110622,25368.63,25368.63,25368.63,25368.63,0,0
20110624,25368.63,25368.63,25368.63,25368.63,0,0
20110627,25368.63,25368.63,25368.63,25368.63,0,0
20110628,25368.63,25368.63,25368.63,25368.63,0,0
20110629,25368.63,25368.63,25368.63,25368.63,0,0
20110630,25368.63,25368.63,25368.63,25368.63,0,0
20110701,25368.63,25368.63,25368.63,25368.63,0,0
20110704,25368.63,25368.63,25368.63,25368.63,0,0
20110705,25368.63,25368.63,25368.63,25368.63,0,0
20110706,25368.63,25368.63,25368.63,25368.63,0,0
20110707,25368.63,25368.63,25368.63,25368.63,0,0
20110708,25368.63,25368.63,25368.63,25368.63,0,0
20110711,25368.63,25368.63,25368.63,25368.63,0,0
20110712,25368.63,25368.63,25368.63,25368.63,0,0
20110713,25368.63,25368.63,25368.63,25368.63,0,0
20110714,25368.63,25368.63,25368.63,25368.63,0,0
20110715,25368.63,25368.63,25368.63,25368.63,0,0
20110718,25368.63,25368.63,25368.63,25368.63,0,0
20110719,25368.63,25368.63,25368.63,25368.63,0,0
20110720,25368.63,25368.63,25368.63,25368.63,0,0
20110721,25368.63,25368.63,25368.63,25368.63,0,0
20110722,25368.63,25368.63,25368.63,25368.63,0,0
20110725,25368.63,25368.63,25368.63,25368.63,0,0
20110726,25368.63,25368.63,25368.63,25368.63,0,0
20110727,25368.63,25368.63,25368.63,25368.63,0,0
20110728,25368.63,25368.63,25368.63,25368.63,0,0
20110729,25368.63,25368.63,25368.63,25368.63,0,0
20110801,25368.63,25368.63,25368.63,25368.63,0,0
20110802,25368.63,25368.63,25368.63,25368.63,0,0
20110803,25368.63,25368.63,25368.63,25368.63,0,0
20110804,25368.63,25368.63,25368.63,25368.63,0,0
20110805,25369.05,25369.05,25369.05,25369.05,0,0
20110808,25369.05,25369.05,25369.05,25369.05,0,0
20110809,25369.05,25369.05,25369.05,25369.05,0,0
20110810,25369.05,25369.05,25369.05,25369.05,0,0
20110811,25369.05,25369.05,25369.05,25369.05,0,0
20110812,25369.05,25369.05,25369.05,25369.05,0,0
20110816,25369.05,25369.05,25369.05,25369.05,0,0
20110817,25369.05,25369.05,24841.49,24841.49,0,0
20110818,24841.49,24841.49,24841.49,24841.49,0,0
20110819,24841.49,24841.49,24841.49,24841.49,0,0
20110822,24841.49,24841.49,24841.49,24841.49,0,0
20110823,24841.49,24841.49,24841.49,24841.49,0,0
20110824,24841.49,24841.49,24841.49,24841.49,0,0
20110825,24841.49,25536.05,24841.49,25536.05,0,0
20110826,25536.05,25536.05,25536.05,25536.05,0,0
20110829,25536.05,25536.05,25536.05,25536.05,0,0
20110830,25536.05,25536.05,25536.05,25536.05,0,0
20110831,25536.05,25536.05,25536.05,25536.05,0,0
20110901,25536.05,25536.05,25514.63,25514.63,0,0
20110902,25514.63,25514.63,25514.63,25514.63,0,0
20110905,25514.63,25573.91,25514.63,25573.91,0,0
20110906,25573.91,25573.91,25573.91,25573.91,0,0
20110907,25573.91,25573.91,25573.91,25573.91,0,0
20110908,25573.91,25573.91,25573.91,25573.91,0,0
20110909,25573.91,25573.91,25573.91,25573.91,0,0
20110912,25573.91,25573.91,25573.91,25573.91,0,0
20110913,25573.91,25573.91,25573.91,25573.91,0,0
20110914,25573.91,25573.91,25573.91,25573.91,0,0
20110915,25573.91,25573.91,25573.91,25573.91,0,0
20110916,25573.91,25573.91,25573.91,25573.91,0,0
20110919,25573.91,25573.91,25573.91,25573.91,0,0
20110920,25573.91,25573.91,25573.91,25573.91,0,0
20110921,25573.91,25573.91,25573.91,25573.91,0,0
20110922,25573.91,25573.91,25573.91,25573.91,0,0
20110923,25573.91,25573.91,25573.91,25573.91,0,0
20110926,25573.91,25573.91,25573.91,25573.91,0,0
20110927,25573.91,25573.91,25573.91,25573.91,0,0
20110928,25573.91,25573.91,25573.91,25573.91,0,0
20110929,25573.91,25573.91,25573.91,25573.91,0,0
20110930,25573.91,25573.91,25573.91,25573.91,0,0
20111003,25573.91,25573.91,25573.91,25573.91,0,0
20111004,25573.91,25573.91,25573.91,25573.91,0,0
20111005,25573.91,25573.91,25573.91,25573.91,0,0
20111006,25573.91,25573.91,25573.91,25573.91,0,0
20111007,25573.91,25573.91,25573.91,25573.91,0,0
20111010,25573.91,25573.91,25573.91,25573.91,0,0
20111011,25573.91,25573.91,25573.91,25573.91,0,0
20111012,25573.91,25573.91,25573.91,25573.91,0,0
20111013,25573.91,25573.91,25573.91,25573.91,0,0
20111014,25573.91,25573.91,25573.91,25573.91,0,0
20111017,25573.91,25573.91,25573.91,25573.91,0,0
20111018,25573.91,25573.91,25573.91,25573.91,0,0
20111019,25573.91,25573.91,25573.91,25573.91,0,0
20111020,25573.91,25573.91,25573.91,25573.91,0,0
20111021,25573.91,25573.91,25573.91,25573.91,0,0
20111024,25573.91,25573.91,25573.91,25573.91,0,0
20111025,25573.91,25573.91,25573.91,25573.91,0,0
20111026,25573.91,25573.91,25573.91,25573.91,0,0
20111027,25573.91,25573.91,25573.91,25573.91,0,0
20111028,25573.91,25573.91,25573.91,25573.91,0,0
20111031,25573.91,25573.91,25573.91,25573.91,0,0
20111102,25573.91,25573.91,25573.91,25573.91,0,0
20111103,25573.91,25573.91,25573.91,25573.91,0,0
20111104,25573.91,25573.91,25573.91,25573.91,0,0
20111107,25573.91,25573.91,25573.91,25573.91,0,0
20111108,25573.91,25573.91,25573.91,25573.91,0,0
20111109,25573.91,25573.91,25573.91,25573.91,0,0
20111110,25573.91,25573.91,25573.91,25573.91,0,0
20111114,25573.91,25573.91,25573.91,25573.91,0,0
20111115,25573.91,29193.84,25573.91,29193.84,0,0
20111116,29193.84,29193.84,29193.84,29193.84,0,0
20111117,29193.84,29411.48,29193.84,29411.48,0,0
20111118,29411.48,29588.32,29411.48,29588.32,0,0
20111121,29588.32,29588.32,29588.32,29588.32,0,0
20111122,29588.32,29588.32,29588.32,29588.32,0,0
20111123,29588.32,29588.32,29588.32,29588.32,0,0
20111124,29588.32,29588.32,29588.32,29588.32,0,0
20111125,29588.32,29872.16,29588.32,29872.16,0,0
20111128,29872.16,29872.16,29872.16,29872.16,0,0
20111129,29872.16,29872.16,29872.16,29872.16,0,0
20111130,29872.16,29872.16,29872.16,29872.16,0,0
20111201,29872.16,29872.16,29872.16,29872.16,0,0
20111202,29872.16,29872.16,29872.16,29872.16,0,0
20111205,29872.16,29872.16,29872.16,29872.16,0,0
20111206,29872.16,29872.16,29872.16,29872.16,0,0
20111207,29872.16,29872.16,29872.16,29872.16,0,0
20111208,29872.16,29872.16,29872.16,29872.16,0,0
20111209,29872.16,29872.16,29872.16,29872.16,0,0
20111212,29872.16,29872.16,29872.16,29872.16,0,0
20111213,29872.16,29872.16,29872.16,29872.16,0,0
20111214,29872.16,29872.16,29872.16,29872.16,0,0
20111215,29872.16,29872.16,29872.16,29872.16,0,0
20111216,29872.16,29872.16,29872.16,29872.16,0,0
20111219,29872.16,29872.16,29872.16,29872.16,0,0
20111220,29872.16,29872.16,29872.16,29872.16,0,0
20111221,29872.16,29872.16,29872.16,29872.16,0,0
20111222,29872.16,29872.16,29872.16,29872.16,0,0
20111223,29872.16,29872.16,29872.16,29872.16,0,0
20111227,29872.16,29872.16,29872.16,29872.16,0,0
20111228,29872.16,29872.16,29872.16,29872.16,0,0
20111229,29872.16,29872.16,29872.16,29872.16,0,0
20111230,29872.16,29872.16,29872.16,29872.16,0,0
20120102,29872.16,29872.16,29872.16,29872.16,0,0
20120103,29872.16,29872.16,29872.16,29872.16,0,0
20120104,29872.16,29872.16,29872.16,29872.16,0,0
20120105,29872.16,29872.16,29872.16,29872.16,0,0
20120109,29872.16,29872.16,29872.16,29872.16,0,0
20120110,29872.16,29872.16,29872.16,29872.16,0,0
20120111,29872.16,29872.16,29872.16,29872.16,0,0
20120112,29872.16,29872.16,29872.16,29872.16,0,0
20120113,29872.16,29872.16,29872.16,29872.16,0,0
20120116,29872.16,29872.16,29872.16,29872.16,0,0
20120117,29872.16,29872.16,29872.16,29872.16,0,0
20120118,29872.16,29872.16,29872.16,29872.16,0,0
20120119,29872.16,29872.16,29872.16,29872.16,0,0
20120120,29872.16,29872.16,29872.16,29872.16,0,0
20120123,29872.16,29872.16,29872.16,29872.16,0,0
20120124,29872.16,29872.16,29872.16,29872.16,0,0
20120125,29872.16,29872.16,29872.16,29872.16,0,0
20120126,29872.16,29872.16,29872.16,29872.16,0,0
20120127,29872.16,29872.16,29872.16,29872.16,0,0
20120130,29872.16,29872.16,29872.16,29872.16,0,0
20120131,29872.16,29872.16,29872.16,29872.16,0,0
20120201,29872.16,29872.16,29872.16,29872.16,0,0
20120202,29872.16,29872.16,29872.16,29872.16,0,0
20120203,29872.16,29872.16,29872.16,29872.16,0,0
20120206,29872.16,29872.16,29872.16,29872.16,0,0
20120207,29872.16,29872.16,29872.16,29872.16,0,0
20120208,29872.16,29872.16,29872.16,29872.16,0,0
20120209,29872.16,29872.16,29872.16,29872.16,0,0
20120210,29872.16,29872.16,29872.16,29872.16,0,0
20120213,29872.16,29872.16,29872.16,29872.16,0,0
20120214,29872.16,29872.16,29872.16,29872.16,0,0
20120215,29872.16,29872.16,29872.16,29872.16,0,0
20120216,29872.16,29872.16,29872.16,29872.16,0,0
20120217,29872.16,29872.16,29872.16,29872.16,0,0
20120220,29872.16,29872.16,29872.16,29872.16,0,0
20120221,29872.16,29872.16,29872.16,29872.16,0,0
20120222,29872.16,29872.16,29872.16,29872.16,0,0
20120223,29872.16,29872.16,29872.16,29872.16,0,0
20120224,29872.16,29872.16,29872.16,29872.16,0,0
20120227,29872.16,29872.16,29686.41,29686.41,0,0
20120228,29686.41,29686.41,29686.41,29686.41,0,0
20120229,29686.41,29686.41,29686.41,29686.41,0,0
20120301,29686.41,33055.23,29686.41,33055.23,0,0
20120302,33055.23,33055.23,33055.23,33055.23,0,0
20120305,33055.23,33055.23,33055.23,33055.23,0,0
20120306,33055.23,33112.5,33055.23,33112.5,0,0
20120307,33112.5,33112.5,33112.5,33112.5,0,0
20120308,33112.5,33112.5,33112.5,33112.5,0,0
20120309,33112.5,33112.5,33112.5,33112.5,0,0
20120312,33112.5,33112.5,33112.5,33112.5,0,0
20120313,33112.5,33112.5,29586.96,29586.96,0,0
20120314,29586.96,33112.5,29586.96,33112.5,0,0
20120315,33112.5,33112.5,33112.5,33112.5,0,0
20120316,33112.5,33112.5,33112.5,33112.5,0,0
20120319,33112.5,33112.5,33112.5,33112.5,0,0
20120320,33112.5,33112.5,33112.5,33112.5,0,0
20120321,33112.5,33245.71,33112.5,33245.71,0,0
20120322,33245.71,33245.71,33150.74,33150.74,0,0
20120323,33150.74,33150.74,33150.74,33150.74,0,0
20120326,33150.74,33150.74,33150.74,33150.74,0,0
20120327,33150.74,33150.74,33150.74,33150.74,0,0
20120328,33150.74,33150.74,33150.74,33150.74,0,0
20120329,33150.74,33150.74,33150.74,33150.74,0,0
20120330,33150.74,33150.74,33150.74,33150.74,0,0
20120402,33150.74,33169.48,33150.74,33169.48,0,0
20120403,33169.48,33169.48,33169.48,33169.48,0,0
20120404,33169.48,33169.48,33169.48,33169.48,0,0
20120405,33169.48,33169.48,33169.48,33169.48,0,0
20120410,33169.48,33169.48,33169.48,33169.48,0,0
20120411,33169.48,33169.48,33169.48,33169.48,0,0
20120412,33169.48,33169.48,33169.48,33169.48,0,0
20120413,33169.48,33169.48,33169.48,33169.48,0,0
20120416,33169.48,33169.48,33169.48,33169.48,0,0
20120417,33169.48,33169.48,33169.48,33169.48,0,0
20120418,33169.48,33169.48,33169.48,33169.48,0,0
20120419,33169.48,33169.48,33169.48,33169.48,0,0
20120420,33169.48,33169.48,33169.48,33169.48,0,0
20120423,33169.48,33169.48,33169.48,33169.48,0,0
20120424,33169.48,33169.48,33169.48,33169.48,0,0
20120425,33169.48,33169.48,33169.48,33169.48,0,0
20120426,33169.48,33169.48,33169.48,33169.48,0,0
20120427,33169.48,33169.48,33169.48,33169.48,0,0
20120430,33169.48,33169.48,33169.48,33169.48,0,0
20120502,33169.48,33169.48,33169.48,33169.48,0,0
20120504,33169.48,33169.48,33169.48,33169.48,0,0
20120507,33169.48,33181.01,33169.48,33181.01,0,0
20120508,33181.01,33181.01,33181.01,33181.01,0,0
20120509,33181.01,33181.01,33181.01,33181.01,0,0
20120510,33181.01,33280.22,33181.01,33280.22,0,0
20120511,33280.22,33280.22,33280.22,33280.22,0,0
20120514,33280.22,33280.22,33280.22,33280.22,0,0
20120515,33280.22,33280.22,33280.22,33280.22,0,0
20120516,33280.22,34022.62,33280.22,34022.62,0,0
20120517,34022.62,34022.62,34022.62,34022.62,0,0
20120518,34022.62,34022.62,34003.16,34003.16,0,0
20120521,34003.16,34003.16,34003.16,34003.16,0,0
20120522,34003.16,34109.07,34003.16,34109.07,0,0
20120523,34109.07,34109.07,34109.07,34109.07,0,0
20120524,34109.07,34109.07,34109.07,34109.07,0,0
20120525,34109.07,34109.07,34091.47,34091.47,0,0
20120528,34091.47,34091.47,34091.47,34091.47,0,0
20120529,34091.47,34091.47,34091.47,34091.47,0,0
20120530,34091.47,34091.47,34091.47,34091.47,0,0
20120531,34091.47,34091.47,34091.47,34091.47,0,0
20120601,34091.47,34091.47,34091.47,34091.47,0,0
20120604,34091.47,34091.47,34091.47,34091.47,0,0
20120605,34091.47,34091.47,34091.47,34091.47,0,0
20120606,34091.47,34091.47,34091.47,34091.47,0,0
20120608,34091.47,34091.47,34091.47,34091.47,0,0
20120611,34091.47,34091.47,34091.47,34091.47,0,0
20120612,34091.47,34091.47,34091.47,34091.47,0,0
20120613,34091.47,34091.47,34091.47,34091.47,0,0
20120614,34091.47,34091.47,34091.47,34091.47,0,0
20120615,34091.47,34091.47,34091.47,34091.47,0,0
20120618,34091.47,34091.47,34091.47,34091.47,0,0
20120619,34091.47,34091.47,34091.47,34091.47,0,0
20120620,34091.47,34091.47,34091.47,34091.47,0,0
20120621,34091.47,34091.47,33928.84,33928.84,0,0
20120622,33928.84,33928.84,33928.84,33928.84,0,0
20120625,33928.84,33928.84,33928.84,33928.84,0,0
20120626,33928.84,33928.84,33928.84,33928.84,0,0
20120627,33928.84,33928.84,33928.84,33928.84,0,0
20120628,33928.84,33928.84,33928.84,33928.84,0,0
20120629,33928.84,33928.84,33928.84,33928.84,0,0
20120702,33928.84,33928.84,33928.84,33928.84,0,0
20120703,33928.84,33928.84,33928.84,33928.84,0,0
20120704,33928.84,33928.84,33928.84,33928.84,0,0
20120705,33928.84,33928.84,33928.84,33928.84,0,0
20120706,33928.84,33928.84,33928.84,33928.84,0,0
20120709,33928.84,33928.84,33928.84,33928.84,0,0
20120710,33928.84,33928.84,33928.84,33928.84,0,0
20120711,33928.84,33928.84,33928.84,33928.84,0,0
20120712,33928.84,33928.84,33928.84,33928.84,0,0
20120713,33928.84,33928.84,33928.84,33928.84,0,0
20120716,33928.84,33928.84,33928.84,33928.84,0,0
20120717,33928.84,33928.84,33928.84,33928.84,0,0
20120718,33928.84,33928.84,33928.84,33928.84,0,0
20120719,33928.84,33928.84,33928.84,33928.84,0,0
20120720,33928.84,33928.84,33928.84,33928.84,0,0
20120723,33928.84,33928.84,33928.84,33928.84,0,0
20120724,33928.84,33928.84,33928.84,33928.84,0,0
20120725,33928.84,33928.84,33928.84,33928.84,0,0
20120726,33928.84,33928.84,33928.84,33928.84,0,0
20120727,33928.84,33928.84,33928.84,33928.84,0,0
20120730,33928.84,33928.84,33928.84,33928.84,0,0
20120731,33928.84,33928.84,33928.84,33928.84,0,0
20120801,33928.84,33928.84,33928.84,33928.84,0,0
20120802,33928.84,33928.84,33928.84,33928.84,0,0
20120803,33928.84,33928.84,33928.84,33928.84,0,0
20120806,33928.84,33928.84,33928.84,33928.84,0,0
20120807,33928.84,33928.84,33928.84,33928.84,0,0
20120808,33928.84,33928.84,33928.84,33928.84,0,0
20120809,33928.84,33928.84,33928.84,33928.84,0,0
20120810,33928.84,33928.84,33928.84,33928.84,0,0
20120813,33928.84,33928.84,33928.84,33928.84,0,0
20120814,33928.84,33928.84,33928.84,33928.84,0,0
20120816,33928.84,33928.84,30429.81,30429.81,0,0
20120817,30429.81,30429.81,30429.81,30429.81,0,0
20120820,30429.81,30429.81,30429.81,30429.81,0,0
20120821,30429.81,30429.81,30429.81,30429.81,0,0
20120822,30429.81,30429.81,30429.81,30429.81,0,0
20120823,30429.81,30429.81,30429.81,30429.81,0,0
20120824,30429.81,30429.81,30357.24,30357.24,0,0
20120827,30357.24,30357.24,30357.24,30357.24,0,0
20120828,30357.24,30357.24,30357.24,30357.24,0,0
20120829,30357.24,30357.24,30357.24,30357.24,0,0
20120830,30357.24,30357.24,30295.22,30295.22,0,0
20120831,30295.22,30320.96,30295.22,30320.96,0,0
20120903,30320.96,30320.96,30320.96,30320.96,0,0
20120904,30320.96,30320.96,30040.87,30040.87,0,0
20120905,30040.87,30040.87,30040.87,30040.87,0,0
20120906,30040.87,30040.87,30040.87,30040.87,0,0
20120907,30040.87,30040.87,30040.87,30040.87,0,0
20120910,30040.87,30040.87,30040.87,30040.87,0,0
20120911,30040.87,30040.87,30040.87,30040.87,0,0
20120912,30040.87,30040.87,30040.87,30040.87,0,0
20120913,30040.87,30040.87,30040.87,30040.87,0,0
20120914,30040.87,30040.87,30040.87,30040.87,0,0
20120917,30040.87,30040.87,30040.87,30040.87,0,0
20120918,30040.87,30040.87,30040.87,30040.87,0,0
20120919,30040.87,30040.87,30040.87,30040.87,0,0
20120920,30040.87,30040.87,30040.87,30040.87,0,0
20120921,30040.87,30040.87,30040.87,30040.87,0,0
20120924,30040.87,30040.87,30040.87,30040.87,0,0
20120925,30040.87,30040.87,30040.87,30040.87,0,0
20120926,30040.87,30040.87,30040.87,30040.87,0,0
20120927,30040.87,30040.87,30040.87,30040.87,0,0
20120928,30040.87,30040.87,30040.87,30040.87,0,0
20121001,30040.87,30040.87,30040.87,30040.87,0,0
20121002,30040.87,30040.87,30040.87,30040.87,0,0
20121003,30040.87,30040.87,30040.87,30040.87,0,0
20121004,30040.87,30040.87,30040.87,30040.87,0,0
20121005,30040.87,30040.87,30040.87,30040.87,0,0
20121008,30040.87,30040.87,30040.87,30040.87,0,0
20121009,30040.87,30040.87,30040.87,30040.87,0,0
20121010,30040.87,30040.87,30040.87,30040.87,0,0
20121011,30040.87,30040.87,30040.87,30040.87,0,0
20121012,30040.87,30040.87,30040.87,30040.87,0,0
20121015,30040.87,30040.87,30040.87,30040.87,0,0
20121016,30040.87,30040.87,30040.87,30040.87,0,0
20121017,30040.87,30040.87,30040.87,30040.87,0,0
20121018,30040.87,30040.87,30040.87,30040.87,0,0
20121019,30040.87,30040.87,26667.74,26667.74,0,0
20121022,26667.74,26667.74,26667.74,26667.74,0,0
20121023,26667.74,26667.74,26667.74,26667.74,0,0
20121024,26667.74,26667.74,26667.74,26667.74,0,0
20121025,26667.74,26667.74,26667.74,26667.74,0,0
20121026,26667.74,26667.74,26667.74,26667.74,0,0
20121029,26667.74,26667.74,26667.74,26667.74,0,0
20121030,26667.74,26667.74,26667.74,26667.74,0,0
20121031,26667.74,26667.74,26667.74,26667.74,0,0
20121102,26667.74,26667.74,26667.74,26667.74,0,0
20121105,26667.74,26742.29,26667.74,26742.29,0,0
20121106,26742.29,26742.29,26742.29,26742.29,0,0
20121107,26742.29,26742.29,26742.29,26742.29,0,0
20121108,26742.29,26742.29,26742.29,26742.29,0,0
20121109,26742.29,26845.98,26742.29,26845.98,0,0
20121112,26845.98,26845.98,26845.98,26845.98,0,0
20121113,26845.98,27238.13,26845.98,27238.13,0,0
20121114,27238.13,27238.13,27238.13,27238.13,0,0
20121115,27238.13,27238.13,27238.13,27238.13,0,0
20121116,27238.13,27238.13,27238.13,27238.13,0,0
20121119,27238.13,27238.13,27152.89,27152.89,0,0
20121120,27152.89,27152.89,27152.89,27152.89,0,0
20121121,27152.89,27152.89,27152.89,27152.89,0,0
20121122,27152.89,27152.89,27152.89,27152.89,0,0
20121123,27152.89,27152.89,27152.89,27152.89,0,0
20121126,27152.89,27152.89,27152.89,27152.89,0,0
20121127,27152.89,27152.89,27150.76,27150.76,0,0
20121128,27150.76,27150.76,26928.67,26928.67,0,0
20121129,26928.67,26928.67,26928.67,26928.67,0,0
20121130,26928.67,26928.67,26928.67,26928.67,0,0
20121203,26928.67,26928.67,26928.67,26928.67,0,0
20121204,26928.67,26928.67,26928.67,26928.67,0,0
20121205,26928.67,26928.67,26928.67,26928.67,0,0
20121206,26928.67,26928.67,26928.67,26928.67,0,0
20121207,26928.67,26928.67,26928.67,26928.67,0,0
20121210,26928.67,26928.67,26928.67,26928.67,0,0
20121211,26928.67,26928.67,26928.67,26928.67,0,0
20121212,26928.67,26928.67,26928.67,26928.67,0,0
20121213,26928.67,26928.67,26928.67,26928.67,0,0
20121214,26928.67,26928.67,26928.67,26928.67,0,0
20121217,26928.67,26928.67,26928.67,26928.67,0,0
20121218,26928.67,26928.67,26928.67,26928.67,0,0
20121219,26928.67,26928.67,26928.67,26928.67,0,0
20121220,26928.67,26928.67,26928.67,26928.67,0,0
20121221,26928.67,26928.67,26928.67,26928.67,0,0
20121227,26928.67,26928.67,26928.67,26928.67,0,0
20121228,26928.67,26928.67,26928.67,26928.67,0,0
20130102,26928.67,26928.67,26928.67,26928.67,0,0
20130103,26928.67,26928.67,26928.67,26928.67,0,0
20130104,26928.67,26928.67,26928.67,26928.67,0,0
20130107,26928.67,26928.67,26928.67,26928.67,0,0
20130108,26928.67,26928.67,26928.67,26928.67,0,0
20130109,26928.67,26928.67,26928.67,26928.67,0,0
20130110,26928.67,26928.67,26928.67,26928.67,0,0
20130111,26928.67,26928.67,26928.67,26928.67,0,0
20130114,26928.67,26928.67,26928.67,26928.67,0,0
20130115,26928.67,26928.67,26928.67,26928.67,0,0
20130117,26928.67,26928.67,26928.67,26928.67,0,0
20130118,26928.67,26928.67,26928.67,26928.67,0,0
20130121,26928.67,26928.67,26928.67,26928.67,0,0
20130122,26928.67,26928.67,26928.67,26928.67,0,0
20130123,26928.67,26928.67,26928.67,26928.67,0,0
20130124,26928.67,26928.67,26928.67,26928.67,0,0
20130125,26928.67,26928.67,26928.67,26928.67,0,0
20130128,26928.67,26928.67,26928.67,26928.67,0,0
20130129,26928.67,26928.67,26928.67,26928.67,0,0
20130130,26928.67,26928.67,26928.67,26928.67,0,0
20130131,26928.67,26928.67,26928.67,26928.67,0,0
20130201,26928.67,26928.67,26928.67,26928.67,0,0
20130204,26928.67,26928.67,26928.67,26928.67,0,0
20130205,26928.67,26928.67,26928.67,26928.67,0,0
20130206,26928.67,26928.67,26928.67,26928.67,0,0
20130207,26928.67,26928.67,26928.67,26928.67,0,0
20130208,26928.67,26928.67,26928.67,26928.67,0,0
20130211,26928.67,26928.67,26928.67,26928.67,0,0
20130212,26928.67,26928.67,26928.67,26928.67,0,0
20130213,26928.67,26928.67,26928.67,26928.67,0,0
20130214,26928.67,26928.67,26928.67,26928.67,0,0
20130215,26928.67,26928.67,26928.67,26928.67,0,0
20130218,26928.67,26928.67,26928.67,26928.67,0,0
20130219,26928.67,26928.67,26928.67,26928.67,0,0
20130220,26928.67,26928.67,26928.67,26928.67,0,0
20130221,26928.67,26928.67,26928.67,26928.67,0,0
20130222,26928.67,26928.67,26928.67,26928.67,0,0
20130225,26928.67,26928.67,26928.67,26928.67,0,0
20130226,26928.67,26928.67,26928.67,26928.67,0,0
20130227,26928.67,26928.67,26928.67,26928.67,0,0
20130228,26928.67,26928.67,26928.67,26928.67,0,0
20130301,26928.67,26928.67,26928.67,26928.67,0,0
20130304,26928.67,27633.16,26928.67,27633.16,0,0
20130305,27633.16,27633.16,27633.16,27633.16,0,0
20130306,27633.16,27633.16,27633.16,27633.16,0,0
20130307,27633.16,27633.16,27633.16,27633.16,0,0
20130308,27633.16,27633.16,27633.16,27633.16,0,0
20130311,27633.16,27633.16,27633.16,27633.16,0,0
20130312,27633.16,27633.16,27633.16,27633.16,0,0
20130313,27633.16,27633.16,27633.16,27633.16,0,0
20130314,27633.16,27633.16,27633.16,27633.16,0,0
20130315,27633.16,27633.16,27633.16,27633.16,0,0
20130318,27633.16,27633.16,27633.16,27633.16,0,0
20130319,27633.16,27633.16,27633.16,27633.16,0,0
20130320,27633.16,27633.16,27633.16,27633.16,0,0
20130321,27633.16,27633.16,27633.16,27633.16,0,0
20130322,27633.16,27646,27633.16,27646,0,0
20130325,27646,27646,27646,27646,0,0
20130326,27646,27646,27463.42,27463.42,0,0
20130327,27463.42,27463.42,27463.42,27463.42,0,0
20130328,27463.42,27463.42,27463.42,27463.42,0,0
20130402,27463.42,27463.42,27454.42,27454.42,0,0
20130403,27454.42,27454.42,27454.42,27454.42,0,0
20130404,27454.42,27454.42,27454.42,27454.42,0,0
20130405,27454.42,27454.42,27454.42,27454.42,0,0
20130408,27454.42,27454.42,27454.42,27454.42,0,0
20130409,27454.42,27454.42,27454.42,27454.42,0,0
20130410,27454.42,27454.42,27454.42,27454.42,0,0
20130411,27454.42,27454.42,27454.42,27454.42,0,0
20130412,27454.42,27454.42,27454.42,27454.42,0,0
20130415,27454.42,27454.42,27454.42,27454.42,0,0
20130417,27454.42,27454.42,27454.42,27454.42,0,0
20130418,27454.42,27454.42,27454.42,27454.42,0,0
20130419,27454.42,27454.42,27454.42,27454.42,0,0
20130422,27454.42,27454.42,27454.42,27454.42,0,0
20130423,27454.42,27454.42,27454.42,27454.42,0,0
20130424,27454.42,27454.42,27454.42,27454.42,0,0
20130425,27454.42,27454.42,27454.42,27454.42,0,0
20130426,27454.42,27454.42,27454.42,27454.42,0,0
20130429,27454.42,27454.42,27454.42,27454.42,0,0
20130430,27454.42,27454.42,27454.42,27454.42,0,0
20130502,27454.42,27454.42,27454.42,27454.42,0,0
20130506,27454.42,27454.42,27454.42,27454.42,0,0
20130507,27454.42,27454.42,27367.75,27367.75,0,0
20130508,27367.75,27367.75,27367.75,27367.75,0,0
20130509,27367.75,27367.75,27367.75,27367.75,0,0
20130510,27367.75,27367.75,27367.75,27367.75,0,0
20130513,27367.75,27437.68,27367.75,27437.68,0,0
20130514,27437.68,27437.68,27437.68,27437.68,0,0
20130515,27437.68,27437.68,27437.68,27437.68,0,0
20130516,27437.68,27437.68,27437.68,27437.68,0,0
20130517,27437.68,27437.68,27437.68,27437.68,0,0
20130520,27437.68,28950.74,27437.68,28950.74,0,0
20130521,28950.74,28950.74,28950.74,28950.74,0,0
20130522,28950.74,28950.74,28950.74,28950.74,0,0
20130523,28950.74,29152.93,28950.74,29152.93,0,0
20130524,29152.93,29152.93,29152.93,29152.93,0,0
20130527,29152.93,29152.93,29152.93,29152.93,0,0
20130528,29152.93,29152.93,29152.93,29152.93,0,0
20130529,29152.93,29152.93,29152.61,29152.61,0,0
20130531,29152.61,29152.61,29152.61,29152.61,0,0
20130603,29152.61,29152.61,29152.61,29152.61,0,0
20130604,29152.61,29152.61,29152.61,29152.61,0,0
20130605,29152.61,29152.61,29152.61,29152.61,0,0
20130606,29152.61,29152.61,29152.61,29152.61,0,0
20130607,29152.61,29152.61,29152.61,29152.61,0,0
20130610,29152.61,29152.61,29152.61,29152.61,0,0
20130611,29152.61,29152.61,29152.61,29152.61,0,0
20130612,29152.61,29152.61,29152.61,29152.61,0,0
20130613,29152.61,29152.61,29152.61,29152.61,0,0
20130614,29152.61,29152.61,29152.61,29152.61,0,0
20130617,29152.61,29152.61,29152.61,29152.61,0,0
20130618,29152.61,29152.61,29152.61,29152.61,0,0
20130619,29152.61,29152.61,29152.61,29152.61,0,0
20130620,29152.61,29152.61,29152.61,29152.61,0,0
20130621,29152.61,29152.61,29152.61,29152.61,0,0
20130624,29152.61,29152.61,29152.61,29152.61,0,0
20130625,29152.61,29152.61,29152.61,29152.61,0,0
20130626,29152.61,29152.61,29152.61,29152.61,0,0
20130627,29152.61,29152.61,29152.61,29152.61,0,0
20130628,29152.61,29152.61,29152.61,29152.61,0,0
20130701,29152.61,29152.61,29152.61,29152.61,0,0
20130702,29152.61,29152.61,29152.61,29152.61,0,0
20130703,29152.61,29152.61,29152.61,29152.61,0,0
20130704,29152.61,29152.61,29152.61,29152.61,0,0
20130705,29152.61,29152.61,29152.61,29152.61,0,0
20130708,29152.61,29152.61,29152.61,29152.61,0,0
20130709,29152.61,29152.61,29152.61,29152.61,0,0
20130710,29152.61,29152.61,29152.61,29152.61,0,0
20130711,29152.61,29152.61,29152.61,29152.61,0,0
20130712,29152.61,29152.61,29152.61,29152.61,0,0
20130715,29152.61,29152.61,29152.61,29152.61,0,0
20130716,29152.61,29152.61,29152.61,29152.61,0,0
20130717,29152.61,29152.61,29152.61,29152.61,0,0
20130718,29152.61,29152.61,29152.61,29152.61,0,0
20130719,29152.61,29152.61,29152.61,29152.61,0,0
20130722,29152.61,29152.61,29152.61,29152.61,0,0
20130723,29152.61,29152.61,29152.61,29152.61,0,0
20130724,29152.61,29152.61,29152.61,29152.61,0,0
20130725,29152.61,29152.61,29152.61,29152.61,0,0
20130726,29152.61,29152.61,29152.61,29152.61,0,0
20130729,29152.61,29152.61,29152.61,29152.61,0,0
20130730,29152.61,29152.61,29152.61,29152.61,0,0
20130731,29152.61,29152.61,29152.61,29152.61,0,0
20130801,29152.61,29152.61,29152.61,29152.61,0,0
20130802,29152.61,29152.61,29152.61,29152.61,0,0
20130805,29152.61,29152.61,29152.61,29152.61,0,0
20130806,29152.61,29152.61,29152.61,29152.61,0,0
20130807,29152.61,29152.61,29152.61,29152.61,0,0
20130808,29152.61,29152.61,29152.61,29152.61,0,0
20130809,29152.61,29152.61,28557.74,28557.74,0,0
20130812,28557.74,28557.74,28557.74,28557.74,0,0
20130813,28557.74,28557.74,28557.74,28557.74,0,0
20130814,28557.74,28557.74,28557.74,28557.74,0,0
20130816,28557.74,28557.74,27803.74,27803.74,0,0
20130819,27803.74,27803.74,27803.74,27803.74,0,0
20130820,27803.74,27803.74,27803.74,27803.74,0,0
20130821,27803.74,27803.74,27803.74,27803.74,0,0
20130822,27803.74,27803.74,27803.74,27803.74,0,0
20130823,27803.74,27803.74,27803.74,27803.74,0,0
20130826,27803.74,27803.74,27803.74,27803.74,0,0
20130827,27803.74,27803.74,26487.08,26487.08,0,0
20130828,26487.08,26487.08,26487.08,26487.08,0,0
20130829,26487.08,26487.08,26487.08,26487.08,0,0
20130830,26487.08,26487.08,26487.08,26487.08,0,0
20130902,26487.08,26487.08,26386.43,26386.43,0,0
20130903,26386.43,26423.43,26386.43,26423.43,0,0
20130904,26423.43,26423.43,26423.43,26423.43,0,0
20130905,26423.43,26423.43,26402.46,26402.46,0,0
20130906,26402.46,26402.46,26402.46,26402.46,0,0
20130909,26402.46,26402.46,26402.46,26402.46,0,0
20130910,26402.46,26402.46,26402.46,26402.46,0,0
20130911,26402.46,26402.46,26402.46,26402.46,0,0
20130912,26402.46,26402.46,26402.46,26402.46,0,0
20130913,26402.46,26402.46,26402.46,26402.46,0,0
20130916,26402.46,26402.46,26402.46,26402.46,0,0
20130917,26402.46,26402.46,26402.46,26402.46,0,0
20130918,26402.46,26402.46,26402.46,26402.46,0,0
20130919,26402.46,26402.46,26402.46,26402.46,0,0
20130920,26402.46,26402.46,26393.88,26393.88,0,0
20130923,26393.88,26393.88,26393.88,26393.88,0,0
20130924,26393.88,26393.88,26393.88,26393.88,0,0
20130925,26393.88,26393.88,26393.88,26393.88,0,0
20130926,26393.88,26393.88,26393.88,26393.88,0,0
20130927,26393.88,26393.88,26393.88,26393.88,0,0
20130930,26393.88,26393.88,26393.88,26393.88,0,0
20131001,26393.88,26393.88,26393.88,26393.88,0,0
20131002,26393.88,26393.88,26393.88,26393.88,0,0
20131003,26393.88,26393.88,26393.88,26393.88,0,0
20131004,26393.88,26393.88,26393.88,26393.88,0,0
20131007,26393.88,26393.88,26393.88,26393.88,0,0
20131008,26393.88,26393.88,26393.88,26393.88,0,0
20131009,26393.88,26393.88,26393.88,26393.88,0,0
20131010,26393.88,26393.88,26393.88,26393.88,0,0
20131011,26393.88,26393.88,26393.88,26393.88,0,0
20131014,26393.88,26393.88,26393.88,26393.88,0,0
20131015,26393.88,26393.88,26393.88,26393.88,0,0
20131016,26393.88,26393.88,26393.88,26393.88,0,0
20131017,26393.88,26393.88,26393.88,26393.88,0,0
20131018,26393.88,26393.88,26393.88,26393.88,0,0
20131021,26393.88,26393.88,26393.88,26393.88,0,0
20131022,26393.88,26393.88,26393.88,26393.88,0,0
20131023,26393.88,26393.88,26393.88,26393.88,0,0
20131024,26393.88,26393.88,26393.88,26393.88,0,0
20131025,26393.88,26393.88,26393.88,26393.88,0,0
20131028,26393.88,26393.88,26393.88,26393.88,0,0
20131029,26393.88,26393.88,26393.88,26393.88,0,0
20131030,26393.88,26393.88,26393.88,26393.88,0,0
20131031,26393.88,26393.88,26393.88,26393.88,0,0
20131104,26393.88,26393.88,26393.88,26393.88,0,0
20131105,26393.88,26393.88,26393.88,26393.88,0,0
20131106,26393.88,26393.88,26393.88,26393.88,0,0
20131107,26393.88,26393.88,26321.89,26321.89,0,0
20131108,26321.89,26321.89,26321.89,26321.89,0,0
20131112,26321.89,26321.89,25846.35,25846.35,0,0
20131113,25846.35,25846.35,25846.35,25846.35,0,0
20131114,25846.35,25846.35,25846.35,25846.35,0,0
20131115,25846.35,25846.35,25846.35,25846.35,0,0
20131118,25846.35,25846.35,25785.35,25785.35,0,0
20131119,25785.35,25785.35,25785.35,25785.35,0,0
20131120,25785.35,25785.35,25785.35,25785.35,0,0
20131121,25785.35,25785.35,25785.35,25785.35,0,0
20131122,25785.35,25785.35,25768.97,25768.97,0,0
20131125,25768.97,25768.97,25768.97,25768.97,0,0
20131126,25768.97,25768.97,25768.97,25768.97,0,0
20131127,25768.97,25768.97,25768.97,25768.97,0,0
20131128,25768.97,25768.97,25768.97,25768.97,0,0
20131129,25768.97,25768.97,25768.97,25768.97,0,0
20131202,25768.97,25768.97,25768.97,25768.97,0,0
20131203,25768.97,25768.97,25768.97,25768.97,0,0
20131204,25768.97,25768.97,25768.97,25768.97,0,0
20131205,25768.97,25768.97,25768.97,25768.97,0,0
20131206,25768.97,25768.97,25768.97,25768.97,0,0
20131209,25768.97,25768.97,25768.97,25768.97,0,0
20131210,25768.97,25768.97,25768.97,25768.97,0,0
20131211,25768.97,25768.97,25768.97,25768.97,0,0
20131212,25768.97,25768.97,25731.12,25731.12,0,0
20131213,25731.12,25731.12,25731.12,25731.12,0,0
20131216,25731.12,25731.12,25731.12,25731.12,0,0
20131217,25731.12,25731.12,25731.12,25731.12,0,0
20131218,25731.12,25731.12,25731.12,25731.12,0,0
20131219,25731.12,25731.12,25731.12,25731.12,0,0
20131220,25731.12,25731.12,25731.12,25731.12,0,0
20131223,25731.12,25731.12,25731.12,25731.12,0,0
20131227,25731.12,25731.12,25731.12,25731.12,0,0
20131230,25731.12,25731.12,25731.12,25731.12,0,0
20140102,25731.12,25731.12,25731.12,25731.12,0,0
20140103,25731.12,25731.12,25731.12,25731.12,0,0
20140107,25731.12,25731.12,25731.12,25731.12,0,0
20140108,25731.12,25731.12,25731.12,25731.12,0,0
20140109,25731.12,25731.12,25731.12,25731.12,0,0
20140110,25731.12,25731.12,24452.43,24452.43,0,0
20140113,24452.43,25731.12,24452.43,25731.12,0,0
20140114,25731.12,25731.12,25731.12,25731.12,0,0
20140115,25731.12,25731.12,25731.12,25731.12,0,0
20140116,25731.12,25731.12,25731.12,25731.12,0,0
20140117,25731.12,25731.12,25731.12,25731.12,0,0
20140120,25731.12,25731.12,25731.12,25731.12,0,0
20140121,25731.12,25731.12,25731.12,25731.12,0,0
20140122,25731.12,25731.12,25731.12,25731.12,0,0
20140123,25731.12,25731.12,25731.12,25731.12,0,0
20140124,34083.42,34083.42,34083.42,34083.42,0,0
20140127,34083.42,34083.42,34083.42,34083.42,0,0
20140128,34083.42,34083.42,34083.42,34083.42,0,0
20140129,34083.42,34083.42,34083.42,34083.42,0,0
20140130,34083.42,34083.42,34083.42,34083.42,0,0
20140131,34083.42,34083.42,34083.42,34083.42,0,0
20140203,34083.42,34083.42,34083.42,34083.42,0,0
20140204,34083.42,34083.42,34083.42,34083.42,0,0
20140205,34083.42,34083.42,34017.7,34017.7,0,0
20140206,34017.7,34017.7,34017.7,34017.7,0,0
20140207,34017.7,34017.7,34017.7,34017.7,0,0
20140210,34017.7,34017.7,34017.7,34017.7,0,0
20140211,34017.7,34017.7,34017.7,34017.7,0,0
20140212,34017.7,34017.7,34017.7,34017.7,0,0
20140213,34017.7,34017.7,34017.7,34017.7,0,0
20140214,34017.7,34017.7,32014.68,32014.68,0,0
20140217,32014.68,32014.68,32014.68,32014.68,0,0
20140218,32014.68,32014.68,32014.68,32014.68,0,0
20140219,32014.68,32014.68,32014.68,32014.68,0,0
20140220,32014.68,32014.68,32014.68,32014.68,0,0
20140221,32014.68,32014.68,32014.68,32014.68,0,0
20140224,32014.68,32014.68,32014.68,32014.68,0,0
20140225,32014.68,32014.68,32014.68,32014.68,0,0
20140226,32014.68,32014.68,32014.68,32014.68,0,0
20140227,32014.68,32014.68,32014.68,32014.68,0,0
20140228,32014.68,32014.68,32014.68,32014.68,0,0
20140303,32014.68,32401.68,32014.68,32401.68,0,0
20140304,32401.68,32401.68,32401.68,32401.68,0,0
20140305,32401.68,32401.68,32382.56,32382.56,0,0
20140306,32382.56,32382.56,32382.56,32382.56,0,0
20140307,32382.56,32382.56,32382.56,32382.56,0,0
20140310,32382.56,32382.56,32382.56,32382.56,0,0
20140311,32382.56,32382.56,32382.56,32382.56,0,0
20140312,32382.56,32382.56,32382.56,32382.56,0,0
20140313,32382.56,32382.56,32382.56,32382.56,0,0
20140314,32382.56,32382.56,32382.56,32382.56,0,0
20140317,32382.56,32382.56,32381.86,32381.86,0,0
20140318,32381.86,32381.86,32381.86,32381.86,0,0
20140319,32381.86,32381.86,32381.86,32381.86,0,0
20140320,32381.86,32381.86,32381.86,32381.86,0,0
20140321,32381.86,32496.76,32381.86,32496.76,0,0
20140324,32496.76,32496.76,32496.76,32496.76,0,0
20140325,32496.76,32496.76,32379.86,32379.86,0,0
20140326,32379.86,32379.86,32379.86,32379.86,0,0
20140327,32379.86,32379.86,32379.86,32379.86,0,0
20140328,32379.86,32379.86,32379.86,32379.86,0,0
20140331,32379.86,32379.86,32374.86,32374.86,0,0
20140401,32374.86,32374.86,32374.86,32374.86,0,0
20140402,32374.86,32374.86,32374.86,32374.86,0,0
20140403,32374.86,32374.86,32374.86,32374.86,0,0
20140404,32374.86,32374.86,32374.86,32374.86,0,0
20140407,32374.86,32374.86,32374.86,32374.86,0,0
20140408,32374.86,32374.86,32374.86,32374.86,0,0
20140409,32374.86,32374.86,32374.86,32374.86,0,0
20140410,32374.86,32374.86,32374.86,32374.86,0,0
20140411,32374.86,32374.86,32374.86,32374.86,0,0
20140414,32374.86,32374.86,32374.86,32374.86,0,0
20140415,32374.86,32374.86,32374.86,32374.86,0,0
20140416,32374.86,32374.86,32374.86,32374.86,0,0
20140417,32374.86,32374.86,32374.86,32374.86,0,0
20140422,32374.86,32374.86,32374.86,32374.86,0,0
20140423,32374.86,32374.86,32374.86,32374.86,0,0
20140424,32374.86,32374.86,32374.86,32374.86,0,0
20140425,32374.86,32374.86,32374.86,32374.86,0,0
20140428,32374.86,32374.86,32374.86,32374.86,0,0
20140429,32374.86,32374.86,32374.86,32374.86,0,0
20140430,32374.86,32374.86,32374.86,32374.86,0,0
20140502,32374.86,32374.86,32374.86,32374.86,0,0
20140505,32374.86,32374.86,32374.86,32374.86,0,0
20140506,32374.86,32374.86,32374.86,32374.86,0,0
20140507,32374.86,32374.86,32374.86,32374.86,0,0
20140508,32374.86,32374.86,32374.86,32374.86,0,0
20140509,32374.86,32374.86,32374.86,32374.86,0,0
20140512,32374.86,32374.86,32374.86,32374.86,0,0
20140513,32374.86,32444.07,32374.86,32444.07,0,0
20140514,32444.07,32444.07,32444.07,32444.07,0,0
20140515,32444.07,32444.07,32444.07,32444.07,0,0
20140516,32444.07,32444.07,32444.07,32444.07,0,0
20140519,32444.07,32444.07,32444.07,32444.07,0,0
20140520,32444.07,32444.07,32444.07,32444.07,0,0
20140521,32444.07,32444.07,32444.07,32444.07,0,0
20140522,32444.07,32444.07,32444.07,32444.07,0,0
20140523,32444.07,32444.07,32444.07,32444.07,0,0
20140526,32444.07,32444.07,32444.07,32444.07,0,0
20140527,32444.07,33007.24,32444.07,33007.24,0,0
20140528,33007.24,33007.24,33007.24,33007.24,0,0
20140529,33007.24,33007.24,33007.24,33007.24,0,0
20140530,33007.24,33007.24,33007.24,33007.24,0,0
20140602,33007.24,33007.24,33007.24,33007.24,0,0
20140603,33007.24,33007.24,33007.24,33007.24,0,0
20140604,33007.24,33007.24,33007.24,33007.24,0,0
20140605,33007.24,33007.24,33007.24,33007.24,0,0
20140606,33007.24,33007.24,33007.24,33007.24,0,0
20140609,33007.24,33007.24,33007.24,33007.24,0,0
20140610,32855.64,32855.64,32855.64,32855.64,0,0
20140611,32855.64,32855.64,32855.64,32855.64,0,0
20140612,32855.64,32855.64,32855.64,32855.64,0,0
20140613,32855.64,32855.64,32855.64,32855.64,0,0
20140616,32855.64,32855.64,32855.64,32855.64,0,0
20140617,32855.64,32855.64,32399.94,32399.94,0,0
20140618,32399.94,32399.94,32399.94,32399.94,0,0
20140620,32399.94,32399.94,32399.94,32399.94,0,0
20140623,32399.94,32399.94,32399.94,32399.94,0,0
20140624,32399.94,32399.94,32399.94,32399.94,0,0
20140625,32399.94,32399.94,32399.94,32399.94,0,0
20140626,32399.94,32399.94,32399.94,32399.94,0,0
20140627,32399.94,32399.94,32396.73,32396.73,0,0
20140630,32396.73,32396.73,32396.73,32396.73,0,0
20140701,32396.73,32396.73,32396.73,32396.73,0,0
20140702,32396.73,32396.73,32396.73,32396.73,0,0
20140703,32396.73,32396.73,32396.73,32396.73,0,0
20140704,32396.73,32396.73,32396.73,32396.73,0,0
20140707,32396.73,32396.73,32396.73,32396.73,0,0
20140708,32396.73,32396.73,32396.73,32396.73,0,0
20140709,32396.73,32400.34,32396.73,32400.34,0,0
20140710,32400.34,32400.34,32400.34,32400.34,0,0
20140711,32400.34,32400.34,32400.34,32400.34,0,0
20140714,32400.34,32400.34,32399.69,32399.69,0,0
20140715,32399.69,32400.21,32399.69,32400.21,0,0
20140716,32400.21,32400.21,32399.45,32399.45,0,0
20140717,32399.45,32399.45,32399.45,32399.45,0,0
20140718,32399.45,32399.45,32399.33,32399.33,0,0
20140721,32399.33,32399.33,32399.33,32399.33,0,0
20140722,32399.33,32399.33,32399.33,32399.33,0,0
20140723,32399.33,32399.33,32399.33,32399.33,0,0
20140724,32399.33,32403.51,32399.33,32403.51,0,0
20140725,32403.51,32403.51,32401.14,32401.14,0,0
20140728,32401.14,32401.14,32400.99,32400.99,0,0
20140729,32400.99,32400.99,32399.6,32399.6,0,0
20140730,32399.6,32400.32,32399.6,32400.32,0,0
20140731,32400.32,32400.32,32400.32,32400.32,0,0
20140801,32400.32,32400.32,32390.96,32390.96,0,0
20140804,32390.96,32393.05,32390.96,32393.05,0,0
20140805,32393.05,32396.3,32393.05,32396.3,0,0
20140806,32396.3,32396.3,32389.98,32389.98,0,0
20140807,32389.98,32389.98,32388.57,32388.57,0,0
20140808,32388.57,32388.57,32383.36,32383.36,0,0
20140811,32383.36,32388.21,32383.36,32388.21,0,0
20140812,32388.21,32388.21,32387.95,32387.95,0,0
20140813,32387.95,32389.17,32387.95,32389.17,0,0
20140814,32389.17,32389.17,31553.06,31553.06,0,0
20140818,31553.06,31553.06,31548.81,31548.81,0,0
20140819,31548.81,31551.35,31548.81,31551.35,0,0
20140820,31551.35,31553.12,31551.35,31553.12,0,0
20140821,31553.12,31553.12,31426.83,31426.83,0,0
20140822,31426.83,31427.14,31426.83,31427.14,0,0
20140825,31427.14,31427.14,31427.14,31427.14,0,0
20140826,31427.14,31430.73,31427.14,31430.73,0,0
20140827,31430.73,31430.73,31428.55,31428.55,0,0
20140828,31428.55,31428.55,31252.89,31252.89,0,0
20140829,31252.89,31252.89,31250.86,31250.86,0,0
20140901,31250.86,31250.86,31250.86,31250.86,0,0
20140902,31250.86,31250.86,31226.34,31226.34,0,0
20140903,31226.34,31231.18,31226.34,31231.18,0,0
20140904,31231.18,31231.18,31229.29,31229.29,0,0
20140905,31229.29,31235.07,31229.29,31235.07,0,0
20140908,31235.07,31237.57,31235.07,31237.57,0,0
20140909,31237.57,31237.57,31234.37,31234.37,0,0
20140910,31234.37,31234.37,31230.63,31230.63,0,0
20140911,31230.63,31234.7,31230.63,31234.7,0,0
20140912,31234.7,31234.7,31234.18,31234.18,0,0
20140915,31234.18,31234.18,31232.13,31232.13,0,0
20140916,31232.13,31233.41,31232.13,31233.41,0,0
20140917,31233.41,31235.22,31233.41,31235.22,0,0
20140918,31235.22,31236.91,31235.22,31236.91,0,0
20140919,31236.91,31237.69,31236.91,31237.69,0,0
20140922,31237.69,31237.69,31237.69,31237.69,0,0
20140923,31237.69,31237.69,31237.69,31237.69,0,0
20140924,31237.69,31240.34,31237.69,31240.34,0,0
20140925,31240.34,31243.24,31240.34,31243.24,0,0
20140926,31243.24,31243.24,31242.13,31242.13,0,0
20140929,31242.13,31242.13,31241.52,31241.52,0,0
20140930,31241.52,31244.3,31241.52,31244.3,0,0
20141001,31244.3,31244.37,31244.3,31244.37,0,0
20141002,31244.37,31244.37,31243.9,31243.9,0,0
20141003,31243.9,31243.9,31243.85,31243.85,0,0
20141006,31243.85,31243.85,31243.85,31243.85,0,0
20141007,31243.85,31243.85,31242.82,31242.82,0,0
20141008,31242.82,31242.82,31242.82,31242.82,0,0
20141009,31242.82,31242.82,31242.82,31242.82,0,0
20141010,31242.82,31242.82,31242.82,31242.82,0,0
20141013,31242.82,31242.82,31242.82,31242.82,0,0
20141014,31242.82,31242.82,31242.82,31242.82,0,0
20141015,31242.82,31242.82,31242.82,31242.82,0,0
20141016,31242.82,31242.82,31242.82,31242.82,0,0
20141017,31242.82,31242.82,31242.82,31242.82,0,0
20141020,31242.82,31242.82,31242.82,31242.82,0,0
20141021,31242.82,31242.82,31242.82,31242.82,0,0
20141022,31242.82,31242.82,31242.82,31242.82,0,0
20141023,31242.82,31242.82,31242.82,31242.82,0,0
20141024,31242.82,31242.82,31242.82,31242.82,0,0
20141027,31242.82,31242.82,31242.82,31242.82,0,0
20141028,31242.82,31242.82,31229.15,31229.15,0,0
20141029,31229.15,31229.15,31229.15,31229.15,0,0
20141030,31229.15,31230.7,31229.15,31230.7,0,0
20141031,31230.7,31237.81,31230.7,31237.81,0,0
20141103,31237.81,31237.81,31172.57,31172.57,0,0
20141104,31172.57,31172.57,31171.11,31171.11,0,0
20141105,31171.11,31171.11,31169.72,31169.72,0,0
20141106,31169.72,31243.31,31169.72,31243.31,0,0
20141107,31243.31,31245.05,31243.31,31245.05,0,0
20141110,31245.05,31246.23,31245.05,31246.23,0,0
20141112,31246.23,31246.23,31244.35,31244.35,0,0
20141113,31244.35,31300.45,31244.35,31300.45,0,0
20141114,31300.45,32601.78,31300.45,32601.78,0,0
20141117,32601.78,32601.78,32516,32516,0,0
20141118,32516,32517.9,32516,32517.9,0,0
20141119,32517.9,32517.99,32517.9,32517.99,0,0
20141120,32517.99,32518.59,32517.99,32518.59,0,0
20141121,32518.59,32518.59,32518.59,32518.59,0,0
20141124,32518.59,32525.12,32518.59,32525.12,0,0
20141125,32525.12,32526.45,32525.12,32526.45,0,0
20141126,32526.45,32526.45,32487.88,32487.88,0,0
20141127,32487.88,32487.88,32487.6,32487.6,0,0
20141128,32487.6,32487.65,32487.6,32487.65,0,0
20141201,32487.65,32488.18,32487.65,32488.18,0,0
20141202,32488.18,32493.43,32488.18,32493.43,0,0
20141203,32493.43,32495.86,32493.43,32495.86,0,0
20141204,32495.86,32497.01,32495.86,32497.01,0,0
20141205,32497.01,32497.01,32495.11,32495.11,0,0
20141208,32495.11,32495.11,32495.11,32495.11,0,0
20141209,32495.11,32495.11,32495.05,32495.05,0,0
20141210,32495.05,32495.05,32494.61,32494.61,0,0
20141211,32494.61,32494.61,32489.77,32489.77,0,0
20141212,32489.77,32489.77,32488.05,32488.05,0,0
20141215,32488.05,32489.42,32488.05,32489.42,0,0
20141216,32489.42,32489.42,32483.43,32483.43,0,0
20141217,32483.43,32483.43,32473.5,32473.5,0,0
20141218,32473.5,32473.5,32472.7,32472.7,0,0
20141219,32472.7,32472.7,32462.99,32462.99,0,0
20141222,32462.99,32465.49,32462.99,32465.49,0,0
20141223,32465.49,32465.49,32462.28,32462.28,0,0
20141229,32462.28,32462.28,32453.41,32453.41,0,0
20141230,32453.41,32453.41,32451.32,32451.32,0,0
