Date,Open,High,Low,Close,Volume,OpenInt
20071019,25.253,25.253,25.253,25.253,0,0
20071022,25.009,25.009,25.009,25.009,0,0
20071023,24.98,24.98,24.98,24.98,0,0
20071024,24.822,24.822,24.822,24.822,0,0
20071025,24.467,24.467,24.467,24.467,0,0
20071026,24.358,24.358,24.358,24.358,0,0
20071029,24.373,24.373,24.373,24.373,0,0
20071030,24.227,24.227,24.227,24.227,0,0
20071031,23.55,23.55,23.55,23.55,0,0
20071102,23.254,23.254,23.254,23.254,0,0
20071105,23.09,23.09,23.09,23.09,0,0
20071106,21.008,21.008,21.008,21.008,0,0
20071107,20.285,20.285,20.285,20.285,0,0
20071108,20.223,20.223,20.223,20.223,0,0
20071109,20.08,20.29,19.71,19.92,0,0
20071112,19.75,19.92,19.63,19.75,0,0
20071113,19.8,20.3,19.43,20.3,0,0
20071114,20.46,20.46,19.79,19.79,0,0
20071115,19.62,19.79,18.14,18.45,0,0
20071116,18.53,18.53,17.52,17.7,0,0
20071119,17.89,19.02,17.47,19.02,0,0
20071120,18.96,18.96,18.03,18.03,0,0
20071121,17.9,17.9,17.18,17.18,0,0
20071122,17.05,17.81,16.62,17.81,0,0
20071123,18.11,18.54,18.11,18.54,0,0
20071126,18.95,19.19,18.4,18.5,0,0
20071127,18.3,18.43,18.07,18.38,0,0
20071128,18.55,18.87,18.27,18.86,0,0
20071129,19.11,19.28,18.89,19.11,0,0
20071130,19.15,19.46,19.04,19.38,0,0
20071203,19.34,19.34,19.05,19.33,0,0
20071204,19.15,19.35,19.07,19.35,0,0
20071205,19.3,19.7,19.3,19.7,0,0
20071206,19.85,19.9,19.71,19.81,0,0
20071207,19.78,20,19.64,19.99,0,0
20071210,19.95,20.03,19.87,20.03,0,0
20071211,19.94,19.98,19.7,19.85,0,0
20071212,19.65,19.82,19.45,19.82,0,0
20071213,19.61,19.61,19.39,19.51,0,0
20071214,19.54,19.54,19.23,19.39,0,0
20071217,19.33,19.33,18.82,19.13,0,0
20071218,18.95,19.2,18.78,19.11,0,0
20071219,19,19,18.61,19,0,0
20071220,18.79,18.86,18.53,18.78,0,0
20071221,18.62,18.87,18.62,18.87,0,0
20071227,18.89,19.18,18.89,19.18,0,0
20071228,19.16,19.27,19.01,19.27,0,0
20080102,19.24,19.39,19.06,19.39,0,0
20080103,19.06,19.28,19.01,19.28,0,0
20080104,19.38,19.39,19.02,19.11,0,0
20080107,18.77,18.77,18.49,18.73,0,0
20080108,18.6,18.6,18.32,18.58,0,0
20080109,18.32,18.32,17.76,17.94,0,0
20080110,17.9,18.06,17.13,17.32,0,0
20080111,17.354,17.376,17.023,17.09,0,0
20080114,16.6,16.6,16.6,16.6,0,0
20080115,16.49,16.58,16.08,16.12,0,0
20080116,15.16,15.49,15.02,15.48,0,0
20080117,15.69,15.93,15.38,15.54,0,0
20080118,15.58,15.98,15.52,15.95,0,0
20080121,15.89,15.91,15.39,15.43,0,0
20080122,14.92,15.31,14.92,15.14,0,0
20080123,15.47,15.61,15.15,15.36,0,0
20080124,15.66,16.18,15.66,16.18,0,0
20080125,16.45,16.62,16.31,16.58,0,0
20080128,16.26,16.42,16.26,16.42,0,0
20080129,16.65,16.91,16.56,16.8,0,0
20080130,16.91,16.96,16.83,16.96,0,0
20080131,17,17,16.78,16.86,0,0
20080201,17.12,17.28,17.04,17.28,0,0
20080204,17.47,17.5,17.35,17.41,0,0
20080205,17.27,17.34,17.03,17.11,0,0
20080206,16.84,17.28,16.71,17.26,0,0
20080207,17.22,17.32,16.88,17.08,0,0
20080208,17.15,17.15,16.95,17.1,0,0
20080211,16.98,17.44,16.98,17.44,0,0
20080212,17.49,18.37,17.43,18.37,0,0
20080213,18.44,18.59,18.35,18.59,0,0
20080214,18.67,18.67,18.42,18.49,0,0
20080215,18.46,18.49,18.22,18.45,0,0
20080218,18.47,18.62,18.33,18.47,0,0
20080219,18.39,18.65,18.39,18.65,0,0
20080220,18.66,18.69,18.53,18.67,0,0
20080221,18.83,18.88,18.67,18.86,0,0
20080222,18.82,18.85,18.6,18.75,0,0
20080225,18.88,18.92,18.59,18.59,0,0
20080226,18.67,18.79,18.51,18.78,0,0
20080227,18.84,18.94,18.71,18.89,0,0
20080228,18.91,18.92,18.62,18.64,0,0
20080229,18.6,18.92,18.29,18.92,0,0
20080303,18.53,19.73,18.06,19.73,0,0
20080304,19.84,19.89,19.57,19.71,0,0
20080305,19.75,19.88,19.62,19.88,0,0
20080306,19.96,20.07,19.78,20.06,0,0
20080307,19.88,19.88,19.62,19.84,0,0
20080310,19.78,19.97,19.76,19.97,0,0
20080311,19.94,20.11,19.89,20.08,0,0
20080312,20.24,20.3,20.05,20.12,0,0
20080313,20.08,20.09,19.67,19.86,0,0
20080314,19.83,20.1,19.83,20.01,0,0
20080317,19.85,19.89,19.42,19.64,0,0
20080318,19.64,20,19.6,19.65,0,0
20080319,19.7,19.71,19.49,19.55,0,0
20080320,19.34,19.44,19.14,19.44,0,0
20080325,19.38,19.58,19.38,19.57,0,0
20080326,19.6,19.65,19.53,19.65,0,0
20080327,19.72,19.82,19.68,19.82,0,0
20080328,19.95,19.95,19.95,19.95,0,0
20080331,19.88,19.88,19.88,19.88,0,0
20080401,19.86,19.9,19.79,19.84,0,0
20080402,19.94,19.94,19.89,19.89,0,0
20080403,20.12,20.12,19.69,19.69,0,0
20080404,19.71,19.77,19.56,19.77,0,0
20080407,19.83,19.87,19.72,19.76,0,0
20080408,19.65,19.65,19.41,19.5,0,0
20080409,19.54,19.58,19.48,19.53,0,0
20080410,19.52,21.13,19.33,21.03,0,0
20080411,20.99,21.01,20.79,20.87,0,0
20080414,20.76,20.76,20.59,20.6,0,0
20080415,20.7,20.7,20.44,20.56,0,0
20080416,20.54,20.67,20.45,20.61,0,0
20080417,20.7,20.72,20.52,20.56,0,0
20080418,20.52,20.61,20.44,20.61,0,0
20080421,20.72,20.72,20.14,20.26,0,0
20080422,20.28,20.28,19.58,19.7,0,0
20080423,19.61,19.61,19.27,19.44,0,0
20080424,19.39,19.47,19.19,19.47,0,0
20080425,19.59,19.6,19.51,19.59,0,0
20080428,19.72,19.89,19.55,19.85,0,0
20080429,19.79,19.91,19.67,19.91,0,0
20080430,19.89,20.17,19.85,20.16,0,0
20080505,20.35,20.36,20.19,20.36,0,0
20080506,20.41,20.5,20.02,20.5,0,0
20080507,20.56,20.64,20.44,20.54,0,0
20080508,20.53,20.66,20.49,20.64,0,0
20080509,20.67,20.77,20.41,20.77,0,0
20080512,20.76,20.76,20.55,20.72,0,0
20080513,20.67,20.67,20.36,20.56,0,0
20080514,20.39,20.39,19.99,20.02,0,0
20080515,20.09,20.09,19.72,19.72,0,0
20080516,19.62,19.64,17.92,17.92,0,0
20080519,17.93,18.8,17.52,18.8,0,0
20080520,18.76,18.76,18.31,18.33,0,0
20080521,18.39,18.52,18.39,18.43,0,0
20080523,18.47,18.57,18.35,18.56,0,0
20080526,18.57,18.85,18.55,18.85,0,0
20080527,18.91,18.91,18.66,18.67,0,0
20080528,18.76,18.79,18.51,18.57,0,0
20080529,18.57,18.64,18.43,18.55,0,0
20080530,18.59,18.59,18.49,18.55,0,0
20080602,18.44,18.45,18.3,18.39,0,0
20080603,18.42,18.42,18.27,18.38,0,0
20080604,18.33,18.34,17.54,17.54,0,0
20080605,17.54,17.59,17.4,17.5,0,0
20080606,17.47,17.47,17.29,17.38,0,0
20080609,17.19,17.31,16.92,16.97,0,0
20080610,16.86,16.98,16.46,16.58,0,0
20080611,16.59,17.3,16.46,17.3,0,0
20080612,17.26,17.44,17.07,17.4,0,0
20080613,17.43,17.43,17.21,17.43,0,0
20080616,17.48,17.53,17.28,17.44,0,0
20080617,17.5,17.59,17.47,17.59,0,0
20080618,17.61,17.65,17.36,17.37,0,0
20080619,17.32,17.4,17.2,17.38,0,0
20080620,17.35,17.4,17.17,17.25,0,0
20080623,17.24,17.25,16.93,16.96,0,0
20080624,17,17.74,16.53,17.74,0,0
20080625,17.71,17.79,17.48,17.73,0,0
20080626,17.71,17.8,17.42,17.54,0,0
20080627,17.38,17.38,17.2,17.3,0,0
20080630,17.25,17.31,17.03,17.23,0,0
20080701,17.23,17.23,16.76,17.01,0,0
20080702,17.1,17.45,16.97,17.45,0,0
20080703,17.21,17.34,17.06,17.21,0,0
20080704,17.28,17.28,16.83,16.88,0,0
20080707,16.85,16.85,16.5,16.61,0,0
20080708,16.36,16.48,16.21,16.48,0,0
20080709,16.5,16.78,16.5,16.69,0,0
20080710,16.66,16.76,16.61,16.68,0,0
20080711,16.82,16.82,16.33,16.48,0,0
20080714,16.51,16.54,16.33,16.54,0,0
20080715,16.41,16.41,15.84,15.97,0,0
20080716,16.13,16.13,15.78,15.86,0,0
20080717,15.93,16.01,15.45,15.45,0,0
20080718,15.51,16.14,15.34,16.14,0,0
20080721,16.14,16.31,16.05,16.31,0,0
20080722,16.31,16.34,16.14,16.28,0,0
20080723,16.38,16.63,16.33,16.54,0,0
20080724,16.59,16.75,16.28,16.33,0,0
20080725,16.34,16.34,16.16,16.28,0,0
20080728,16.38,16.57,16.36,16.57,0,0
20080729,16.52,16.58,16.44,16.58,0,0
20080730,16.72,16.98,16.72,16.94,0,0
20080731,16.86,17.06,16.81,17.02,0,0
20080801,17.03,17.05,16.91,16.95,0,0
20080804,16.95,17.13,16.94,16.99,0,0
20080805,17.04,17.1,16.42,16.42,0,0
20080806,16.55,16.6,16.29,16.29,0,0
20080807,16.28,16.3,15.84,15.84,0,0
20080808,15.81,15.85,15.66,15.71,0,0
20080811,15.71,15.72,15.55,15.6,0,0
20080812,15.67,15.67,15.54,15.67,0,0
20080813,15.66,15.72,15.54,15.65,0,0
20080814,15.69,15.69,15.57,15.66,0,0
20080818,15.61,15.65,14.5,14.5,0,0
20080819,14.5,14.5,14.25,14.3,0,0
20080820,14.26,14.37,14.26,14.35,0,0
20080821,14.37,14.43,14.26,14.43,0,0
20080822,14.39,14.61,14.38,14.61,0,0
20080825,14.68,14.68,14.49,14.49,0,0
20080826,14.5,14.52,14.43,14.49,0,0
20080827,14.5,14.54,14.3,14.37,0,0
20080828,14.42,14.44,14.36,14.44,0,0
20080829,14.45,14.53,14.36,14.44,0,0
20080901,14.49,14.55,14.46,14.51,0,0
20080902,14.56,14.71,14.56,14.71,0,0
20080903,14.77,14.77,14.65,14.71,0,0
20080904,14.74,14.94,14.7,14.87,0,0
20080905,14.71,14.71,14.6,14.61,0,0
20080908,14.59,14.71,14.59,14.63,0,0
20080909,14.68,14.69,14.49,14.69,0,0
20080910,14.71,14.71,14.4,14.49,0,0
20080911,14.55,14.55,14.38,14.38,0,0
20080912,14.43,14.5,14.33,14.35,0,0
20080915,11.76,11.76,11.33,11.34,0,0
20080916,11.26,11.26,11,11.08,0,0
20080917,11.11,11.14,10.84,10.84,0,0
20080918,10.66,10.8,10.57,10.8,0,0
20080919,10.97,11.22,10.8,11.21,0,0
20080922,11.35,11.86,11.15,11.86,0,0
20080923,11.85,11.85,11.57,11.66,0,0
20080924,11.67,11.67,11.54,11.61,0,0
20080925,11.65,11.78,11.62,11.78,0,0
20080926,11.76,11.76,11.56,11.69,0,0
20080929,11.69,11.69,11.4,11.4,0,0
20080930,10.99,11.27,10.99,11.27,0,0
20081001,11.38,11.4,11.14,11.28,0,0
20081002,11.39,11.39,11.03,11.04,0,0
20081003,11.07,11.07,10.78,10.84,0,0
20081006,10.7,10.82,10.24,10.82,0,0
20081007,10.85,10.87,10.48,10.63,0,0
20081008,10.19,10.63,9.89,10.22,0,0
20081009,10.31,10.32,10.06,10.13,0,0
20081010,9.83,9.84,9.29,9.46,0,0
20081013,9.69,9.88,9.46,9.7,0,0
20081014,10.13,10.23,10.04,10.17,0,0
20081015,10.12,10.12,9.8,9.88,0,0
20081016,9.63,9.72,9.59,9.71,0,0
20081017,9.91,9.91,9.46,9.55,0,0
20081020,9.62,9.67,9.49,9.5,0,0
20081021,9.66,9.66,9.37,9.39,0,0
20081022,9.47,9.47,8.95,9.05,0,0
20081023,9.08,9.08,8.47,8.57,0,0
20081024,8.62,8.62,8.29,8.45,0,0
20081027,8.41,8.41,8.15,8.32,0,0
20081028,8.39,8.41,8.35,8.35,0,0
20081029,8.54,8.66,8.45,8.66,0,0
20081030,8.87,8.87,8.7,8.79,0,0
20081031,8.85,8.88,8.76,8.87,0,0
20081103,8.89,9.05,8.89,9,0,0
20081104,9.12,9.23,9.12,9.2,0,0
20081105,9.33,9.33,9.06,9.16,0,0
20081106,9.11,9.19,8.92,9.19,0,0
20081107,9.19,9.26,9.17,9.23,0,0
20081110,9.38,9.38,9.22,9.27,0,0
20081112,9.28,9.28,8.82,8.9,0,0
20081113,8.84,8.9,8.77,8.85,0,0
20081114,8.94,9.11,8.94,8.98,0,0
20081117,8.94,9.19,8.79,9.19,0,0
20081118,9.18,9.18,8.92,9.13,0,0
20081119,9.28,9.28,9.1,9.1,0,0
20081120,8.97,8.98,8.82,8.83,0,0
20081121,8.8,8.94,8.8,8.83,0,0
20081124,8.97,9.02,8.85,9.02,0,0
20081125,9.06,9.07,8.89,8.9,0,0
20081126,8.93,8.98,8.83,8.91,0,0
20081127,8.98,9,8.89,8.89,0,0
20081128,8.98,8.99,8.78,8.82,0,0
20081201,8.84,8.88,8.68,8.69,0,0
20081202,8.54,8.69,8.54,8.66,0,0
20081203,8.74,8.76,8.54,8.6,0,0
20081204,8.62,8.76,8.47,8.76,0,0
20081205,8.78,8.78,8.64,8.75,0,0
20081208,8.86,8.92,8.84,8.9,0,0
20081209,8.93,8.93,8.75,8.86,0,0
20081210,8.9,8.9,8.67,8.79,0,0
20081211,8.82,8.82,8.66,8.7,0,0
20081212,8.58,8.58,8.47,8.51,0,0
20081215,8.62,8.62,8.45,8.51,0,0
20081216,8.46,8.51,8.31,8.31,0,0
20081217,8.34,8.41,8.13,8.41,0,0
20081218,8.44,8.44,8.19,8.24,0,0
20081219,8.22,8.22,8.05,8.13,0,0
20081222,8.14,8.14,7.9,7.94,0,0
20081223,7.94,7.94,7.71,7.83,0,0
20081229,7.77,7.84,7.76,7.82,0,0
20081230,7.84,7.89,7.79,7.86,0,0
20081231,7.89,7.92,7.8,7.91,0,0
20090105,7.99,8.14,7.91,8.1,0,0
20090106,8.13,8.21,8.13,8.18,0,0
20090107,8.21,8.24,7.99,8.05,0,0
20090108,8.06,8.06,7.93,7.94,0,0
20090109,7.97,7.99,7.87,7.89,0,0
20090112,7.96,8.02,7.92,7.94,0,0
20090113,7.86,7.86,7.7,7.79,0,0
20090114,7.85,7.85,7.57,7.6,0,0
20090115,7.58,7.6,7.45,7.54,0,0
20090116,7.67,7.67,7.49,7.54,0,0
20090119,7.56,7.56,7.38,7.44,0,0
20090120,7.39,7.39,7.26,7.26,0,0
20090121,7.2,7.25,7.08,7.24,0,0
20090122,7.33,7.33,7.06,7.15,0,0
20090123,7.17,7.17,7.03,7.15,0,0
20090126,7.2,7.2,7.05,7.11,0,0
20090127,7.12,7.12,6.98,7.05,0,0
20090128,7.11,7.11,6.97,7.01,0,0
20090129,7.03,7.03,6.94,6.94,0,0
20090130,7.01,7.01,6.83,6.92,0,0
20090202,6.87,6.87,6.7,6.7,0,0
20090203,6.68,6.7,6.58,6.62,0,0
20090204,6.6,6.67,6.55,6.65,0,0
20090205,6.67,6.68,6.55,6.55,0,0
20090206,6.65,6.73,6.61,6.72,0,0
20090209,6.77,6.79,6.69,6.78,0,0
20090210,6.85,6.93,6.84,6.92,0,0
20090211,6.81,6.86,6.71,6.86,0,0
20090212,6.89,6.89,6.7,6.74,0,0
20090213,6.79,6.89,6.68,6.89,0,0
20090216,6.88,6.88,6.67,6.74,0,0
20090217,6.69,6.69,6.45,6.45,0,0
20090218,6.41,6.41,6.22,6.23,0,0
20090219,6.32,6.41,6.32,6.38,0,0
20090220,6.32,6.35,6.23,6.33,0,0
20090223,6.45,6.49,6.28,6.28,0,0
20090224,6.27,6.27,6.15,6.21,0,0
20090225,6.31,6.31,6.22,6.22,0,0
20090226,6.21,6.21,6.09,6.19,0,0
20090227,6.16,6.17,6.09,6.12,0,0
20090302,6.1,8.91,5.96,8.91,0,0
20090303,8.84,9.51,8.69,9.51,0,0
20090304,9.59,10.51,9.51,10.51,0,0
20090305,10.65,10.76,10.54,10.54,0,0
20090306,10.47,10.67,10.47,10.66,0,0
20090309,10.74,10.91,10.7,10.88,0,0
20090310,10.86,11.17,9.78,9.78,0,0
20090311,9.97,9.97,9.72,9.74,0,0
20090312,9.73,9.78,9.6,9.77,0,0
20090313,9.92,10.01,9.88,9.88,0,0
20090316,10.02,10.04,9.86,9.9,0,0
20090317,9.92,9.92,9.81,9.86,0,0
20090318,9.88,9.89,9.74,9.87,0,0
20090319,9.91,10.01,9.79,10.01,0,0
20090320,10.01,10.14,10.01,10.06,0,0
20090323,10.16,10.42,10.16,10.42,0,0
20090324,10.66,10.66,10.47,10.52,0,0
20090325,10.64,10.89,10.64,10.89,0,0
20090326,11.11,11.2,11.03,11.04,0,0
20090327,11.17,11.25,10.86,10.96,0,0
20090330,10.95,11.01,10.74,10.74,0,0
20090331,10.73,10.94,10.73,10.87,0,0
20090401,10.97,10.97,10.78,10.89,0,0
20090402,11.05,11.05,11.05,11.05,0,0
20090403,11.22,11.44,11.15,11.25,0,0
20090406,11.47,11.75,11.47,11.63,0,0
20090407,11.94,12.05,11.91,12.04,0,0
20090408,11.95,12.42,11.95,12.41,0,0
20090409,12.54,12.87,12.36,12.87,0,0
20090414,12.97,13.11,12.97,13.11,0,0
20090415,13.22,13.35,13.14,13.33,0,0
20090416,13.61,13.61,13.29,13.58,0,0
20090417,13.75,13.75,13.38,13.53,0,0
20090420,13.39,13.39,13.04,13.07,0,0
20090421,12.86,13.23,12.86,13.23,0,0
20090422,13.3,13.57,13.3,13.51,0,0
20090423,13.55,13.7,13.54,13.7,0,0
20090424,13.73,13.87,13.62,13.87,0,0
20090427,13.89,13.94,13.81,13.93,0,0
20090428,13.86,13.86,13.67,13.7,0,0
20090429,13.79,14.06,13.79,14.04,0,0
20090430,14.15,14.25,14.07,14.25,0,0
20090504,14.3,14.63,14.21,14.63,0,0
20090505,14.65,14.65,14.04,14.04,0,0
20090506,13.9,14.34,13.9,14.34,0,0
20090507,14.32,14.45,14.26,14.28,0,0
20090508,14.37,15.33,14.24,15.33,0,0
20090511,15.37,15.45,15.27,15.35,0,0
20090512,15.4,15.57,15.39,15.56,0,0
20090513,15.75,15.75,15.49,15.55,0,0
20090514,15.57,15.92,15.31,15.92,0,0
20090515,15.93,15.97,15.81,15.81,0,0
20090518,15.87,17,15.63,17,0,0
20090519,17.1,17.27,16.97,17.09,0,0
20090520,17.1,17.23,17.05,17.06,0,0
20090521,17.15,17.15,16.88,17.05,0,0
20090522,16.98,17.22,16.98,17.19,0,0
20090525,17.18,17.19,16.84,17.08,0,0
20090526,17.08,17.11,16.85,16.92,0,0
20090527,17.05,17.32,16.92,17.32,0,0
20090528,17.3,17.3,17.27,17.27,0,0
20090529,17.2,17.26,17.15,17.16,0,0
20090601,17.37,17.37,17.37,17.37,0,0
20090602,17.5,17.6,17.4,17.6,0,0
20090603,17.64,17.86,17.6,17.86,0,0
20090604,17.8,17.9,17.73,17.86,0,0
20090605,17.94,18.07,17.9,17.9,0,0
20090608,17.89,17.89,17.56,17.63,0,0
20090609,17.61,17.76,17.61,17.67,0,0
20090610,17.8,17.94,17.75,17.77,0,0
20090612,17.75,18.15,17.75,18.14,0,0
20090615,18.18,18.18,17.91,17.98,0,0
20090616,17.86,18.19,17.84,18.19,0,0
20090617,18.29,18.4,18.02,18.02,0,0
20090618,18.06,18.06,17.72,17.91,0,0
20090619,17.93,17.99,17.86,17.99,0,0
20090622,17.99,17.99,17.68,17.68,0,0
20090623,17.39,17.6,17.32,17.59,0,0
20090624,17.57,17.83,17.57,17.76,0,0
20090625,17.74,17.77,17.68,17.75,0,0
20090626,17.89,18.31,17.89,18.31,0,0
20090629,18.24,18.51,18.24,18.51,0,0
20090630,18.48,18.48,18.24,18.33,0,0
20090701,18.31,18.61,18.31,18.61,0,0
20090702,18.64,18.69,18.36,18.36,0,0
20090703,18.31,18.36,18.26,18.31,0,0
20090706,18.26,18.26,17.96,18.14,0,0
20090707,18.22,18.29,18.13,18.19,0,0
20090708,18.14,18.27,18.12,18.27,0,0
20090709,18.33,18.35,18.18,18.22,0,0
20090710,18.23,18.28,18.16,18.28,0,0
20090713,18.21,18.29,18,18.01,0,0
20090714,18.18,18.29,18.13,18.21,0,0
20090715,18.35,18.49,18.19,18.49,0,0
20090716,18.63,18.63,18.47,18.54,0,0
20090717,18.69,18.82,18.63,18.74,0,0
20090720,18.74,18.97,18.68,18.96,0,0
20090721,19.08,19.45,19.08,19.45,0,0
20090722,19.42,19.63,19.31,19.63,0,0
20090723,19.43,20.21,19.43,20.2,0,0
20090724,20.51,20.68,20.35,20.41,0,0
20090727,20.39,20.48,20.36,20.37,0,0
20090728,20.58,20.59,20.27,20.38,0,0
20090729,20.42,20.64,20.36,20.51,0,0
20090730,20.57,21.04,20.57,21.04,0,0
20090731,21.21,21.24,21.01,21.02,0,0
20090803,21.27,21.74,21.27,21.74,0,0
20090804,21.91,21.91,21.51,21.71,0,0
20090805,21.79,21.99,21.67,21.67,0,0
20090806,21.6,21.8,21.54,21.73,0,0
20090807,21.91,21.91,21.54,21.81,0,0
20090810,21.82,22.29,21.81,22.29,0,0
20090811,22.3,22.47,22.16,22.2,0,0
20090812,22.04,22.2,21.96,22.12,0,0
20090813,22.12,22.36,22.12,22.27,0,0
20090814,22.36,22.42,22.24,22.32,0,0
20090817,22.27,22.27,21.78,21.99,0,0
20090818,21.81,22.21,21.81,22.21,0,0
20090819,22.23,22.31,22.05,22.31,0,0
20090820,22.5,22.96,22.5,22.92,0,0
20090821,23.06,23.23,23.05,23.17,0,0
20090824,23.39,23.42,22.47,22.47,0,0
20090825,22.47,22.47,22.2,22.43,0,0
20090826,22.52,22.52,21.88,22.11,0,0
20090827,22.1,22.34,21.99,22.08,0,0
20090828,22.17,22.5,22.17,22.42,0,0
20090831,22.44,22.67,22.44,22.67,0,0
20090901,22.41,22.44,20.08,20.08,0,0
20090902,19.7,21.01,19.27,21.01,0,0
20090903,20.83,27.24,20.83,27.24,0,0
20090904,27.24,27.78,27.24,27.78,0,0
20090907,27.62,28.14,27.54,28.14,0,0
20090908,28.29,28.39,28.06,28.16,0,0
20090909,28.17,28.21,27.89,28.21,0,0
20090910,28.27,28.44,28.13,28.44,0,0
20090911,28.24,28.31,27.83,28.31,0,0
20090914,27.86,27.86,27.39,27.5,0,0
20090915,27.42,27.61,27.41,27.61,0,0
20090916,27.78,28.28,27.78,28.28,0,0
20090917,28.45,28.75,28.19,28.75,0,0
20090918,28.69,28.89,28.62,28.89,0,0
20090921,28.84,28.93,28.5,28.8,0,0
20090922,28.62,29.18,28.58,29.18,0,0
20090923,29.05,29.05,28.8,29.02,0,0
20090924,28.98,28.98,28.7,28.82,0,0
20090925,28.75,28.96,28.75,28.88,0,0
20090928,28.84,29.28,28.84,29.28,0,0
20090929,29.17,29.17,28.76,29.17,0,0
20090930,29.09,29.09,28.83,29.06,0,0
20091001,29.08,29.15,28.86,29.15,0,0
20091002,28.87,28.87,28.31,28.58,0,0
20091005,28.5,28.77,28.48,28.68,0,0
20091006,28.74,29.2,28.7,29.2,0,0
20091007,29.18,29.18,28.84,29.01,0,0
20091008,28.99,28.99,28.66,28.85,0,0
20091009,28.74,28.93,28.74,28.93,0,0
20091012,29,29,28.56,28.76,0,0
20091013,28.69,28.76,28.39,28.71,0,0
20091014,28.61,28.84,28.6,28.84,0,0
20091015,28.88,28.88,28.41,28.58,0,0
20091016,28.6,28.6,28.23,28.46,0,0
20091019,28.4,28.44,28.11,28.38,0,0
20091020,28.4,28.5,27.89,28.05,0,0
20091021,27.92,28.02,27.7,27.7,0,0
20091022,27.77,27.77,27.31,27.7,0,0
20091023,27.87,28.05,27.78,28.05,0,0
20091026,27.71,28.15,27.71,28.13,0,0
20091027,28.19,28.19,27.5,27.67,0,0
20091028,27.59,27.76,27.32,27.5,0,0
20091029,27.31,27.58,27.23,27.58,0,0
20091030,27.65,27.65,27.27,27.5,0,0
20091102,27.26,27.74,27.18,27.74,0,0
20091103,27.69,27.9,27.44,27.9,0,0
20091104,27.85,27.89,27.69,27.88,0,0
20091105,27.75,27.75,23.28,23.28,0,0
20091106,23.32,23.32,22.88,22.88,0,0
20091109,22.89,23.08,22.61,22.61,0,0
20091110,22.62,22.81,22.48,22.67,0,0
20091112,22.7,22.85,22.63,22.81,0,0
20091113,22.77,25.1,22.59,25.1,0,0
20091116,25.14,25.34,22.85,22.85,0,0
20091117,22.97,24.23,22.66,24.23,0,0
20091118,24.24,24.24,19.46,19.46,0,0
20091119,19.41,19.44,19.13,19.13,0,0
20091120,19.2,19.45,18.99,19.45,0,0
20091123,19.58,19.72,19.43,19.72,0,0
20091124,19.71,19.71,19.48,19.48,0,0
20091125,19.49,19.49,19.32,19.37,0,0
20091126,19.26,19.26,19.1,19.16,0,0
20091127,18.96,19.07,18.8,19.06,0,0
20091130,19.21,19.21,19.07,19.11,0,0
20091201,19.13,19.31,19.1,19.1,0,0
20091202,19.13,19.44,19.13,19.36,0,0
20091203,19.37,19.56,19.37,19.51,0,0
20091204,19.55,19.66,19.34,19.66,0,0
20091207,19.6,19.8,19.6,19.8,0,0
20091208,19.83,19.9,19.68,19.8,0,0
20091209,19.82,19.89,19.65,19.72,0,0
20091210,19.81,19.83,19.67,19.75,0,0
20091211,19.8,19.8,19.63,19.67,0,0
20091214,19.73,19.91,19.61,19.63,0,0
20091215,19.74,19.78,18.81,18.81,0,0
20091216,18.72,19.03,18.72,19.01,0,0
20091217,19.13,19.17,18.89,19.04,0,0
20091218,19.01,19.29,19.01,19.21,0,0
20091221,19.12,19.31,19.02,19.3,0,0
20091222,19.11,19.3,19.08,19.26,0,0
20091223,19.22,19.26,18.99,19.08,0,0
20091228,19.13,19.13,18.92,18.92,0,0
20091229,18.95,19.75,18.9,19.75,0,0
20091230,19.75,19.78,19.61,19.77,0,0
20091231,19.71,19.83,19.68,19.78,0,0
20100104,19.89,20.09,19.23,19.23,0,0
20100105,19.22,19.44,19.22,19.43,0,0
20100106,19.38,19.52,19.36,19.51,0,0
20100107,19.5,19.5,19.33,19.41,0,0
20100108,19.48,19.68,19.48,19.62,0,0
20100111,19.58,19.76,19.58,19.69,0,0
20100112,19.68,19.68,19.44,19.65,0,0
20100113,19.63,19.74,19.51,19.73,0,0
20100114,19.79,19.9,19.78,19.85,0,0
20100115,19.79,20.03,19.79,19.88,0,0
20100118,19.83,20.11,19.83,20.11,0,0
20100119,20.16,20.3,20.08,20.29,0,0
20100120,20.22,20.32,20.13,20.23,0,0
20100121,20.17,20.23,19.95,20.15,0,0
20100122,19.79,19.85,19.56,19.75,0,0
20100125,19.47,19.55,19.39,19.49,0,0
20100126,19.37,19.37,19.18,19.37,0,0
20100127,19.19,19.49,19.19,19.4,0,0
20100128,19.34,19.66,19.31,19.53,0,0
20100129,19.47,19.68,19.41,19.65,0,0
20100201,19.57,19.61,19.48,19.61,0,0
20100202,19.55,19.71,19.53,19.66,0,0
20100203,19.56,19.83,19.56,19.83,0,0
20100204,19.78,19.81,19.46,19.49,0,0
20100205,19.24,19.26,18.89,19.21,0,0
20100208,19.19,19.39,18.97,19.17,0,0
20100209,19.05,19.35,18.99,19.34,0,0
20100210,19.29,19.32,19.17,19.2,0,0
20100211,19.24,19.28,19.11,19.28,0,0
20100212,19.33,20.66,19.26,20.66,0,0
20100215,20.66,20.81,20.59,20.79,0,0
20100216,20.86,20.95,20.83,20.9,0,0
20100217,20.96,21,20.79,21,0,0
20100218,20.93,20.95,20.82,20.86,0,0
20100219,20.76,21.02,20.76,21,0,0
20100222,20.99,21.07,20.87,21,0,0
20100223,20.97,21.04,20.83,20.85,0,0
20100224,20.77,20.97,18.9,18.9,0,0
20100225,18.83,18.83,18.58,18.6,0,0
20100226,18.53,18.85,18.47,18.85,0,0
20100301,18.96,22.25,18.79,22.25,0,0
20100302,22.28,22.46,18.82,18.82,0,0
20100303,18.81,18.84,17.29,17.29,0,0
20100304,17.29,17.55,17.26,17.53,0,0
20100305,17.61,17.74,17.61,17.73,0,0
20100308,17.78,18.11,17.78,18.03,0,0
20100309,18.07,18.13,17.94,18.13,0,0
20100310,18.12,18.46,18.12,18.44,0,0
20100311,18.51,18.91,18.51,18.9,0,0
20100312,18.97,18.98,18.72,18.84,0,0
20100315,18.8,18.89,18.66,18.86,0,0
20100316,19.08,19.08,18.91,18.99,0,0
20100317,19.09,19.19,19.08,19.13,0,0
20100318,19.19,19.28,19.08,19.15,0,0
20100319,19.09,19.21,18.92,19.06,0,0
20100322,19.02,19.02,18.65,18.83,0,0
20100323,18.85,18.94,18.85,18.91,0,0
20100324,18.97,19.07,18.9,19.01,0,0
20100325,18.93,19.27,18.93,19.27,0,0
20100326,19.22,19.22,19.08,19.16,0,0
20100329,19.19,19.37,19.12,19.26,0,0
20100330,19.18,19.5,19.18,19.46,0,0
20100331,19.43,19.65,19.41,19.6,0,0
20100401,19.6,19.74,19.55,19.65,0,0
20100406,19.75,19.82,19.66,19.81,0,0
20100407,19.81,19.81,19.63,19.7,0,0
20100408,19.68,19.68,19.52,19.6,0,0
20100409,20.64,20.81,20.59,20.81,0,0
20100412,19.58,19.95,19.58,19.94,0,0
20100413,19.91,20.18,19.91,20.18,0,0
20100414,20.13,20.47,20.13,20.45,0,0
20100415,20.47,20.59,20.25,20.41,0,0
20100416,20.22,20.22,20,20.09,0,0
20100419,19.74,19.78,19.5,19.65,0,0
20100420,19.61,20.17,19.61,20.17,0,0
20100421,20.12,20.2,20,20.18,0,0
20100422,20.13,20.13,19.87,20.01,0,0
20100423,20.05,20.28,20.04,20.28,0,0
20100426,20.4,20.5,20.36,20.4,0,0
20100427,20.35,20.35,20.21,20.26,0,0
20100428,20.04,20.1,19.86,20.09,0,0
20100429,20.19,20.3,20.04,20.3,0,0
20100430,20.39,20.43,20.25,20.41,0,0
20100504,20.43,20.45,19.94,19.95,0,0
20100505,19.64,19.77,19.22,19.22,0,0
20100506,18.96,19.2,18.96,18.98,0,0
20100507,18.35,18.43,18.22,18.35,0,0
20100510,18.36,19.3,18.36,18.82,0,0
20100511,18.94,18.94,18.59,18.65,0,0
20100512,18.65,18.79,18.49,18.49,0,0
20100513,18.55,18.62,18.08,18.08,0,0
20100514,18.14,18.14,17.85,17.97,0,0
20100517,17.78,17.8,17.16,17.16,0,0
20100518,17.15,17.22,16.87,16.87,0,0
20100519,16.76,16.76,15.86,15.86,0,0
20100520,15.73,15.75,15.33,15.33,0,0
20100521,15.22,15.37,15.12,15.35,0,0
20100524,15.34,15.55,15.34,15.53,0,0
20100525,15.4,15.4,15.07,15.07,0,0
20100526,15.16,15.62,15.16,15.58,0,0
20100527,15.69,15.69,15.56,15.68,0,0
20100528,15.84,15.93,15.83,15.83,0,0
20100531,15.89,15.92,15.78,15.88,0,0
20100601,15.84,15.84,14.42,14.42,0,0
20100602,15.85,15.89,15.73,15.81,0,0
20100604,15.82,15.89,15.55,15.64,0,0
20100607,15.5,15.56,15.38,15.56,0,0
20100608,15.49,15.62,15.37,15.62,0,0
20100609,15.58,15.63,15.47,15.56,0,0
20100610,15.56,15.65,15.45,15.61,0,0
20100611,15.62,15.78,15.62,15.69,0,0
20100614,15.72,15.72,15.5,15.65,0,0
20100615,15.61,15.64,15.49,15.57,0,0
20100616,15.61,15.69,15.54,15.67,0,0
20100617,15.69,15.69,15.54,15.54,0,0
20100618,15.52,15.58,15.43,15.53,0,0
20100621,15.6,15.63,15.51,15.53,0,0
20100622,15.55,15.58,15.46,15.48,0,0
20100623,15.44,15.44,15.24,15.24,0,0
20100624,15.32,15.32,15.11,15.18,0,0
20100625,15.22,15.22,15.05,15.05,0,0
20100628,15.16,15.21,15.1,15.13,0,0
20100629,15.14,15.14,14.9,14.9,0,0
20100630,14.81,14.9,14.73,14.88,0,0
20100701,14.88,14.94,14.81,14.86,0,0
20100702,14.94,15.15,14.93,15.13,0,0
20100705,15.12,15.12,15.03,15.04,0,0
20100706,15.07,15.3,15.07,15.3,0,0
20100707,15.36,15.36,15.18,15.34,0,0
20100708,15.46,15.69,15.43,15.68,0,0
20100709,15.75,15.77,15.26,15.26,0,0
20100712,15.27,15.31,15.2,15.23,0,0
20100713,15.31,15.57,15.25,15.57,0,0
20100714,15.58,15.67,15.55,15.63,0,0
20100715,15.64,15.69,15.59,15.69,0,0
20100716,15.71,15.71,15.62,15.68,0,0
20100719,15.54,15.6,15.49,15.59,0,0
20100720,15.67,15.75,15.57,15.66,0,0
20100721,15.78,15.91,15.7,15.91,0,0
20100722,15.89,16.07,15.85,16.07,0,0
20100723,16.1,16.24,16.06,16.18,0,0
20100726,16.2,16.22,16.16,16.22,0,0
20100727,16.24,16.28,16.2,16.26,0,0
20100728,16.25,16.25,16.16,16.21,0,0
20100729,16.19,16.31,16.19,16.31,0,0
20100730,16.3,16.34,16.15,16.31,0,0
20100802,16.33,16.59,16.31,16.31,0,0
20100803,16.29,16.71,16.29,16.71,0,0
20100804,16.66,16.72,16.56,16.71,0,0
20100805,16.67,16.7,16.56,16.66,0,0
20100806,16.61,16.61,16.53,16.57,0,0
20100809,16.51,16.88,16.46,16.88,0,0
20100810,16.79,16.79,16.65,16.65,0,0
20100811,16.58,16.58,16.45,16.46,0,0
20100812,16.46,17.05,16.28,17.05,0,0
20100813,17.09,17.16,16.98,17.16,0,0
20100816,17.13,17.13,17.02,17.08,0,0
20100817,17.16,17.3,17.08,17.3,0,0
20100818,17.31,17.36,17.2,17.35,0,0
20100819,17.36,17.38,17.31,17.36,0,0
20100820,17.38,17.39,17.3,17.38,0,0
20100823,17.39,17.43,17.26,17.39,0,0
20100824,17.35,17.35,17.04,17.09,0,0
20100825,17.12,17.12,16.96,17.11,0,0
20100826,17.11,17.11,16.95,16.99,0,0
20100827,16.91,17.11,16.91,17.11,0,0
20100830,17.21,17.35,17.11,17.29,0,0
20100831,17.13,17.38,16.98,17.38,0,0
20100901,17.32,17.56,15.59,15.59,0,0
20100902,15.6,15.81,14.52,14.52,0,0
20100903,14.52,15.84,14.5,15.84,0,0
20100906,15.9,16.11,15.9,16.07,0,0
20100907,16.08,16.08,15.93,15.93,0,0
20100908,15.92,15.93,15.77,15.89,0,0
20100909,15.92,16,15.85,15.99,0,0
20100910,15.94,16,15.92,16,0,0
20100913,16.03,16.19,16.03,16.18,0,0
20100914,16.15,16.15,16.07,16.15,0,0
20100915,16.15,16.22,16.07,16.22,0,0
20100916,16.22,16.3,16.19,16.3,0,0
20100917,16.34,16.37,16.26,16.35,0,0
20100920,16.28,16.34,16.19,16.25,0,0
20100921,16.32,16.32,16.17,16.24,0,0
20100922,16.23,16.25,16.01,16.25,0,0
20100923,16.27,16.27,16.1,16.19,0,0
20100924,16.13,16.29,16.05,16.29,0,0
20100927,16.35,16.35,16.17,16.2,0,0
20100928,16.2,16.2,16.06,16.16,0,0
20100929,16.18,16.28,16.08,16.28,0,0
20100930,16.29,16.38,16.21,16.37,0,0
20101001,16.39,16.42,16.24,16.31,0,0
20101004,16.35,16.4,16.29,16.38,0,0
20101005,16.4,16.58,16.4,16.58,0,0
20101006,16.55,16.61,16.39,16.51,0,0
20101007,16.49,16.49,16.34,16.42,0,0
20101008,16.43,16.43,16.28,16.34,0,0
20101011,16.28,16.35,16.22,16.26,0,0
20101012,16.25,16.25,15.99,16.16,0,0
20101013,16.21,16.33,16.2,16.3,0,0
20101014,16.36,16.36,16.15,16.26,0,0
20101015,16.24,16.29,16.11,16.28,0,0
20101018,16.22,16.24,16.11,16.21,0,0
20101019,16.1,16.19,16,16.04,0,0
20101020,15.96,16.04,15.9,16,0,0
20101021,15.95,16,15.88,16,0,0
20101022,15.99,16.16,15.96,16.16,0,0
20101025,16.1,16.24,16.1,16.23,0,0
20101026,16.18,16.18,16.01,16.14,0,0
20101027,16.07,16.33,16.07,16.33,0,0
20101028,16.36,16.39,16.25,16.26,0,0
20101029,16.24,16.29,16.16,16.29,0,0
20101102,16.31,16.39,16.31,16.36,0,0
20101103,16.38,16.42,16.29,16.39,0,0
20101104,16.38,16.4,16.24,16.39,0,0
20101105,16.31,16.35,16.26,16.35,0,0
20101108,16.44,16.44,16.13,16.13,0,0
20101109,16.2,16.23,16.04,16.17,0,0
20101110,16.21,16.21,16.07,16.16,0,0
20101112,16.12,16.18,16,16.18,0,0
20101115,16.17,16.24,16.07,16.24,0,0
20101116,16.28,17,16.1,17,0,0
20101117,17.02,17.17,16.96,17.15,0,0
20101118,17.19,17.19,16.8,16.8,0,0
20101119,16.78,16.94,16.57,16.94,0,0
20101122,16.96,16.97,16.61,16.76,0,0
20101123,16.75,16.79,16.63,16.64,0,0
20101124,16.6,16.71,16.58,16.71,0,0
20101125,16.76,16.81,16.6,16.6,0,0
20101126,16.55,16.55,16.37,16.41,0,0
20101129,16.34,16.37,16.27,16.33,0,0
20101130,16.31,16.44,16.24,16.44,0,0
20101201,16.5,16.7,16.48,16.65,0,0
20101202,16.74,16.87,16.74,16.81,0,0
20101203,16.92,16.92,16.73,16.78,0,0
20101206,16.86,16.93,16.75,16.93,0,0
20101207,16.97,16.97,16.75,16.97,0,0
20101208,17,17.04,16.86,17.04,0,0
20101209,17.07,17.07,16.97,17.05,0,0
20101210,17.07,17.12,17,17.12,0,0
20101213,17.14,17.14,16.94,17,0,0
20101214,17,17,16.84,16.91,0,0
20101215,16.93,17.05,16.76,17.01,0,0
20101216,16.94,16.99,16.78,16.98,0,0
20101217,17.01,17.01,16.81,16.9,0,0
20101220,16.85,16.9,16.67,16.74,0,0
20101221,16.72,16.79,16.63,16.63,0,0
20101222,16.57,16.64,16.49,16.6,0,0
20101223,16.63,16.63,16.5,16.56,0,0
20101227,16.53,16.7,16.44,16.7,0,0
20101228,16.63,16.77,16.62,16.77,0,0
20101229,16.77,16.92,16.7,16.92,0,0
20101230,16.87,17.03,16.76,17.03,0,0
20101231,17.05,17.19,17,17.18,0,0
20110103,17.22,17.24,16.94,17.03,0,0
20110104,17.05,17.08,16.92,17.08,0,0
20110105,17.13,17.13,16.88,16.94,0,0
20110107,16.83,16.92,16.83,16.85,0,0
20110110,16.9,16.91,16.76,16.83,0,0
20110111,16.9,16.91,16.79,16.91,0,0
20110112,16.91,16.91,16.82,16.88,0,0
20110113,16.85,16.88,16.76,16.83,0,0
20110114,16.81,16.81,16.68,16.76,0,0
20110117,16.63,16.63,16.54,16.61,0,0
20110118,16.6,16.82,16.6,16.82,0,0
20110119,16.8,16.84,16.75,16.84,0,0
20110120,16.82,16.9,16.79,16.87,0,0
20110121,16.86,16.9,16.76,16.9,0,0
20110124,16.99,16.99,16.84,16.86,0,0
20110125,16.87,16.88,16.77,16.87,0,0
20110126,16.88,16.95,16.85,16.94,0,0
20110127,16.96,17.07,16.92,16.99,0,0
20110128,16.93,16.93,16.93,16.93,0,0
20110131,16.74,16.77,16.58,16.77,0,0
20110201,16.77,16.93,16.75,16.88,0,0
20110202,16.88,16.88,16.67,16.82,0,0
20110203,16.82,16.82,16.72,16.78,0,0
20110204,16.78,16.82,16.7,16.82,0,0
20110207,16.82,16.9,16.77,16.9,0,0
20110208,16.9,16.99,16.81,16.99,0,0
20110209,16.99,17.01,16.83,16.98,0,0
20110210,16.98,16.98,16.72,16.75,0,0
20110211,16.75,16.81,16.75,16.81,0,0
20110214,16.81,16.91,16.76,16.84,0,0
20110215,16.84,16.94,16.78,16.94,0,0
20110216,16.94,17.05,16.92,16.94,0,0
20110217,16.94,16.98,16.79,16.81,0,0
20110218,16.81,16.97,16.7,16.97,0,0
20110221,16.97,16.98,16.82,16.95,0,0
20110222,16.95,16.99,16.8,16.92,0,0
20110223,16.92,16.92,16.65,16.87,0,0
20110224,16.87,17.27,16.7,17.27,0,0
20110225,17.27,17.33,17.19,17.27,0,0
20110228,17.27,17.29,17.04,17.11,0,0
20110301,17.11,17.12,16.74,16.74,0,0
20110302,16.74,16.75,16.48,16.75,0,0
20110303,16.75,16.88,15.8,15.8,0,0
20110304,15.8,15.8,15.62,15.72,0,0
20110307,15.72,15.72,15.49,15.5,0,0
20110308,15.5,15.6,15.46,15.6,0,0
20110309,15.6,15.62,15.5,15.56,0,0
20110310,15.56,16.41,15.43,16.41,0,0
20110311,16.41,16.41,15.47,15.47,0,0
20110314,15.47,15.51,14.9,14.9,0,0
20110315,14.9,14.9,14.4,14.76,0,0
20110316,14.76,14.83,14.71,14.78,0,0
20110317,14.78,14.87,14.73,14.87,0,0
20110318,14.87,14.95,14.85,14.91,0,0
20110321,14.91,14.95,14.84,14.95,0,0
20110322,14.95,14.98,14.55,14.55,0,0
20110323,14.55,14.57,14.45,14.56,0,0
20110324,14.56,14.63,14.3,14.3,0,0
20110325,14.3,14.39,14.22,14.39,0,0
20110328,14.39,14.47,14.3,14.47,0,0
20110329,14.47,14.51,14.37,14.4,0,0
20110330,14.4,14.41,14.33,14.37,0,0
20110331,14.37,14.38,14.28,14.38,0,0
20110401,14.38,14.38,14.3,14.37,0,0
20110404,14.37,14.37,14.23,14.3,0,0
20110405,14.3,14.32,14.2,14.32,0,0
20110406,14.32,14.41,14.24,14.41,0,0
20110407,14.41,14.45,14.33,14.39,0,0
20110408,14.39,14.44,14.3,14.44,0,0
20110411,14.44,14.53,14.36,14.53,0,0
20110412,14.52,14.53,14.33,14.45,0,0
20110413,14.45,14.46,14.34,14.44,0,0
20110414,14.44,14.46,14.25,14.33,0,0
20110415,14.33,14.33,14.22,14.27,0,0
20110418,14.27,14.32,14.14,14.22,0,0
20110419,14.22,14.4,14.21,14.4,0,0
20110420,14.4,14.52,14.31,14.52,0,0
20110421,14.52,14.55,14.43,14.55,0,0
20110426,14.55,14.55,14.4,14.49,0,0
20110427,14.49,14.49,14.33,14.48,0,0
20110428,14.48,14.49,14.4,14.49,0,0
20110429,14.49,14.55,14.4,14.54,0,0
20110502,14.54,14.56,14.44,14.56,0,0
20110504,14.56,14.94,14.39,14.94,0,0
20110505,14.94,14.94,14.82,14.9,0,0
20110506,14.9,14.91,14.82,14.88,0,0
20110509,14.88,14.92,14.79,14.92,0,0
20110510,14.92,14.94,14.61,14.61,0,0
20110511,14.61,14.61,14.4,14.5,0,0
20110512,14.48,14.49,13.91,13.91,0,0
20110513,13.91,14.1,13.81,14.1,0,0
20110516,14.11,14.16,13.13,13.13,0,0
20110517,13.13,13.14,12.97,12.97,0,0
20110518,12.97,12.97,12.85,12.96,0,0
20110519,12.96,13.11,12.89,13.11,0,0
20110520,13.11,13.14,12.98,13.12,0,0
20110523,13.12,13.13,12.82,12.93,0,0
20110524,12.93,13,12.84,12.86,0,0
20110525,12.86,12.91,12.84,12.91,0,0
20110526,12.91,12.97,12.81,12.86,0,0
20110527,12.86,12.93,12.86,12.93,0,0
20110530,12.93,12.99,12.89,12.97,0,0
20110531,12.97,13.03,12.92,13.02,0,0
20110601,13.02,13.06,12.92,12.92,0,0
20110602,12.92,12.93,12.79,12.93,0,0
20110603,12.93,12.93,12.81,12.91,0,0
20110606,12.91,12.91,12.72,12.81,0,0
20110607,12.81,12.83,12.76,12.77,0,0
20110608,12.77,12.77,12.66,12.72,0,0
20110609,12.69,12.69,12.55,12.66,0,0
20110610,12.66,12.67,12.55,12.59,0,0
20110613,12.59,12.61,12.48,12.55,0,0
20110614,12.55,12.59,12.53,12.59,0,0
20110615,12.59,12.59,12.5,12.56,0,0
20110616,12.56,12.56,12.3,12.41,0,0
20110617,12.41,12.48,12.34,12.47,0,0
20110620,12.45,12.47,12.26,12.32,0,0
20110621,12.32,12.32,12.11,12.21,0,0
20110622,12.21,12.21,12.11,12.2,0,0
20110624,12.2,12.2,12.02,12.03,0,0
20110627,12.03,12.03,11.76,11.84,0,0
20110628,11.83,11.89,11.76,11.83,0,0
20110629,11.83,11.97,11.81,11.97,0,0
20110630,11.97,12.05,11.94,12.05,0,0
20110701,12.04,12.14,12.02,12.12,0,0
20110704,12.12,12.14,12.02,12.13,0,0
20110705,12.13,12.13,11.98,12.09,0,0
20110706,12.09,12.09,11.77,11.8,0,0
20110707,11.8,11.88,11.79,11.88,0,0
20110708,11.88,11.88,11.7,11.77,0,0
20110711,11.77,11.78,11.58,11.6,0,0
20110712,11.6,11.6,11.27,11.45,0,0
20110713,11.45,11.52,11.35,11.52,0,0
20110714,11.52,11.54,11.42,11.48,0,0
20110715,11.48,11.52,11.36,11.42,0,0
20110718,11.42,11.43,11.14,11.23,0,0
20110719,11.23,11.27,11.2,11.22,0,0
20110720,11.22,11.22,11.12,11.21,0,0
20110721,11.21,11.22,10.99,11.09,0,0
20110722,11.09,11.14,11.05,11.14,0,0
20110725,11.14,11.14,10.94,11.1,0,0
20110726,11.1,11.15,10.95,11.03,0,0
20110727,11.03,11.04,10.94,11.02,0,0
20110728,11.02,11.02,10.9,10.98,0,0
20110729,10.98,10.98,10.81,10.96,0,0
20110801,10.96,10.96,10.84,10.89,0,0
20110802,10.89,10.89,10.76,10.85,0,0
20110803,10.85,10.85,10.32,10.38,0,0
20110804,10.38,10.38,9.84,9.92,0,0
20110805,9.92,11.73,9.24,11.73,0,0
20110808,11.73,11.73,10.94,10.99,0,0
20110809,10.99,10.99,10.24,10.53,0,0
20110810,10.53,11.19,10.43,10.48,0,0
20110811,10.48,10.82,10.36,10.82,0,0
20110812,10.82,11.42,10.82,11.42,0,0
20110816,11.42,12.32,11.42,12.32,0,0
20110817,12.32,12.44,12.18,12.43,0,0
20110818,12.43,12.43,11.24,11.24,0,0
20110819,11.24,11.24,10.89,10.89,0,0
20110822,10.88,10.98,10.82,10.92,0,0
20110823,10.92,11.09,10.9,10.9,0,0
20110824,10.9,10.92,10.8,10.89,0,0
20110825,10.89,10.91,10.81,10.84,0,0
20110826,10.84,12.06,10.71,12.06,0,0
20110829,12.06,12.3,11.92,12.3,0,0
20110830,12.3,12.49,12.28,12.47,0,0
20110831,12.47,12.59,12.38,12.38,0,0
20110901,12.38,12.41,12,12,0,0
20110902,12,12,11.63,11.97,0,0
20110905,11.97,11.97,10.27,10.27,0,0
20110906,10.27,10.37,10.09,10.24,0,0
20110907,10.24,10.46,10.24,10.46,0,0
20110908,10.46,10.48,10.35,10.41,0,0
20110909,10.41,10.44,10.03,10.03,0,0
20110912,10.03,10.03,9.6,9.85,0,0
20110913,9.86,9.92,9.66,9.84,0,0
20110914,9.84,9.9,9.75,9.86,0,0
20110915,9.86,10.07,9.86,10.04,0,0
20110916,10.04,10.07,9.89,9.89,0,0
20110919,9.89,9.95,9.63,9.7,0,0
20110920,9.7,9.89,9.65,9.89,0,0
20110921,9.89,9.94,9.74,9.84,0,0
20110922,9.85,9.85,9.48,9.6,0,0
20110923,9.6,9.6,9.31,9.52,0,0
20110926,9.51,9.65,9.47,9.6,0,0
20110927,9.6,9.75,9.6,9.74,0,0
20110928,9.74,9.85,9.65,9.73,0,0
20110929,9.73,9.78,9.69,9.73,0,0
20110930,9.74,9.83,9.72,9.83,0,0
20111003,9.83,9.83,9.61,9.69,0,0
20111004,9.69,9.69,9.31,9.47,0,0
20111005,9.47,9.65,9.46,9.65,0,0
20111006,9.65,9.81,9.65,9.81,0,0
20111007,9.81,9.84,9.73,9.79,0,0
20111010,9.79,9.81,9.7,9.72,0,0
20111011,9.72,9.75,9.66,9.72,0,0
20111012,9.72,9.89,9.7,9.89,0,0
20111013,9.89,9.9,9.7,9.72,0,0
20111014,9.72,9.81,9.68,9.81,0,0
20111017,9.81,10,9.76,9.88,0,0
20111018,9.88,9.9,9.76,9.9,0,0
20111019,9.9,9.98,9.89,9.98,0,0
20111020,9.98,9.98,9.82,9.87,0,0
20111021,9.87,9.99,9.87,9.98,0,0
20111024,9.98,10.12,9.98,10.11,0,0
20111025,10.11,10.13,9.97,10.01,0,0
20111026,10.01,10.03,9.9,9.9,0,0
20111027,9.9,10.1,9.9,10.1,0,0
20111028,10.1,10.14,9.98,10.09,0,0
20111031,10.09,10.23,10.03,10.23,0,0
20111102,10.23,10.23,9.93,10.1,0,0
20111103,10.1,10.16,10,10.1,0,0
20111104,10.1,10.19,9.9,9.92,0,0
20111107,9.92,10.02,9.9,10.02,0,0
20111108,10.03,10.13,10.03,10.13,0,0
20111109,10.13,10.15,9.9,9.91,0,0
20111110,9.91,9.91,9.77,9.86,0,0
20111114,9.86,9.96,9.83,9.92,0,0
20111115,9.92,9.92,8.42,8.42,0,0
20111116,8.42,8.42,8.26,8.36,0,0
20111117,8.36,8.38,8.1,8.1,0,0
20111118,8.1,8.15,7.97,8.15,0,0
20111121,8.15,8.25,8.01,8.25,0,0
20111122,8.25,8.25,8.12,8.19,0,0
20111123,8.19,8.19,8.02,8.12,0,0
20111124,8.12,8.16,7.98,8.01,0,0
20111125,8.01,8.01,7.92,7.97,0,0
20111128,7.97,8.03,7.94,7.99,0,0
20111129,7.99,8.04,7.95,8.04,0,0
20111130,8.04,8.08,7.96,8.08,0,0
20111201,8.08,8.18,8.05,8.15,0,0
20111202,8.06,8.14,8,8,0,0
20111205,8,8.03,7.89,7.94,0,0
20111206,7.94,7.94,7.76,7.82,0,0
20111207,7.82,7.86,7.73,7.86,0,0
20111208,7.86,7.91,7.81,7.84,0,0
20111209,7.84,7.84,7.71,7.8,0,0
20111212,7.8,7.82,7.69,7.82,0,0
20111213,7.82,7.82,7.74,7.77,0,0
20111214,7.77,7.77,7.66,7.67,0,0
20111215,7.67,7.69,7.46,7.52,0,0
20111216,7.52,7.55,7.44,7.45,0,0
20111219,7.45,7.46,7.31,7.37,0,0
20111220,7.37,7.37,7.19,7.33,0,0
20111221,7.33,7.39,7.26,7.38,0,0
20111222,7.38,7.39,7.26,7.3,0,0
20111223,7.3,7.32,7.21,7.24,0,0
20111227,7.24,7.31,7.19,7.21,0,0
20111228,7.21,7.28,7.19,7.25,0,0
20111229,7.25,7.4,7.25,7.4,0,0
20111230,7.4,7.5,7.37,7.49,0,0
20120102,7.49,7.64,7.49,7.54,0,0
20120103,7.54,7.67,7.54,7.67,0,0
20120104,7.67,7.69,7.58,7.58,0,0
20120105,7.58,7.63,7.56,7.59,0,0
20120109,7.59,7.65,7.58,7.64,0,0
20120110,7.64,7.69,7.6,7.69,0,0
20120111,7.69,7.71,7.65,7.69,0,0
20120112,7.69,7.78,7.69,7.78,0,0
20120113,7.78,7.78,7.62,7.69,0,0
20120116,7.69,7.71,7.62,7.71,0,0
20120117,7.71,7.9,7.7,7.85,0,0
20120118,7.85,7.97,7.85,7.94,0,0
20120119,7.94,7.97,7.83,7.97,0,0
20120120,7.97,8.04,7.9,8.04,0,0
20120123,8.04,8.08,7.98,8.03,0,0
20120124,8.03,8.07,7.98,8.05,0,0
20120125,8.05,8.17,8.05,8.15,0,0
20120126,8.68,8.75,8.67,8.74,0,0
20120127,8.74,8.79,8.7,8.79,0,0
20120130,8.79,8.81,8.75,8.8,0,0
20120131,8.8,8.93,8.8,8.93,0,0
20120201,8.93,9,8.93,8.98,0,0
20120202,8.98,9.06,8.92,9.03,0,0
20120203,9.03,9.17,9.03,9.13,0,0
20120206,9.13,9.37,9.13,9.37,0,0
20120207,9.37,9.43,9.33,9.4,0,0
20120208,9.4,9.5,9.37,9.48,0,0
20120209,9.48,9.51,9.32,9.4,0,0
20120210,9.4,9.42,9.27,9.39,0,0
20120213,9.39,9.4,9.33,9.39,0,0
20120214,9.39,9.46,9.34,9.46,0,0
20120215,9.46,9.58,9.44,9.58,0,0
20120216,9.58,9.58,9.44,9.56,0,0
20120217,9.56,9.79,9.56,9.79,0,0
20120220,9.79,9.88,9.77,9.87,0,0
20120221,9.87,9.93,9.8,9.91,0,0
20120222,9.91,9.92,9.72,9.74,0,0
20120223,9.74,9.75,9.63,9.68,0,0
20120224,9.68,9.75,9.62,9.66,0,0
20120227,9.66,9.68,9.55,9.59,0,0
20120228,9.59,9.66,9.59,9.65,0,0
20120229,9.65,9.68,9.52,9.64,0,0
20120301,9.64,10.2,9.48,10.2,0,0
20120302,10.2,10.22,9.87,9.87,0,0
20120305,9.87,10.48,9.74,10.48,0,0
20120306,10.48,10.48,10.24,10.45,0,0
20120307,10.45,10.62,10.35,10.62,0,0
20120308,10.62,10.65,10.48,10.61,0,0
20120309,10.61,10.67,10.57,10.67,0,0
20120312,10.67,10.71,10.53,10.56,0,0
20120313,10.56,10.62,10.51,10.59,0,0
20120314,10.59,10.59,10.52,10.56,0,0
20120315,10.56,10.64,10.52,10.63,0,0
20120316,10.63,10.68,10.56,10.58,0,0
20120319,10.58,10.61,10.5,10.61,0,0
20120320,10.61,10.63,10.57,10.62,0,0
20120321,10.62,10.62,10.49,10.5,0,0
20120322,10.5,10.86,10.22,10.86,0,0
20120323,10.86,10.89,10.72,10.83,0,0
20120326,10.83,10.86,10.78,10.82,0,0
20120327,10.83,10.9,10.79,10.9,0,0
20120328,10.9,10.94,10.79,10.87,0,0
20120329,10.87,10.87,10.75,10.84,0,0
20120330,10.84,10.9,10.81,10.88,0,0
20120402,10.88,10.89,10.75,10.75,0,0
20120403,10.75,10.84,10.69,10.84,0,0
20120404,10.84,10.86,10.64,10.64,0,0
20120405,10.64,10.7,10.55,10.65,0,0
20120410,10.65,10.65,10.52,10.63,0,0
20120411,10.63,10.63,10.42,10.55,0,0
20120412,10.55,10.67,10.54,10.67,0,0
20120413,10.67,10.7,10.55,10.56,0,0
20120416,10.56,10.65,10.52,10.61,0,0
20120417,10.61,10.66,10.51,10.65,0,0
20120418,10.65,10.69,10.61,10.65,0,0
20120419,10.65,10.66,10.38,10.48,0,0
20120420,10.48,10.53,10.2,10.33,0,0
20120423,10.33,10.33,9.85,10.03,0,0
20120424,10.03,10.03,9.81,9.91,0,0
20120425,9.91,10.05,9.91,10.04,0,0
20120426,10.04,10.05,9.94,10.02,0,0
20120427,10.02,10.02,9.87,9.93,0,0
20120430,9.93,10,9.88,9.99,0,0
20120502,9.98,10.06,9.95,10.03,0,0
20120504,10.03,10.07,9.95,10.06,0,0
20120507,10.06,10.06,9.86,9.89,0,0
20120508,9.88,9.99,9.8,9.91,0,0
20120509,9.91,9.94,9.78,9.82,0,0
20120510,9.83,9.85,9.7,9.7,0,0
20120511,9.71,9.74,9.65,9.69,0,0
20120514,9.68,9.76,9.53,9.61,0,0
20120515,9.61,10.45,9.46,10.45,0,0
20120516,10.44,10.44,9.71,9.71,0,0
20120517,9.7,9.73,9.37,9.37,0,0
20120518,9.37,9.81,9.18,9.81,0,0
20120521,9.81,9.87,9.78,9.87,0,0
20120522,9.87,9.95,9.73,9.78,0,0
20120523,9.78,9.79,9.67,9.78,0,0
20120524,9.78,9.84,9.69,9.77,0,0
20120525,9.77,9.78,9.66,9.75,0,0
20120528,9.75,9.79,9.7,9.77,0,0
20120529,9.77,9.84,9.72,9.84,0,0
20120530,9.84,9.84,9.73,9.73,0,0
20120531,9.73,9.75,9.63,9.75,0,0
20120601,9.75,9.8,9.7,9.75,0,0
20120604,9.75,9.75,9.54,9.57,0,0
20120605,9.54,9.57,9.37,9.39,0,0
20120606,9.39,9.54,9.36,9.54,0,0
20120608,9.54,9.63,9.51,9.63,0,0
20120611,9.63,9.84,9.63,9.84,0,0
20120612,9.84,9.84,9.67,9.73,0,0
20120613,9.73,9.81,9.66,9.77,0,0
20120614,9.77,9.81,9.77,9.81,0,0
20120615,9.81,9.82,9.7,9.74,0,0
20120618,9.74,9.83,9.71,9.8,0,0
20120619,9.8,9.93,9.76,9.93,0,0
20120620,9.93,10.01,9.86,9.95,0,0
20120621,9.95,9.95,9.89,9.91,0,0
20120622,9.91,9.94,9.82,9.86,0,0
20120625,9.86,9.87,9.75,9.78,0,0
20120626,9.78,9.84,9.75,9.84,0,0
20120627,9.84,9.84,9.74,9.8,0,0
20120628,9.88,9.9,9.78,9.82,0,0
20120629,9.82,9.9,9.81,9.88,0,0
20120702,9.88,9.93,9.78,9.79,0,0
20120703,9.79,9.81,9.72,9.81,0,0
20120704,9.81,9.81,9.72,9.72,0,0
20120705,9.75,9.91,9.75,9.91,0,0
20120706,9.91,9.97,9.86,9.92,0,0
20120709,9.92,9.98,9.86,9.87,0,0
20120710,9.87,9.92,9.83,9.83,0,0
20120711,9.83,9.88,9.75,9.86,0,0
20120712,9.86,9.86,9.66,9.81,0,0
20120713,9.81,9.81,9.72,9.79,0,0
20120716,9.79,9.83,9.75,9.82,0,0
20120717,9.81,9.82,9.7,9.82,0,0
20120718,9.82,9.82,9.62,9.74,0,0
20120719,9.74,9.79,9.73,9.79,0,0
20120720,9.79,9.79,9.63,9.68,0,0
20120723,9.63,9.68,9.48,9.54,0,0
20120724,9.51,9.53,9.4,9.42,0,0
20120725,9.42,9.49,9.41,9.47,0,0
20120726,9.47,9.49,9.36,9.43,0,0
20120727,9.43,9.46,9.29,9.35,0,0
20120730,9.35,9.46,9.32,9.46,0,0
20120731,9.46,9.49,9.4,9.45,0,0
20120801,9.45,9.49,9.31,9.42,0,0
20120802,9.42,9.48,9.33,9.41,0,0
20120803,9.41,9.43,9.33,9.43,0,0
20120806,9.43,9.49,9.42,9.47,0,0
20120807,9.48,9.54,9.4,9.44,0,0
20120808,9.44,9.51,9.38,9.42,0,0
20120809,9.42,9.43,9.33,9.38,0,0
20120810,9.38,9.4,9.28,9.38,0,0
20120813,9.38,9.4,8.96,8.96,0,0
20120814,8.96,9.01,8.91,8.99,0,0
20120816,8.99,9.13,8.99,9.13,0,0
20120817,9.13,9.14,9.02,9.11,0,0
20120820,9.11,9.12,9.04,9.07,0,0
20120821,9.07,9.1,8.97,8.97,0,0
20120822,8.97,8.98,8.85,8.92,0,0
20120823,8.92,8.97,8.84,8.91,0,0
20120824,8.9,8.92,8.84,8.92,0,0
20120827,8.92,8.94,8.9,8.94,0,0
20120828,8.94,9.01,8.93,9.01,0,0
20120829,9.01,9.01,8.87,8.92,0,0
20120830,8.92,8.92,8.71,8.71,0,0
20120831,8.71,9.55,8.7,9.55,0,0
20120903,9.55,9.61,9.49,9.59,0,0
20120904,9.59,9.88,9.47,9.88,0,0
20120905,9.88,9.9,9.79,9.89,0,0
20120906,9.89,12.72,9.84,12.72,0,0
20120907,12.72,12.94,12.63,12.94,0,0
20120910,12.94,13.01,12.94,13.01,0,0
20120911,13.01,13.07,12.97,13.01,0,0
20120912,13.01,13.05,12.94,13.05,0,0
20120913,13.05,13.07,13,13.06,0,0
20120914,13.06,13.25,13.06,13.25,0,0
20120917,13.25,13.3,13.17,13.25,0,0
20120918,13.21,13.28,13.1,13.27,0,0
20120919,13.27,13.36,13.25,13.33,0,0
20120920,13.33,13.33,13.11,13.19,0,0
20120921,13.19,13.25,13.16,13.25,0,0
20120924,13.25,13.34,13.19,13.3,0,0
20120925,13.3,13.38,13.25,13.31,0,0
20120926,13.31,13.34,13.19,13.19,0,0
20120927,13.19,13.26,13.08,13.26,0,0
20120928,13.26,13.29,13.2,13.29,0,0
20121001,13.29,13.32,13.1,13.28,0,0
20121002,13.28,13.33,13.24,13.32,0,0
20121003,13.32,13.35,13.15,13.26,0,0
20121004,13.26,13.26,13.13,13.18,0,0
20121005,13.18,13.3,13.16,13.3,0,0
20121008,13.3,13.34,13.25,13.25,0,0
20121009,13.25,13.31,13.11,13.2,0,0
20121010,13.2,13.27,13.09,13.23,0,0
20121011,13.23,13.29,13.18,13.23,0,0
20121012,13.23,13.3,13.19,13.3,0,0
20121015,13.3,13.3,13.08,13.12,0,0
20121016,13.12,13.18,13.02,13.18,0,0
20121017,13.18,13.26,13.18,13.26,0,0
20121018,13.26,13.29,13.15,13.27,0,0
20121019,13.27,13.28,13.15,13.18,0,0
20121022,13.18,13.18,13.06,13.1,0,0
20121023,13.1,13.11,12.99,13.1,0,0
20121024,13.1,13.1,12.98,13.09,0,0
20121025,13.09,13.09,12.88,12.95,0,0
20121026,12.95,13.02,12.89,13.02,0,0
20121029,13.02,13.04,12.89,12.95,0,0
20121030,12.95,13.04,12.92,12.98,0,0
20121031,12.98,13.05,12.92,13.03,0,0
20121102,13.02,13.1,13,13,0,0
20121105,13,13.09,12.89,13.01,0,0
20121106,13.01,13.07,12.99,13.05,0,0
20121107,13.05,13.09,12.96,13.05,0,0
20121108,13.05,13.05,12.96,13.05,0,0
20121109,13.05,13.17,12.99,13.17,0,0
20121112,13.17,13.36,13.17,13.29,0,0
20121113,13.29,13.38,11.98,11.98,0,0
20121114,11.98,12.05,11.8,11.88,0,0
20121115,11.88,12.28,11.75,12.28,0,0
20121116,12.28,14.69,12.26,14.69,0,0
20121119,14.7,14.91,14.64,14.91,0,0
20121120,14.92,15.08,14.76,15.08,0,0
20121121,15.08,15.15,13.08,13.08,0,0
20121122,13.09,13.47,13.03,13.47,0,0
20121123,13.47,13.69,13.47,13.69,0,0
20121126,13.7,13.81,13.61,13.75,0,0
20121127,13.75,13.75,13.52,13.62,0,0
20121128,13.62,13.68,13.54,13.61,0,0
20121129,13.62,13.78,13.53,13.78,0,0
20121130,13.79,13.91,13.73,13.91,0,0
20121203,13.91,13.99,13.85,13.93,0,0
20121204,13.93,14.04,13.9,13.97,0,0
20121205,13.98,14.02,13.89,13.9,0,0
20121206,13.9,14.04,13.9,14.02,0,0
20121207,14.02,14.06,13.87,14.03,0,0
20121210,14.03,14.07,13.92,14.02,0,0
20121211,14.02,14.11,13.98,14.11,0,0
20121212,14.11,14.19,13.97,14.08,0,0
20121213,14.08,14.11,13.9,14.01,0,0
20121214,14.02,14.11,13.98,14.11,0,0
20121217,14.12,14.23,14.11,14.22,0,0
20121218,14.22,14.32,14.09,14.14,0,0
20121219,14.14,14.17,14.06,14.17,0,0
20121220,14.17,14.17,13.91,14.02,0,0
20121221,14.02,14.02,13.84,13.96,0,0
20121227,13.96,13.96,13.81,13.9,0,0
20121228,13.9,13.99,13.8,13.96,0,0
20130102,13.97,14.16,13.92,14.1,0,0
20130103,14.11,14.18,14.07,14.18,0,0
20130104,14.18,14.25,14.08,14.18,0,0
20130107,14.18,14.3,14.18,14.26,0,0
20130108,14.26,14.26,14.15,14.23,0,0
20130109,14.24,14.27,14.16,14.19,0,0
20130110,14.19,14.21,14.04,14.05,0,0
20130111,14.05,14.14,14.05,14.13,0,0
20130114,14.13,14.27,14.13,14.21,0,0
20130115,14.22,14.25,14.15,14.18,0,0
20130116,14.16,14.22,14.14,14.22,0,0
20130117,14.22,14.34,14.19,14.33,0,0
20130118,14.33,14.54,14.33,14.54,0,0
20130121,14.57,14.92,14.56,14.92,0,0
20130122,14.92,15.06,14.92,15.04,0,0
20130123,15.04,15.08,14.94,15.03,0,0
20130124,15.03,15.1,14.98,15.03,0,0
20130125,15.03,15.12,15.03,15.1,0,0
20130128,15.1,15.17,15.01,15.12,0,0
20130129,15.12,15.18,15.1,15.12,0,0
20130130,15.12,15.14,15.02,15.13,0,0
20130131,15.136,15.312,15.035,15.312,0,0
20130201,15.32,15.46,15.23,15.46,0,0
20130204,15.46,15.52,15.32,15.39,0,0
20130205,15.4,15.43,15.23,15.31,0,0
20130206,15.32,15.35,15.15,15.25,0,0
20130207,15.26,15.4,15.25,15.35,0,0
20130208,15.35,15.39,15.2,15.28,0,0
20130211,15.28,15.34,15.25,15.28,0,0
20130212,15.28,15.36,15.17,15.36,0,0
20130213,15.37,15.54,15.33,15.54,0,0
20130214,15.54,15.55,15.4,15.43,0,0
20130215,15.43,17.53,15.33,17.53,0,0
20130218,17.53,17.58,17.41,17.49,0,0
20130219,17.49,17.56,17.31,17.56,0,0
20130220,17.57,17.59,17.48,17.52,0,0
20130221,17.53,17.53,17.11,17.35,0,0
20130222,17.35,17.44,17.32,17.41,0,0
20130225,17.41,17.59,17.31,17.59,0,0
20130226,17.59,17.59,17.31,17.39,0,0
20130227,17.4,17.49,17.4,17.48,0,0
20130228,17.49,17.68,17.36,17.64,0,0
20130301,17.64,18.02,17.41,18.02,0,0
20130304,18.02,18.03,16.08,16.08,0,0
20130305,16.08,17.08,16.05,17.08,0,0
20130306,17.08,17.25,17.08,17.21,0,0
20130307,17.21,17.57,17.2,17.57,0,0
20130308,17.57,18.09,16.61,16.61,0,0
20130311,16.61,16.92,16.6,16.92,0,0
20130312,16.92,16.94,16.78,16.9,0,0
20130313,16.9,17.03,16.84,16.87,0,0
20130314,16.87,17.05,16.82,16.93,0,0
20130315,16.92,17.01,16.4,16.4,0,0
20130318,16.4,16.43,16.21,16.35,0,0
20130319,16.35,16.38,16.18,16.38,0,0
20130320,16.38,16.57,16.27,16.57,0,0
20130321,16.57,16.64,15.19,15.19,0,0
20130322,15.19,15.48,14.97,15.48,0,0
20130325,15.48,15.71,15.02,15.02,0,0
20130326,15.02,16.02,14.88,16.02,0,0
20130327,16.02,16.06,15.88,16.02,0,0
20130328,16.02,16.1,15.9,16.1,0,0
20130402,16.09,16.25,16.02,16.25,0,0
20130403,16.25,16.25,15.96,15.96,0,0
20130404,15.96,15.99,15.86,15.97,0,0
20130405,15.97,16.06,15.94,16.02,0,0
20130408,16.02,16.18,16.02,16.18,0,0
20130409,16.18,16.25,16.07,16.15,0,0
20130410,16.15,16.19,16.06,16.19,0,0
20130411,16.19,16.26,16,16.24,0,0
20130412,16.24,16.27,15.98,16.06,0,0
20130415,16.06,16.06,15.83,15.86,0,0
20130417,15.86,15.87,15.49,15.58,0,0
20130418,15.58,15.64,15.45,15.52,0,0
20130419,15.52,15.61,15.44,15.61,0,0
20130422,15.6,15.64,15.42,15.64,0,0
20130423,15.64,15.65,15.45,15.56,0,0
20130424,15.55,15.6,15.44,15.5,0,0
20130425,15.5,15.57,15.39,15.39,0,0
20130426,15.38,15.69,15.38,15.69,0,0
20130429,15.69,15.78,15.63,15.67,0,0
20130430,15.66,15.8,15.62,15.67,0,0
20130502,15.67,15.73,15.54,15.68,0,0
20130506,15.69,15.71,15.37,15.61,0,0
20130507,15.61,16.42,15.58,16.42,0,0
20130508,16.42,16.58,16.35,16.53,0,0
20130509,16.53,16.61,16.4,16.52,0,0
20130510,16.52,16.68,16.47,16.68,0,0
20130513,16.68,16.69,16.3,16.3,0,0
20130514,16.3,16.68,16.3,16.68,0,0
20130515,16.68,18.1,16.68,18.1,0,0
20130516,18.1,18.23,18.04,18.04,0,0
20130517,18.04,18.19,17.85,18.18,0,0
20130520,18.18,18.51,18.12,18.5,0,0
20130521,18.5,18.59,18.33,18.58,0,0
20130522,18.58,18.9,18.2,18.2,0,0
20130523,18.2,18.2,15.72,15.72,0,0
20130524,15.72,15.94,15.65,15.91,0,0
20130527,15.91,15.91,15.7,15.84,0,0
20130528,15.84,16.15,15.84,16.15,0,0
20130529,16.15,16.22,15.98,16.11,0,0
20130531,16.12,16.17,15.98,16.04,0,0
20130603,16.04,16.05,15.91,16.03,0,0
20130604,16.03,16.22,16.03,16.2,0,0
20130605,16.2,16.39,16.18,16.39,0,0
20130606,16.39,16.54,16.39,16.53,0,0
20130607,16.54,16.78,14.45,14.45,0,0
20130610,14.45,14.54,14.43,14.51,0,0
20130611,14.51,14.6,14.5,14.53,0,0
20130612,14.51,14.62,14.02,14.02,0,0
20130613,14.02,14.08,13.95,14.01,0,0
20130614,13.97,14.22,13.97,14.22,0,0
20130617,14.22,14.28,14.18,14.24,0,0
20130618,14.24,14.27,14.11,14.19,0,0
20130619,14.19,14.35,14.19,14.28,0,0
20130620,14.28,14.28,13.98,14.01,0,0
20130621,14.01,14.01,13.82,14.01,0,0
20130624,14.01,14.05,13.82,13.82,0,0
20130625,13.82,14,13.8,14,0,0
20130626,13.98,14.01,13.81,13.97,0,0
20130627,13.97,13.98,13.81,13.83,0,0
20130628,13.833,13.892,13.738,13.891,0,0
20130701,13.89,13.91,13.82,13.91,0,0
20130702,13.91,14,13.88,13.99,0,0
20130703,13.99,14,13.85,13.93,0,0
20130704,13.93,14.02,13.89,13.96,0,0
20130705,13.97,14.01,13.8,13.86,0,0
20130708,13.86,13.91,13.71,13.78,0,0
20130709,13.78,13.8,13.64,13.69,0,0
20130710,13.69,13.81,13.64,13.76,0,0
20130711,13.76,13.92,13.75,13.92,0,0
20130712,13.92,14.04,13.9,14.04,0,0
20130715,14.04,14.06,13.94,13.96,0,0
20130716,13.96,14.09,13.96,14.05,0,0
20130717,14.05,14.05,13.95,14.01,0,0
20130718,14.01,14.03,13.89,14.03,0,0
20130719,14.03,14.07,13.96,14.03,0,0
20130722,14.04,14.04,13.95,14.04,0,0
20130723,14.04,14.06,13.95,13.95,0,0
20130724,13.95,14.16,13.93,14.16,0,0
20130725,14.16,14.2,14.07,14.1,0,0
20130726,14.1,14.19,14.1,14.18,0,0
20130729,14.18,14.22,14.08,14.17,0,0
20130730,14.17,14.27,14.11,14.27,0,0
20130731,14.27,14.298,14.21,14.29,0,0
20130801,14.29,14.46,14.25,14.44,0,0
20130802,14.44,14.56,14.39,14.53,0,0
20130805,14.53,14.74,14.48,14.74,0,0
20130806,14.74,14.78,14.66,14.69,0,0
20130807,14.69,14.82,14.63,14.79,0,0
20130808,14.79,14.93,14.75,14.75,0,0
20130809,14.75,14.94,14.73,14.92,0,0
20130812,14.92,14.99,14.83,14.99,0,0
20130813,14.99,15.09,14.96,15.05,0,0
20130814,15.05,15.35,15.03,15.34,0,0
20130816,15.34,15.35,15.19,15.19,0,0
20130819,15.2,15.34,15.11,15.25,0,0
20130820,15.25,15.25,15.04,15.23,0,0
20130821,15.23,15.39,15.23,15.38,0,0
20130822,15.39,15.6,15.38,15.6,0,0
20130823,15.6,15.88,15.6,15.87,0,0
20130826,15.87,16.02,15.87,16.02,0,0
20130827,16.02,16.02,15.5,15.59,0,0
20130828,15.59,15.59,15.33,15.39,0,0
20130829,15.4,15.61,15.01,15.01,0,0
20130830,15.015,15.017,14.863,14.934,0,0
20130902,14.94,15.15,14.79,14.79,0,0
20130903,14.79,14.87,12.61,12.61,0,0
20130904,12.61,12.61,12.33,12.44,0,0
20130905,12.44,12.44,11.7,12.13,0,0
20130906,12.13,12.28,11.09,11.09,0,0
20130909,11.09,11.3,11.05,11.3,0,0
20130910,11.3,11.42,11.27,11.27,0,0
20130911,11.27,11.31,11.22,11.27,0,0
20130912,11.27,11.36,11.26,11.34,0,0
20130913,11.34,11.36,11.24,11.35,0,0
20130916,11.35,11.4,11.28,11.3,0,0
20130917,11.3,11.34,11.26,11.33,0,0
20130918,11.33,11.39,11.29,11.35,0,0
20130919,11.35,11.48,11.25,11.29,0,0
20130920,11.29,11.38,11.25,11.35,0,0
20130923,11.35,11.4,11.25,11.33,0,0
20130924,11.33,11.4,11.33,11.37,0,0
20130925,11.37,11.37,11.21,11.29,0,0
20130926,11.29,11.53,11.23,11.52,0,0
20130927,11.52,11.68,11.48,11.68,0,0
20130930,11.681,11.743,11.589,11.714,0,0
20131001,11.714,11.74,11.61,11.665,0,0
20131002,11.665,11.777,11.657,11.735,0,0
20131003,11.74,11.95,11.74,11.85,0,0
20131004,11.85,12.01,11.85,12.01,0,0
20131007,12.01,12.02,11.88,12,0,0
20131008,12,12,11.88,11.98,0,0
20131009,11.98,11.99,11.85,11.93,0,0
20131010,11.933,12.128,11.933,12.119,0,0
20131011,12.119,12.392,12.119,12.392,0,0
20131014,12.39,12.6,12.34,12.6,0,0
20131015,12.6,12.83,12.6,12.73,0,0
20131016,12.73,12.78,12.67,12.77,0,0
20131017,12.77,12.86,12.67,12.86,0,0
20131018,12.856,12.856,12.744,12.784,0,0
20131021,12.78,12.95,12.78,12.88,0,0
20131022,12.88,13.05,12.85,13.05,0,0
20131023,13.049,13.091,12.937,13.051,0,0
20131024,13.051,13.183,12.972,13.183,0,0
20131025,13.183,13.259,13.09,13.236,0,0
20131028,13.236,13.509,13.236,13.472,0,0
20131029,13.472,13.754,13.472,13.729,0,0
20131030,13.729,13.861,13.729,13.786,0,0
20131031,13.786,13.838,13.729,13.787,0,0
20131104,13.787,13.884,13.76,13.883,0,0
20131105,13.883,13.963,13.746,13.829,0,0
20131106,13.829,14.095,13.774,14.095,0,0
20131107,14.095,14.14,13.992,14.067,0,0
20131108,14.067,14.138,14,14.107,0,0
20131112,14.107,14.227,13.196,13.196,0,0
20131113,13.196,13.196,12.937,13.016,0,0
20131114,13.016,13.045,12.93,12.989,0,0
20131115,12.989,13.308,12.989,13.305,0,0
20131118,13.305,13.535,12.346,12.346,0,0
20131119,12.346,12.383,12.204,12.247,0,0
20131120,12.247,13.119,12.079,13.119,0,0
20131121,13.119,13.141,13.035,13.141,0,0
20131122,13.141,13.413,12.218,12.218,0,0
20131125,12.218,12.33,12.146,12.273,0,0
20131126,12.273,12.293,12.153,12.153,0,0
20131127,12.153,12.185,12.053,12.117,0,0
20131128,12.117,12.179,11.993,12.144,0,0
20131129,12.144,12.537,12.056,12.537,0,0
20131202,12.537,12.554,12.201,12.201,0,0
20131203,12.201,12.273,11.968,11.968,0,0
20131204,11.968,12,11.679,11.796,0,0
20131205,11.796,11.807,11.658,11.806,0,0
20131206,11.806,11.855,11.786,11.831,0,0
20131209,11.831,12.018,11.831,11.971,0,0
20131210,11.971,12.037,11.805,11.942,0,0
20131211,11.942,11.957,11.856,11.856,0,0
20131212,11.856,11.872,11.624,11.74,0,0
20131213,11.74,11.802,11.532,11.664,0,0
20131216,11.664,11.664,11.444,11.495,0,0
20131217,11.495,11.532,11.304,11.304,0,0
20131218,11.304,11.305,11.122,11.291,0,0
20131219,11.291,11.468,11.207,11.257,0,0
20131220,11.257,11.358,11.138,11.358,0,0
20131223,11.358,11.853,11.358,11.853,0,0
20131227,11.853,12.03,11.853,11.976,0,0
20131230,11.976,12.093,11.942,12.057,0,0
20140102,12.057,12.21,12.057,12.066,0,0
20140103,12.066,12.178,12.066,12.115,0,0
20140107,12.115,12.247,11.977,12.106,0,0
20140108,12.106,12.106,11.942,12.013,0,0
20140109,12.013,12.013,11.869,11.933,0,0
20140110,11.933,11.963,11.6,11.963,0,0
20140113,11.963,12.058,11.818,11.818,0,0
20140114,11.818,11.887,11.764,11.838,0,0
20140115,11.838,11.969,11.838,11.962,0,0
20140116,11.962,12.097,11.962,12.019,0,0
20140117,12.019,12.054,11.876,11.907,0,0
20140120,11.907,11.954,11.836,11.894,0,0
20140121,11.894,11.991,11.884,11.889,0,0
20140122,11.889,11.906,11.787,11.848,0,0
20140123,11.848,11.874,11.777,11.815,0,0
20140124,11.815,11.831,11.673,11.717,0,0
20140127,11.717,11.717,11.484,11.717,0,0
20140128,11.717,11.836,11.702,11.762,0,0
20140129,11.762,11.885,11.758,11.819,0,0
20140130,11.819,11.952,11.793,11.952,0,0
20140131,11.952,12.066,11.939,12.059,0,0
20140203,12.059,12.168,12.059,12.14,0,0
20140204,12.14,12.14,11.987,12.047,0,0
20140205,12.047,12.082,12.031,12.032,0,0
20140206,12.032,12.176,11.999,12.176,0,0
20140207,12.176,12.263,12.125,12.132,0,0
20140210,12.132,12.241,12.132,12.238,0,0
20140211,12.238,12.273,12.175,12.269,0,0
20140212,12.269,12.3,12.14,12.193,0,0
20140213,12.193,12.266,12.13,12.254,0,0
20140214,12.254,12.266,12.191,12.266,0,0
20140217,12.266,12.309,12.191,12.212,0,0
20140218,12.212,12.24,12.164,12.224,0,0
20140219,12.224,12.24,12.057,12.178,0,0
20140220,12.178,12.178,12.05,12.109,0,0
20140221,12.109,12.223,12.109,12.181,0,0
20140224,12.181,12.286,12.093,12.262,0,0
20140225,12.262,12.303,12.143,12.249,0,0
20140226,12.249,12.255,12.068,12.068,0,0
20140227,12.068,12.178,12.009,12.08,0,0
20140228,12.08,12.366,12.08,12.366,0,0
20140303,12.366,12.366,11.337,11.337,0,0
20140304,11.337,11.641,11.306,11.528,0,0
20140305,11.528,11.698,11.504,11.504,0,0
20140306,11.504,11.577,11.407,11.441,0,0
20140307,11.441,11.468,11.215,11.248,0,0
20140310,11.248,11.248,10.987,11.011,0,0
20140311,11.011,11.102,10.962,11.048,0,0
20140312,11.048,11.053,10.708,10.901,0,0
20140313,10.901,10.901,10.786,10.823,0,0
20140314,10.823,10.823,10.393,10.463,0,0
20140317,10.463,11.083,10.345,11.083,0,0
20140318,11.083,11.245,10.187,10.187,0,0
20140319,10.187,10.201,10.08,10.151,0,0
20140320,10.151,10.225,10.102,10.146,0,0
20140321,10.146,10.177,9.846,9.846,0,0
20140324,9.846,9.914,9.83,9.887,0,0
20140325,9.887,9.959,9.887,9.943,0,0
20140326,9.943,10.032,9.9,10.032,0,0
20140327,10.032,10.074,9.915,10.044,0,0
20140328,10.044,10.065,9.925,9.943,0,0
20140331,9.943,10.867,9.922,10.867,0,0
20140401,10.867,11.057,10.867,11.052,0,0
20140402,11.052,11.116,11.01,11.043,0,0
20140403,11.043,11.116,11.005,11.005,0,0
20140404,11.005,11.018,10.929,10.98,0,0
20140407,10.98,10.984,10.899,10.908,0,0
20140408,10.908,10.943,10.794,10.936,0,0
20140409,10.936,10.965,10.84,10.955,0,0
20140410,10.955,11.019,10.856,10.929,0,0
20140411,10.929,11.003,10.858,10.976,0,0
20140414,10.976,10.987,10.721,10.802,0,0
20140415,10.802,10.846,10.733,10.789,0,0
20140416,10.789,10.799,10.678,10.725,0,0
20140417,10.725,10.768,10.594,10.678,0,0
20140422,10.669,10.675,10.583,10.6,0,0
20140423,10.6,10.633,10.503,10.563,0,0
20140424,10.563,10.563,10.353,10.404,0,0
20140425,10.404,10.442,10.378,10.404,0,0
20140428,10.404,10.462,10.297,10.419,0,0
20140429,10.419,10.476,10.394,10.414,0,0
20140430,10.414,10.45,10.283,10.288,0,0
20140502,10.288,10.379,10.288,10.359,0,0
20140505,10.359,10.359,10.133,10.144,0,0
20140506,10.144,10.204,10.054,10.128,0,0
20140507,10.128,10.136,9.873,10.127,0,0
20140508,10.109,10.109,10.001,10.02,0,0
20140509,10.02,10.06,9.806,9.853,0,0
20140512,9.853,9.932,9.768,9.875,0,0
20140513,9.875,9.995,9.849,9.952,0,0
20140514,9.952,9.991,9.806,9.89,0,0
20140515,9.89,9.952,9.805,9.852,0,0
20140516,9.852,9.852,9.627,9.694,0,0
20140519,9.694,9.717,9.653,9.717,0,0
20140520,9.717,9.776,9.705,9.77,0,0
20140521,9.77,9.803,9.658,9.689,0,0
20140522,9.689,9.796,9.689,9.796,0,0
20140523,9.796,9.884,9.796,9.863,0,0
20140526,9.863,10.017,9.863,9.993,0,0
20140527,9.993,10.533,9.85,10.533,0,0
20140528,10.533,10.555,10.455,10.475,0,0
20140529,10.475,10.686,10.475,10.686,0,0
20140530,10.686,10.755,10.642,10.755,0,0
20140602,10.755,10.792,10.703,10.742,0,0
20140603,10.742,10.759,10.662,10.666,0,0
20140604,10.666,10.686,10.641,10.66,0,0
20140605,10.66,10.745,10.66,10.661,0,0
20140606,10.661,10.793,10.661,10.793,0,0
20140609,10.793,10.856,10.764,10.841,0,0
20140610,10.562,10.562,10.562,10.562,0,0
20140611,10.562,10.588,10.499,10.519,0,0
20140612,10.519,10.562,10.445,10.445,0,0
20140613,10.445,10.445,10.378,10.44,0,0
20140616,10.44,10.44,10.329,10.437,0,0
20140617,10.437,10.499,9.555,9.555,0,0
20140618,9.555,9.62,9.55,9.555,0,0
20140620,9.555,9.607,9.555,9.604,0,0
20140623,9.604,9.64,9.486,9.604,0,0
20140624,9.604,9.645,9.546,9.626,0,0
20140625,9.626,9.641,9.429,9.492,0,0
20140626,9.451,9.511,9.436,9.491,0,0
20140627,9.491,9.513,9.422,9.448,0,0
20140630,9.448,9.486,9.398,9.461,0,0
20140701,9.461,9.461,9.302,9.331,0,0
20140702,9.331,9.332,9.189,9.193,0,0
20140703,9.193,9.202,9.075,9.131,0,0
20140704,9.131,9.167,9.081,9.12,0,0
20140707,9.12,9.16,9.087,9.087,0,0
20140708,9.065,9.175,9.065,9.175,0,0
20140709,9.157,9.21,9.102,9.15,0,0
20140710,9.15,9.15,9.001,9.004,0,0
20140711,9.004,9.118,9.004,9.085,0,0
20140714,9.085,9.263,9.085,9.149,0,0
20140715,9.149,9.209,9.117,9.209,0,0
20140716,9.209,9.299,9.099,9.166,0,0
20140717,9.166,9.188,9.099,9.129,0,0
20140718,9.129,9.147,9.036,9.112,0,0
20140721,9.112,9.112,9,9.014,0,0
20140722,9.014,9.048,8.961,9.038,0,0
20140723,9.038,9.078,8.943,9.001,0,0
20140724,9.001,9.042,8.927,8.973,0,0
20140725,8.973,8.973,8.876,8.941,0,0
20140728,8.941,8.959,8.833,8.85,0,0
20140729,8.85,8.941,8.842,8.869,0,0
20140730,8.869,8.869,8.761,8.802,0,0
20140731,8.802,8.806,8.735,8.79,0,0
20140801,8.79,8.796,8.714,8.726,0,0
20140804,8.726,8.781,8.704,8.708,0,0
20140805,8.708,8.809,8.685,8.685,0,0
20140806,8.685,8.704,8.489,8.543,0,0
20140807,8.543,8.656,8.375,8.656,0,0
20140808,8.656,8.656,8.563,8.619,0,0
20140811,8.619,8.707,8.619,8.671,0,0
20140812,8.671,8.676,8.634,8.676,0,0
20140813,8.676,8.758,8.659,8.725,0,0
20140814,8.725,8.802,8.664,8.725,0,0
20140818,8.725,8.842,8.725,8.839,0,0
20140819,8.839,8.866,8.818,8.858,0,0
20140820,8.858,8.914,8.842,8.876,0,0
20140821,8.876,8.962,8.875,8.945,0,0
20140822,8.945,9.066,8.918,9.066,0,0
20140825,9.066,9.103,9.016,9.092,0,0
20140826,9.092,9.166,9.057,9.155,0,0
20140827,9.155,9.179,9.066,9.17,0,0
20140828,9.17,9.206,8.963,9.075,0,0
20140829,9.075,9.167,8.968,9.167,0,0
20140901,9.167,9.218,9.144,9.21,0,0
20140902,9.21,9.29,9.14,9.29,0,0
20140903,9.29,9.424,9.29,9.401,0,0
20140904,9.401,9.466,9.342,9.342,0,0
20140905,9.342,9.373,9.271,9.348,0,0
20140908,9.346,9.461,9.321,9.321,0,0
20140909,9.321,9.764,9.242,9.764,0,0
20140910,9.762,9.764,9.434,9.434,0,0
20140911,9.434,10.257,9.386,10.257,0,0
20140912,10.257,10.272,10.2,10.2,0,0
20140915,10.177,10.247,10.102,10.142,0,0
20140916,10.142,10.167,10.078,10.105,0,0
20140917,10.105,10.215,10.099,10.112,0,0
20140918,10.112,10.175,10.064,10.108,0,0
20140919,10.108,10.2,10.057,10.157,0,0
20140922,10.157,10.213,10.141,10.159,0,0
20140923,10.159,10.159,10.022,10.05,0,0
20140924,10.05,10.101,10.031,10.065,0,0
20140925,10.065,10.105,10.059,10.091,0,0
20140926,10.091,10.091,9.99,10.046,0,0
20140929,10.046,10.086,10.024,10.076,0,0
20140930,10.076,10.087,9.982,10.077,0,0
20141001,10.077,10.087,9.95,9.965,0,0
20141002,9.965,9.965,9.82,9.881,0,0
20141003,9.881,9.881,9.811,9.834,0,0
20141006,9.834,9.915,9.827,9.827,0,0
20141007,9.827,9.919,9.769,9.769,0,0
20141008,9.769,9.84,9.766,9.809,0,0
20141009,9.809,9.861,9.773,9.835,0,0
20141010,9.835,9.871,9.636,9.664,0,0
20141013,9.664,9.774,9.652,9.734,0,0
20141014,9.734,9.784,9.645,9.645,0,0
20141015,9.645,9.681,9.606,9.681,0,0
20141016,9.681,9.681,9.553,9.603,0,0
20141017,9.603,9.632,9.509,9.596,0,0
20141020,9.596,9.634,9.549,9.627,0,0
20141021,9.627,9.696,9.571,9.681,0,0
20141022,9.681,9.714,9.619,9.689,0,0
20141023,9.689,9.731,9.678,9.7,0,0
20141024,9.7,9.725,9.632,9.705,0,0
20141027,9.705,9.723,9.614,9.677,0,0
20141028,9.677,9.731,9.659,9.731,0,0
20141029,9.731,9.774,9.729,9.773,0,0
20141030,9.773,9.812,9.706,9.812,0,0
20141031,9.812,9.869,9.784,9.83,0,0
20141103,9.83,9.877,9.825,9.857,0,0
20141104,9.857,9.889,9.808,9.852,0,0
20141105,9.852,9.864,9.742,9.775,0,0
20141106,9.775,10.545,9.638,10.545,0,0
20141107,10.545,10.581,10.493,10.493,0,0
20141110,10.492,10.796,10.456,10.796,0,0
20141112,10.796,10.85,10.649,10.85,0,0
20141113,10.85,10.902,10.753,10.777,0,0
20141114,10.777,10.873,10.668,10.692,0,0
20141117,10.692,10.785,9.984,9.984,0,0
20141118,9.984,10.024,9.884,9.91,0,0
20141119,9.91,9.951,9.908,9.924,0,0
20141120,9.924,9.958,9.814,9.867,0,0
20141121,9.867,9.917,9.834,9.917,0,0
20141124,9.918,10.089,9.741,10.089,0,0
20141125,10.088,10.148,10.085,10.085,0,0
20141126,10.086,10.129,10.065,10.099,0,0
20141127,10.098,10.182,10.098,10.182,0,0
20141128,10.181,10.259,10.181,10.252,0,0
20141201,10.252,10.292,10.203,10.22,0,0
20141202,10.22,10.283,10.214,10.281,0,0
20141203,10.281,10.311,10.235,10.267,0,0
20141204,10.267,10.286,10.192,10.222,0,0
20141205,10.222,10.271,10.142,10.253,0,0
20141208,10.253,10.253,10.106,10.159,0,0
20141209,10.159,10.175,10.112,10.12,0,0
20141210,10.12,10.12,10.057,10.079,0,0
20141211,10.079,10.109,10.011,10.105,0,0
20141212,10.105,10.105,10.013,10.019,0,0
20141215,10.019,10.055,9.922,9.946,0,0
20141216,9.946,9.969,9.791,9.892,0,0
20141217,9.892,9.892,9.838,9.888,0,0
20141218,9.888,9.954,9.865,9.893,0,0
20141219,9.893,9.921,9.84,9.884,0,0
20141222,9.884,9.886,9.723,9.734,0,0
20141223,9.734,9.813,9.677,9.726,0,0
20141229,9.726,9.791,9.707,9.78,0,0
20141230,9.78,9.795,9.712,9.755,0,0
